MJD          m      dm   uJy   duJy F err chi/N     RA       Dec        x        y     maj  min   phi  apfit mag5sig Sky   Obs
59968.508597 -21.459  1.237   -10   12 o  0   1.19 134.04842  -3.32557  2046.46  7069.18 2.36 2.03  38.5 -0.413 19.41 20.68 02a59968o0675o
59968.521868 -24.267 17.000    -1   12 o  0   0.87 134.04842  -3.32557  2027.63  7033.39 2.30 1.98  38.0 -0.417 19.46 20.69 02a59968o0704o
59968.526019 -21.773  1.426    -7   10 o  0   1.39 134.04842  -3.32557  2085.56  7113.73 2.28 1.96  40.9 -0.414 19.47 20.71 02a59968o0713o
59968.532414  21.392  1.131    10   11 o  0   1.18 134.04842  -3.32557  2105.22  6997.35 2.34 1.98  45.0 -0.411 19.42 20.70 02a59968o0727o
59968.987059 -21.420  0.757   -10    7 c  0   1.56 134.04842  -3.32557  2440.68  7070.73 2.55 2.32 -49.2 -0.387 19.74 21.72 03a59969o0474c
59968.990958 -21.304  0.696   -11    8 c  0   1.17 134.04842  -3.32557  2457.80  7110.26 2.58 2.26 -46.5 -0.388 19.76 21.72 03a59969o0482c
59969.016700 -23.282  4.583    -2    8 c  0   1.02 134.04842  -3.32557  2401.70  7031.67 2.63 2.36 -51.8 -0.386 19.68 21.62 03a59969o0496c
59969.040503 -23.064  4.067    -2    9 c  0   0.97 134.04842  -3.32557  2382.71  7149.25 2.55 2.31 -49.7 -0.396 19.67 21.56 03a59969o0546c
59971.174912 -24.188 16.167    -1   12 o  0   1.04 134.04842  -3.32557    50.12  5274.26 2.46 1.96  54.3 -0.380 19.58 21.20 04a59971o0344o
59971.176714  21.433  1.889    10   18 o  0   0.94 134.04842  -3.32557    30.96  5235.24 2.34 1.94  58.0 -0.379 19.58 21.18 04a59971o0348o
59971.179869  18.896  0.128   100   13 o  0  18.61 134.04842  -3.32557    92.02  5312.09 2.33 1.96  59.5 -0.386 19.59 21.23 04a59971o0355o
59971.203781  21.082  0.702    13    9 o  0   1.11 134.04842  -3.32557   128.08  5193.41 2.13 1.91  65.1 -0.417 19.60 21.16 04a59971o0406o
59971.235372  20.961  0.681    15   10 o  0   1.29 134.04842  -3.32557   477.84  5331.31 2.14 1.80  63.3 -0.400 19.59 20.93 04a59971o0475o
59971.268919  22.216  2.238     5   11 o  0   0.98 134.04842  -3.32557   516.94  5336.92 2.16 1.93  83.6 -0.405 19.47 20.84 04a59971o0547o
59971.274326 -23.268  6.625    -2   12 o  0   0.98 134.04842  -3.32557   460.26  5255.07 2.21 1.88  67.5 -0.394 19.46 20.74 04a59971o0558o
59971.277654  20.799  0.692    17   12 o  0   0.84 134.04842  -3.32557   442.56  5370.04 2.18 1.90  74.9 -0.393 19.43 20.75 04a59971o0565o
59975.140585  20.265  0.863    28   24 o  0   1.36 134.04842  -3.32557    35.73  5278.83 2.65 2.03  58.3 -0.370 18.99 19.89 04a59975o0271o
59975.144641 -20.647  1.217   -20   24 o  0   0.72 134.04842  -3.32557 10143.83  5277.29 2.57 2.05  -5.7 -0.453 19.02 19.90 04a59975o0280o
59975.171590 -20.932  1.504   -15   23 o  0   0.51 134.04842  -3.32557    91.63  5312.24 2.41 2.01  60.7 -0.363 19.09 20.03 04a59975o0338o
59975.173392 -20.745  1.270   -18   23 o  0   0.87 134.04842  -3.32557 10136.09  5237.88 2.59 2.00  -8.0 -0.441 19.11 20.06 04a59975o0342o
59975.176107 -20.868  0.905   -16   15 o  0   1.62 134.04842  -3.32557   113.99  5195.96 2.38 2.04  71.0 -0.373 19.06 20.05 04a59975o0348o
59975.178811  21.641  2.152     8   17 o  0   1.10 134.04842  -3.32557 10197.88  5315.48 2.56 2.05  -6.6 -0.448 19.13 20.09 04a59975o0354o
59975.182414  20.656  0.878    20   17 o  0   1.15 134.04842  -3.32557 10219.38  5198.91 2.57 2.05  -6.9 -0.443 19.11 20.12 04a59975o0362o
59975.382144 -19.514  1.043   -57   59 o  0   1.24 134.04842  -3.32557   478.10  5287.24 2.50 2.28 -80.5 -0.390 17.71 17.80 04a59975o0712o
59976.998030  16.799  0.027   692   19 o  0   1.81 134.04842  -3.32557  8670.52  1429.89 2.33 2.03 -52.0 -0.416 18.98 19.70 03a59977o0508o
59977.001182  16.764  0.027   716   20 o  0   1.11 134.04842  -3.32557  8689.43  1469.48 2.40 2.02 -57.7 -0.413 18.96 19.73 03a59977o0515o
59977.006820  16.773  0.033   709   23 o  0   0.92 134.04842  -3.32557  8633.52  1390.64 2.34 2.04 -53.1 -0.411 19.01 19.79 03a59977o0527o
59977.034631  16.750  0.023   724   16 o  0   1.24 134.04842  -3.32557  8613.96  1507.91 2.35 2.13 -53.9 -0.423 19.29 20.51 03a59977o0587o
59983.250852  13.994  0.007  9168   63 o  0  19.00 134.04842  -3.32557  8863.46  9271.04 2.38 2.10 -28.9 -0.437 18.18 18.18 04a59983o0526o
59983.260815  14.072  0.006  8533   55 o  0  19.86 134.04842  -3.32557  8884.21  9305.27 2.38 2.16 -27.1 -0.433 18.12 18.14 04a59983o0548o
59983.263975  13.984  0.007  9254   67 o  0  21.31 134.04842  -3.32557  8825.17  9225.92 2.29 2.08 -29.2 -0.466 18.16 18.12 04a59983o0555o
59983.271212  14.041  0.008  8781   67 o  0  26.97 134.04842  -3.32557  8807.06  9340.00 2.25 1.94 -15.5 -0.444 18.17 18.06 04a59983o0571o
59984.958732  13.871  0.004 10269   41 o  0  27.02 134.04842  -3.32557   518.57  1424.93 2.65 2.24 -73.0 -0.389 18.92 19.81 03a59985o0439o
59984.962339  13.865  0.004 10332   41 o  0  20.47 134.04842  -3.32557   537.05  1455.30 2.67 2.22 -74.0 -0.396 18.96 19.80 03a59985o0447o
59984.967749  13.765  0.004 11320   43 o  0  58.96 134.04842  -3.32557   478.66  1360.93 2.70 2.31 -71.7 -0.386 18.98 19.79 03a59985o0459o
59984.979537  13.862  0.004 10358   40 o  0  49.72 134.04842  -3.32557   456.10  1445.32 2.55 2.09 -74.1 -0.418 18.92 19.76 03a59985o0485o
59986.212388  13.749  0.004 11490   44 o  0 111.54 134.04842  -3.32557  2610.44  9085.22 2.48 1.80 -72.4 -0.407 18.80 19.44 04a59986o0435o
59986.215543  13.748  0.004 11504   46 o  0  61.79 134.04842  -3.32557  2631.19  9121.15 2.58 1.84 -71.1 -0.398 18.75 19.44 04a59986o0442o
59986.220969  13.749  0.004 11497   46 o  0 116.01 134.04842  -3.32557  2575.98  9038.81 2.43 1.74 -71.9 -0.418 18.78 19.41 04a59986o0454o
59986.230879  13.747  0.004 11518   50 o  0  35.43 134.04842  -3.32557  2559.22  9148.95 2.60 1.79 -75.5 -0.389 18.74 19.35 04a59986o0476o
59988.060034  13.601  0.004 13170   47 o  0  45.47 134.04842  -3.32557   546.53  1141.94 2.73 2.35 -64.5 -0.403 18.97 19.96 03a59988o0663o
59988.064118  13.627  0.003 12864   45 o  0  62.98 134.04842  -3.32557   568.70  1172.69 2.68 2.33 -62.7 -0.407 18.95 19.92 03a59988o0672o
59988.079041  13.621  0.004 12927   49 o  0  25.05 134.04842  -3.32557   519.10  1059.50 2.85 2.61 -75.1 -0.388 18.84 19.88 03a59988o0703o
59988.087537  13.626  0.004 12866   49 o  0  46.60 134.04842  -3.32557   514.23  1160.76 2.58 2.29 -61.7 -0.407 18.91 19.79 03a59988o0721o
59988.932226  13.555  0.003 13744   42 o  0 196.96 134.04842  -3.32557   517.99  1468.64 2.37 2.03 -68.6 -0.411 19.49 20.77 03a59989o0384o
59988.965097  13.573  0.003 13520   42 o  0 146.18 134.04842  -3.32557   535.75  1420.57 2.52 2.19 -72.4 -0.402 19.38 20.69 03a59989o0456o
59988.968250  13.566  0.003 13600   43 o  0 161.34 134.04842  -3.32557   476.78  1333.01 2.55 2.19 -65.4 -0.407 19.36 20.68 03a59989o0463o
59990.141831  13.191  0.002 19217   48 c  0 538.60 134.04842  -3.32557  8024.92  1502.47 2.75 2.21 -17.3 -0.374 19.55 21.40 04a59990o0291c
59990.163691  13.212  0.002 18837   46 c  0 705.72 134.04842  -3.32557  8021.62  1460.46 2.70 2.20 -16.5 -0.374 19.57 21.39 04a59990o0328c
59990.166845  13.230  0.002 18541   46 c  0 770.64 134.04842  -3.32557  8081.49  1538.35 2.72 2.23 -19.0 -0.361 19.55 21.38 04a59990o0335c
59990.182454  13.191  0.002 19217   46 c  0 1264.08 134.04842  -3.32557  2539.29  9185.70 2.68 2.02 -72.7 -0.370 19.55 21.35 04a59990o0368c
59994.163909  13.150  0.002 19955   47 c  0 1417.18 134.04842  -3.32557  8537.89  3500.32 2.74 2.08 -19.2 -0.375 19.62 21.41 04a59994o0345c
59994.197839  13.141  0.002 20111   48 c  0 834.52 134.04842  -3.32557  8576.64  3509.46 2.81 2.06 -17.7 -0.379 19.58 21.39 04a59994o0417c
59994.201498  13.146  0.002 20026   48 c  0 957.00 134.04842  -3.32557  8519.51  3428.78 2.73 1.99 -17.7 -0.380 19.59 21.39 04a59994o0425c
59994.207809  13.143  0.002 20082   48 c  0 804.13 134.04842  -3.32557  8502.85  3540.48 2.78 2.09 -18.3 -0.371 19.56 21.36 04a59994o0439c
59996.909860  13.520  0.003 14196   41 o  0 496.34 134.04842  -3.32557  2848.21  1579.69 2.26 1.98 -60.5 -0.410 19.58 21.07 03a59997o0351o
59996.918116  13.508  0.003 14346   40 o  0 841.69 134.04842  -3.32557  2866.73  1619.08 2.21 1.98 -56.5 -0.411 19.59 21.08 03a59997o0369o
59996.921271  13.511  0.003 14303   41 o  0 330.95 134.04842  -3.32557  2810.45  1540.15 2.33 2.09 -56.3 -0.410 19.56 21.09 03a59997o0376o
59996.931235  13.503  0.003 14417   43 o  0  99.38 134.04842  -3.32557  2788.14  1656.94 2.60 2.33 -58.6 -0.405 19.45 21.02 03a59997o0398o
59998.190221  13.202  0.003 19017   48 c  0 617.11 134.04842  -3.32557  8557.56  3465.66 2.76 2.12 -18.4 -0.374 19.61 21.53 04a59998o0406c
59998.193377  13.223  0.003 18656   47 c  0 790.42 134.04842  -3.32557  8577.89  3501.69 2.76 2.05 -17.3 -0.381 19.59 21.53 04a59998o0413c
59998.201038  13.215  0.003 18792   47 c  0 668.32 134.04842  -3.32557  8523.19  3419.30 2.80 2.11 -17.3 -0.380 19.55 21.51 04a59998o0430c
59998.231825  13.222  0.003 18674   47 c  0 773.28 134.04842  -3.32557  8507.68  3521.09 2.86 2.15 -21.0 -0.367 19.55 21.43 04a59998o0495c
60002.102514  13.725  0.003 11747   40 o  0 449.52 134.04842  -3.32557  5771.80  3059.11 2.09 1.90 -27.4 -0.485 19.31 20.59 04a60002o0229o
60002.104317  13.703  0.003 11986   42 o  0 435.21 134.04842  -3.32557  5753.43  3019.77 2.02 1.82 -23.8 -0.486 19.37 20.58 04a60002o0233o
60002.107474  13.725  0.003 11746   41 o  0 341.58 134.04842  -3.32557  5812.62  3097.85 2.15 1.97 -28.8 -0.478 19.30 20.62 04a60002o0240o
60002.112886  13.726  0.003 11736   40 o  0 586.35 134.04842  -3.32557  5835.18  2981.39 2.17 1.85 -26.0 -0.467 19.37 20.64 04a60002o0252o
60003.885618  13.897  0.004 10029   44 o  0  37.74 134.04842  -3.32557  4415.15  1387.87 2.43 2.15 -54.4 -0.391 18.66 19.84 03a60004o0308o
60003.888783  13.899  0.005 10007   47 o  0  21.24 134.04842  -3.32557  4433.43  1419.15 2.40 2.21 -61.2 -0.399 19.09 20.24 03a60004o0315o
60003.895556  13.895  0.004 10042   37 o  0  60.57 134.04842  -3.32557  4374.90  1322.68 2.45 2.21 -62.6 -0.397 19.20 20.39 03a60004o0330o
60003.929135  13.894  0.004 10058   36 o  0  78.75 134.04842  -3.32557  4353.30  1349.53 2.41 2.29 -68.2 -0.401 19.29 20.57 03a60004o0403o
60004.881548  13.965  0.005  9421   49 o  0  22.11 134.04842  -3.32557   449.31  5198.98 2.42 2.02 -68.3 -0.380 18.43 18.79 03a60005o0301o
60004.884708  13.953  0.007  9524   64 o  0  11.30 134.04842  -3.32557   467.79  5238.17 2.41 2.03 -67.1 -0.383 17.92 18.30 03a60005o0308o
60004.887873  13.995  0.005  9161   45 o  0  30.50 134.04842  -3.32557 10496.37  5423.58 2.52 1.90 -59.5 -0.318 18.47 18.89 03a60005o0315o
60004.891492  13.971  0.008  9369   73 o  0  10.09 134.04842  -3.32557   412.04  5160.78 2.40 2.01 -67.1 -0.371 17.87 18.12 03a60005o0323o
60004.923216  13.957  0.006  9488   61 o  0   6.42 134.04842  -3.32557 10477.96  5542.48 2.57 2.00 -61.8 -0.346 18.26 18.66 03a60005o0392o
60004.925473  13.958  0.008  9481   78 o  0   8.84 134.04842  -3.32557   392.49  5278.50 2.50 2.09 -68.4 -0.379 17.25 17.47 03a60005o0397o
60005.064927  13.974  0.004  9341   41 o  0  44.53 134.04842  -3.32557  5761.22  3065.13 2.23 2.17 -29.1 -0.449 18.73 19.51 04a60005o0151o
60005.068086  13.970  0.005  9379   44 o  0  42.82 134.04842  -3.32557  5742.89  3026.11 2.52 2.42  32.5 -0.469 18.67 19.49 04a60005o0158o
60005.070883  13.975  0.005  9332   42 o  0  63.61 134.04842  -3.32557  5801.86  3102.04 2.19 2.03 -23.6 -0.456 18.75 19.51 04a60005o0164o
60005.081745  13.966  0.005  9406   42 o  0  59.17 134.04842  -3.32557  5826.57  2986.30 2.19 2.01 -24.2 -0.472 18.76 19.42 04a60005o0188o
60006.147382  14.081  0.005  8466   44 o  0  20.77 134.04842  -3.32557  4869.44  7536.77 2.25 1.92 -64.5 -0.397 18.46 18.89 04a60006o0347o
60006.150565  14.075  0.005  8512   44 o  0  14.44 134.04842  -3.32557  4889.47  7572.72 2.22 1.92 -64.7 -0.403 18.54 19.09 04a60006o0354o
60006.175367  14.083  0.005  8450   43 o  0  34.13 134.04842  -3.32557  4844.74  7474.98 2.21 1.84 -65.7 -0.408 18.53 18.90 04a60006o0408o
60006.185785  14.078  0.005  8488   42 o  0  24.33 134.04842  -3.32557  4827.20  7583.35 2.26 1.80 -64.6 -0.406 18.44 18.89 04a60006o0431o
60011.994581  14.320  0.007  6795   48 o  0  10.55 134.04842  -3.32557  8724.80  9386.04 3.33 2.49 -36.6 -0.391 18.26 18.71 03a60012o0562o
60012.001099  14.318  0.007  6802   50 o  0   7.90 134.04842  -3.32557  8743.97  9423.61 3.33 2.47 -35.9 -0.388 18.29 18.65 03a60012o0576o
60012.004260  14.332  0.008  6716   52 o  0   7.72 134.04842  -3.32557  8687.56  9343.85 3.85 2.90 -31.9 -0.352 18.09 18.63 03a60012o0583o
60012.034359  14.325  0.009  6760   59 o  0   7.54 134.04842  -3.32557  8673.86  9454.16 3.56 2.73 -32.9 -0.369 17.86 18.24 03a60012o0648o
60012.928789  14.322  0.005  6776   35 o  0  40.27 134.04842  -3.32557  8712.40  9393.30 2.57 1.97 -44.5 -0.420 18.96 19.48 03a60013o0424o
60012.932393  14.293  0.005  6960   37 o  0  35.55 134.04842  -3.32557  8731.49  9432.80 2.67 2.02 -45.7 -0.422 18.89 19.47 03a60013o0432o
60012.946350  14.318  0.005  6806   35 o  0  31.51 134.04842  -3.32557  8677.08  9353.32 2.59 1.96 -43.5 -0.406 18.90 19.42 03a60013o0462o
60012.953559  14.331  0.005  6726   35 o  0  41.52 134.04842  -3.32557  8656.01  9469.13 2.66 1.98 -46.4 -0.426 18.85 19.37 03a60013o0478o
60014.190172  14.309  0.006  6860   38 o  0  27.81 134.04842  -3.32557  4697.40  3630.72 2.01 1.94 -63.7 -0.448 18.81 19.59 04a60014o0320o
60014.195155  14.304  0.005  6890   38 o  0  55.15 134.04842  -3.32557  4716.02  3668.46 2.03 1.92 -32.1 -0.465 18.79 19.56 04a60014o0331o
60014.197924  14.326  0.005  6753   37 o  0  46.71 134.04842  -3.32557  4658.37  3589.93 1.99 1.91 -20.0 -0.457 18.81 19.54 04a60014o0337o
60014.218484  14.324  0.006  6767   38 o  0  30.47 134.04842  -3.32557  4638.05  3701.37 2.03 2.00 -27.7 -0.451 18.72 19.43 04a60014o0382o
60016.867416  14.320  0.004  6794   30 o  0  71.97 134.04842  -3.32557  2484.42  9026.16 2.50 2.13 -45.9 -0.398 19.45 20.68 03a60017o0291o
60016.870572  14.342  0.004  6657   29 o  0  90.85 134.04842  -3.32557  2502.39  9065.70 2.55 2.16 -51.2 -0.391 19.43 20.66 03a60017o0298o
60016.880519  14.318  0.005  6806   31 o  0  65.41 134.04842  -3.32557  2446.42  8987.40 2.53 2.14 -53.2 -0.400 19.42 20.63 03a60017o0320o
60016.885935  14.314  0.005  6829   31 o  0  60.27 134.04842  -3.32557  2424.34  9104.27 2.53 2.19 -49.0 -0.397 19.40 20.58 03a60017o0332o
60018.115643  14.300  0.005  6921   35 o  0  19.10 134.04842  -3.32557   570.63  7256.93 2.61 2.07  77.0 -0.382 19.28 20.60 04a60018o0288o
60018.119250  14.319  0.005  6800   34 o  0  40.66 134.04842  -3.32557   592.69  7292.83 2.47 2.05  84.1 -0.388 19.31 20.61 04a60018o0296o
60018.124685  14.304  0.005  6890   34 o  0  25.30 134.04842  -3.32557   535.97  7210.91 2.61 2.12  82.9 -0.382 19.27 20.60 04a60018o0308o
60018.134598  14.318  0.005  6804   35 o  0  23.45 134.04842  -3.32557   519.35  7317.75 2.70 2.13  80.5 -0.375 19.23 20.62 04a60018o0330o
60020.340128  14.292  0.005  6970   36 o  0  74.87 134.04842  -3.32557  4148.52  4550.00 2.34 1.83  36.9 -0.439 19.18 20.38 02a60020o0267o
60020.350373  14.292  0.007  6972   46 o  0  27.82 134.04842  -3.32557  4127.40  4507.40 2.32 1.80  38.8 -0.440 18.68 19.81 02a60020o0289o
60020.354101  14.295  0.009  6949   62 o  0   7.28 134.04842  -3.32557  4186.19  4586.71 2.34 1.83  39.9 -0.441 18.22 19.31 02a60020o0297o
60020.367467  14.323  0.007  6772   50 o  0  13.26 134.04842  -3.32557  4208.20  4470.47 2.40 1.86  42.1 -0.432 18.66 19.74 02a60020o0326o
60020.850228  14.320  0.004  6795   29 c  0  22.42 134.04842  -3.32557  2487.68  9026.82 2.74 2.43 -37.3 -0.378 19.68 21.72 03a60021o0264c
60020.853400  14.335  0.004  6701   28 c  0  26.42 134.04842  -3.32557  2505.96  9066.59 2.69 2.40 -43.7 -0.379 19.71 21.71 03a60021o0271c
60020.861215  14.328  0.004  6745   28 c  0  50.09 134.04842  -3.32557  2450.47  8988.09 2.71 2.37 -41.1 -0.384 19.76 21.73 03a60021o0288c
60020.873047  14.328  0.004  6741   29 c  0  32.72 134.04842  -3.32557  2427.98  9105.78 2.66 2.33 -40.0 -0.384 19.78 21.73 03a60021o0314c
60022.106031  14.305  0.005  6884   34 o  0  26.24 134.04842  -3.32557   571.97  7258.21 2.70 2.14  82.4 -0.375 19.30 20.78 04a60022o0272o
60022.109641  14.319  0.005  6796   32 o  0  58.41 134.04842  -3.32557   593.75  7293.79 2.59 2.10  80.3 -0.379 19.33 20.77 04a60022o0280o
60022.133372  14.323  0.005  6775   33 o  0  29.53 134.04842  -3.32557   548.34  7195.06 2.55 2.08  84.7 -0.382 19.35 20.83 04a60022o0330o
60022.138900  14.311  0.005  6846   33 o  0  36.55 134.04842  -3.32557   529.19  7307.05 2.66 2.15  82.1 -0.376 19.32 20.80 04a60022o0342o
60024.328941  14.335  0.005  6699   31 o  0  77.42 134.04842  -3.32557  4149.47  4549.06 2.33 1.93  32.6 -0.443 19.46 20.73 02a60024o0235o
60024.332560  14.351  0.006  6604   38 o  0  31.33 134.04842  -3.32557  4130.91  4510.07 2.30 1.89  34.0 -0.444 18.95 20.20 02a60024o0243o
60024.339442  14.337  0.005  6688   31 o  0  45.49 134.04842  -3.32557  4187.61  4585.19 2.38 1.98  35.8 -0.442 19.49 20.82 02a60024o0258o
60024.349515  14.355  0.005  6579   32 o  0  66.63 134.04842  -3.32557  4208.86  4468.80 2.39 1.96  39.0 -0.434 19.29 20.62 02a60024o0280o
60024.840570  14.530  0.005  5599   26 c  0  38.86 134.04842  -3.32557  8544.21  3574.95 2.49 2.14 -56.3 -0.402 19.72 21.69 03a60025o0249c
60024.843750  14.519  0.005  5656   26 c  0  53.02 134.04842  -3.32557  8563.17  3614.22 2.51 2.18 -54.7 -0.402 19.73 21.69 03a60025o0256c
60024.850138  14.529  0.005  5602   26 c  0  51.18 134.04842  -3.32557  8506.14  3535.41 2.45 2.15 -51.8 -0.407 19.75 21.70 03a60025o0270c
60024.860109  14.511  0.005  5694   26 c  0  35.84 134.04842  -3.32557  8483.56  3650.83 2.48 2.11 -56.1 -0.410 19.77 21.68 03a60025o0292c
60026.084638  14.393  0.005  6348   33 o  0  64.40 134.04842  -3.32557  6677.80  1452.63 2.36 2.09 -19.3 -0.425 19.33 20.61 04a60026o0229o
60026.087826  14.387  0.005  6386   33 o  0  43.18 134.04842  -3.32557  6699.11  1488.53 2.39 2.13 -17.5 -0.418 19.27 20.59 04a60026o0236o
60026.095151  14.402  0.005  6300   33 o  0  49.16 134.04842  -3.32557  6644.83  1404.44 2.39 2.14 -15.5 -0.425 19.27 20.57 04a60026o0252o
60026.105691  14.377  0.005  6446   33 o  0  46.08 134.04842  -3.32557  6630.43  1511.92 2.36 2.11 -13.7 -0.424 19.27 20.57 04a60026o0275o
60028.322895  14.498  0.005  5764   30 o  0  12.34 134.04842  -3.32557  1976.34  4401.43 2.28 2.18  37.9 -0.440 19.28 20.56 02a60028o0225o
60028.326127  14.477  0.005  5879   31 o  0  18.33 134.04842  -3.32557  1957.79  4362.17 2.28 2.11  37.2 -0.447 19.26 20.48 02a60028o0232o
60028.332545  14.469  0.006  5922   33 o  0  15.90 134.04842  -3.32557  2016.56  4439.43 2.25 2.08  39.7 -0.449 19.16 20.38 02a60028o0246o
60028.344928  14.485  0.005  5837   32 o  0   7.98 134.04842  -3.32557  2038.09  4326.38 2.28 2.13  47.4 -0.439 19.25 20.52 02a60028o0273o
60030.080179  14.609  0.006  5204   32 o  0  24.93 134.04842  -3.32557  6682.12  1445.83 2.55 2.26 -21.9 -0.411 19.18 20.54 04a60030o0230o
60030.083386  14.598  0.006  5256   30 o  0  47.68 134.04842  -3.32557  6703.70  1481.66 2.51 2.17 -19.8 -0.408 19.19 20.57 04a60030o0237o
60030.090229  14.610  0.006  5202   32 o  0  28.96 134.04842  -3.32557  6648.17  1398.15 2.57 2.21 -20.7 -0.417 19.19 20.62 04a60030o0252o
60030.100732  14.616  0.006  5173   30 o  0  27.20 134.04842  -3.32557  6632.51  1505.68 2.47 2.12 -20.8 -0.411 19.26 20.69 04a60030o0275o
60032.307930  14.751  0.008  4565   38 o  0   5.21 134.04842  -3.32557  1984.71  4401.54 2.08 2.05  -8.3 -0.464 18.65 19.23 02a60032o0192o
60032.311554  14.749  0.009  4576   39 o  0   4.87 134.04842  -3.32557  1965.62  4362.70 2.09 2.06  51.3 -0.456 18.55 19.11 02a60032o0200o
60032.317887 -15.827  3.676 -1695 6231 o  0   1.58 134.04842  -3.32557  2023.96  4439.37 2.24 2.13  31.2 -0.464 13.12 13.23 02a60032o0214o
60032.817747  14.774  0.007  4472   29 o  0   7.38 134.04842  -3.32557  4783.86  7529.53 2.57 2.26 -53.3 -0.395 18.97 19.99 03a60033o0194o
60032.821384  14.774  0.007  4471   30 o  0   5.98 134.04842  -3.32557  4801.23  7569.94 2.68 2.30 -52.4 -0.389 19.01 20.08 03a60033o0202o
60032.826927  14.773  0.007  4476   32 o  0   4.65 134.04842  -3.32557  4744.99  7491.11 2.62 2.21 -48.1 -0.382 18.76 20.04 03a60033o0214o
60032.839720  14.771  0.007  4484   31 o  0   6.60 134.04842  -3.32557  4723.66  7607.72 2.66 2.24 -45.5 -0.384 18.89 19.99 03a60033o0242o
60034.062055  14.846  0.008  4183   33 o  0   9.63 134.04842  -3.32557  4728.55  1547.82 2.30 2.14  39.9 -0.429 18.63 19.37 04a60034o0198o
60034.065263  14.861  0.008  4126   34 o  0   6.40 134.04842  -3.32557  4749.76  1583.23 2.32 2.19  22.8 -0.423 18.60 19.38 04a60034o0205o
60034.071708  14.856  0.009  4147   36 o  0   9.13 134.04842  -3.32557  4695.20  1500.11 2.21 2.11  21.6 -0.434 18.74 19.50 04a60034o0219o
60034.082847  14.852  0.008  4160   33 o  0  10.82 134.04842  -3.32557  4681.52  1606.53 2.09 2.01  -5.7 -0.431 18.74 19.50 04a60034o0243o
60034.825486  14.896  0.009  3994   34 o  0   4.91 134.04842  -3.32557  4782.92  7530.76 2.44 2.07 -48.1 -0.381 18.66 19.12 03a60035o0236o
60034.832778  14.880  0.007  4055   30 o  0   8.27 134.04842  -3.32557  4800.09  7570.05 2.45 2.07 -46.8 -0.390 18.68 19.11 03a60035o0252o
60034.837815  14.909  0.008  3950   32 o  0   3.61 134.04842  -3.32557  4743.82  7491.78 2.43 2.09 -46.2 -0.385 18.69 19.11 03a60035o0263o
60034.868874  14.901  0.009  3979   34 o  0   5.00 134.04842  -3.32557  4726.37  7609.01 2.43 2.08 -48.7 -0.384 18.68 19.09 03a60035o0329o
60036.059532  14.981  0.011  3695   42 o  0   3.24 134.04842  -3.32557  4730.31  1544.15 2.39 2.27  24.6 -0.419 18.20 18.67 04a60036o0196o
60036.063199  14.977  0.012  3710   45 o  0   3.46 134.04842  -3.32557  4752.86  1580.53 2.36 2.26  13.7 -0.430 18.16 18.80 04a60036o0204o
60036.069809  14.976  0.012  3712   45 o  0   3.77 134.04842  -3.32557  4698.74  1496.87 2.31 2.19  14.1 -0.428 18.23 18.65 04a60036o0218o
60036.101361  14.974  0.011  3720   41 o  0   3.89 134.04842  -3.32557  4696.58  1585.72 2.19 2.10  12.3 -0.422 18.20 18.61 04a60036o0285o
60037.893328  15.047  0.010  3478   35 o  0   3.71 134.04842  -3.32557  4799.71  7537.83 2.57 2.19 -47.0 -0.386 18.35 18.58 03a60038o0306o
60037.896514  15.079  0.012  3377   42 o  0   1.72 134.04842  -3.32557  4818.22  7576.51 2.60 2.28 -41.7 -0.390 18.34 18.55 03a60038o0313o
60037.902462  15.053  0.013  3458   45 o  0   1.55 134.04842  -3.32557  4763.67  7497.98 2.82 2.38 -45.7 -0.360 18.23 18.54 03a60038o0326o
60037.937964  15.069  0.014  3406   48 o  0   1.54 134.04842  -3.32557  4752.03  7611.92 2.56 2.30 -34.6 -0.391 18.09 18.17 03a60038o0402o
60038.128922  15.028  0.025  3540   88 o  0   2.41 134.04842  -3.32557  4768.05  1499.57 2.13 2.06  23.7 -0.447 17.24 17.27 04a60038o0350o
60038.135022  15.079  0.031  3375  106 o  0   2.24 134.04842  -3.32557  4787.53  1537.57 2.21 2.19  15.3 -0.451 17.14 17.21 04a60038o0363o
60038.164877  15.049  0.016  3471   56 o  0   2.21 134.04842  -3.32557  4727.80  1450.69 2.27 2.19  11.7 -0.423 17.98 18.14 04a60038o0427o
60038.189794  15.104  0.028  3299   93 o  0   1.90 134.04842  -3.32557  4702.24  1567.21 2.21 2.15  41.5 -0.459 17.35 17.50 04a60038o0480o
60039.152404  15.109  0.014  3285   46 o  0   2.95 134.04842  -3.32557  4798.43  5558.81 2.11 1.94 -58.3 -0.431 18.18 18.49 04a60039o0403o
60039.157469  15.110  0.011  3281   36 o  0   5.17 134.04842  -3.32557  4816.16  5597.58 2.11 1.96 -69.8 -0.406 18.15 18.46 04a60039o0414o
60039.160241  15.143  0.013  3183   42 o  0   4.22 134.04842  -3.32557  4757.82  5519.67 2.12 1.98 -70.0 -0.411 18.12 18.44 04a60039o0420o
60039.190690  15.110  0.014  3281   46 o  0   3.30 134.04842  -3.32557  4732.89  5634.18 2.11 1.94 -67.9 -0.426 17.94 18.16 04a60039o0485o
60040.906731  15.185  0.012  3063   38 o  0   1.54 134.04842  -3.32557  4848.22  9474.14 2.58 2.16 -36.7 -0.377 18.41 18.65 03a60041o0294o
60040.932068  15.199  0.012  3023   36 o  0   2.60 134.04842  -3.32557  4871.28  9511.39 2.93 2.36 -28.6 -0.350 18.17 18.38 03a60041o0311o
60040.935546  15.233  0.016  2930   47 o  0   0.97 134.04842  -3.32557  4816.57  9431.09 2.96 2.46 -25.0 -0.350 18.07 18.37 03a60041o0318o
60040.942552  15.233  0.016  2930   46 o  0   1.77 134.04842  -3.32557  4796.09  9546.69 3.15 2.62 -27.5 -0.334 18.01 18.31 03a60041o0332o
60042.102896  15.244  0.011  2900   32 o  0   6.10 134.04842  -3.32557   860.06  1688.72 2.66 1.89  45.5 -0.443 18.78 19.47 04a60042o0301o
60042.106097  15.213  0.011  2983   34 o  0   5.25 134.04842  -3.32557   879.69  1726.79 2.52 1.84  44.8 -0.460 18.73 19.44 04a60042o0308o
60042.113024  15.262  0.011  2854   32 o  0   6.59 134.04842  -3.32557   822.31  1644.72 2.52 1.91  42.1 -0.468 18.74 19.43 04a60042o0323o
60042.128704  15.163  0.013  3124   41 o  0   7.11 134.04842  -3.32557   804.02  1756.45 2.19 1.86  43.0 -0.457 18.72 19.36 04a60042o0357o
60043.169235  15.292  0.011  2774   31 o  0   6.64 134.04842  -3.32557   855.76  1668.27 2.63 1.84  44.7 -0.435 18.69 19.37 04a60043o0432o
60043.172474  15.176  0.012  3088   36 o  0   6.97 134.04842  -3.32557   875.16  1708.95 2.59 1.82  43.2 -0.450 18.67 19.33 04a60043o0439o
60043.178604  15.273  0.013  2822   36 o  0   5.32 134.04842  -3.32557   812.95  1631.59 2.63 1.78  42.0 -0.447 18.63 19.30 04a60043o0452o
60043.189194  15.307  0.012  2737   33 o  0   6.38 134.04842  -3.32557   789.91  1752.06 2.76 1.83  45.2 -0.412 18.56 19.19 04a60043o0474o
60043.838735  15.310  0.009  2730   25 o  0   3.73 134.04842  -3.32557  2415.80  5160.99 3.13 2.69 -51.4 -0.360 18.87 20.10 03a60044o0269o
60043.842564  15.308  0.009  2734   25 o  0   5.26 134.04842  -3.32557  2433.78  5199.23 2.61 2.25 -56.2 -0.394 19.07 20.07 03a60044o0277o
60043.848753  15.298  0.009  2758   25 o  0   4.75 134.04842  -3.32557  2379.37  5122.11 2.59 2.23 -56.8 -0.397 19.04 20.03 03a60044o0290o
60043.869225  15.317  0.010  2711   28 o  0   3.38 134.04842  -3.32557  2358.69  5236.92 2.57 2.27 -55.6 -0.405 19.00 19.96 03a60044o0333o
60045.085736  15.351  0.009  2629   24 o  0   7.42 134.04842  -3.32557  2450.65  5185.51 2.13 1.88  86.0 -0.409 19.12 20.27 04a60045o0254o
60045.088915  15.348  0.010  2635   25 o  0   6.59 134.04842  -3.32557  2470.30  5222.72 2.13 1.87  81.2 -0.403 19.10 20.21 04a60045o0261o
60045.096247  15.349  0.009  2634   23 o  0  11.49 134.04842  -3.32557  2414.51  5141.89 2.10 1.92  82.7 -0.409 19.04 20.14 04a60045o0277o
60045.118310  15.350  0.010  2629   26 o  0   6.53 134.04842  -3.32557  2396.69  5249.11 2.22 1.99  87.3 -0.402 18.98 20.05 04a60045o0325o
60048.069201  15.511  0.009  2267   20 c  0   4.00 134.04842  -3.32557  2538.32  7127.19 2.64 2.26 -85.1 -0.362 19.35 21.34 04a60048o0234c
60048.072388  15.540  0.009  2208   20 c  0   3.71 134.04842  -3.32557  2558.61  7163.88 2.86 2.53  89.6 -0.356 19.24 21.31 04a60048o0241c
60048.079677  15.521  0.009  2247   21 c  0   2.00 134.04842  -3.32557  2502.57  7081.89 3.07 2.67 -81.3 -0.343 19.17 21.29 04a60048o0257c
60048.095247  15.515  0.009  2260   21 c  0   3.33 134.04842  -3.32557  2487.04  7190.86 2.79 2.37 -88.0 -0.356 19.28 21.28 04a60048o0291c
60049.811681  15.531  0.010  2226   21 o  0   3.92 134.04842  -3.32557  8688.25  1449.68 2.33 2.06 -55.0 -0.425 19.47 20.83 03a60050o0227o
60049.815549  15.528  0.009  2233   21 o  0   6.96 134.04842  -3.32557  8706.93  1489.26 2.33 2.05 -57.2 -0.429 19.47 20.81 03a60050o0235o
60049.822535  15.511  0.009  2267   20 o  0   9.94 134.04842  -3.32557  8651.30  1410.30 2.39 2.12 -54.6 -0.420 19.47 20.88 03a60050o0250o
60049.834310  15.512  0.009  2265   21 o  0   8.27 134.04842  -3.32557  8628.51  1526.53 2.34 2.02 -58.4 -0.423 19.53 20.99 03a60050o0275o
60051.047408  15.589  0.011  2110   22 c  0   4.00 134.04842  -3.32557  8650.70  1331.24 3.34 2.50 -23.9 -0.327 19.31 21.10 04a60051o0193c
60051.058167  15.625  0.010  2042   21 c  0   4.94 134.04842  -3.32557  8674.06  1363.45 3.35 2.54 -24.5 -0.325 19.25 21.08 04a60051o0216c
60051.061842  15.597  0.010  2096   21 c  0   5.35 134.04842  -3.32557  8616.79  1283.29 3.29 2.46 -25.0 -0.325 19.29 21.08 04a60051o0224c
60051.069482  15.592  0.010  2104   22 c  0   5.22 134.04842  -3.32557  8597.91  1396.29 3.25 2.39 -25.2 -0.333 19.31 21.06 04a60051o0240c
60052.786578  15.563  0.088  2162  190 o  0   1.68 134.04842  -3.32557  6671.82  5593.74 2.25 2.00 -55.0 -0.441 16.97 18.28 03a60053o0178o
60052.794215  15.633  0.010  2027   20 o  0  15.23 134.04842  -3.32557  6615.77  5515.37 2.09 1.84 -53.1 -0.463 19.61 20.90 03a60053o0194o
60052.804264  15.535  0.042  2217   93 o  0   1.25 134.04842  -3.32557  6594.11  5630.78 2.49 2.26 -52.7 -0.429 17.24 18.71 03a60053o0215o
60054.059235  15.664  0.010  1969   19 c  0   6.55 134.04842  -3.32557  2812.33  1604.92 2.50 2.05  45.9 -0.397 19.44 21.26 04a60054o0224c
60054.062464  15.660  0.010  1978   21 c  0   3.69 134.04842  -3.32557  2833.00  1642.12 2.54 2.05  46.1 -0.400 19.44 21.26 04a60054o0231c
60054.067933  15.676  0.010  1948   19 c  0   6.40 134.04842  -3.32557  2775.11  1560.99 2.53 2.05  44.3 -0.403 19.42 21.24 04a60054o0243c
60054.078946  15.679  0.011  1943   20 c  0   4.12 134.04842  -3.32557  2758.11  1672.47 2.55 2.08  44.7 -0.399 19.41 21.22 04a60054o0267c
60057.038760  15.732  0.011  1850   21 c  0   1.81 134.04842  -3.32557   494.15  5293.33 2.85 2.33  60.4 -0.373 19.28 21.26 04a60057o0123c
60057.041916  15.773  0.013  1781   24 c  0   1.55 134.04842  -3.32557   514.58  5330.00 3.03 2.54  58.4 -0.359 19.22 21.26 04a60057o0130c
60057.049166  15.734  0.011  1846   21 c  0   2.81 134.04842  -3.32557   459.41  5248.07 2.89 2.39  57.6 -0.365 19.28 21.25 04a60057o0146c
60057.063032  15.731  0.012  1851   22 c  0   1.66 134.04842  -3.32557   442.17  5356.78 2.91 2.28  64.4 -0.367 19.32 21.25 04a60057o0176c
60058.744548  15.819  0.011  1708   19 o  0   8.90 134.04842  -3.32557  8700.98  9392.36 2.69 2.12 -45.5 -0.425 19.41 20.67 03a60059o0100o
60063.016839  15.971  0.022  1484   32 o  0   1.81 134.04842  -3.32557  8558.45  3460.82 3.06 2.32 -18.7 -0.383 18.52 19.37 04a60063o0147o
60063.021980  16.014  0.019  1427   27 o  0   2.76 134.04842  -3.32557  8580.21  3496.36 2.94 2.24 -19.9 -0.386 18.52 19.34 04a60063o0158o
60063.025164  15.967  0.020  1490   30 o  0   2.39 134.04842  -3.32557  8522.91  3416.30 2.95 2.21 -20.0 -0.378 18.53 19.34 04a60063o0165o
60063.038694  15.945  0.022  1521   34 o  0   1.26 134.04842  -3.32557  8506.53  3525.92 3.06 2.27 -18.0 -0.367 18.50 19.34 04a60063o0194o
60064.775762  16.026  0.017  1412   25 o  0   1.76 134.04842  -3.32557  4746.05  7496.80 2.49 2.12 -44.3 -0.389 18.79 19.33 03a60065o0174o
60064.781781  16.029  0.017  1407   24 o  0   1.80 134.04842  -3.32557  4723.88  7612.18 2.47 2.11 -47.2 -0.390 18.76 19.30 03a60065o0187o
60066.054251  16.097  0.022  1322   29 o  0   1.65 134.04842  -3.32557  4693.70  3629.83 2.25 2.19 -42.4 -0.431 18.55 19.25 04a60066o0231o
60066.059476  16.066  0.021  1360   28 o  0   1.88 134.04842  -3.32557  4713.78  3667.33 2.18 2.12 -51.9 -0.437 18.56 19.22 04a60066o0242o
60066.062664  16.091  0.020  1329   26 o  0   2.16 134.04842  -3.32557  4655.31  3588.47 2.25 2.12 -26.9 -0.427 18.57 19.20 04a60066o0249o
60066.072841  16.094  0.024  1326   32 o  0   1.70 134.04842  -3.32557  4633.90  3703.06 2.16 2.07 -30.7 -0.428 18.53 19.14 04a60066o0271o
60067.799905  16.143  0.024  1267   30 o  0   1.36 134.04842  -3.32557   513.98  7153.51 2.58 2.19 -61.2 -0.384 18.72 19.13 03a60068o0236o
60067.803096  16.167  0.024  1240   29 o  0   1.41 134.04842  -3.32557   533.04  7192.88 2.60 2.16 -59.7 -0.387 18.69 19.12 03a60068o0243o
60067.813214  16.101  0.022  1318   29 o  0   2.34 134.04842  -3.32557   477.57  7113.51 2.66 2.28 -57.5 -0.370 18.63 19.11 03a60068o0265o
60067.818684  16.125  0.024  1288   31 o  0   1.57 134.04842  -3.32557   455.95  7229.72 2.73 2.30 -58.4 -0.373 18.59 19.07 03a60068o0277o
60069.041097  16.157  0.027  1251   33 o  0   1.36 134.04842  -3.32557   596.89  7212.28 2.88 2.31  79.7 -0.367 18.38 18.96 04a60069o0206o
60069.044296  16.196  0.029  1206   34 o  0   1.38 134.04842  -3.32557   616.56  7250.01 2.75 2.29  87.6 -0.375 18.36 18.94 04a60069o0213o
60069.049757  16.245  0.029  1154   33 o  0   1.45 134.04842  -3.32557   558.09  7170.29 2.80 2.31  82.1 -0.369 18.35 18.91 04a60069o0225o
60069.060419  16.201  0.030  1201   36 o  0   1.49 134.04842  -3.32557   538.16  7284.38 2.82 2.28  86.7 -0.353 18.28 18.84 04a60069o0248o
60070.103402  16.223  0.034  1177   40 o  0   1.32 134.04842  -3.32557  6689.03  1397.83 2.42 2.21 -27.0 -0.397 18.10 18.41 04a60070o0335o
60070.106644  16.157  0.039  1250   49 o  0   0.85 134.04842  -3.32557  6706.32  1437.27 2.49 2.18 -22.4 -0.389 18.06 18.39 04a60070o0342o
60070.111959  16.256  0.043  1142   49 o  0   1.22 134.04842  -3.32557  6646.26  1361.27 2.48 2.19 -18.7 -0.391 17.99 18.33 04a60070o0353o
60070.122383  16.350  0.050  1047   53 o  0   1.04 134.04842  -3.32557  6618.99  1481.67 2.57 2.42 -11.8 -0.397 17.87 18.19 04a60070o0375o
60070.776343  16.246  0.021  1153   24 o  0   1.98 134.04842  -3.32557  6743.38  1504.58 2.39 2.15 -53.2 -0.436 18.73 19.38 03a60071o0189o
60070.782431  16.264  0.025  1133   28 o  0   1.20 134.04842  -3.32557  6762.71  1544.85 2.42 2.22 -51.0 -0.437 18.72 19.37 03a60071o0202o
60070.786045  16.257  0.021  1141   24 o  0   1.54 134.04842  -3.32557  6707.02  1466.25 2.40 2.18 -53.8 -0.441 18.68 19.35 03a60071o0210o
60070.798360  16.197  0.020  1205   24 o  0   2.22 134.04842  -3.32557  6685.08  1581.52 2.35 2.09 -48.8 -0.444 18.73 19.31 03a60071o0237o
60071.995696  16.286  0.021  1110   24 o  0   1.93 134.04842  -3.32557  4746.67  1517.78 2.40 2.27  27.5 -0.440 18.82 19.90 04a60072o0111o
60071.998883  16.282  0.021  1115   24 o  0   2.51 134.04842  -3.32557  4767.21  1554.25 2.35 2.25  23.5 -0.438 18.83 19.85 04a60072o0118o
60072.021041  16.274  0.021  1123   23 o  0   2.71 134.04842  -3.32557  4718.98  1464.53 2.30 2.19  16.6 -0.430 18.74 19.65 04a60072o0166o
60072.036337  16.284  0.024  1112   27 o  0   1.77 134.04842  -3.32557  4702.55  1575.92 2.24 2.17  24.8 -0.436 18.70 19.52 04a60072o0199o
60073.091138  16.280  0.028  1117   31 o  0   2.32 134.04842  -3.32557  4748.26  1489.01 2.10 2.03 -16.2 -0.418 18.64 19.36 04a60073o0309o
60073.094810  16.287  0.022  1110   24 o  0   1.76 134.04842  -3.32557  4765.11  1529.05 2.08 1.98  26.9 -0.437 18.65 19.36 04a60073o0317o
60073.100141  16.287  0.027  1109   30 o  0   1.35 134.04842  -3.32557  4703.60  1451.77 2.05 1.98  29.4 -0.436 18.61 19.33 04a60073o0328o
60073.111073  16.304  0.028  1092   30 o  0   1.44 134.04842  -3.32557  4678.06  1573.06 2.34 2.16  27.3 -0.404 18.48 19.24 04a60073o0351o
60073.757478  16.317  0.017  1079   19 o  0   1.25 134.04842  -3.32557  6609.93  3634.04 2.19 1.95 -53.6 -0.441 19.44 20.60 03a60074o0147o
60073.760657  16.301  0.015  1096   17 o  0   2.13 134.04842  -3.32557  6628.64  3673.24 2.28 2.03 -51.7 -0.424 19.37 20.61 03a60074o0154o
60073.766822  16.302  0.016  1094   18 o  0   1.95 134.04842  -3.32557  6573.33  3594.87 2.30 2.10 -43.7 -0.422 19.33 20.61 03a60074o0167o
60073.778694  16.277  0.017  1120   18 o  0   1.62 134.04842  -3.32557  6552.47  3709.50 2.30 2.07 -42.6 -0.426 19.33 20.55 03a60074o0193o
60075.016688  16.405  0.107   995  107 o  0   1.61 134.04842  -3.32557  6621.72  3537.42 2.27 1.99 -20.5 -0.440 16.89 17.96 04a60075o0156o
60075.019867  16.360  0.078  1037   81 o  0   1.20 134.04842  -3.32557  6640.28  3575.33 2.21 1.94 -23.1 -0.433 17.27 18.37 04a60075o0163o
60075.026783  16.403  0.159   998  159 o  0   0.92 134.04842  -3.32557  6582.51  3495.04 2.30 1.97 -20.9 -0.421 16.64 17.79 04a60075o0178o
60075.049151  14.959  0.309  3771 1167 o  0   1.37 134.04842  -3.32557  6560.53  3607.08 2.18 1.94 -22.9 -0.436 14.66 15.75 04a60075o0227o
60079.995981  16.526  0.027   891   24 o  0   1.44 134.04842  -3.32557  8760.74  7317.13 2.83 2.49 -32.8 -0.413 18.88 20.14 04a60080o0118o
60080.019981  16.491  0.029   919   27 o  0   1.32 134.04842  -3.32557  8781.89  7349.12 2.96 2.65 -46.3 -0.389 18.74 20.01 04a60080o0169o
60080.025466  16.454  0.027   952   26 o  0   1.22 134.04842  -3.32557  8722.85  7270.44 2.83 2.57 -41.1 -0.389 18.77 20.02 04a60080o0181o
60080.038914  16.558  0.027   864   24 o  0   1.49 134.04842  -3.32557  8703.34  7386.46 3.05 2.78 -35.1 -0.384 18.62 20.07 04a60080o0209o
60080.969671  16.636  0.031   805   25 o  0   1.29 134.04842  -3.32557  8750.54  7329.83 3.64 3.37 -25.5 -0.345 18.52 20.12 04a60081o0062o
60080.972849  16.598  0.037   833   31 o  0   1.07 134.04842  -3.32557  8770.48  7365.77 4.28 3.87 -16.2 -0.333 18.34 20.16 04a60081o0069o
60080.977972  16.653  0.036   792   29 o  0   1.20 134.04842  -3.32557  8713.19  7284.60 4.54 4.08 -36.0 -0.298 18.28 20.18 04a60081o0080o
60084.012228  16.689  0.113   767   87 o  0   1.33 134.04842  -3.32557   346.09  3404.67 2.64 2.19  51.3 -0.379 17.37 18.46 04a60084o0012o
60088.703558  16.777  0.025   706   18 o  0   1.62 134.04842  -3.32557  4734.93  5609.02 2.57 2.24 -18.4 -0.383 18.93 19.82 03a60089o0046o
60088.707701  16.757  0.026   720   19 o  0   1.25 134.04842  -3.32557  4752.70  5648.11 2.59 2.24 -21.8 -0.388 19.04 20.01 03a60089o0055o
60088.713749  16.714  0.025   749   18 o  0   1.52 134.04842  -3.32557  4696.92  5570.18 2.54 2.23 -24.6 -0.383 19.00 20.04 03a60089o0068o
60088.726734  16.775  0.028   708   20 o  0   1.29 134.04842  -3.32557  4675.52  5685.60 3.11 2.35  -9.7 -0.389 18.94 20.11 03a60089o0096o
60091.708956  16.917  0.037   621   23 o  0   1.22 134.04842  -3.32557   900.19  1640.41 2.47 2.29 -40.4 -0.393 18.77 19.41 03a60092o0046o
60091.727820  16.860  0.034   654   22 o  0   1.38 134.04842  -3.32557   921.02  1682.02 2.43 2.10 -64.6 -0.399 18.86 19.48 03a60092o0087o
60091.741955  16.859  0.033   655   22 o  0   1.36 134.04842  -3.32557   865.94  1603.64 2.48 2.13 -63.4 -0.403 18.92 19.65 03a60092o0117o
60091.744688  16.811  0.033   685   23 o  0   1.29 134.04842  -3.32557   843.67  1719.09 2.52 2.18 -65.9 -0.391 18.83 19.51 03a60092o0123o
60095.985817  17.070  0.056   540   30 o  0   1.25 134.04842  -3.32557  2350.16  3229.84 2.44 2.20  49.0 -0.427 18.47 19.25 04a60096o0050o
60095.990798  16.897  0.135   633   86 o  0   1.16 134.04842  -3.32557  2368.51  3269.17 2.39 2.16  50.0 -0.423 17.39 17.84 04a60096o0061o
60095.993585  16.996  0.048   578   28 o  0   1.59 134.04842  -3.32557  2310.26  3191.44 2.35 2.07  53.1 -0.435 18.41 19.09 04a60096o0067o
60096.010431  16.946  0.054   604   33 o  0   1.53 134.04842  -3.32557  2286.86  3305.09 2.33 2.08  61.1 -0.434 18.39 19.05 04a60096o0104o
60097.723278  16.875  0.106   646   68 o  0   1.27 134.04842  -3.32557  2463.50  7103.88 2.82 2.53 -30.9 -0.361 17.41 17.49 03a60098o0079o
60097.725997  17.114  0.137   518   71 o  0   1.07 134.04842  -3.32557  2482.10  7142.43 3.24 2.78 -17.7 -0.343 17.45 17.71 03a60098o0085o
60097.733075  16.964  0.063   595   37 o  0   1.00 134.04842  -3.32557  2427.70  7063.81 3.20 2.53  -9.1 -0.376 18.24 18.77 03a60098o0100o
60097.743167  16.828  0.079   674   54 o  0   2.57 134.04842  -3.32557  2404.53  7177.71 3.70 2.81  -4.5 -0.326 17.89 18.50 03a60098o0122o
60098.982648 -16.167  0.813 -1239 1007 o  0   1.08 134.04842  -3.32557  2534.70  7096.82 2.79 2.31 -80.7 -0.396 14.30 14.17 04a60099o0099o
60098.987622  17.424  0.926   389  361 o  0   0.88 134.04842  -3.32557  2553.88  7134.75 2.77 2.29 -81.8 -0.387 16.16 16.31 04a60099o0110o
60098.993084  18.655  1.829   125  229 o  0   1.59 134.04842  -3.32557  2494.95  7056.88 2.81 2.32 -78.0 -0.379 16.17 16.12 04a60099o0122o
60099.009907  17.086  0.148   532   79 o  0   1.31 134.04842  -3.32557  2469.14  7174.36 2.75 2.19 -83.0 -0.376 17.24 17.46 04a60099o0159o
60100.016148  17.228  0.078   466   36 o  0   0.95 134.04842  -3.32557  8635.36  1292.12 2.71 2.19 -26.3 -0.412 18.20 18.82 04a60100o0158o
60100.019783  16.829  0.076   674   51 o  0   0.98 134.04842  -3.32557  8652.22  1332.05 2.71 2.16 -26.2 -0.422 18.21 18.83 04a60100o0166o
60100.025702  17.049  0.089   550   49 o  0   0.97 134.04842  -3.32557  8590.08  1255.86 2.53 2.10 -27.5 -0.458 18.00 18.69 04a60100o0179o
60100.711568  17.317  0.207   430   89 o  0   1.14 134.04842  -3.32557  8691.55  1460.48 2.42 2.11 -54.2 -0.448 17.37 18.05 03a60101o0067o
60100.723977  16.943  0.116   606   70 o  0   0.98 134.04842  -3.32557  8713.35  1501.29 2.47 2.31 -42.8 -0.425 17.48 18.07 03a60101o0094o
60100.727634  17.286  0.169   442   75 o  0   1.44 134.04842  -3.32557  8658.84  1422.17 2.60 2.33 -44.7 -0.428 17.56 18.36 03a60101o0102o
60100.745771  17.288  0.220   441   97 o  0   0.72 134.04842  -3.32557  8636.22  1536.41 2.45 2.20 -46.3 -0.429 17.32 17.68 03a60101o0141o
60106.719745  17.207  0.077   476   36 o  0   1.22 134.04842  -3.32557   431.14  5176.19 7.54 3.64  -0.2 -0.362 18.22 20.10 03a60107o0018o
