3776.700 7.8590e-17 
3802.300 1.0537e-16 
3827.900 1.6648e-16 
3853.400 1.3888e-16 
3879.000 1.8417e-16 
3904.600 9.8636e-17 
3930.100 1.7417e-16 
3955.700 2.0125e-16 
3981.300 1.8417e-16 
4006.800 2.1456e-16 
4032.400 1.7600e-16 
4058.000 9.6126e-17 
4083.600 1.0476e-16 
4109.100 5.4352e-17 
4134.700 7.0511e-17 
4160.300 8.4772e-17 
4185.800 1.0656e-16 
4211.400 1.2615e-16 
4237.000 1.2774e-16 
4262.600 9.2056e-17 
4288.100 8.9302e-17 
4313.700 1.1440e-16 
4339.300 1.1883e-16 
4364.800 9.9768e-17 
4390.400 1.1590e-16 
4416.000 8.4436e-17 
4441.600 1.0301e-16 
4467.100 7.0450e-17 
4492.700 9.4229e-17 
4518.300 7.5561e-17 
4543.800 7.1796e-17 
4569.400 9.1536e-17 
4595.000 9.4168e-17 
4620.500 9.6677e-17 
4646.100 1.2092e-16 
4671.700 8.9975e-17 
4697.300 9.1383e-17 
4722.800 8.5048e-17 
4748.400 7.9417e-17 
4774.000 7.3296e-17 
4799.500 6.2799e-17 
4825.100 6.5186e-17 
4850.700 7.1429e-17 
4876.300 6.5339e-17 
4901.800 7.9111e-17 
4927.400 9.0189e-17 
4953.000 1.2003e-16 
4978.500 1.1513e-16 
5004.100 7.9508e-17 
5029.700 7.2102e-17 
5055.300 5.4260e-17 
5080.800 4.6028e-17 
5106.400 5.6525e-17 
5132.000 5.0557e-17 
5157.500 5.7443e-17 
5183.100 4.8935e-17 
5208.700 5.3067e-17 
5234.200 4.7497e-17 
5259.800 4.8446e-17 
5285.400 5.5423e-17 
5311.000 5.9126e-17 
5336.500 5.2026e-17 
5362.100 4.8231e-17 
5387.700 3.4123e-17 
5413.200 4.0672e-17 
5438.800 3.8989e-17 
5464.400 4.0213e-17 
5490.000 4.2356e-17 
5515.500 4.2937e-17 
5541.100 4.1070e-17 
5566.700 5.3801e-17 
5592.200 6.5400e-17 
5617.800 4.1437e-17 
5643.400 4.5355e-17 
5668.900 3.7061e-17 
5694.500 3.7153e-17 
5720.100 4.1376e-17 
5745.700 3.7398e-17 
5771.200 3.5255e-17 
5796.800 3.9387e-17 
5822.400 4.1897e-17 
5847.900 3.3327e-17 
5873.500 4.0458e-17 
5899.100 3.3083e-17 
5924.700 3.6877e-17 
5950.200 4.3427e-17 
5975.800 5.0404e-17 
6001.400 5.2730e-17 
6026.900 6.0167e-17 
6052.500 6.1330e-17 
6078.100 4.3825e-17 
6103.700 4.1315e-17 
6129.200 3.9356e-17 
6154.800 4.2172e-17 
6180.400 3.8285e-17 
6205.900 3.9448e-17 
6231.500 3.2960e-17 
6257.100 3.4796e-17 
6282.600 3.2624e-17 
6308.200 3.0031e-17 
6333.800 2.4642e-17 
6359.400 2.2732e-17 
6384.900 2.4902e-17 
6410.500 2.6959e-17 
6436.100 2.7390e-17 
6461.600 1.9739e-17 
6487.200 2.0446e-17 
6512.800 2.5199e-17 
6538.400 2.4615e-17 
6563.900 2.0348e-17 
6589.500 2.2335e-17 
6615.100 2.3335e-17 
6640.600 1.8234e-17 
6666.200 1.6443e-17 
6691.800 1.6590e-17 
6717.400 1.6866e-17 
6742.900 1.6281e-17 
6768.500 1.8390e-17 
6794.100 2.2745e-17 
6819.600 1.8292e-17 
6845.200 1.5941e-17 
6870.800 2.2001e-17 
6896.300 2.1156e-17 
6921.900 2.0287e-17 
6947.500 2.0508e-17 
6973.100 2.2567e-17 
6998.600 2.4269e-17 
7024.200 2.0789e-17 
7049.800 1.8350e-17 
7075.300 1.9492e-17 
7100.900 1.9602e-17 
7126.500 2.0915e-17 
7152.100 1.9317e-17 
7177.600 2.0042e-17 
7203.200 2.3494e-17 
7228.800 1.4521e-17 
7254.300 8.8781e-18 
7279.900 1.5183e-17 
7305.500 1.5354e-17 
7331.100 1.6694e-17 
7356.600 1.9130e-17 
7382.200 1.8472e-17 
7407.800 1.7567e-17 
7433.300 1.8200e-17 
7458.900 1.8977e-17 
7484.500 2.1364e-17 
7510.000 2.0814e-17 
7535.600 1.7579e-17 
7561.200 1.3701e-17 
7586.800 9.6341e-18 
7612.300 1.2030e-17 
7637.900 2.0771e-17 
7663.500 2.1906e-17 
7689.000 2.0456e-17 
7714.600 1.9547e-17 
7740.200 1.5146e-17 
7765.800 1.3049e-17 
7791.300 1.3331e-17 
7816.900 1.5801e-17 
7842.500 1.1287e-17 
7868.000 6.3533e-18 
7893.600 6.3533e-18 
7919.200 1.1354e-17 
7944.700 1.1948e-17 
7970.300 6.4237e-18 
7995.900 9.4566e-18 
8021.500 1.6266e-17 
8047.000 1.4191e-17 
8072.600 1.0675e-17 
8098.200 9.1169e-18 
8123.700 8.6333e-18 
8149.300 1.0286e-17 
8174.900 1.2832e-17 
8200.500 1.0944e-17 
8226.000 1.0724e-17 
8251.600 1.2088e-17 
8277.200 1.0105e-17 
8302.700 8.1222e-18 
8328.300 8.3456e-18 
8353.900 9.9309e-18 
8379.500 7.1276e-18 
8405.000 4.8721e-18 
8430.600 9.8819e-18 
8456.200 1.5320e-17 
8481.700 1.1443e-17 
8507.300 4.4926e-18 
8532.900 3.2593e-18 
8558.400 4.8844e-18 
8584.000 3.4521e-18 
8609.600 3.8224e-18 
8635.200 6.2156e-18 
8660.700 6.2340e-18 
8686.300 4.5416e-18 
8711.900 8.1039e-18 
8737.400 1.5195e-17 
8763.000 1.9360e-17 
8788.600 1.6700e-17 
8814.200 1.5063e-17 
8839.700 2.7142e-17 
8865.300 4.1315e-17 
8890.900 2.6117e-17 
8916.400 2.1542e-20 
8942.000 5.1445e-19 
8967.600 3.7061e-18 
8993.200 -3.5286e-18 
9018.700 -1.5583e-18 
9044.300 1.6339e-18 
9069.900 -1.1654e-18 
9095.400 -2.5392e-18 
9121.000 4.5079e-19 
9146.600 8.0641e-18 
9172.100 1.2701e-17 
9197.700 1.5828e-17 
9223.300 2.3369e-17 
