MJD          m      dm   uJy   duJy F err chi/N     RA       Dec        x        y     maj  min   phi  apfit mag5sig Sky   Obs
59857.013778 -21.324  1.369   -11   15 o  0   0.81  76.34879 -11.88225  2993.42  2621.61 2.33 2.15 -60.7 -0.423 19.21 20.22 03a59857o0630o
59857.016481  20.391  0.567    25   14 o  0   1.33  76.34879 -11.88225  2974.88  2582.34 2.34 2.14 -59.5 -0.411 19.20 20.24 03a59857o0636o
59857.021568  20.209  0.560    30   17 o  0   0.61  76.34879 -11.88225  3030.81  2661.34 2.27 2.10 -62.5 -0.419 19.26 20.27 03a59857o0647o
59857.026986  21.920  2.340     6   14 o  0   0.97  76.34879 -11.88225  3052.55  2545.32 2.35 2.17 -54.0 -0.434 19.22 20.31 03a59857o0659o
59858.206498  21.421  2.561    10   25 o  0   1.12  76.34879 -11.88225  6884.21  8945.66 2.47 2.20 -81.8 -0.361 18.63 19.36 04a59858o0465o
59858.209670  21.962  4.244     6   25 o  0   0.92  76.34879 -11.88225  6863.81  8907.02 2.47 2.22 -85.0 -0.351 18.63 19.41 04a59858o0472o
59858.215101  22.122  4.543     5   23 o  0   0.94  76.34879 -11.88225  6921.07  8984.80 2.45 2.24 -85.9 -0.356 18.69 19.44 04a59858o0484o
59858.225019  21.234  1.679    12   20 o  0   1.13  76.34879 -11.88225  6937.71  8867.75 2.44 2.12 -84.6 -0.374 18.76 19.53 04a59858o0506o
59859.250389 -20.042  0.601   -35   21 o  0   1.19  76.34879 -11.88225  6868.48  8941.10 1.99 1.79 -43.1 -0.397 18.92 19.50 04a59859o0511o
59859.252191 -19.964  0.564   -38   21 o  0   0.81  76.34879 -11.88225  6848.57  8902.18 1.97 1.84 -28.1 -0.397 18.91 19.52 04a59859o0515o
59859.255344  21.664  3.045     8   24 o  0   0.85  76.34879 -11.88225  6907.75  8980.10 1.99 1.85 -33.7 -0.390 18.82 19.36 04a59859o0522o
59859.260748 -20.141  0.842   -32   27 o  0   0.47  76.34879 -11.88225  6927.38  8863.25 1.91 1.78 -33.2 -0.411 18.91 19.51 04a59859o0534o
59860.032240 -22.253  3.786    -5   17 o  0   1.18  76.34879 -11.88225  2983.38  2623.32 2.10 1.98 -52.3 -0.443 18.92 19.42 03a59860o0638o
59860.041071  20.015  0.570    36   20 o  0   0.97  76.34879 -11.88225  2966.49  2582.71 2.64 2.11 -11.1 -0.387 18.83 19.50 03a59860o0654o
59860.043796  23.697 18.200     1   22 o  0   0.74  76.34879 -11.88225  3020.69  2662.80 2.30 2.08 -23.0 -0.412 18.91 19.50 03a59860o0660o
59860.069138  21.581  1.964     8   17 o  0   1.10  76.34879 -11.88225  3040.67  2548.23 2.05 1.89 -55.3 -0.445 19.02 19.56 03a59860o0710o
59860.529250  20.143  0.946    32   30 o  0   0.76  76.34879 -11.88225  7971.98  5420.55 2.37 1.88  29.2 -0.419 18.59 18.99 02a59860o0677o
59860.531058 -19.692  0.495   -48   24 o  0   1.06  76.34879 -11.88225  7990.61  5459.18 2.39 1.89  32.1 -0.414 18.65 19.07 02a59860o0681o
59860.534266 -19.691  0.644   -48   31 o  0   0.81  76.34879 -11.88225  7933.32  5381.54 2.41 1.89  30.5 -0.420 18.69 19.09 02a59860o0688o
59860.539687 -20.612  1.270   -21   26 o  0   1.40  76.34879 -11.88225  7914.02  5497.59 2.34 1.87  29.1 -0.415 18.65 19.03 02a59860o0700o
59861.027324 -21.828  5.440    -7   37 o  0   1.00  76.34879 -11.88225  2982.71  2617.84 2.24 2.04 -67.2 -0.404 18.04 18.04 03a59861o0651o
59861.029130  19.497  0.683    58   39 o  0   1.46  76.34879 -11.88225  2964.93  2577.91 2.19 2.09 -66.5 -0.405 17.79 17.65 03a59861o0655o
59861.031870 -22.201 10.031    -5   48 o  0   1.18  76.34879 -11.88225  3020.54  2657.75 2.24 2.02 -68.0 -0.413 17.86 17.73 03a59861o0661o
59861.037284 -19.075  0.807   -85   69 o  0   0.68  76.34879 -11.88225  3041.15  2542.08 2.17 2.00 -67.6 -0.413 17.53 17.34 03a59861o0673o
59862.320297 -19.918  0.584   -39   23 o  0   1.77  76.34879 -11.88225  6894.90  8938.63 2.39 2.03 -76.9 -0.393 18.46 18.67 04a59862o0712o
59862.322098  19.863  0.760    41   31 o  0   0.91  76.34879 -11.88225  6877.61  8899.85 2.43 2.09 -75.2 -0.399 18.41 18.67 04a59862o0716o
59862.331839  20.236  0.929    29   27 o  0   1.60  76.34879 -11.88225  6944.29  8976.73 2.51 2.13 -77.6 -0.378 18.44 18.70 04a59862o0737o
59862.337248 -20.918  2.083   -16   32 o  0   0.84  76.34879 -11.88225  6967.67  8859.61 2.43 2.02 -71.7 -0.400 18.45 18.71 04a59862o0749o
59862.470965 -20.324  0.983   -27   26 o  0   1.12  76.34879 -11.88225  3194.53   773.57 2.37 2.19  31.8 -0.485 18.66 18.79 01a59862o0404o
59862.474548  20.633  1.330    20   27 o  0   0.82  76.34879 -11.88225  3175.16   731.30 2.35 2.15  32.7 -0.497 18.67 18.81 01a59862o0411o
59862.479965  20.368  1.189    26   31 o  0   0.70  76.34879 -11.88225  3232.50   810.01 2.32 2.17  33.6 -0.486 18.71 18.85 01a59862o0422o
59862.485967  20.794  1.389    18   24 o  0   1.05  76.34879 -11.88225  3251.57   691.77 2.38 2.21  33.4 -0.479 18.70 18.88 01a59862o0435o
59864.474918  19.152  0.363    79   29 o  0   0.78  76.34879 -11.88225  7964.48  5418.03 2.38 1.85  33.1 -0.414 18.58 18.92 02a59864o0610o
59864.492841  20.087  0.816    34   27 o  0   0.89  76.34879 -11.88225  7988.11  5456.60 2.45 1.90  33.2 -0.403 18.56 18.93 02a59864o0648o
59864.506476  15.980  0.815  1472 1199 o  0   1.45  76.34879 -11.88225  7929.90  5378.28 2.54 2.09  22.0 -0.467 15.07 15.43 02a59864o0678o
59866.608425  17.413  0.049   393   19 o  0   1.16  76.34879 -11.88225  4130.74  3849.91 2.62 2.30  41.8 -0.401 19.06 19.72 01a59866o0772o
59866.612133  17.514  0.046   358   16 o  0   1.42  76.34879 -11.88225  4151.89  3890.35 2.57 2.25  42.2 -0.403 19.08 19.72 01a59866o0780o
59866.623759  17.395  0.044   400   18 o  0   1.15  76.34879 -11.88225  4093.56  3813.09 2.50 2.32  28.8 -0.409 19.08 19.73 01a59866o0804o
59866.640019  17.511  0.060   360   22 o  0   1.05  76.34879 -11.88225  4077.02  3930.61 2.62 2.30  44.7 -0.396 18.87 19.25 01a59866o0838o
59867.302577  16.918  0.027   620   17 o  0   2.29  76.34879 -11.88225  4679.54  6993.50 1.98 1.76 -66.7 -0.407 19.11 19.85 04a59867o0368o
59867.304567  16.956  0.028   599   17 o  0   1.72  76.34879 -11.88225  4661.49  6954.83 2.12 1.76 -73.4 -0.408 19.10 19.81 04a59867o0372o
59867.308182  16.889  0.028   637   18 o  0   1.89  76.34879 -11.88225  4722.99  7031.21 2.01 1.74 -68.3 -0.411 19.06 19.79 04a59867o0380o
59867.331997  16.941  0.032   607   19 o  0   1.03  76.34879 -11.88225  4759.67  6912.68 2.06 1.73 -70.8 -0.431 19.08 19.82 04a59867o0429o
59868.533599  16.381  0.017  1018   17 o  0   1.91  76.34879 -11.88225 10054.03  1839.40 2.03 1.71 -58.9 -0.486 19.36 20.27 02a59868o0739o
59868.535408  16.423  0.019   979   18 o  0   1.44  76.34879 -11.88225 10072.52  1878.95 2.02 1.70 -59.9 -0.495 19.35 20.28 02a59868o0743o
59868.538573  16.426  0.019   976   18 o  0   1.19  76.34879 -11.88225 10014.09  1800.06 1.99 1.70 -60.9 -0.490 19.34 20.27 02a59868o0750o
59868.558550  16.370  0.020  1028   20 o  0   0.89  76.34879 -11.88225  9995.03  1916.43 1.98 1.71 -60.3 -0.493 19.35 20.26 02a59868o0791o
59870.548565  15.729  0.010  1855   18 o  0   2.42  76.34879 -11.88225  6392.78  6886.05 2.42 2.29  32.0 -0.396 19.60 20.76 01a59870o0700o
59870.550410  15.709  0.009  1889   18 o  0   2.18  76.34879 -11.88225  6373.28  6846.79 2.57 2.44  49.3 -0.396 19.51 20.75 01a59870o0704o
59870.553183  15.708  0.010  1891   18 o  0   1.44  76.34879 -11.88225  6431.75  6923.54 2.50 2.35  34.6 -0.391 19.56 20.74 01a59870o0710o
59870.564457  15.715  0.010  1879   18 o  0   1.88  76.34879 -11.88225  4081.12  3928.24 2.57 2.30  37.9 -0.402 19.53 20.75 01a59870o0733o
59871.272256  15.557  0.009  2173   19 c  0   3.25  76.34879 -11.88225  4674.02  7000.67 2.57 2.24 -76.3 -0.369 19.55 21.47 04a59871o0631c
59871.274108  15.546  0.009  2195   19 c  0   3.21  76.34879 -11.88225  4655.79  6961.67 2.49 2.12 -76.5 -0.374 19.55 21.46 04a59871o0635c
59871.276849  15.564  0.008  2160   18 c  0   3.49  76.34879 -11.88225  4715.52  7038.83 2.52 2.19 -75.8 -0.369 19.54 21.51 04a59871o0641c
59871.285575  15.535  0.008  2218   18 c  0   7.03  76.34879 -11.88225  4739.35  6921.79 2.37 2.02 -75.3 -0.376 19.64 21.52 04a59871o0660c
59872.521966  15.226  0.007  2948   21 o  0   9.80  76.34879 -11.88225 10053.33  1839.75 2.01 1.67 -59.7 -0.482 19.59 20.71 02a59872o0719o
59872.523774  15.220  0.008  2965   23 o  0   4.93  76.34879 -11.88225 10072.32  1878.77 2.01 1.68 -59.3 -0.483 19.55 20.71 02a59872o0723o
59872.526939  15.232  0.008  2931   23 o  0   5.22  76.34879 -11.88225 10015.14  1800.22 2.02 1.72 -60.8 -0.488 19.50 20.67 02a59872o0730o
59872.532360  15.234  0.008  2926   24 o  0   2.75  76.34879 -11.88225  9993.54  1918.16 2.04 1.73 -59.0 -0.480 19.51 20.65 02a59872o0742o
59873.035356  15.154  0.008  3151   25 o  0   1.72  76.34879 -11.88225  6765.76   572.74 2.78 2.63 -41.9 -0.402 19.18 20.78 03a59873o0647o
59873.036720  15.134  0.008  3208   24 o  0   2.65  76.34879 -11.88225  6747.31   533.92 2.79 2.56 -50.9 -0.399 19.22 20.77 03a59873o0650o
59873.039432  15.137  0.008  3200   25 o  0   2.92  76.34879 -11.88225  6802.67   614.55 2.73 2.53 -34.2 -0.404 19.23 20.78 03a59873o0656o
59873.063925  15.122  0.008  3246   25 o  0   2.40  76.34879 -11.88225  6822.70   504.15 2.51 2.32 -34.7 -0.406 19.34 20.74 03a59873o0709o
59874.573099  14.891  0.006  4013   24 o  0   3.56  76.34879 -11.88225  1917.07 10181.19 2.65 2.44 -72.4 -0.416 19.56 20.91 01a59874o0653o
59874.575868  14.914  0.006  3931   23 o  0   3.59  76.34879 -11.88225  1937.18 10220.95 2.48 2.30 -73.6 -0.427 19.63 20.90 01a59874o0659o
59874.587644  14.903  0.006  3971   23 o  0   6.60  76.34879 -11.88225  1881.37 10141.62 2.40 2.23 -76.3 -0.438 19.64 20.91 01a59874o0684o
59874.596878  14.891  0.006  4016   23 o  0   5.17  76.34879 -11.88225  1862.74 10261.03 2.43 2.25 -76.8 -0.439 19.64 20.91 01a59874o0704o
59875.279847  14.811  0.006  4323   24 c  0  73.34  76.34879 -11.88225  6612.95  6899.25 2.28 1.92 -56.9 -0.419 19.74 21.56 04a59875o0643c
59875.281653  14.822  0.006  4278   24 c  0  47.32  76.34879 -11.88225  6594.74  6860.32 2.30 1.93 -58.5 -0.414 19.73 21.57 04a59875o0647c
59875.306838  14.817  0.006  4297   24 c  0  46.99  76.34879 -11.88225  6675.30  6933.48 2.36 2.00 -58.4 -0.408 19.75 21.58 04a59875o0701c
59875.313172  14.821  0.006  4280   24 c  0  38.08  76.34879 -11.88225  6698.59  6816.46 2.29 1.94 -57.9 -0.413 19.77 21.61 04a59875o0715c
59875.375979  14.821  0.006  4280   27 c  0   9.13  76.34879 -11.88225  4028.49  3694.75 2.03 1.98  25.9 -0.393 18.89 19.66 04a59875o0851c
59876.528618  14.719  0.005  4705   25 c  0  23.90  76.34879 -11.88225  2176.40  5688.69 2.61 2.33  25.0 -0.415 19.58 21.39 02a59876o0698c
59876.530428  14.702  0.005  4777   26 c  0  11.11  76.34879 -11.88225  2196.17  5727.40 2.68 2.41  25.5 -0.412 19.56 21.38 02a59876o0702c
59876.542595  14.710  0.005  4741   25 c  0  10.14  76.34879 -11.88225  2139.99  5649.19 2.76 2.45  23.8 -0.411 19.50 21.35 02a59876o0727c
59876.548020  14.699  0.005  4789   25 c  0  13.06  76.34879 -11.88225  2121.08  5765.35 2.80 2.52  20.7 -0.406 19.48 21.34 02a59876o0739c
59876.991871  14.672  0.006  4910   31 o  0  10.67  76.34879 -11.88225  6768.62   568.83 2.21 2.06 -43.2 -0.422 19.16 20.37 03a59877o0550o
59876.995104  14.687  0.006  4843   30 o  0  12.04  76.34879 -11.88225  6749.44   530.33 2.20 2.03 -44.0 -0.418 19.27 20.46 03a59877o0557o
59877.018101  14.679  0.007  4878   33 o  0   9.85  76.34879 -11.88225  6805.21   613.08 2.19 2.02 -47.5 -0.423 19.09 20.30 03a59877o0606o
59877.023090  14.683  0.006  4863   30 o  0  10.61  76.34879 -11.88225  6826.16   496.53 2.16 2.06 -32.0 -0.425 19.28 20.48 03a59877o0617o
59878.496864  14.645  0.005  5033   27 o  0   9.17  76.34879 -11.88225  8655.56   569.51 2.83 2.60 -16.3 -0.432 19.33 20.62 01a59878o0665o
59878.522380  14.624  0.005  5132   26 o  0  19.80  76.34879 -11.88225  8638.08   522.02 2.50 2.32 -51.3 -0.462 19.46 20.69 01a59878o0717o
59878.524687  14.650  0.005  5011   27 o  0   9.77  76.34879 -11.88225  8694.63   600.17 2.61 2.41 -21.5 -0.444 19.44 20.69 01a59878o0722o
59878.530081  14.642  0.005  5049   27 o  0  10.46  76.34879 -11.88225  8714.86   479.43 2.63 2.41 -31.2 -0.440 19.43 20.66 01a59878o0733o
59879.276182  14.570  0.005  5396   27 c  0  74.88  76.34879 -11.88225  6617.66  6899.97 2.29 1.97 -56.1 -0.410 19.72 21.59 04a59879o0627c
59879.277994  14.559  0.005  5450   26 c  0  89.64  76.34879 -11.88225  6599.58  6860.99 2.25 1.94 -59.7 -0.414 19.76 21.59 04a59879o0631c
59879.280716  14.560  0.005  5448   26 c  0  54.00  76.34879 -11.88225  6659.33  6937.74 2.33 2.02 -55.5 -0.403 19.70 21.58 04a59879o0637c
59879.286123  14.576  0.005  5366   26 c  0  52.55  76.34879 -11.88225  6682.86  6820.94 2.43 2.14 -54.0 -0.399 19.67 21.53 04a59879o0649c
59880.610835  14.569  0.005  5401   26 c  0   9.32  76.34879 -11.88225  8390.96  4870.77 2.83 2.61  40.1 -0.378 19.48 21.28 02a59880o0561c
59880.616375  14.569  0.005  5399   26 c  0  14.67  76.34879 -11.88225  8371.38  4832.82 2.69 2.49  38.6 -0.388 19.50 21.28 02a59880o0573c
59880.619540  14.575  0.005  5373   27 c  0  11.46  76.34879 -11.88225  8429.50  4909.37 2.80 2.55  37.2 -0.381 19.51 21.27 02a59880o0580c
59880.631087  14.568  0.005  5404   27 c  0  10.99  76.34879 -11.88225  8454.27  4800.32 2.75 2.60  36.5 -0.383 19.45 21.20 02a59880o0605c
59880.644603  14.567  0.005  5409   28 c  0   5.82  76.34879 -11.88225  8415.49  4855.33 2.72 2.58  32.7 -0.382 19.17 20.51 02a59880o0634c
59880.973027  14.703  0.027  4774  130 o  0   2.17  76.34879 -11.88225  6405.72  4922.21 2.30 2.01 -57.7 -0.435 16.86 18.14 03a59881o0506o
59880.974856  14.735  0.047  4632  216 o  0   0.66  76.34879 -11.88225  6387.42  4883.43 2.38 2.07 -53.5 -0.424 16.43 17.76 03a59881o0510o
59880.978561  14.722  0.071  4690  333 o  0   0.93  76.34879 -11.88225  6442.92  4961.71 2.19 2.03 -54.2 -0.435 16.43 17.68 03a59881o0518o
59880.983993  14.722  0.101  4691  474 o  0   0.74  76.34879 -11.88225  6464.29  4846.85 2.21 1.97 -54.4 -0.432 15.65 16.94 03a59881o0530o
59882.537497  14.685  0.005  4854   25 o  0  15.81  76.34879 -11.88225  7866.28  3564.49 2.34 2.32   9.1 -0.430 19.58 20.84 01a59882o0712o
59882.547669  14.687  0.005  4846   24 o  0  13.01  76.34879 -11.88225  7888.49  3604.63 2.40 2.35  31.3 -0.426 19.58 20.83 01a59882o0733o
59882.550441  14.695  0.005  4807   24 o  0  18.01  76.34879 -11.88225  7830.71  3526.58 2.35 2.27  35.8 -0.429 19.63 20.83 01a59882o0739o
59882.557080  14.684  0.005  4859   24 o  0  17.26  76.34879 -11.88225  7812.29  3644.52 2.36 2.29  27.7 -0.426 19.64 20.84 01a59882o0753o
59883.245482  14.634  0.005  5087   25 c  0  58.59  76.34879 -11.88225  2891.69   791.01 2.58 1.99  45.7 -0.386 19.69 21.58 04a59883o0551c
59883.247292  14.638  0.005  5067   26 c  0  38.11  76.34879 -11.88225  2872.48   751.50 2.67 2.06  45.8 -0.383 19.64 21.60 04a59883o0555c
59883.250460  14.620  0.005  5151   26 c  0  40.96  76.34879 -11.88225  2933.06   828.58 2.60 2.05  44.5 -0.387 19.67 21.59 04a59883o0562c
59883.256493  14.611  0.005  5196   26 c  0  44.73  76.34879 -11.88225  2956.55   709.61 2.56 2.00  45.7 -0.396 19.66 21.59 04a59883o0575c
59883.927774  14.731  0.007  4650   32 o  0   3.46  76.34879 -11.88225  6421.41  4921.62 3.14 2.85 -35.4 -0.381 18.87 20.27 03a59884o0399o
59883.930996  14.732  0.008  4646   37 o  0   2.96  76.34879 -11.88225  6398.89  4886.18 3.10 2.73 -39.2 -0.388 18.67 19.96 03a59884o0406o
59883.936443  14.722  0.006  4691   30 o  0   5.31  76.34879 -11.88225  6454.31  4964.68 3.00 2.69 -43.1 -0.393 19.02 20.41 03a59884o0418o
59883.971998  14.818  0.007  4295   31 o  0  25.30  76.34879 -11.88225  6475.61  4847.52 3.30 3.05 -45.1 -0.407 18.98 20.61 03a59884o0492o
59884.510504  14.725  0.005  4678   26 c  0   8.91  76.34879 -11.88225  1804.07  8114.94 2.34 2.22   8.1 -0.417 19.54 21.14 02a59884o0691c
59884.512311  14.697  0.005  4800   25 c  0  23.91  76.34879 -11.88225  1824.23  8152.80 2.39 2.24   0.9 -0.418 19.55 21.15 02a59884o0695c
59884.516381  14.682  0.005  4864   25 c  0  25.43  76.34879 -11.88225  1764.60  8078.10 2.38 2.24   3.6 -0.419 19.55 21.15 02a59884o0704c
59884.551550  14.690  0.006  4830   27 c  0  12.20  76.34879 -11.88225  1749.42  8196.35 2.41 2.28   4.2 -0.417 19.51 21.18 02a59884o0779c
59886.604069  14.908  0.006  3950   23 o  0   5.85  76.34879 -11.88225  7880.73  3569.28 2.58 2.46  57.5 -0.411 19.65 21.08 01a59886o0421o
59886.610542  14.906  0.006  3961   22 o  0   9.67  76.34879 -11.88225  7900.58  3610.37 2.48 2.43  63.9 -0.421 19.61 21.04 01a59886o0435o
59886.632769  14.898  0.006  3989   23 o  0   8.32  76.34879 -11.88225  7844.48  3538.09 2.43 2.33  82.2 -0.428 19.57 20.82 01a59886o0481o
59886.643004  14.928  0.006  3880   25 o  0   5.92  76.34879 -11.88225  7823.70  3655.87 2.53 2.47  81.5 -0.403 19.32 20.40 01a59886o0503o
59887.211657  14.866  0.007  4106   30 o  0  20.31  76.34879 -11.88225  2875.65   791.06 2.09 1.76  44.3 -0.420 19.15 19.87 04a59887o0479o
59887.217175  14.918  0.007  3914   28 o  0  18.56  76.34879 -11.88225  2858.45   750.90 2.18 1.77  44.4 -0.430 19.14 19.89 04a59887o0491o
59887.219880  14.871  0.007  4088   28 o  0  24.99  76.34879 -11.88225  2916.91   829.67 2.06 1.76  39.0 -0.411 19.12 19.87 04a59887o0497o
59887.240784  14.931  0.007  3871   27 o  0  21.49  76.34879 -11.88225  2949.16   709.77 2.33 1.91  47.8 -0.430 19.11 19.96 04a59887o0542o
59887.850765  14.955  0.043  3783  162 o  0   1.01  76.34879 -11.88225  6760.69  8821.04 3.06 2.54 -41.1 -0.363 16.54 16.73 03a59888o0233o
59888.923132  15.014  0.009  3586   30 o  0   4.70  76.34879 -11.88225  6697.15  8887.01 2.79 2.32 -43.6 -0.399 18.67 19.27 03a59889o0397o
59888.925879  15.010  0.009  3597   33 o  0   3.79  76.34879 -11.88225  6678.32  8847.69 2.60 2.20 -47.8 -0.404 18.76 19.29 03a59889o0403o
59888.931304  15.025  0.009  3547   33 o  0   5.76  76.34879 -11.88225  6735.44  8925.84 2.77 2.20 -41.0 -0.395 18.75 19.28 03a59889o0415o
59888.936259  14.997  0.009  3641   32 o  0   3.30  76.34879 -11.88225  6756.50  8809.74 2.56 2.15 -45.1 -0.410 18.80 19.32 03a59889o0426o
59889.238123  15.040  0.008  3498   27 o  0   8.98  76.34879 -11.88225  2628.50  5152.58 1.99 1.75 -89.8 -0.402 18.89 19.35 04a59889o0505o
59889.263246  15.039  0.007  3503   25 o  0   8.03  76.34879 -11.88225  2628.85  5108.66 2.07 1.83  87.1 -0.393 18.86 19.38 04a59889o0554o
59889.264598  15.030  0.008  3532   28 o  0   6.74  76.34879 -11.88225  2687.83  5186.21 2.05 1.82 -86.3 -0.408 18.85 19.38 04a59889o0557o
59889.267302  15.034  0.008  3518   26 o  0   7.78  76.34879 -11.88225  2709.06  5070.23 2.06 1.78 -85.0 -0.415 18.88 19.40 04a59889o0563o
59890.183418  15.091  0.010  3340   34 o  0   3.23  76.34879 -11.88225  2602.70  5157.59 2.20 1.94  83.5 -0.389 18.41 18.67 04a59890o0091o
59890.208805  15.068  0.033  3409  113 o  0   0.98  76.34879 -11.88225  2592.53  5116.52 2.14 1.84 -89.8 -0.399 16.88 16.41 04a59890o0143o
59890.211505  15.086  0.019  3354   64 o  0   1.62  76.34879 -11.88225  2651.38  5193.94 2.08 1.79  87.6 -0.405 17.54 17.30 04a59890o0149o
59890.217814  15.070  0.011  3404   38 o  0   3.41  76.34879 -11.88225  2672.63  5077.75 2.03 1.79  86.6 -0.394 18.27 18.38 04a59890o0163o
59890.446188  15.083  0.009  3365   29 o  0   2.25  76.34879 -11.88225  2962.17  2803.87 2.42 2.22  34.5 -0.459 18.82 19.11 01a59890o0562o
59890.449420  15.092  0.009  3335   30 o  0   2.13  76.34879 -11.88225  2943.19  2765.29 2.40 2.18  37.6 -0.457 18.81 19.12 01a59890o0569o
59890.452191  15.107  0.008  3292   28 o  0   2.64  76.34879 -11.88225  3001.44  2843.85 2.40 2.19  35.8 -0.451 18.83 19.13 01a59890o0575o
59890.457275  15.071  0.008  3401   28 o  0   2.14  76.34879 -11.88225  3019.95  2725.47 2.41 2.20  42.4 -0.455 18.85 19.15 01a59890o0586o
59890.932520  15.093  0.011  3332   37 o  0   2.67  76.34879 -11.88225  6697.97  8890.49 2.90 2.27 -41.5 -0.389 18.38 18.64 03a59891o0405o
59890.935223  15.101  0.012  3308   40 o  0   2.42  76.34879 -11.88225  6678.98  8851.18 2.75 2.23 -43.1 -0.392 18.42 18.66 03a59891o0411o
59890.956882  15.066  0.012  3418   40 o  0   1.95  76.34879 -11.88225  6732.25  8929.53 2.62 2.20 -46.2 -0.403 18.49 18.73 03a59891o0455o
59890.974410  15.085  0.011  3358   36 o  0   3.57  76.34879 -11.88225  6751.72  8814.17 2.69 2.19 -34.6 -0.400 18.49 18.74 03a59891o0492o
59891.154928  15.096  0.011  3324   38 o  0   3.99  76.34879 -11.88225  2607.52  5158.64 2.00 1.80  85.5 -0.399 18.09 17.96 04a59891o0302o
59891.161724  15.120  0.015  3250   50 o  0   1.71  76.34879 -11.88225  2589.45  5120.16 2.02 1.85  84.3 -0.398 17.87 17.62 04a59891o0317o
59891.174774  15.107  0.017  3291   57 o  0   0.81  76.34879 -11.88225  2646.74  5198.00 2.02 1.83 -84.3 -0.414 17.78 17.42 04a59891o0344o
59891.177580  15.101  0.033  3309  110 o  0   0.81  76.34879 -11.88225  2665.65  5082.25 2.00 1.83 -83.7 -0.424 17.25 16.78 04a59891o0350o
59892.025145  15.137  0.022  3201   72 o  0   0.98  76.34879 -11.88225  3760.19  1596.59 2.47 2.25 -60.4 -0.393 17.66 17.75 03a59892o0601o
59892.058609  15.150  0.011  3162   36 o  0   2.37  76.34879 -11.88225  3768.82  1642.50 2.44 2.20 -60.7 -0.394 18.34 18.61 03a59892o0669o
59892.061315  15.122  0.011  3246   34 o  0   2.09  76.34879 -11.88225  3709.20  1563.27 2.45 2.22 -60.1 -0.399 18.42 18.75 03a59892o0675o
59892.089344  15.135  0.011  3206   35 o  0   2.70  76.34879 -11.88225  3684.74  1684.65 2.49 2.24 -50.6 -0.392 18.35 18.61 03a59892o0735o
59892.539599  15.164  0.014  3121   43 o  0   2.37  76.34879 -11.88225  2903.73  9116.19 2.52 2.28  34.0 -0.394 18.46 18.80 02a59892o0642o
59892.566447  15.150  0.015  3162   48 o  0   1.09  76.34879 -11.88225  2887.37  9077.97 2.26 2.18  43.5 -0.409 18.57 18.81 02a59892o0700o
59892.594926  15.173  0.017  3096   52 o  0   1.48  76.34879 -11.88225  2947.08  9158.59 2.46 2.38 -63.3 -0.408 18.42 18.80 02a59892o0762o
59893.037072  15.139  0.055  3193  174 o  0   1.25  76.34879 -11.88225  3756.46  1599.06 2.54 2.32 -57.9 -0.410 16.49 16.02 03a59893o0634o
59893.062161  15.152  0.012  3156   37 o  0   1.75  76.34879 -11.88225  3767.57  1642.78 2.81 2.65 -57.4 -0.381 18.27 18.69 03a59893o0688o
59893.086989  15.141  0.013  3187   41 o  0   1.35  76.34879 -11.88225  3705.92  1567.01 3.01 2.79 -58.4 -0.381 18.18 18.65 03a59893o0741o
59893.098969  15.172  0.016  3099   48 o  0   1.34  76.34879 -11.88225  3682.22  1682.51 3.34 3.14 -66.5 -0.389 17.89 18.31 03a59893o0766o
59894.462072  15.216  0.010  2975   29 o  0   1.50  76.34879 -11.88225  2969.84  2803.65 2.69 2.40  19.5 -0.431 18.84 19.35 01a59894o0606o
59894.495993  15.224  0.010  2953   28 o  0   1.48  76.34879 -11.88225  2949.20  2754.33 2.52 2.33  41.2 -0.441 18.88 19.37 01a59894o0677o
59894.522015  15.239  0.009  2912   28 o  0   1.65  76.34879 -11.88225  7553.59  7885.10 2.77 2.69  44.3 -0.395 18.82 19.34 01a59894o0732o
59894.526864  15.240  0.010  2911   28 o  0   2.19  76.34879 -11.88225  7536.12  8001.00 2.66 2.60  52.5 -0.410 18.87 19.32 01a59894o0742o
59895.027568  15.413  0.163  2482  404 o  0   1.14  76.34879 -11.88225  3771.56  1638.31 2.42 2.26 -61.4 -0.403 15.15 15.03 03a59895o0609o
59895.086718  15.261  0.200  2854  571 o  0   1.08  76.34879 -11.88225  3681.53  1683.20 2.41 2.31 -60.8 -0.349 16.30 16.54 03a59895o0729o
59896.597223  15.321  0.011  2702   31 o  0   1.75  76.34879 -11.88225  2954.82  9162.60 2.49 2.38  55.0 -0.393 18.74 19.46 02a59896o0534o
59896.609456  15.309  0.013  2730   36 o  0   1.37  76.34879 -11.88225  2976.75  9044.94 2.87 2.78 -66.4 -0.390 18.61 19.40 02a59896o0561o
59897.003064  15.321  0.009  2702   25 o  0   3.18  76.34879 -11.88225  5917.95  3592.88 2.43 2.12 -52.0 -0.409 19.13 20.16 03a59897o0545o
59897.036052  15.325  0.009  2691   24 o  0   3.35  76.34879 -11.88225  5922.08  3637.57 2.31 2.04 -47.3 -0.425 19.12 20.00 03a59897o0616o
59897.038854  15.329  0.009  2683   24 o  0   4.12  76.34879 -11.88225  5864.22  3558.84 2.28 2.01 -48.8 -0.439 19.13 20.01 03a59897o0622o
59897.047607  15.310  0.010  2729   27 o  0   1.99  76.34879 -11.88225  5837.21  3674.77 2.38 2.09 -52.5 -0.428 19.10 20.01 03a59897o0641o
59897.284044  15.195  0.011  3034   32 o  0   9.51  76.34879 -11.88225 10087.91  1871.02 2.78 2.03 -25.1 -0.368 19.21 20.14 04a59897o0610o
59897.315093  15.307  0.009  2736   24 o  0  14.12  76.34879 -11.88225 10115.67  1885.34 2.93 2.10 -24.5 -0.384 19.16 20.08 04a59897o0673o
59897.318152  15.250  0.011  2885   32 o  0   7.48  76.34879 -11.88225 10056.32  1805.65 3.05 2.14 -23.2 -0.383 19.14 20.09 04a59897o0679o
59898.203250  15.366  0.009  2592   24 o  0   8.14  76.34879 -11.88225   571.04  8730.17 2.57 1.82 -83.6 -0.403 19.47 20.59 04a59898o0427o
59898.205995  15.377  0.009  2565   23 o  0   6.52  76.34879 -11.88225   552.50  8690.93 2.65 1.89 -81.3 -0.385 19.42 20.55 04a59898o0433o
59898.208698  15.387  0.009  2542   23 o  0   8.78  76.34879 -11.88225   612.91  8769.30 2.63 1.87 -81.4 -0.383 19.47 20.54 04a59898o0439o
59898.231360  15.388  0.009  2540   24 o  0   5.90  76.34879 -11.88225   651.53  8647.77 2.58 1.91 -79.3 -0.373 19.39 20.41 04a59898o0484o
59898.496093  15.417  0.008  2472   21 o  0   2.20  76.34879 -11.88225  5663.53  8017.18 2.48 2.40  70.0 -0.393 19.43 20.41 01a59898o0673o
59898.500264  15.419  0.008  2469   20 o  0   2.17  76.34879 -11.88225  5683.67  8056.31 2.50 2.37  55.5 -0.394 19.44 20.41 01a59898o0682o
59898.533171  15.409  0.009  2492   21 o  0   2.45  76.34879 -11.88225  5632.81  7980.43 2.55 2.41  59.7 -0.390 19.37 20.35 01a59898o0752o
59898.542872  15.423  0.009  2460   22 o  0   2.19  76.34879 -11.88225  5616.22  8098.40 2.60 2.42  57.0 -0.388 19.36 20.37 01a59898o0773o
59898.980886  15.428  0.009  2449   21 o  0   3.56  76.34879 -11.88225  4530.63  6904.03 2.50 2.17 -47.7 -0.393 19.44 20.78 03a59899o0464o
59898.982238  15.414  0.008  2479   21 o  0   4.57  76.34879 -11.88225  4511.43  6865.89 2.44 2.16 -39.8 -0.391 19.42 20.76 03a59899o0467o
59898.983589  15.422  0.009  2461   22 o  0   4.78  76.34879 -11.88225  4566.89  6945.10 2.40 2.19 -43.0 -0.395 19.42 20.77 03a59899o0470o
59898.984942  15.425  0.009  2454   22 o  0   5.29  76.34879 -11.88225  4588.41  6830.07 2.42 2.15 -40.4 -0.400 19.43 20.74 03a59899o0473o
59899.171628  15.412  0.009  2484   23 o  0   3.56  76.34879 -11.88225   563.98  8733.17 2.73 2.06 -86.2 -0.377 19.39 20.61 04a59899o0376o
59899.174331  15.446  0.009  2408   22 o  0   4.26  76.34879 -11.88225   544.90  8694.41 2.71 2.03 -81.9 -0.381 19.41 20.62 04a59899o0382o
59899.179370  15.461  0.010  2374   23 o  0   2.96  76.34879 -11.88225   606.01  8772.07 2.79 2.10 -78.6 -0.376 19.34 20.63 04a59899o0393o
59899.194533  15.455  0.010  2387   24 o  0   3.34  76.34879 -11.88225   631.50  8653.80 2.76 2.08 -82.0 -0.361 19.11 20.34 04a59899o0426o
59900.004072  15.494  0.010  2304   22 o  0   3.28  76.34879 -11.88225  5911.79  3591.45 2.30 2.00 -54.6 -0.424 19.46 20.79 03a59900o0527o
59900.007434  15.511  0.009  2267   20 o  0   5.96  76.34879 -11.88225  5928.68  3630.81 2.30 2.07 -48.2 -0.430 19.44 20.76 03a59900o0534o
59900.069907  15.497  0.009  2298   20 o  0   7.11  76.34879 -11.88225  5854.18  3560.18 2.29 2.09 -53.8 -0.431 19.32 20.48 03a59900o0569o
59900.081036  15.517  0.010  2255   22 o  0   4.26  76.34879 -11.88225  5831.53  3675.36 2.27 2.07 -52.7 -0.434 19.27 20.39 03a59900o0591o
59900.098168  15.490  0.011  2311   26 o  0   1.79  76.34879 -11.88225  5871.09  3617.56 2.56 2.23 -58.0 -0.408 18.94 19.87 03a59900o0622o
59900.629527  15.562  0.012  2164   25 o  0   3.29  76.34879 -11.88225   935.37   835.57 2.02 1.79 -65.6 -0.519 19.11 19.90 02a59900o0479o
59900.633699  15.556  0.013  2175   27 o  0   3.43  76.34879 -11.88225   915.43   795.95 2.12 1.81 -65.4 -0.508 19.07 19.85 02a59900o0488o
59900.641484  15.609  0.011  2073   23 o  0   5.38  76.34879 -11.88225   974.16   876.06 1.95 1.77 -66.5 -0.512 19.00 19.67 02a59900o0505o
59900.651707  15.569  0.016  2149   34 o  0   2.55  76.34879 -11.88225   992.05   757.82 1.89 1.73  73.3 -0.525 18.57 19.04 02a59900o0527o
59900.964489  16.121  0.012  1294   16 c  0   1.90  76.34879 -11.88225  4528.06  6899.99 2.52 2.28 -53.9 -0.381 19.69 21.59 03a59901o0459c
59900.966294  16.135  0.013  1276   16 c  0   2.36  76.34879 -11.88225  4509.04  6861.77 2.54 2.31 -49.9 -0.384 19.73 21.65 03a59901o0463c
59900.969901  16.123  0.012  1291   15 c  0   2.78  76.34879 -11.88225  4564.47  6940.81 2.53 2.35 -63.9 -0.392 19.70 21.66 03a59901o0471c
59900.980820  16.119  0.013  1296   16 c  0   2.30  76.34879 -11.88225  4583.95  6827.11 2.59 2.28 -51.0 -0.374 19.69 21.66 03a59901o0495c
59901.184356  15.639  0.010  2015   21 o  0   4.44  76.34879 -11.88225   566.70  8733.10 2.84 2.19 -82.5 -0.369 19.46 20.87 04a59901o0385o
59901.186158  15.607  0.010  2077   22 o  0   3.52  76.34879 -11.88225   547.94  8693.90 2.81 2.05 -81.1 -0.372 19.51 20.87 04a59901o0389o
59901.190211  15.608  0.010  2073   21 o  0   3.02  76.34879 -11.88225   609.06  8772.21 2.68 1.95 -86.7 -0.383 19.55 20.87 04a59901o0398o
59901.212331  15.622  0.010  2048   20 o  0   5.67  76.34879 -11.88225   646.19  8650.56 2.80 2.07 -82.7 -0.378 19.53 20.91 04a59901o0444o
59903.200892  15.827  0.012  1695   21 o  0   3.09  76.34879 -11.88225   584.25  8728.66 2.76 2.11 -88.6 -0.371 19.44 20.68 04a59903o0434o
59903.202698  15.822  0.011  1703   19 o  0   3.48  76.34879 -11.88225   565.74  8689.23 2.85 2.04 -83.5 -0.362 19.41 20.70 04a59903o0438o
59903.211732  15.815  0.012  1714   21 o  0   3.33  76.34879 -11.88225   631.62  8766.41 2.64 1.95 -85.5 -0.379 19.43 20.68 04a59903o0458o
59903.237347  15.766  0.012  1793   22 o  0   5.24  76.34879 -11.88225 10015.08  1982.24 3.08 2.14 -22.8 -0.386 19.36 20.60 04a59903o0513o
59903.938665  16.390  0.014  1009   14 c  0   2.76  76.34879 -11.88225  6461.05  6850.99 2.35 2.09 -56.0 -0.395 19.80 21.62 03a59904o0396c
59903.941369  16.399  0.014  1001   14 c  0   2.81  76.34879 -11.88225  6442.31  6812.72 2.38 2.09 -57.1 -0.395 19.82 21.62 03a59904o0402c
59903.944525  16.385  0.014  1014   14 c  0   1.47  76.34879 -11.88225  6498.16  6891.83 2.35 2.11 -55.8 -0.394 19.79 21.61 03a59904o0409c
59903.949937  16.392  0.015  1008   15 c  0   2.58  76.34879 -11.88225  6518.74  6777.29 2.39 2.12 -53.7 -0.394 19.71 21.53 03a59904o0421c
59906.443994  16.563  0.016   860   14 c  0   1.14  76.34879 -11.88225  6716.09   675.17 3.05 3.02  42.9 -0.377 19.68 21.72 01a59906o0563c
59906.445840  16.553  0.015   868   13 c  0   1.30  76.34879 -11.88225  6696.97   635.23 3.03 3.00  32.4 -0.378 19.68 21.72 01a59906o0567c
59906.456043  16.600  0.015   832   13 c  0   1.40  76.34879 -11.88225  6775.06   594.34 3.08 3.05  58.8 -0.373 19.68 21.73 01a59906o0589c
59906.917115  16.620  0.016   817   13 c  0   2.21  76.34879 -11.88225  6472.75  6851.34 2.61 2.34 -45.2 -0.384 19.78 21.87 03a59907o0329c
59906.918917  16.563  0.018   860   15 c  0   1.19  76.34879 -11.88225  6454.59  6812.70 2.58 2.32 -48.3 -0.390 19.77 21.88 03a59907o0333c
59906.954472  16.587  0.016   842   14 c  0   1.84  76.34879 -11.88225  6505.19  6891.11 2.59 2.28 -39.8 -0.386 19.79 21.86 03a59907o0409c
59906.974846  16.561  0.017   862   15 c  0   2.05  76.34879 -11.88225  3922.30  3714.59 2.51 2.29 -55.2 -0.420 19.64 21.69 03a59907o0451c
59907.239180  15.932  0.012  1538   18 o  0  22.74  76.34879 -11.88225  2209.70  5757.54 2.01 1.76  85.9 -0.400 19.47 20.84 04a59907o0512o
59907.268303  16.117  0.012  1297   16 o  0   3.19  76.34879 -11.88225  2243.94  5765.91 2.05 1.83 -89.1 -0.399 19.48 20.93 04a59907o0573o
59907.271458  16.128  0.013  1285   17 o  0   2.61  76.34879 -11.88225  2186.49  5686.57 2.03 1.75  85.1 -0.402 19.50 20.95 04a59907o0580o
59907.276793  16.150  0.014  1259   17 o  0   1.47  76.34879 -11.88225  2168.76  5797.67 2.03 1.73 -89.1 -0.403 19.52 20.92 04a59907o0591o
59907.979720  16.649  0.016   795   13 c  0   1.68  76.34879 -11.88225  3979.60  3639.33 2.49 2.27 -55.8 -0.398 19.82 21.88 03a59908o0486c
59907.989868  16.656  0.017   790   14 c  0   1.51  76.34879 -11.88225  3936.59  3601.88 2.49 2.29 -53.8 -0.390 19.80 21.89 03a59908o0507c
59908.426972  16.192  0.016  1211   19 o  0   1.41  76.34879 -11.88225  9846.20  3397.72 2.59 1.95 -68.0 -0.432 19.44 20.67 02a59908o0531o
59908.429685  16.236  0.018  1163   20 o  0   0.95  76.34879 -11.88225  9865.10  3436.56 2.71 2.06 -68.3 -0.433 19.44 20.74 02a59908o0537o
59908.452301  16.241  0.015  1158   17 o  0   1.80  76.34879 -11.88225  9812.57  3358.97 2.53 1.98 -63.0 -0.434 19.52 20.89 02a59908o0586o
59908.455479  16.220  0.016  1181   18 o  0   1.80  76.34879 -11.88225  9793.70  3477.60 2.45 1.92 -68.2 -0.442 19.59 20.91 02a59908o0593o
59908.950070  16.661  0.016   786   13 c  0   2.73  76.34879 -11.88225  6465.43  6852.36 2.69 2.39 -45.5 -0.381 19.72 21.87 03a59909o0190c
59908.951887  16.668  0.018   781   14 c  0   1.24  76.34879 -11.88225  6446.70  6813.54 2.73 2.45 -52.5 -0.382 19.70 21.87 03a59909o0194c
59908.957852  16.660  0.019   787   15 c  0   0.96  76.34879 -11.88225  6499.69  6893.90 2.63 2.37 -49.3 -0.386 19.79 21.90 03a59909o0207c
59908.984710  16.670  0.016   780   12 c  0   3.15  76.34879 -11.88225  3919.35  3721.14 2.40 2.24 -56.3 -0.396 19.81 21.89 03a59909o0259c
59910.493689  16.785  0.021   702   14 c  0   1.07  76.34879 -11.88225  3855.06 10070.03 3.21 3.05  87.0 -0.301 19.54 21.43 01a59910o0667c
59910.498917  16.785  0.025   701   18 c  0   0.73  76.34879 -11.88225  3875.25 10109.04 3.44 3.19  70.7 -0.283 19.26 21.17 01a59910o0678c
59910.511719  16.816  0.022   682   15 c  0   1.13  76.34879 -11.88225  3799.81 10149.28 3.43 3.34  78.8 -0.278 19.33 21.32 01a59910o0705c
59911.239633  16.933  0.027   612   16 o  0  59.33  76.34879 -11.88225  2216.83  5746.36 2.16 1.94  88.6 -0.398 19.51 21.12 04a59911o0437o
59911.242789  16.383  0.015  1016   16 o  0   1.63  76.34879 -11.88225  2237.71  5781.30 2.06 1.87  89.7 -0.407 19.52 21.16 04a59911o0444o
59911.248206  16.362  0.015  1036   16 o  0   1.54  76.34879 -11.88225  2181.74  5699.38 2.10 1.86 -89.3 -0.402 19.54 21.18 04a59911o0456o
59911.259926  16.410  0.015   991   15 o  0   2.00  76.34879 -11.88225  2165.41  5803.99 2.12 1.81 -90.0 -0.398 19.56 21.16 04a59911o0482o
59913.005272  16.854  0.020   658   13 c  0   1.80  76.34879 -11.88225  7496.84  9845.38 2.63 2.23 -56.1 -0.399 19.78 21.73 03a59913o0528c
59913.008433  16.833  0.021   671   14 c  0   1.42  76.34879 -11.88225  7514.89  9885.66 2.68 2.26 -55.2 -0.396 19.76 21.72 03a59913o0535c
59913.013846  16.849  0.019   661   12 c  0   2.25  76.34879 -11.88225  7457.60  9805.57 2.62 2.25 -53.6 -0.400 19.76 21.73 03a59913o0547c
59913.025678  16.789  0.019   699   13 c  0   1.81  76.34879 -11.88225  7432.14  9922.57 2.65 2.26 -54.5 -0.397 19.79 21.69 03a59913o0573c
59915.082454  16.594  0.029   836   25 o  0   1.01  76.34879 -11.88225  8765.26  2437.29 2.84 2.39 -21.3 -0.363 18.81 19.82 04a59915o0148o
59915.084257  16.610  0.030   824   25 o  0   0.99  76.34879 -11.88225  8745.80  2398.55 2.93 2.49 -18.7 -0.349 18.74 19.81 04a59915o0152o
59915.095996  16.571  0.027   854   23 o  0   1.49  76.34879 -11.88225  8799.31  2476.69 2.84 2.20 -21.8 -0.384 18.91 19.89 04a59915o0177o
59915.101402  16.571  0.028   855   24 o  0   1.28  76.34879 -11.88225  8821.57  2358.53 2.80 2.30 -21.7 -0.366 18.94 19.90 04a59915o0189o
59916.452421  16.669  0.023   781   18 o  0   2.14  76.34879 -11.88225  1025.50  2792.84 2.19 2.09  25.9 -0.442 19.12 20.05 02a59916o0400o
59916.455584  16.672  0.028   778   22 o  0   0.86  76.34879 -11.88225  1006.46  2754.45 2.25 2.16  29.5 -0.430 19.11 20.05 02a59916o0407o
59916.465682  16.660  0.024   787   19 o  0   1.22  76.34879 -11.88225  1064.54  2832.64 2.17 2.06  27.1 -0.445 19.15 20.03 02a59916o0429o
59916.471562  16.626  0.022   812   18 o  0   1.25  76.34879 -11.88225  1084.26  2717.32 2.28 2.19  42.0 -0.443 19.08 20.05 02a59916o0442o
59919.148850  16.687  0.039   767   30 o  0   1.50  76.34879 -11.88225  8778.39  2433.92 2.49 1.96 -22.2 -0.413 18.53 18.88 04a59919o0295o
59919.158791  16.708  0.043   753   32 o  0   0.88  76.34879 -11.88225  8765.74  2394.46 2.40 1.87 -22.3 -0.425 18.57 18.89 04a59919o0317o
59919.167490  16.540  0.039   879   34 o  0   1.30  76.34879 -11.88225  8829.33  2470.69 2.37 1.96 -21.5 -0.437 18.51 18.71 04a59919o0336o
59919.169753  16.735  0.041   734   30 o  0   1.58  76.34879 -11.88225  8849.40  2353.90 2.42 1.90 -18.8 -0.420 18.56 18.76 04a59919o0341o
59920.953708  16.754  0.058   722   42 o  0   1.07  76.34879 -11.88225  7900.37  5496.01 2.86 2.61 -53.5 -0.393 18.10 18.29 03a59921o0417o
59920.958308  16.827  0.060   675   40 o  0   0.80  76.34879 -11.88225  7917.73  5536.21 2.78 2.55 -55.4 -0.395 18.10 18.28 03a59921o0426o
59920.981098  16.818  0.061   681   42 o  0   0.94  76.34879 -11.88225  7853.94  5461.31 2.60 2.29 -51.7 -0.405 18.19 18.25 03a59921o0475o
59921.009509  16.820  0.058   679   40 o  0   1.31  76.34879 -11.88225  7825.57  5577.04 2.70 2.53 -51.2 -0.418 18.10 18.20 03a59921o0536o
59921.205664  16.829  0.043   674   29 o  0   1.50  76.34879 -11.88225  7686.96  1482.24 2.41 1.88 -24.5 -0.402 18.26 18.26 04a59921o0421o
59921.209827  16.659  0.043   788   34 o  0   1.32  76.34879 -11.88225  7707.67  1518.94 2.46 1.97 -24.2 -0.402 18.34 18.43 04a59921o0430o
59921.217785  16.707  0.050   754   38 o  0   1.24  76.34879 -11.88225  7653.29  1432.62 2.46 1.87 -25.9 -0.416 18.25 18.26 04a59921o0447o
59921.228385  17.033  0.069   558   38 o  0   1.03  76.34879 -11.88225  7635.01  1542.44 2.49 1.93 -24.0 -0.409 18.24 18.31 04a59921o0469o
59922.191914  16.791  0.045   697   31 o  0   1.17  76.34879 -11.88225  7679.52  1496.64 2.43 1.91 -22.3 -0.411 18.50 18.68 04a59922o0375o
59922.218713  16.830  0.053   673   36 o  0   1.21  76.34879 -11.88225  7714.67  1509.46 2.48 1.95 -24.7 -0.399 18.32 18.47 04a59922o0427o
59922.247145  16.892  0.065   636   41 o  0   1.39  76.34879 -11.88225  7664.80  1408.91 2.47 1.91 -25.7 -0.404 18.19 18.34 04a59922o0486o
59922.250109  17.012  0.061   569   34 o  0   1.73  76.34879 -11.88225  7641.99  1523.08 2.48 1.96 -26.8 -0.405 18.08 18.10 04a59922o0492o
59923.213820  16.815  0.037   682   26 o  0   1.87  76.34879 -11.88225  7695.54  1477.67 2.58 1.98 -22.5 -0.395 18.70 19.19 04a59923o0438o
59923.216979  16.890  0.040   637   25 o  0   1.35  76.34879 -11.88225  7715.34  1514.46 2.49 1.98 -24.3 -0.403 18.71 19.19 04a59923o0445o
59923.222900  16.865  0.044   652   29 o  0   1.14  76.34879 -11.88225  7659.06  1430.85 2.64 2.05 -22.0 -0.391 18.67 19.22 04a59923o0458o
59923.257991  16.961  0.046   597   27 o  0   1.25  76.34879 -11.88225  7646.94  1520.29 2.67 2.25 -22.8 -0.385 18.61 19.16 04a59923o0534o
59925.142400  17.010  0.046   570   26 o  0   0.91  76.34879 -11.88225  2976.43  9121.70 2.82 2.09 -81.5 -0.375 18.69 19.73 04a59925o0268o
59925.144200  16.994  0.044   578   25 o  0   1.35  76.34879 -11.88225  2957.03  9083.79 2.94 2.17 -83.4 -0.365 18.58 19.66 04a59925o0272o
59925.147353  16.997  0.041   577   24 o  0   1.02  76.34879 -11.88225  3017.60  9160.19 2.96 2.13 -81.3 -0.373 18.63 19.78 04a59925o0279o
59925.174005  17.024  0.063   563   35 o  0   1.96  76.34879 -11.88225  3060.74  9037.76 2.72 2.00 -79.5 -0.387 18.29 19.14 04a59925o0335o
59926.198496  17.047  0.032   551   18 o  0   1.66  76.34879 -11.88225  7690.13  1477.42 2.50 1.93 -23.8 -0.397 19.13 20.04 04a59926o0397o
59926.202101  17.044  0.035   553   20 o  0   1.50  76.34879 -11.88225  7711.05  1513.01 2.51 1.95 -21.3 -0.397 19.10 20.04 04a59926o0405o
59926.209212  16.953  0.030   601   18 o  0   1.23  76.34879 -11.88225  7654.36  1430.01 2.50 1.95 -21.8 -0.399 19.08 20.04 04a59926o0419o
59926.223431  17.058  0.034   546   19 o  0   1.17  76.34879 -11.88225  7637.00  1535.47 2.54 2.06 -25.7 -0.395 19.03 19.98 04a59926o0450o
59927.197442  17.065  0.032   542   18 o  0   1.39  76.34879 -11.88225  7689.75  1480.79 2.65 2.03 -22.9 -0.395 19.28 20.55 04a59927o0383o
59927.205217  17.009  0.030   571   17 o  0   1.72  76.34879 -11.88225  7712.72  1512.85 2.62 2.00 -26.9 -0.401 19.25 20.49 04a59927o0400o
59927.208370  17.042  0.029   554   16 o  0   1.98  76.34879 -11.88225  7655.04  1432.51 2.52 1.95 -25.1 -0.405 19.29 20.47 04a59927o0407o
59927.219345  17.025  0.031   562   18 o  0   2.16  76.34879 -11.88225  7638.69  1539.48 2.50 1.91 -24.6 -0.419 19.30 20.44 04a59927o0431o
59927.917757  17.068  0.027   540   14 o  0   1.50  76.34879 -11.88225 10047.01  1977.52 2.44 2.08 -58.0 -0.389 19.45 20.82 03a59928o0324o
59927.921091  17.104  0.030   523   16 o  0   0.78  76.34879 -11.88225 10063.65  2017.81 2.48 2.07 -59.1 -0.387 19.48 20.86 03a59928o0331o
59927.953108  17.065  0.029   542   16 o  0   1.45  76.34879 -11.88225  9996.50  1944.65 2.48 2.15 -57.5 -0.391 19.34 20.56 03a59928o0401o
59927.981452  17.096  0.033   527   17 o  0   1.24  76.34879 -11.88225  9967.39  2064.23 2.51 2.20 -57.2 -0.390 19.28 20.42 03a59928o0461o
59928.429903  17.101  0.031   524   16 o  0   1.33  76.34879 -11.88225  8787.58  8849.35 2.36 2.25  41.8 -0.432 19.38 20.59 02a59928o0532o
59928.434490  17.109  0.031   520   16 o  0   1.04  76.34879 -11.88225  8769.10  8811.49 2.28 2.15  46.9 -0.441 19.36 20.58 02a59928o0542o
59928.441351  17.110  0.035   520   18 o  0   1.29  76.34879 -11.88225  8829.44  8890.52 2.24 2.10  46.7 -0.448 19.43 20.59 02a59928o0557o
59928.455237  17.128  0.031   512   16 o  0   1.16  76.34879 -11.88225  8850.93  8775.12 2.29 2.14  44.5 -0.438 19.41 20.56 02a59928o0587o
59931.187258  17.418  0.038   392   15 c  0   1.22  76.34879 -11.88225  9685.40  9748.48 3.03 2.77   5.1 -0.363 19.65 21.81 04a59931o0371c
59931.190896  17.488  0.037   367   14 c  0   1.45  76.34879 -11.88225  9706.12  9784.25 2.97 2.89  25.8 -0.353 19.67 21.76 04a59931o0379c
59931.223480  17.430  0.043   387   17 c  0   1.04  76.34879 -11.88225  9656.58  9680.22 2.94 2.83 -33.1 -0.369 19.67 21.76 04a59931o0449c
59931.242161  17.429  0.032   388   12 c  0   2.35  76.34879 -11.88225  9639.01  9786.97 2.71 2.62 -72.8 -0.413 19.71 21.69 04a59931o0489c
59932.938331  17.287  0.093   442   41 o  0   0.81  76.34879 -11.88225 10037.06  1984.83 2.62 2.13 -60.4 -0.394 18.35 19.85 03a59933o0290o
59932.941525  17.274  0.119   447   53 o  0   1.01  76.34879 -11.88225 10053.15  2024.68 2.66 2.22 -58.8 -0.392 17.67 19.18 03a59933o0297o
59932.946940  17.128  0.202   511  103 o  0   1.52  76.34879 -11.88225  9994.38  1945.52 2.71 2.24 -57.3 -0.396 16.61 18.19 03a59933o0309o
59932.969600  17.338  0.033   422   14 o  0   1.41  76.34879 -11.88225  9966.85  2061.84 2.52 2.07 -64.3 -0.395 19.53 21.12 03a59933o0323o
59935.188108  17.484  0.036   368   13 c  0   1.68  76.34879 -11.88225  9685.22  9737.65 2.93 2.71 -19.9 -0.377 19.69 21.84 04a59935o0368c
59935.222326  17.532  0.041   352   15 c  0   0.84  76.34879 -11.88225  9713.63  9753.33 2.81 2.70 -52.9 -0.385 19.68 21.78 04a59935o0443c
59935.225930  17.575  0.040   339   14 c  0   1.28  76.34879 -11.88225  9655.60  9672.05 2.82 2.72 -68.6 -0.387 19.70 21.78 04a59935o0451c
59935.253496  17.542  0.044   349   15 c  0   1.17  76.34879 -11.88225  9638.60  9775.46 2.79 2.65 -67.3 -0.413 19.70 21.66 04a59935o0511c
59938.225244  17.557  0.043   344   15 c  0   0.79  76.34879 -11.88225  9898.94  3387.67 3.06 2.07 -25.4 -0.403 19.61 21.63 04a59938o0429c
59938.228506  17.563  0.038   343   13 c  0   1.62  76.34879 -11.88225  9917.75  3424.96 2.94 2.10 -26.6 -0.400 19.63 21.61 04a59938o0434c
59938.259750  17.570  0.041   340   14 c  0   1.20  76.34879 -11.88225  9858.67  3340.23 2.96 2.05 -22.2 -0.400 19.56 21.46 04a59938o0500c
59938.264078  17.563  0.039   342   13 c  0   1.24  76.34879 -11.88225  9837.87  3454.36 2.92 1.98 -24.3 -0.411 19.55 21.45 04a59938o0507c
59939.143604  17.630  0.040   322   13 c  0   1.23  76.34879 -11.88225  9874.82  3456.86 3.41 2.32 -19.4 -0.355 19.65 21.97 04a59939o0269c
59939.146871  17.634  0.044   321   14 c  0   0.83  76.34879 -11.88225  9896.35  3493.14 3.47 2.35 -19.5 -0.357 19.58 21.94 04a59939o0276c
59939.178012  17.622  0.042   324   14 c  0   1.21  76.34879 -11.88225  9854.02  3385.16 3.26 2.23 -19.0 -0.378 19.63 21.90 04a59939o0344c
59939.185680  17.651  0.039   316   12 c  0   1.35  76.34879 -11.88225  9834.85  3494.67 3.31 2.24 -20.8 -0.367 19.65 21.91 04a59939o0361c
59939.937698  17.666  0.046   312   14 o  0   0.96  76.34879 -11.88225  5956.95  1702.25 2.19 1.92 -60.5 -0.436 19.53 20.93 03a59940o0359o
59939.944045  17.553  0.038   346   13 o  0   1.28  76.34879 -11.88225  5975.09  1724.10 2.20 1.91 -60.2 -0.435 19.53 20.81 03a59940o0373o
59939.962452  17.574  0.040   339   14 o  0   0.95  76.34879 -11.88225  5920.65  1595.58 2.22 1.95 -62.9 -0.429 19.49 20.81 03a59940o0413o
59939.973754  17.612  0.044   328   14 o  0   1.34  76.34879 -11.88225  5901.89  1681.49 2.25 1.93 -66.9 -0.422 19.42 20.64 03a59940o0437o
59940.923924  17.543  0.036   349   12 o  0   1.17  76.34879 -11.88225  5957.89  1734.26 2.30 2.03 -57.5 -0.428 19.69 21.34 03a59941o0333o
59940.952245  17.610  0.037   328   12 o  0   1.50  76.34879 -11.88225  5977.28  1696.55 2.26 1.94 -59.3 -0.432 19.71 21.44 03a59941o0394o
59940.958107  17.653  0.039   315   12 o  0   1.18  76.34879 -11.88225  5922.42  1601.69 2.23 2.01 -60.8 -0.436 19.69 21.40 03a59941o0407o
59940.961282  17.647  0.039   317   12 o  0   1.42  76.34879 -11.88225  5900.78  1709.09 2.28 1.98 -57.7 -0.428 19.69 21.39 03a59941o0414o
59942.145766  17.651  0.044   316   14 o  0   1.69  76.34879 -11.88225  9880.62  3439.04 3.06 1.98 -22.4 -0.393 19.46 21.04 04a59942o0263o
59942.148920  17.304  0.049   435   22 o  0   0.74  76.34879 -11.88225  9901.20  3474.97 2.83 1.94 -22.1 -0.437 19.51 21.02 04a59942o0270o
59942.155682  17.495  0.051   365   18 o  0   1.10  76.34879 -11.88225  9845.69  3389.72 2.90 1.91 -20.7 -0.421 19.46 21.05 04a59942o0285o
59942.167600  17.369  0.041   410   17 o  0   1.78  76.34879 -11.88225  9829.39  3495.07 2.92 1.89 -22.2 -0.419 19.57 21.15 04a59942o0310o
59942.926364  17.765  0.042   284   12 o  0   1.08  76.34879 -11.88225  5966.51  1710.72 2.39 2.15 -53.3 -0.431 19.53 21.11 03a59943o0336o
59942.933013  17.716  0.044   298   13 o  0   1.02  76.34879 -11.88225  5982.37  1731.38 2.56 2.28 -57.8 -0.423 19.48 21.15 03a59943o0350o
59942.946199  17.694  0.041   304   12 o  0   1.22  76.34879 -11.88225  5927.73  1616.73 2.51 2.26 -58.1 -0.427 19.54 21.24 03a59943o0379o
59942.949549  17.624  0.039   324   13 o  0   1.33  76.34879 -11.88225  5905.91  1723.51 2.63 2.29 -58.6 -0.421 19.50 21.28 03a59943o0386o
59943.142317  17.570  0.052   340   18 o  0   1.71  76.34879 -11.88225  9878.86  3445.22 3.12 2.03 -20.9 -0.388 19.20 20.43 04a59943o0263o
59943.145471  17.550  0.059   347   21 o  0   1.00  76.34879 -11.88225  9898.91  3481.66 3.17 2.05 -21.7 -0.385 19.17 20.47 04a59943o0270o
59943.151826  17.450  0.063   380   24 o  0   0.90  76.34879 -11.88225  9843.46  3397.36 3.14 2.02 -20.6 -0.390 19.22 20.50 04a59943o0284o
59943.165493  17.666  0.054   312   17 o  0   1.37  76.34879 -11.88225  9831.57  3501.69 3.02 2.08 -21.6 -0.391 19.26 20.55 04a59943o0313o
59947.146199  17.838  0.133   266   36 o  0   0.98  76.34879 -11.88225  9579.21  7790.73 3.10 2.52 -14.0 -0.352 18.40 18.98 04a59947o0239o
59947.174451  17.658  0.115   314   36 o  0   1.01  76.34879 -11.88225  9608.51  7806.67 2.78 2.40 -17.8 -0.386 18.47 18.90 04a59947o0301o
59947.203008  17.048  0.085   551   47 o  0   9.76  76.34879 -11.88225  9555.03  7710.78 2.62 2.24 -17.6 -0.425 18.47 18.89 04a59947o0363o
59947.227972  17.795  0.156   277   43 o  0   1.04  76.34879 -11.88225  9535.00  7817.84 2.66 2.32 -29.5 -0.407 18.47 18.88 04a59947o0417o
59951.168823  17.150  0.381   501  191 o  0   1.25  76.34879 -11.88225  9589.80  7767.70 2.71 2.25 -15.6 -0.397 17.03 16.72 04a59951o0321o
59951.173836 -17.982  2.007  -233  468 o  0   1.16  76.34879 -11.88225  9608.19  7802.69 3.01 2.46 -20.6 -0.367 15.66 15.12 04a59951o0332o
59951.182813 -19.765 19.500   -45  879 o  0   1.27  76.34879 -11.88225  9552.73  7718.94 2.97 2.33 -20.0 -0.371 15.64 15.33 04a59951o0351o
59952.908426  18.259  0.114   180   20 o  0   0.80  76.34879 -11.88225  3349.49  7527.19 2.58 2.25 -55.4 -0.363 18.84 19.54 03a59953o0284o
59952.911594  17.912  0.085   248   21 o  0   1.29  76.34879 -11.88225  3367.81  7557.67 2.54 2.24 -61.0 -0.364 18.86 19.54 03a59953o0291o
59952.917020  17.961  0.085   238   20 o  0   1.59  76.34879 -11.88225  3313.28  7464.60 2.54 2.16 -56.6 -0.370 18.88 19.52 03a59953o0303o
59952.928741  18.030  0.099   223   22 o  0   0.96  76.34879 -11.88225  3293.06  7548.66 2.69 2.32 -56.7 -0.359 18.76 19.46 03a59953o0329o
59953.162635  18.305  0.136   173   24 o  0   1.05  76.34879 -11.88225  1832.93  1728.97 2.46 1.93  51.6 -0.423 18.75 19.35 04a59953o0302o
59953.165490  18.043  0.156   220   34 o  0   0.69  76.34879 -11.88225  1852.70  1766.15 2.41 1.89  48.8 -0.433 18.75 19.37 04a59953o0308o
59953.170880  18.130  0.128   203   26 o  0   1.00  76.34879 -11.88225  1794.37  1683.41 2.45 1.88  51.3 -0.432 18.78 19.37 04a59953o0319o
59953.185302  18.177  0.113   195   22 o  0   1.27  76.34879 -11.88225  1777.77  1791.64 2.37 1.83  50.5 -0.436 18.71 19.27 04a59953o0350o
59955.151917  18.070  0.079   215   17 o  0   1.28  76.34879 -11.88225  1830.28  1739.95 2.46 1.94  46.8 -0.430 19.14 20.20 04a59955o0284o
59955.154625  18.096  0.095   210   20 o  0   0.84  76.34879 -11.88225  1850.61  1776.84 2.42 1.91  45.3 -0.431 19.13 20.13 04a59955o0290o
59955.161835  18.191  0.089   192   17 o  0   1.15  76.34879 -11.88225  1792.58  1693.41 2.32 1.84  46.0 -0.462 19.15 20.09 04a59955o0306o
59955.171874  18.191  0.100   192   19 o  0   0.85  76.34879 -11.88225  1774.57  1803.25 2.26 1.86  48.3 -0.459 19.13 20.07 04a59955o0328o
59956.445910  18.237  0.118   184   22 o  0   0.77  76.34879 -11.88225   674.29  5252.62 2.36 2.29  88.1 -0.413 18.99 20.01 02a59956o0094o
59956.462245  18.198  0.108   191   21 o  0   1.28  76.34879 -11.88225   694.22  5133.80 2.42 2.39 -81.2 -0.397 18.85 19.92 02a59956o0130o
59956.921155  18.325  0.104   170   18 o  0   0.84  76.34879 -11.88225  3348.81  7467.01 2.54 2.16 -55.3 -0.370 19.21 20.28 03a59957o0315o
59956.924757  18.359  0.099   165   16 o  0   1.00  76.34879 -11.88225  3368.08  7496.45 2.58 2.23 -56.9 -0.368 19.12 20.22 03a59957o0323o
59956.930630  18.205  0.099   190   19 o  0   0.79  76.34879 -11.88225  3314.74  7402.13 2.60 2.18 -55.6 -0.371 19.12 20.20 03a59957o0336o
59956.948212  18.089  0.076   211   16 o  0   1.15  76.34879 -11.88225  3300.33  7472.39 2.54 2.14 -55.7 -0.375 19.07 20.05 03a59957o0375o
59957.118289  18.139  0.079   202   16 o  0   1.03  76.34879 -11.88225  1820.19  1753.56 2.95 2.34 -30.9 -0.410 19.17 20.97 04a59957o0204o
59957.121460  18.432  0.109   154   17 o  0   1.03  76.34879 -11.88225  1840.88  1790.09 3.08 2.33 -32.7 -0.403 19.17 21.00 04a59957o0211o
59957.128571  18.215  0.088   188   16 o  0   0.76  76.34879 -11.88225  1784.70  1706.10 2.75 2.22 -31.6 -0.433 19.23 20.97 04a59957o0226o
59957.149973  18.202  0.087   190   16 o  0   1.44  76.34879 -11.88225  1770.90  1803.77 2.91 2.19 -30.8 -0.417 19.11 20.74 04a59957o0271o
59958.168871  18.223  0.102   187   19 o  0   0.93  76.34879 -11.88225  1837.10  1709.09 3.18 2.72  69.0 -0.361 19.21 20.76 04a59958o0316o
59958.172409  18.306  0.099   173   17 o  0   0.97  76.34879 -11.88225  1856.78  1746.07 3.09 2.76  72.3 -0.366 19.21 20.74 04a59958o0323o
59958.179461  18.329  0.108   169   18 o  0   1.07  76.34879 -11.88225  1799.01  1666.37 3.01 2.81  70.8 -0.370 19.15 20.71 04a59958o0338o
59958.202611  18.116  0.110   206   23 o  0   0.92  76.34879 -11.88225  1777.48  1772.18 3.12 2.74  68.2 -0.377 19.11 20.56 04a59958o0388o
59959.138378  18.351  0.087   166   14 o  0   1.14  76.34879 -11.88225  1825.84  1735.56 2.64 2.07  49.8 -0.421 19.42 21.10 04a59959o0253o
59959.141100  18.270  0.073   179   13 o  0   1.11  76.34879 -11.88225  1846.16  1772.63 2.61 2.02  48.8 -0.426 19.44 21.08 04a59959o0259o
59959.146998  18.267  0.070   179   12 o  0   1.19  76.34879 -11.88225  1788.03  1689.08 2.68 2.08  50.4 -0.417 19.42 21.05 04a59959o0272o
59959.160252  18.243  0.066   183   12 o  0   1.44  76.34879 -11.88225  1772.71  1795.67 2.65 2.05  51.0 -0.420 19.41 20.99 04a59959o0301o
59960.342107  18.249  0.079   182   14 o  0   0.96  76.34879 -11.88225   639.39  5214.27 2.19 1.97  17.8 -0.421 19.42 20.68 02a59960o0321o
59960.345727  18.266  0.073   179   13 o  0   1.26  76.34879 -11.88225   621.37  5174.97 2.11 1.93  23.2 -0.433 19.47 20.68 02a59960o0329o
59960.351150  18.223  0.075   186   14 o  0   0.94  76.34879 -11.88225   680.53  5253.51 2.15 1.92  24.6 -0.434 19.44 20.67 02a59960o0341o
59960.361646  18.304  0.067   173   12 o  0   1.31  76.34879 -11.88225   702.26  5137.36 2.19 1.97  28.1 -0.430 19.41 20.67 02a59960o0364o
59960.878392  18.328  0.080   169   14 c  0   1.30  76.34879 -11.88225  3247.89  5575.64 3.10 2.73 -15.1 -0.377 19.31 21.48 03a59961o0190c
59960.889420  18.151  0.061   199   12 c  0   1.03  76.34879 -11.88225  3226.51  5661.74 2.55 2.32 -48.8 -0.379 19.30 21.32 03a59961o0214c
59963.129986  18.470  0.093   148   14 o  0   0.90  76.34879 -11.88225  3791.18  8022.58 2.60 2.07 -75.7 -0.395 19.36 20.93 04a59963o0237o
59963.133146  18.573  0.094   135   13 o  0   0.93  76.34879 -11.88225  3810.24  8058.63 2.57 2.06 -77.0 -0.388 19.37 20.94 04a59963o0244o
59963.138553  18.309  0.067   172   12 o  0   1.45  76.34879 -11.88225  3753.68  7976.82 2.47 1.96 -76.8 -0.395 19.40 20.90 04a59963o0256o
59963.162596  18.460  0.075   150   11 o  0   1.13  76.34879 -11.88225  3736.68  8079.13 2.56 1.97 -78.5 -0.386 19.42 20.96 04a59963o0309o
59964.362861  18.348  0.077   166   13 o  0   1.00  76.34879 -11.88225  5141.58  1036.46 2.23 2.02 -63.9 -0.452 19.48 20.93 02a59964o0341o
59964.366027  18.365  0.068   164   11 o  0   1.37  76.34879 -11.88225  5122.84   999.67 2.13 1.92 -65.1 -0.456 19.54 20.94 02a59964o0348o
59964.371921  18.523  0.072   142   10 o  0   2.07  76.34879 -11.88225  5181.29  1077.60 2.14 1.91 -61.8 -0.450 19.52 20.96 02a59964o0361o
59964.381981  18.416  0.086   156   14 o  0   0.91  76.34879 -11.88225  5201.80   961.36 2.18 1.95 -69.5 -0.451 19.53 20.94 02a59964o0383o
59964.847786  18.385  0.079   161   13 c  0   0.68  76.34879 -11.88225  9494.69  9816.22 2.73 2.25 -61.4 -0.427 19.81 21.74 03a59965o0170c
59964.850960  18.328  0.071   169   12 c  0   1.00  76.34879 -11.88225  9514.13  9856.37 2.72 2.28 -60.3 -0.421 19.78 21.73 03a59965o0177c
59964.856386  18.256  0.060   181   11 c  0   1.16  76.34879 -11.88225  9457.65  9775.96 2.86 2.46 -61.0 -0.408 19.70 21.75 03a59965o0189c
59964.866317  18.472  0.077   148   11 c  0   0.88  76.34879 -11.88225  9435.36  9892.82 2.79 2.37 -60.7 -0.416 19.74 21.73 03a59965o0211c
59968.325523  18.645  0.100   126   13 o  0   1.32  76.34879 -11.88225  4807.78   665.30 2.08 1.89 -67.5 -0.453 19.35 20.52 02a59968o0277o
59968.328686  18.745  0.108   115   12 o  0   1.44  76.34879 -11.88225  4788.52   628.79 2.08 1.87 -67.4 -0.455 19.41 20.54 02a59968o0284o
59968.334124  18.526  0.078   141   11 o  0   1.81  76.34879 -11.88225  4846.05   707.70 2.06 1.89 -70.3 -0.455 19.42 20.54 02a59968o0296o
59968.345566  18.728  0.136   117   16 o  0   0.75  76.34879 -11.88225  4866.86   590.43 2.06 1.84 -64.9 -0.460 19.35 20.53 02a59968o0321o
59968.847734  18.407  0.059   157    9 c  0   1.34  76.34879 -11.88225  9854.56  3525.60 2.74 2.24 -63.4 -0.373 19.73 21.75 03a59969o0172c
59968.850910  18.428  0.072   154   11 c  0   1.08  76.34879 -11.88225  9872.93  3565.23 2.77 2.27 -63.1 -0.373 19.69 21.75 03a59969o0179c
59968.881152  18.388  0.063   160   10 c  0   0.85  76.34879 -11.88225  9821.59  3486.45 2.72 2.24 -64.3 -0.376 19.69 21.68 03a59969o0244c
59968.887470  18.383  0.067   161   11 c  0   0.71  76.34879 -11.88225  9798.06  3602.92 2.62 2.24 -59.4 -0.382 19.70 21.69 03a59969o0258c
59969.191658  18.616  0.089   130   12 o  0   1.43  76.34879 -11.88225  5745.24  1504.18 2.01 1.85 -27.1 -0.448 19.46 20.83 04a59969o0375o
59969.194879  18.690  0.090   121   11 o  0   1.98  76.34879 -11.88225  5763.67  1542.69 2.02 1.86 -20.7 -0.449 19.44 20.83 04a59969o0382o
59969.216806  18.700  0.098   120   12 o  0   1.45  76.34879 -11.88225  5694.63  1466.83 2.05 1.87 -18.3 -0.440 19.42 20.78 04a59969o0428o
59969.236695  18.690  0.111   121   13 o  0   1.07  76.34879 -11.88225  5665.51  1587.60 2.05 1.88 -11.0 -0.433 19.31 20.62 04a59969o0470o
59970.095806  18.735  0.116   116   14 o  0   0.88  76.34879 -11.88225  5742.24  1546.88 2.31 2.14 -19.4 -0.435 19.36 20.87 04a59970o0166o
59970.098959  18.851  0.103   105   11 o  0   1.40  76.34879 -11.88225  5761.75  1583.31 2.43 2.19 -20.1 -0.420 19.33 20.87 04a59970o0173o
59970.105265  18.619  0.107   130   14 o  0   1.02  76.34879 -11.88225  5704.21  1499.98 2.33 2.15 -29.2 -0.430 19.36 20.91 04a59970o0187o
59970.129967  18.743  0.113   116   13 o  0   1.00  76.34879 -11.88225  5691.16  1600.65 2.24 1.99 -30.4 -0.433 19.40 20.91 04a59970o0240o
59971.081515  18.734  0.135   116   16 o  0   0.87  76.34879 -11.88225  5735.11  1564.29 2.34 2.10 -13.5 -0.447 19.32 20.73 04a59971o0138o
59971.085570  18.759  0.125   114   14 o  0   1.04  76.34879 -11.88225  5756.29  1599.10 2.39 2.18 -19.2 -0.439 19.31 20.80 04a59971o0147o
59971.091899  18.822  0.118   108   13 o  0   1.41  76.34879 -11.88225  5699.67  1515.24 2.33 2.10 -28.9 -0.452 19.33 20.85 04a59971o0161o
59971.102287  18.515  0.097   142   14 o  0   1.40  76.34879 -11.88225  5683.17  1623.54 2.24 2.04 -20.2 -0.452 19.38 20.84 04a59971o0184o
59972.816829  19.331  0.378    67   25 o  0   0.86  76.34879 -11.88225  9852.30  3523.93 3.01 2.40 -62.4 -0.366 18.66 19.66 03a59973o0110o
59972.819981  18.450  0.362   151   55 o  0   1.26  76.34879 -11.88225  9871.11  3563.56 2.96 2.40 -62.5 -0.359 17.77 18.39 03a59973o0117o
59972.825853  17.699  0.361   302  109 o  0   1.04  76.34879 -11.88225  9814.12  3484.96 2.96 2.42 -62.2 -0.359 16.99 17.46 03a59973o0130o
59973.090708  18.607  0.144   131   19 o  0   0.80  76.34879 -11.88225  5741.08  1542.23 2.39 2.19 -28.4 -0.421 19.06 20.21 04a59973o0158o
59973.093861  18.742  0.126   116   15 o  0   1.48  76.34879 -11.88225  5760.82  1578.86 2.34 2.10 -25.8 -0.425 19.05 20.11 04a59973o0165o
59973.102373  18.671  0.142   123   18 o  0   1.42  76.34879 -11.88225  5706.08  1494.27 2.38 2.19 -20.1 -0.422 19.06 20.21 04a59973o0183o
59973.126782  18.921  0.154    98   15 o  0   1.51  76.34879 -11.88225  5687.30  1595.50 2.32 2.13 -26.8 -0.425 19.02 20.23 04a59973o0236o
59974.148303  18.676  0.153   123   19 o  0   1.09  76.34879 -11.88225  5751.14  1506.25 2.17 1.98 -32.1 -0.434 18.89 19.78 04a59974o0286o
59974.153405  18.819  0.186   108   20 o  0   0.95  76.34879 -11.88225  5772.73  1544.51 2.29 2.06 -31.2 -0.428 18.86 19.77 04a59974o0297o
59974.156182  18.571  0.142   135   19 o  0   1.32  76.34879 -11.88225  5712.99  1465.95 2.27 2.06 -23.3 -0.433 18.89 19.76 04a59974o0303o
59974.180334  18.948  0.177    96   17 o  0   1.37  76.34879 -11.88225  5684.06  1578.42 2.27 2.09 -13.8 -0.416 18.91 19.86 04a59974o0355o
59975.069667  18.891  0.255   101   26 o  0   1.17  76.34879 -11.88225  5734.32  1562.77 2.49 2.36 -23.3 -0.437 18.62 19.45 04a59975o0116o
59975.073273  19.117  0.257    82   21 o  0   1.88  76.34879 -11.88225  5755.44  1598.86 2.40 2.18 -23.9 -0.439 18.69 19.44 04a59975o0124o
59975.081622  19.281  0.348    70   24 o  0   1.05  76.34879 -11.88225  5700.49  1513.55 2.32 2.14 -21.3 -0.444 18.71 19.44 04a59975o0142o
59975.091568  19.009  0.233    90   21 o  0   1.06  76.34879 -11.88225  5682.46  1621.99 2.39 2.15 -22.0 -0.444 18.76 19.53 04a59975o0164o
59976.828291  18.808  0.215   109   23 o  0   1.05  76.34879 -11.88225  9443.75  7873.55 2.73 2.13 -57.8 -0.390 18.72 19.17 03a59977o0140o
59976.831461  18.891  0.247   101   25 o  0   1.34  76.34879 -11.88225  9461.78  7912.52 2.81 2.17 -56.6 -0.395 18.72 19.16 03a59977o0147o
59976.837413  20.073  0.765    34   26 o  0   1.11  76.34879 -11.88225  9403.07  7831.33 2.73 2.17 -56.8 -0.389 18.68 19.15 03a59977o0160o
59976.847433  19.029  0.298    89   26 o  0   0.84  76.34879 -11.88225  9381.53  7948.52 2.70 2.20 -54.1 -0.388 18.72 19.30 03a59977o0182o
59980.899568  18.809  0.308   109   34 o  0   1.05  76.34879 -11.88225  9455.43  7874.83 2.87 2.32 -53.4 -0.371 18.38 18.73 03a59981o0183o
59980.902726  18.908  0.343    99   34 o  0   1.27  76.34879 -11.88225  9474.32  7914.35 3.04 2.46 -52.1 -0.378 18.32 18.72 03a59981o0190o
59980.909536  19.367  0.552    65   36 o  0   0.78  76.34879 -11.88225  9419.42  7834.52 2.96 2.42 -44.9 -0.382 18.28 18.65 03a59981o0205o
59982.124197  19.236  0.310    73   23 o  0   1.85  76.34879 -11.88225  6101.38  5478.24 2.29 2.09 -35.9 -0.403 18.48 19.10 04a59982o0242o
59982.127357  18.993  0.278    92   26 o  0   0.97  76.34879 -11.88225  6119.55  5515.92 2.24 2.03 -39.7 -0.405 18.52 19.09 04a59982o0249o
59982.132775  19.054  0.251    87   22 o  0   1.34  76.34879 -11.88225  6061.96  5436.62 2.17 1.91 -44.0 -0.409 18.52 19.06 04a59982o0261o
59982.154222  19.119  0.345    82   28 o  0   0.77  76.34879 -11.88225  6035.45  5548.69 2.10 1.84 -53.1 -0.410 18.50 18.96 04a59982o0308o
59983.122139  18.857  0.245   104   26 o  0   0.98  76.34879 -11.88225  6102.64  5483.68 2.35 2.08 -44.5 -0.406 18.62 19.36 04a59983o0242o
59983.125743  19.032  0.244    88   22 o  0   1.63  76.34879 -11.88225  6121.80  5521.09 2.23 2.01 -31.0 -0.441 18.65 19.32 04a59983o0250o
59983.131151  19.277  0.310    71   22 o  0   1.11  76.34879 -11.88225  6063.82  5442.26 2.35 2.04 -41.7 -0.387 18.53 19.31 04a59983o0262o
59983.146994  19.335  0.394    67   26 o  0   1.06  76.34879 -11.88225  6040.47  5556.44 2.31 2.04 -45.4 -0.419 18.58 19.22 04a59983o0297o
59983.822946  19.015  0.148    90   13 o  0   0.98  76.34879 -11.88225  1853.13  1658.61 2.40 2.09 -69.8 -0.400 19.29 20.40 03a59984o0123o
59983.826100  19.125  0.162    81   13 o  0   1.71  76.34879 -11.88225  1872.77  1698.29 2.43 2.13 -68.7 -0.398 19.21 20.30 03a59984o0130o
59983.831511  19.443  0.255    61   16 o  0   0.97  76.34879 -11.88225  1815.31  1618.77 2.46 2.09 -71.2 -0.404 19.18 20.23 03a59984o0142o
59983.842082  19.112  0.200    82   16 o  0   0.96  76.34879 -11.88225  1794.14  1736.33 2.35 2.06 -71.2 -0.403 19.16 20.14 03a59984o0165o
59984.832301  19.277  0.189    71   13 o  0   1.40  76.34879 -11.88225  7613.45  7897.12 2.57 2.10 -55.2 -0.403 19.29 20.40 03a59985o0160o
59984.835455  18.986  0.140    92   13 o  0   1.70  76.34879 -11.88225  7632.11  7928.27 2.49 2.04 -55.3 -0.408 19.31 20.35 03a59985o0167o
59984.842681  19.070  1.121    86   96 o  0   0.83  76.34879 -11.88225  7577.87  7829.67 3.19 2.83 -57.2 -0.383 17.36 18.77 03a59985o0183o
59984.853596  19.039  0.172    88   15 o  0   1.33  76.34879 -11.88225  7560.51  7915.82 2.50 2.06 -54.3 -0.404 19.15 20.13 03a59985o0207o
59986.077175  18.840  0.128   106   14 c  0   1.18  76.34879 -11.88225  9978.76  5335.57 3.26 2.35 -15.8 -0.368 19.41 21.50 04a59986o0147c
59986.080334  19.073  0.169    85   14 c  0   0.84  76.34879 -11.88225  9998.41  5373.10 3.62 2.57 -18.8 -0.342 19.30 21.49 04a59986o0154c
59986.083939  18.735  0.120   116   14 c  0   0.88  76.34879 -11.88225  9939.90  5292.97 3.11 2.32 -19.3 -0.392 19.46 21.49 04a59986o0162c
59986.094359  18.680  0.106   122   13 c  0   1.01  76.34879 -11.88225  9921.90  5403.26 3.10 2.25 -19.6 -0.388 19.41 21.38 04a59986o0185c
59986.107007  18.870  0.166   103   17 c  0   0.98  76.34879 -11.88225  9959.48  5340.25 3.19 2.30 -20.8 -0.383 19.18 20.82 04a59986o0213c
59987.072702  18.818  0.140   108   15 c  0   0.82  76.34879 -11.88225  9978.70  5330.16 3.25 2.31 -19.2 -0.382 19.40 21.33 04a59987o0138c
59987.075856  19.140  0.138    80   11 c  0   1.67  76.34879 -11.88225  9998.11  5366.57 3.13 2.21 -19.6 -0.391 19.43 21.34 04a59987o0145c
59987.081280  18.901  0.147   100   15 c  0   0.96  76.34879 -11.88225  9940.16  5284.61 3.05 2.17 -22.2 -0.403 19.45 21.35 04a59987o0157c
59987.092281  19.200  0.188    76   14 c  0   0.68  76.34879 -11.88225  9920.99  5396.39 3.06 2.20 -22.9 -0.397 19.44 21.29 04a59987o0180c
59988.801094  19.306  0.205    69   14 o  0   0.85  76.34879 -11.88225  7608.37  7952.53 2.56 2.10 -59.0 -0.406 19.45 20.73 03a59989o0098o
59988.804251  19.068  0.150    86   13 o  0   1.44  76.34879 -11.88225  7626.81  7983.99 2.56 2.08 -57.8 -0.412 19.42 20.74 03a59989o0105o
59988.814027  19.034  0.140    88   12 o  0   0.98  76.34879 -11.88225  7571.38  7878.33 2.57 2.08 -57.3 -0.408 19.44 20.79 03a59989o0126o
59988.825742  19.398  0.177    63   11 o  0   1.26  76.34879 -11.88225  7551.22  7962.50 2.59 2.11 -57.5 -0.409 19.42 20.79 03a59989o0152o
59989.854140  19.434  0.205    61   12 o  0   0.93  76.34879 -11.88225  1857.37  1666.54 2.48 2.23 -71.5 -0.404 19.43 20.99 03a59990o0214o
59989.857333  19.423  0.200    62   12 o  0   0.92  76.34879 -11.88225  1876.58  1706.16 2.42 2.15 -65.3 -0.404 19.49 20.98 03a59990o0221o
59989.862873  19.535  0.238    56   13 o  0   0.97  76.34879 -11.88225  1820.35  1628.02 2.38 2.09 -67.2 -0.409 19.52 20.96 03a59990o0233o
59989.872801  19.321  0.160    68   11 o  0   1.68  76.34879 -11.88225  1797.87  1742.30 2.41 2.09 -72.6 -0.404 19.52 20.95 03a59990o0255o
59990.041828  18.937  0.129    97   12 c  0   1.04  76.34879 -11.88225  9970.77  5354.49 3.40 2.37 -14.4 -0.375 19.47 21.49 04a59990o0075c
59990.049101  18.880  0.136   102   14 c  0   1.06  76.34879 -11.88225  9991.73  5387.73 3.48 2.38 -17.4 -0.376 19.46 21.47 04a59990o0091c
59990.052259  18.844  0.130   105   14 c  0   0.99  76.34879 -11.88225  9933.54  5307.44 3.40 2.44 -16.3 -0.370 19.46 21.48 04a59990o0098c
59990.062301  18.742  0.132   116   15 c  0   0.83  76.34879 -11.88225  9916.75  5417.60 3.37 2.35 -19.1 -0.373 19.48 21.49 04a59990o0120c
59994.032941  19.148  0.151    80   12 c  0   1.00  76.34879 -11.88225  5813.39  9881.90 3.03 2.41 -68.1 -0.354 19.44 21.48 04a59994o0062c
59994.036097  19.019  0.142    90   13 c  0   0.87  76.34879 -11.88225  5833.53  9918.48 3.17 2.42 -67.4 -0.347 19.42 21.44 04a59994o0069c
59994.043308  19.090  0.142    84   12 c  0   0.93  76.34879 -11.88225  5778.14  9832.53 3.03 2.33 -70.7 -0.362 19.48 21.43 04a59994o0085c
59994.053718  19.282  0.182    70   13 c  0   0.98  76.34879 -11.88225  5761.54  9942.32 3.09 2.43 -69.3 -0.348 19.45 21.43 04a59994o0108c
59996.806132  19.513  0.165    57    9 o  0   1.12  76.34879 -11.88225  3672.98  7996.79 2.43 2.15 -53.8 -0.389 19.60 21.24 03a59997o0123o
59996.811237  19.172  0.144    78   11 o  0   0.96  76.34879 -11.88225  3691.42  8035.66 2.37 2.12 -48.2 -0.399 19.63 21.25 03a59997o0134o
59996.814396  19.546  0.215    55   12 o  0   1.00  76.34879 -11.88225  3636.29  7957.02 2.44 2.14 -50.1 -0.393 19.60 21.24 03a59997o0141o
59996.824457  19.616  0.183    52   10 o  0   1.51  76.34879 -11.88225  3615.82  8073.30 2.41 2.08 -49.3 -0.394 19.65 21.21 03a59997o0163o
59998.023046  19.092  0.158    84   13 c  0   1.25  76.34879 -11.88225  5812.90  9880.32 3.17 2.52 -66.3 -0.338 19.30 21.19 04a59998o0047c
59998.032509  19.043  0.149    88   13 c  0   0.78  76.34879 -11.88225  5777.58  9832.27 3.20 2.47 -66.7 -0.353 19.36 21.41 04a59998o0068c
59998.042889  19.174  0.163    78   13 c  0   0.91  76.34879 -11.88225  5760.03  9941.30 3.26 2.53 -70.1 -0.344 19.36 21.44 04a59998o0091c
60000.276080  18.813  0.372   108   40 o  0   1.01  76.34879 -11.88225  2962.09  2705.37 2.21 2.15  52.1 -0.439 18.25 19.18 02a60000o0132o
60000.278898  19.123  0.249    81   20 o  0   0.98  76.34879 -11.88225  2944.21  2667.47 2.20 2.13  63.7 -0.431 18.94 19.91 02a60000o0138o
60000.287348  19.747  0.359    46   16 o  0   0.92  76.34879 -11.88225  3005.02  2744.05 2.18 2.06  52.1 -0.444 19.24 20.32 02a60000o0156o
60000.297830  19.511  0.244    57   14 o  0   1.30  76.34879 -11.88225  3028.93  2629.44 2.22 2.10  56.9 -0.438 19.25 20.34 02a60000o0179o
60000.766245  19.504  0.359    57   21 o  0   1.17  76.34879 -11.88225  5765.08  1572.96 2.71 2.50 -47.5 -0.425 18.76 19.61 03a60001o0029o
60000.770311  19.495  0.355    58   20 o  0   0.75  76.34879 -11.88225  5783.08  1611.85 2.57 2.36 -53.3 -0.422 19.05 20.14 03a60001o0038o
60000.776193  19.400  0.227    63   14 o  0   1.30  76.34879 -11.88225  5727.39  1533.00 2.68 2.46 -53.1 -0.418 19.16 20.48 03a60001o0051o
60000.788890  19.348  0.233    66   15 o  0   0.73  76.34879 -11.88225  5704.81  1649.59 2.58 2.34 -54.1 -0.424 19.27 20.65 03a60001o0079o
60002.019395  19.447  0.283    60   17 o  0   1.18  76.34879 -11.88225  2099.15  3775.30 2.16 2.02  55.9 -0.420 18.89 19.72 04a60002o0046o
60002.023002  20.092  0.445    33   15 o  0   1.24  76.34879 -11.88225  2119.89  3809.95 2.14 2.01  57.5 -0.422 19.01 19.99 04a60002o0054o
60002.029763  19.844  0.378    42   16 o  0   1.00  76.34879 -11.88225  2063.18  3726.99 2.05 1.96  70.6 -0.425 19.14 20.17 04a60002o0069o
60002.040600  19.570  0.295    54   16 o  0   1.08  76.34879 -11.88225  2045.88  3833.81 2.22 2.10  75.3 -0.421 19.11 20.28 04a60002o0093o
60004.771160  19.177  1.199    78   93 o  0   1.38  76.34879 -11.88225  5762.15  1575.78 2.33 2.11 -52.9 -0.432 17.03 17.02 03a60005o0061o
60004.774777  19.583  3.456    53  184 o  0   1.62  76.34879 -11.88225  5780.41  1615.37 2.34 2.11 -51.6 -0.436 16.56 16.63 03a60005o0069o
60004.780209  19.781  1.346    44   60 o  0   0.67  76.34879 -11.88225  5724.90  1536.56 2.28 2.06 -53.6 -0.430 17.81 18.03 03a60005o0081o
60004.790286  18.912  0.581    99   57 o  0   1.44  76.34879 -11.88225  5701.18  1653.02 2.40 2.16 -52.8 -0.419 17.66 17.90 03a60005o0103o
60006.045726  19.925  0.556    39   22 o  0   1.38  76.34879 -11.88225  2109.95  3747.39 2.30 2.17  57.3 -0.420 18.62 19.39 04a60006o0125o
60006.049794  19.051  0.439    87   38 o  0   0.84  76.34879 -11.88225  2130.89  3784.24 2.53 2.33  51.2 -0.403 18.56 19.37 04a60006o0134o
60006.063108  19.684  0.552    49   27 o  0   0.76  76.34879 -11.88225  2071.42  3701.33 2.33 2.17  57.0 -0.420 18.63 19.37 04a60006o0163o
60006.076291  19.592  0.484    53   26 o  0   1.08  76.34879 -11.88225  2049.11  3816.25 2.30 2.08  62.1 -0.409 18.59 19.30 04a60006o0192o
60010.056044  19.852  0.721    42   30 o  0   1.00  76.34879 -11.88225  1968.31 10049.58 3.07 2.21 -75.2 -0.372 18.44 19.04 04a60010o0005o
60010.059714  20.164  0.938    31   29 o  0   1.46  76.34879 -11.88225  1986.90 10087.63 2.81 2.10 -68.6 -0.433 18.40 19.00 04a60010o0013o
60010.065156  19.749  0.675    46   31 o  0   1.01  76.34879 -11.88225  1929.44 10008.07 3.07 2.06 -76.3 -0.376 18.46 18.97 04a60010o0025o
60010.080111  19.554  0.619    55   34 o  0   0.87  76.34879 -11.88225  1905.08 10124.01 2.97 1.99 -76.7 -0.388 18.38 18.85 04a60010o0058o
60011.856384  19.023  0.258    89   23 o  0   1.53  76.34879 -11.88225  6043.18  5547.18 2.58 2.14 -41.6 -0.393 18.53 19.12 03a60012o0260o
60011.859540  19.227  0.297    74   22 o  0   1.52  76.34879 -11.88225  6061.60  5585.57 2.57 2.18 -41.5 -0.390 18.52 19.09 03a60012o0267o
60011.876316  19.551  0.545    55   30 o  0   1.19  76.34879 -11.88225  6008.14  5503.56 2.59 2.19 -31.9 -0.386 18.45 18.92 03a60012o0304o
60011.893370  21.498  4.415     9   40 o  0   0.90  76.34879 -11.88225  5989.32  5616.15 3.12 2.61 -33.3 -0.349 18.05 18.70 03a60012o0341o
60012.813055  19.200  0.234    76   18 o  0   0.96  76.34879 -11.88225  6038.11  5553.69 2.25 2.00 -42.6 -0.419 18.93 19.61 03a60013o0169o
60012.820266  20.330  0.739    27   20 o  0   0.99  76.34879 -11.88225  6056.70  5592.05 2.31 1.97 -50.8 -0.420 18.91 19.56 03a60013o0185o
60012.823424  19.400  0.361    63   23 o  0   0.75  76.34879 -11.88225  6000.69  5512.66 2.34 1.98 -48.9 -0.407 18.90 19.54 03a60013o0192o
60012.845687  21.330  1.976    11   21 o  0   1.15  76.34879 -11.88225  5981.51  5626.79 2.36 2.02 -41.0 -0.407 18.77 19.38 03a60013o0241o
60013.836309  19.574  0.418    54   22 o  0   1.06  76.34879 -11.88225  6032.58  5548.62 2.84 2.40 -44.3 -0.376 18.70 19.59 03a60014o0221o
60013.852846  19.664  0.480    50   24 o  0   1.19  76.34879 -11.88225  6053.75  5585.84 2.99 2.61 -32.9 -0.356 18.51 19.44 03a60014o0257o
60013.856095  19.402  0.382    63   24 o  0   1.20  76.34879 -11.88225  5998.23  5506.06 2.97 2.50 -23.1 -0.358 18.52 19.41 03a60014o0264o
60013.862450  20.898  1.617    16   26 o  0   0.91  76.34879 -11.88225  5977.91  5620.94 2.71 2.36 -38.3 -0.370 18.56 19.35 03a60014o0278o
60014.092892  20.183  0.849    31   26 o  0   1.38  76.34879 -11.88225  1958.46 10044.87 3.17 2.05 -83.0 -0.395 18.65 19.49 04a60014o0107o
60014.108971  20.352  1.213    26   32 o  0   1.25  76.34879 -11.88225  1969.43 10088.65 3.37 2.25 -79.0 -0.370 18.46 19.32 04a60014o0142o
60014.121705  20.052  0.810    35   28 o  0   1.39  76.34879 -11.88225  1902.67 10015.77 3.13 2.12 -84.9 -0.379 18.46 19.19 04a60014o0170o
60014.124442  18.528  0.252   141   36 o  0   1.24  76.34879 -11.88225  1881.39 10135.08 3.28 2.32 -80.1 -0.363 18.41 19.16 04a60014o0176o
60015.099696  19.507  0.507    57   29 o  0   1.24  76.34879 -11.88225  1953.58 10043.27 3.08 1.94 -78.6 -0.391 18.70 19.56 04a60015o0245o
60015.102888  20.230  1.000    29   29 o  0   0.88  76.34879 -11.88225  1971.50 10083.68 3.02 1.94 -77.1 -0.390 18.63 19.49 04a60015o0252o
60015.120102 -22.532  8.267    -4   29 o  0   1.13  76.34879 -11.88225  1904.82 10011.97 3.20 2.13 -79.6 -0.363 18.47 19.32 04a60015o0289o
60015.125552  19.344  0.451    66   30 o  0   1.25  76.34879 -11.88225  1880.27 10132.42 3.20 2.06 -79.3 -0.364 18.44 19.22 04a60015o0301o
60016.746534  18.983  0.147    93   14 c  0   2.15  76.34879 -11.88225  9898.36  5482.69 2.64 2.06 -63.9 -0.348 18.95 19.78 03a60017o0027c
60016.749688  19.231  0.178    74   13 c  0   1.39  76.34879 -11.88225  9916.53  5521.83 2.64 2.09 -63.0 -0.357 19.28 20.46 03a60017o0034c
60016.756011  19.251  0.134    72   10 c  0   1.11  76.34879 -11.88225  9858.80  5441.44 2.60 2.05 -64.5 -0.367 19.61 21.26 03a60017o0048c
60016.777735  19.823  0.233    43   10 c  0   1.08  76.34879 -11.88225  9837.72  5556.40 2.68 2.16 -65.4 -0.371 19.68 21.55 03a60017o0096c
60017.997869  19.374  0.794    65   51 o  0   0.90  76.34879 -11.88225  7937.00  3474.81 2.87 2.45 -36.1 -0.394 17.81 18.15 04a60018o0028o
60018.001030  20.177  1.138    31   35 o  0   0.95  76.34879 -11.88225  7955.99  3515.53 2.94 2.55 -21.4 -0.380 18.24 18.98 04a60018o0035o
60018.018230  19.584  0.387    53   21 o  0   0.75  76.34879 -11.88225  7896.80  3427.47 2.73 2.24 -21.6 -0.413 19.08 20.42 04a60018o0073o
60018.031968  19.890  0.473    40   19 o  0   1.16  76.34879 -11.88225  7873.78  3538.68 2.66 2.21 -27.9 -0.418 19.05 20.42 04a60018o0103o
60019.017848  20.225  0.523    30   15 o  0   0.92  76.34879 -11.88225  7936.15  3460.02 2.54 2.13 -27.9 -0.426 19.15 20.55 04a60019o0074o
60019.021463  19.670  0.339    49   17 o  0   0.94  76.34879 -11.88225  7954.66  3497.43 2.58 1.99 -23.7 -0.427 19.20 20.56 04a60019o0082o
60019.026889  19.312  0.263    68   18 o  0   0.96  76.34879 -11.88225  7895.26  3415.71 2.28 1.99 -38.7 -0.500 19.15 20.54 04a60019o0094o
60020.226941  18.789  1.448   111  160 o  0   1.00  76.34879 -11.88225  6896.76  8320.37 2.74 2.01  34.3 -0.429 17.35 17.91 02a60020o0022o
60020.230109  21.218 42.571    12  504 o  0   1.21  76.34879 -11.88225  6878.03  8280.68 2.57 2.03  38.9 -0.452 16.29 16.90 02a60020o0029o
60020.235545  19.339  0.443    67   30 o  0   1.46  76.34879 -11.88225  6937.84  8357.82 2.53 2.07  41.5 -0.451 18.32 19.28 02a60020o0041o
60020.245950  18.827  0.265   107   28 o  0   1.22  76.34879 -11.88225  6961.01  8241.28 2.42 2.06  45.3 -0.451 18.58 19.52 02a60020o0064o
60025.991382  18.895  0.413   100   42 o  0   1.45  76.34879 -11.88225  7647.15  7819.68 2.87 2.57 -61.0 -0.393 17.96 18.57 04a60026o0029o
60025.994575  19.752  0.706    46   32 o  0   0.83  76.34879 -11.88225  7666.03  7857.41 3.01 2.75 -52.9 -0.384 18.33 19.28 04a60026o0036o
60026.016489  19.405  0.286    63   18 o  0   1.08  76.34879 -11.88225  7603.85  7771.94 2.84 2.52 -49.1 -0.404 18.95 20.40 04a60026o0084o
60029.987410  19.231  1.324    74   98 o  0   1.30  76.34879 -11.88225  7647.43  7814.95 3.06 2.66 -64.2 -0.401 17.07 17.44 04a60030o0028o
60029.993344  19.481  0.544    59   32 o  0   1.14  76.34879 -11.88225  7664.94  7853.35 2.87 2.58 -48.3 -0.391 18.11 18.88 04a60030o0041o
60030.008507  20.661  1.457    20   29 o  0   0.92  76.34879 -11.88225  7601.65  7770.53 3.08 2.69 -43.4 -0.396 18.54 19.70 04a60030o0074o
60030.017828  20.445  1.082    24   26 o  0   0.80  76.34879 -11.88225  7579.15  7886.56 2.72 2.41 -55.4 -0.415 18.66 19.73 04a60030o0094o
60033.984028  19.421  1.197    62   74 o  0   1.48  76.34879 -11.88225  5719.41  7896.68 3.03 2.44 -76.9 -0.403 17.21 17.50 04a60034o0028o
60033.988140  19.155  0.515    79   41 o  0   1.30  76.34879 -11.88225  5736.70  7936.12 2.91 2.42 -72.8 -0.393 17.90 18.50 04a60034o0037o
60033.995977  19.220  0.349    74   26 o  0   1.17  76.34879 -11.88225  5675.81  7855.73 2.79 2.32 -66.0 -0.416 18.56 19.43 04a60034o0054o
60034.005143  21.407  2.000    10   20 o  0   1.41  76.34879 -11.88225  5653.41  7970.45 2.69 2.21 -63.7 -0.432 18.71 19.58 04a60034o0074o
60034.729636 -19.493  1.020   -58   59 o  0   0.85  76.34879 -11.88225  2097.99  3723.59 2.75 2.41 -70.7 -0.385 17.79 17.81 03a60035o0028o
60034.748096  21.750  2.727     7   20 o  0   1.22  76.34879 -11.88225  2115.92  3758.26 2.66 2.37 -69.4 -0.401 18.84 19.75 03a60035o0068o
60034.750981  21.063  1.620    14   22 o  0   1.05  76.34879 -11.88225  2060.48  3680.38 2.72 2.44 -69.1 -0.396 18.86 19.78 03a60035o0074o
60034.758296  20.233  0.653    29   19 o  0   1.28  76.34879 -11.88225  2038.98  3796.50 2.73 2.42 -68.4 -0.380 18.85 19.77 03a60035o0090o
60037.742155  19.393  0.404    64   26 o  0   0.85  76.34879 -11.88225  2102.32  3720.96 2.52 2.26 -65.7 -0.392 18.62 19.21 03a60038o0062o
60037.744955 -20.092  0.792   -33   26 o  0   1.07  76.34879 -11.88225  2120.82  3760.08 2.62 2.31 -62.2 -0.394 18.60 19.20 03a60038o0068o
60037.751847  20.755  1.595    18   29 o  0   0.72  76.34879 -11.88225  2066.88  3683.69 2.54 2.25 -61.0 -0.395 18.60 19.22 03a60038o0083o
60037.761855  17.143  0.766   504  386 o  0   1.50  76.34879 -11.88225  2043.64  3798.73 2.96 2.73 -74.9 -0.418 15.71 16.11 03a60038o0105o
60039.038365  18.736  0.460   116   54 o  0   1.52  76.34879 -11.88225 10072.02  1828.69 3.29 2.56 -22.7 -0.356 18.09 18.70 04a60039o0155o
60039.042948  20.668  2.908    20   57 o  0   1.01  76.34879 -11.88225 10086.94  1869.88 3.34 2.39 -23.8 -0.358 18.09 18.67 04a60039o0165o
60039.056654  20.586  3.406    21   72 o  0   0.71  76.34879 -11.88225 10016.91  1796.67 3.19 2.44 -22.4 -0.368 18.01 18.54 04a60039o0195o
60039.063533 -18.904  0.668  -100   66 o  0   1.19  76.34879 -11.88225  9988.96  1916.44 3.23 2.37 -22.6 -0.368 17.94 18.49 04a60039o0210o
60040.016832 -20.807  2.539   -17   44 o  0   0.91  76.34879 -11.88225  2220.72  5666.37 2.66 2.34  88.4 -0.403 18.03 18.65 04a60040o0108o
60040.027177  20.152  1.278    32   40 o  0   1.15  76.34879 -11.88225  2234.35  5707.55 2.57 2.23 -85.4 -0.391 17.99 18.54 04a60040o0130o
60040.032710 -21.439  4.500   -10   43 o  0   0.98  76.34879 -11.88225  2174.71  5633.28 2.74 2.54  84.7 -0.359 17.89 18.49 04a60040o0142o
60040.035741  18.698  0.340   120   41 o  0   1.37  76.34879 -11.88225  2153.26  5749.23 2.76 2.32 -86.6 -0.379 17.85 18.43 04a60040o0148o
60040.748447 -18.115  1.415  -206  292 o  0   0.85  76.34879 -11.88225  2174.08  5655.56 2.42 2.14 -51.1 -0.410 15.65 15.92 03a60041o0081o
60040.762465  19.773  0.608    45   27 o  0   1.13  76.34879 -11.88225  2195.18  5694.77 2.29 2.07 -49.9 -0.396 18.56 18.85 03a60041o0111o
60042.040591  19.794  0.791    44   35 o  0   0.94  76.34879 -11.88225  1835.47  8105.55 2.80 2.18 -82.5 -0.364 18.21 18.87 04a60042o0166o
60042.045688  20.780  1.981    18   35 o  0   1.35  76.34879 -11.88225  1851.86  8146.17 2.73 2.07 -84.4 -0.362 18.19 18.77 04a60042o0177o
60042.052111  21.714  4.977     8   37 o  0   1.23  76.34879 -11.88225  1790.56  8072.20 2.76 2.06 -86.8 -0.354 18.19 18.73 04a60042o0191o
60042.066104 -19.370  0.736   -65   48 o  0   0.77  76.34879 -11.88225  1760.03  8196.90 2.78 2.20 -85.9 -0.342 18.02 18.59 04a60042o0221o
60044.018816  20.305  0.779    27   21 o  0   1.21  76.34879 -11.88225  7678.38  1424.16 2.67 2.20 -23.0 -0.403 18.83 19.94 04a60044o0120o
60044.021624  22.682  8.933     3   27 o  0   0.65  76.34879 -11.88225  7696.48  1463.86 2.59 2.19 -25.6 -0.433 18.83 19.91 04a60044o0126o
60044.042172  21.653  3.079     8   24 o  0   1.33  76.34879 -11.88225  7626.04  1393.56 2.71 2.36 -23.5 -0.394 18.55 19.47 04a60044o0169o
60044.061672  19.283  0.516    70   36 o  0   0.98  76.34879 -11.88225  7590.16  1521.56 2.53 2.26 -26.3 -0.418 18.32 19.07 04a60044o0209o
60049.008556  19.932  0.506    39   20 c  0   0.77  76.34879 -11.88225  9863.96  3379.61 3.28 2.27 -22.8 -0.394 19.09 20.76 04a60049o0102c
60049.011967  20.567  0.892    22   19 c  0   0.80  76.34879 -11.88225  9882.33  3419.86 3.35 2.57 -24.9 -0.338 19.00 20.75 04a60049o0109c
60049.017145  20.226  0.682    30   20 c  0   0.94  76.34879 -11.88225  9819.80  3344.11 3.49 2.50 -24.4 -0.350 18.99 20.73 04a60049o0120c
60049.028512  22.183  4.000     5   19 c  0   1.18  76.34879 -11.88225  9792.02  3465.22 3.51 2.57 -24.6 -0.351 18.88 20.61 04a60049o0144c
60049.729552  19.590  0.480    53   25 o  0   0.68  76.34879 -11.88225  9466.39  7887.38 2.87 2.36 -56.0 -0.390 18.78 19.66 03a60050o0055o
60049.738250  21.801  2.605     7   18 o  0   1.38  76.34879 -11.88225  9486.37  7925.64 2.89 2.36 -57.9 -0.392 18.92 19.94 03a60050o0073o
60049.741129  20.194  0.592    30   18 o  0   1.00  76.34879 -11.88225  9430.68  7845.81 2.69 2.18 -57.4 -0.404 19.00 19.96 03a60050o0079o
60049.764509  20.313  0.712    27   19 o  0   1.13  76.34879 -11.88225  9411.41  7956.81 2.75 2.23 -51.6 -0.391 18.88 19.88 03a60050o0128o
60051.012456  19.374  0.309    65   20 c  0   0.94  76.34879 -11.88225  9553.01  7748.26 3.09 2.63 -36.2 -0.390 18.88 20.47 04a60051o0117c
60051.015671  20.066  0.627    34   21 c  0   0.95  76.34879 -11.88225  9569.78  7788.47 3.02 2.53 -41.8 -0.402 18.86 20.42 04a60051o0124c
60051.031804  20.888  1.358    16   22 c  0   0.92  76.34879 -11.88225  9495.80  7715.58 3.22 2.80 -31.0 -0.350 18.68 20.26 04a60051o0159c
60051.035950  19.611  0.488    52   25 c  0   0.88  76.34879 -11.88225  9473.16  7833.85 3.23 2.85 -31.9 -0.348 18.62 20.19 04a60051o0168c
60053.990348  20.798  0.859    17   15 c  0   1.05  76.34879 -11.88225  3774.83  7993.56 2.71 2.12 -77.7 -0.376 19.05 20.64 04a60054o0074c
60054.000504  20.246  0.593    29   17 c  0   1.02  76.34879 -11.88225  3787.65  8035.55 2.88 2.34 -80.7 -0.367 18.96 20.60 04a60054o0096c
60054.016580  19.554  0.320    55   18 c  0   0.93  76.34879 -11.88225  3720.10  7964.56 2.77 2.23 -80.5 -0.360 18.93 20.51 04a60054o0131c
60054.029566  20.058  0.595    34   20 c  0   0.86  76.34879 -11.88225  3692.08  8088.03 2.74 2.20 -82.4 -0.362 18.85 20.40 04a60054o0159c
60150.403462  21.107  1.400    13   18 o  0   1.24  76.34879 -11.88225  1086.09  2845.34 2.70 2.25  42.4 -0.372 18.97 20.26 04a60150o0430o
60150.410116 -20.612  0.750   -21   16 o  0   0.98  76.34879 -11.88225  1064.36  2806.67 2.50 2.05  41.3 -0.393 19.03 20.29 04a60150o0444o
60150.412844  22.726  5.421     3   16 o  0   1.00  76.34879 -11.88225  1122.48  2885.37 2.50 2.15  41.1 -0.394 19.03 20.27 04a60150o0450o
60150.425037 -20.001  0.511   -36   19 o  0   0.77  76.34879 -11.88225  1139.80  2770.23 2.68 2.17  44.7 -0.388 19.05 20.36 04a60150o0476o
60153.405281  20.512  1.186    23   27 o  0   0.93  76.34879 -11.88225  8861.74  8858.02 2.21 2.09  -8.2 -0.407 18.96 19.99 04a60153o0971o
60153.407985  24.119 15.833     1   13 o  0   2.10  76.34879 -11.88225  8841.20  8819.44 2.11 1.86   0.5 -0.417 19.12 20.16 04a60153o0977o
60153.415626  21.169  1.466    12   18 o  0   1.08  76.34879 -11.88225  8898.74  8898.54 2.14 1.98 -16.5 -0.415 19.06 20.20 04a60153o0993o
60153.425764  21.842  2.652     7   18 o  0   1.10  76.34879 -11.88225  8914.85  8783.29 2.05 1.83   0.2 -0.426 19.01 20.01 04a60153o1015o
60153.434911 -20.227  0.746   -30   22 o  0   1.63  76.34879 -11.88225  8873.55  8843.56 2.15 1.83   5.3 -0.410 18.47 19.28 04a60153o1035o
