MJD          m      dm   uJy   duJy F err chi/N     RA       Dec        x        y     maj  min   phi  apfit mag5sig Sky   Obs
59730.292539 -17.395  0.567  -400  227 c  0   1.22 145.72529  31.85099  8218.78  5946.85 3.10 2.63  30.5 -0.399 16.06 17.35 02a59730o0118c
59730.301227 -17.960  1.463  -238  348 c  0   1.58 145.72529  31.85099  8258.78  5985.26 3.21 2.78  30.4 -0.401 16.31 17.66 02a59730o0137c
59730.316340 -17.079  0.514  -535  275 c  0   1.25 145.72529  31.85099  8280.20  5867.22 2.93 2.68  20.5 -0.412 16.07 17.26 02a59730o0170c
59739.264705  17.388  0.071   403   29 o  0   1.59 145.72529  31.85099  6542.29   279.04 2.58 2.57 -81.2 -0.503 18.81 19.57 01a59739o0063o
59739.267927  17.245  0.051   459   23 o  0   2.35 145.72529  31.85099  6563.22   318.36 2.59 2.49 -51.5 -0.528 18.86 19.56 01a59739o0070o
59739.273453  17.385  0.058   404   24 o  0   2.18 145.72529  31.85099  6506.69   243.04 2.60 2.52 -37.8 -0.522 18.82 19.55 01a59739o0082o
59739.281741  17.449  0.074   381   28 o  0   1.66 145.72529  31.85099  4550.78 10495.52 2.68 2.57 -63.6 -0.496 18.85 19.59 01a59739o0100o
59739.284969  17.422  0.073   390   28 o  0   1.67 145.72529  31.85099  6491.73   364.41 2.60 2.57 -43.9 -0.509 18.81 19.49 01a59739o0107o
59741.282879  17.254  0.050   456   23 o  0   2.01 145.72529  31.85099  8250.88  2262.46 2.32 2.28  -2.6 -0.410 18.76 19.35 02a59741o0096o
59741.286545  17.304  0.077   435   34 o  0   0.94 145.72529  31.85099  8232.32  2221.88 2.66 2.61 -39.4 -0.398 18.64 19.33 02a59741o0104o
59741.292949  17.456  0.072   378   27 o  0   1.32 145.72529  31.85099  8291.34  2300.73 2.30 2.22  -3.8 -0.423 18.75 19.31 02a59741o0118o
59741.306682  17.278  0.077   445   34 o  0   1.23 145.72529  31.85099  8312.94  2183.00 2.79 2.69 -35.6 -0.415 18.49 19.22 02a59741o0148o
59744.279967  17.644  0.195   318   62 o  0   1.29 145.72529  31.85099  2293.46  6468.02 2.80 2.77 -63.9 -0.467 18.26 18.69 01a59744o0093o
59744.283191  17.296  0.141   438   62 o  0   1.38 145.72529  31.85099  2311.78  6507.80 2.81 2.62 -48.2 -0.483 18.25 18.66 01a59744o0100o
59744.290096  17.378  0.164   406   67 o  0   1.61 145.72529  31.85099  2251.83  6430.90 2.94 2.70 -43.8 -0.473 18.19 18.60 01a59744o0115o
59744.302068  17.197  0.173   480   83 o  0   1.67 145.72529  31.85099  2234.88  6548.35 3.12 2.86 -49.5 -0.465 18.04 18.47 01a59744o0141o
59746.260644  17.383  0.127   404   51 o  0   1.61 145.72529  31.85099  1965.35  8447.13 2.81 2.62 -46.3 -0.406 18.33 19.09 02a59746o0045o
59746.264757  17.257  0.065   454   30 o  0   2.01 145.72529  31.85099  1946.21  8409.14 2.80 2.70 -33.6 -0.407 18.72 19.66 02a59746o0054o
59746.270700  17.173  0.064   491   31 o  0   1.91 145.72529  31.85099  2004.05  8484.18 2.62 2.55 -16.1 -0.404 18.86 19.88 02a59746o0067o
59746.282149  17.258  0.060   454   27 o  0   2.11 145.72529  31.85099  2024.59  8366.28 2.71 2.61 -24.9 -0.388 18.87 19.94 02a59746o0092o
59747.263838  19.183  1.258    77   97 o  0   6.19 145.72529  31.85099  2284.27  6464.59 2.58 2.50 -53.1 -0.491 19.15 20.29 01a59747o0058o
59747.267977  17.356  0.051   415   21 o  0   2.59 145.72529  31.85099  2305.57  6503.59 2.70 2.53 -47.6 -0.488 19.19 20.37 01a59747o0067o
59747.274429  17.352  0.052   416   22 o  0   4.01 145.72529  31.85099  2245.74  6427.46 2.76 2.53 -47.3 -0.486 19.21 20.43 01a59747o0081o
59747.285945  17.285  0.060   443   27 o  0   1.71 145.72529  31.85099  2228.57  6544.30 2.59 2.51 -55.0 -0.493 19.23 20.42 01a59747o0106o
59749.255639  17.808  0.217   273   59 c  0   1.30 145.72529  31.85099  1959.65  8454.55 2.52 2.43 -47.4 -0.430 18.17 19.16 02a59749o0028c
59749.258843  17.588  0.099   335   33 c  0   1.67 145.72529  31.85099  1941.12  8415.40 2.61 2.43 -50.6 -0.409 18.64 19.70 02a59749o0035c
59749.266611  17.772  0.088   282   25 c  0   2.30 145.72529  31.85099  1999.06  8490.70 3.20 3.00 -58.4 -0.397 18.84 20.36 02a59749o0052c
59749.278969  17.471  0.060   373   22 c  0   3.13 145.72529  31.85099  2020.17  8370.17 2.86 2.64 -52.9 -0.411 18.98 20.48 02a59749o0079c
59752.252029  17.434  0.212   386   82 o  0   1.23 145.72529  31.85099 10452.17  1879.27 3.01 2.63 -53.4 -0.524 17.44 17.52 01a59752o0030o
59752.255251  17.292  0.088   440   39 o  0   2.05 145.72529  31.85099 10475.09  1917.72 3.04 2.79 -41.4 -0.499 18.14 18.66 01a59752o0037o
59752.258015  17.082  0.063   534   34 o  0   1.47 145.72529  31.85099   696.22  2098.20 2.81 2.66 -46.4 -0.534 18.69 19.49 01a59752o0043o
59752.261700  17.242  0.055   460   25 o  0   2.41 145.72529  31.85099   717.89  2137.05 2.93 2.80 -47.2 -0.512 18.83 19.88 01a59752o0051o
59752.262621  17.154  0.063   499   32 o  0   1.40 145.72529  31.85099 10416.82  1845.99 3.05 2.85 -44.8 -0.494 18.62 19.64 01a59752o0053o
59752.267228  17.205  0.065   477   31 o  0   1.75 145.72529  31.85099   659.12  2058.69 3.25 3.00 -49.0 -0.452 18.86 20.01 01a59752o0063o
59752.272755  17.324  0.064   427   27 o  0   1.91 145.72529  31.85099 10398.72  1968.66 3.16 2.66 -58.2 -0.505 18.78 19.87 01a59752o0075o
59752.278738  17.113  0.052   518   27 o  0   2.72 145.72529  31.85099   647.24  2175.07 3.00 2.84 -47.5 -0.503 18.92 20.16 01a59752o0088o
59753.254495  18.026  0.380   224   85 c  0   1.43 145.72529  31.85099  1958.73  8452.44 2.36 2.26 -53.2 -0.448 17.84 18.67 02a59753o0020c
59753.257693  17.501  0.151   363   55 c  0   0.96 145.72529  31.85099  1940.24  8413.08 2.36 2.26 -52.1 -0.435 18.35 19.28 02a59753o0027c
59753.265460  17.726  0.080   295   24 c  0   1.58 145.72529  31.85099  1997.52  8489.12 2.37 2.28 -54.7 -0.425 18.99 20.11 02a59753o0044c
59753.276430  17.620  0.071   325   23 c  0   1.54 145.72529  31.85099  2017.10  8371.35 2.41 2.33 -45.2 -0.419 19.06 20.29 02a59753o0068c
59754.260080  17.961  0.248   238   59 c  0   1.57 145.72529  31.85099  7868.01  8657.21 2.73 2.49  24.3 -0.405 18.52 19.53 02a59754o0036c
59754.263279  17.651  0.094   316   30 c  0   1.80 145.72529  31.85099  7848.59  8619.35 2.82 2.47  25.9 -0.400 18.89 19.98 02a59754o0043c
59754.268763  17.867  0.121   259   31 c  0   1.40 145.72529  31.85099  7907.32  8694.55 2.68 2.53  12.3 -0.407 18.97 20.20 02a59754o0055c
59754.280189  17.532  0.074   352   26 c  0   1.58 145.72529  31.85099  7924.83  8577.95 2.65 2.52   3.2 -0.414 19.09 20.26 02a59754o0080c
59755.265011  17.248  0.053   458   24 o  0   2.33 145.72529  31.85099   696.70  2096.99 2.58 2.53  11.2 -0.542 18.83 19.89 01a59755o0006o
59755.268694  17.239  0.054   462   25 o  0   1.64 145.72529  31.85099   719.37  2135.41 2.53 2.48 -18.9 -0.544 18.93 20.00 01a59755o0014o
59755.276516  17.204  0.057   477   27 o  0   2.61 145.72529  31.85099   664.26  2055.77 2.74 2.66 -27.3 -0.526 18.94 20.04 01a59755o0031o
59755.286649  17.100  0.048   525   25 o  0   3.26 145.72529  31.85099   653.99  2171.57 2.73 2.62 -49.3 -0.535 18.92 20.05 01a59755o0053o
59854.614931  18.244  0.127   183   23 o  0   1.40 145.72529  31.85099  2248.40  6387.24 2.25 1.78  26.6 -0.429 19.15 19.96 02a59854o0872o
59854.624974  17.971  0.104   235   24 o  0   1.66 145.72529  31.85099  2266.32  6426.16 2.07 1.78  24.5 -0.444 19.17 19.97 02a59854o0894o
59854.635869  17.973  0.115   235   27 o  0   1.50 145.72529  31.85099  2206.78  6347.96 2.20 1.82  26.8 -0.429 18.74 19.30 02a59854o0918o
59854.642689  17.852  0.304   262   80 o  0   0.89 145.72529  31.85099  2185.20  6464.07 2.18 1.80  27.3 -0.438 17.50 17.56 02a59854o0933o
59855.615080  18.953  0.211    95   20 c  0   1.57 145.72529  31.85099  6466.02  8732.32 3.33 3.00  49.1 -0.315 18.85 20.40 01a59855o0871c
59855.622033  18.872  0.143   103   15 c  0   2.02 145.72529  31.85099  6452.45  8696.31 3.35 2.99  49.8 -0.303 19.24 20.85 01a59855o0886c
59855.636310  19.624  0.391    51   20 c  0   1.76 145.72529  31.85099  6513.82  8766.73 3.20 2.99  55.2 -0.331 18.86 19.98 01a59855o0916c
59855.640969  18.846  0.629   105   66 c  0   0.90 145.72529  31.85099  6535.38  8648.68 3.33 3.03  51.3 -0.303 17.68 18.17 01a59855o0926c
59862.557190  17.439  1.441   384  553 o  0   0.07 145.72529  31.85099 10518.11  1973.12 2.14 1.87 -44.2 -0.512 17.82 18.06 02a59862o0523o
59862.582642  18.583  0.589   134   79 o  0   0.54 145.72529  31.85099 10484.03  1936.36 2.20 1.65 -57.5 -0.511 18.07 18.26 02a59862o0577o
59862.590363  18.786  0.359   111   40 o  0   1.51 145.72529  31.85099 10462.63  2053.48 2.05 1.72 -50.3 -0.496 18.25 18.64 02a59862o0594o
59862.610670  18.896  0.313   100   32 o  0   1.55 145.72529  31.85099   760.68  1978.85 1.96 1.92  36.2 -0.474 18.32 18.71 02a59862o0637o
59862.628789  18.437  0.221   153   34 o  0   1.47 145.72529  31.85099   780.65  2017.06 1.92 1.78  39.6 -0.466 18.47 18.84 02a59862o0674o
59862.634293  19.077  0.327    85   28 o  0   1.46 145.72529  31.85099   721.40  1936.25 1.88 1.80  41.3 -0.493 18.41 18.80 02a59862o0686o
59862.638483  19.142  0.376    80   30 o  0   2.81 145.72529  31.85099   705.14  2053.84 1.86 1.84  58.9 -0.485 18.30 18.59 02a59862o0694o
59863.618191  18.539  0.237   140   33 o  0   0.90 145.72529  31.85099  8872.81  4232.80 2.76 2.33  28.7 -0.383 18.65 19.05 01a59863o0699o
59863.622422  18.439  0.219   153   34 o  0   1.13 145.72529  31.85099  8852.82  4183.41 2.33 2.29 -64.2 -0.462 18.62 18.93 01a59863o0708o
59863.630013  20.721  5.775    19  108 o  0   1.01 145.72529  31.85099  8912.71  4258.38 2.29 2.28 -79.1 -0.459 16.86 17.11 01a59863o0724o
59863.644444  18.343  0.556   167   93 o  0   0.96 145.72529  31.85099  8938.68  4145.56 2.53 2.30  27.0 -0.449 17.30 16.88 01a59863o0755o
59869.614990  18.553  0.169   138   23 o  0   1.43 145.72529  31.85099  6298.75    79.93 2.26 2.25  20.9 -0.470 19.17 19.92 01a59869o0912o
59869.619147 -22.594  4.586    -3   15 o  0   0.94 145.72529  31.85099  6281.47    46.48 2.40 2.27  53.0 -0.435 19.11 19.94 01a59869o0921o
59869.632260  18.210  0.127   189   24 o  0   0.87 145.72529  31.85099  6342.51   123.01 2.45 2.34  59.6 -0.429 19.05 19.89 01a59869o0949o
59876.597115  18.868  0.165   103   17 o  0   1.76 145.72529  31.85099  4146.32  3963.34 2.79 2.51  41.4 -0.387 19.42 20.69 01a59876o0839o
59876.609948  19.072  0.220    85   19 o  0   1.00 145.72529  31.85099  4128.24  3918.68 2.57 2.36  44.6 -0.403 19.51 20.74 01a59876o0866o
59876.623271  18.656  0.147   125   18 o  0   2.70 145.72529  31.85099  4193.53  4000.21 2.98 2.51  41.7 -0.367 19.40 20.75 01a59876o0894o
59876.635392  18.839  0.169   106   18 o  0   1.89 145.72529  31.85099  4209.89  3880.07 2.99 2.51  44.2 -0.370 19.38 20.64 01a59876o0919o
59881.610976  19.894  0.366    40   15 c  0   1.87 145.72529  31.85099  4779.73  2345.34 2.43 2.25  46.0 -0.409 19.49 21.00 02a59881o0743c
59881.615070  20.885  1.025    16   16 c  0   1.62 145.72529  31.85099  4797.56  2386.14 2.46 2.26  48.6 -0.410 19.48 20.99 02a59881o0752c
59884.508839  19.007  0.246    91   22 o  0   3.22 145.72529  31.85099  2107.17   361.22 2.59 2.53  26.9 -0.463 19.17 20.25 01a59884o0599o
59884.511641  18.694  0.167   121   20 o  0   1.63 145.72529  31.85099  2086.45   321.39 2.39 2.33   2.3 -0.485 19.28 20.29 01a59884o0605o
59884.533621  18.635  0.132   128   17 o  0   2.32 145.72529  31.85099  2149.61   402.19 2.37 2.35 -33.4 -0.471 19.38 20.46 01a59884o0650o
59884.539181  18.587  0.138   134   18 o  0   1.33 145.72529  31.85099  2167.92   278.03 2.37 2.27   9.6 -0.479 19.42 20.52 01a59884o0662o
59885.604508  18.989  0.200    92   18 o  0   1.86 145.72529  31.85099  2120.54   361.26 2.68 2.44  48.4 -0.418 19.30 20.56 01a59885o0900o
59885.605854  21.583  1.776     8   15 c  0   4.12 145.72529  31.85099 10302.99  4709.86 2.71 2.63  -0.7 -0.419 19.45 21.09 02a59885o0893c
59885.609476  19.642  0.326    50   16 c  0   2.11 145.72529  31.85099 10322.38  4748.32 2.73 2.68  -1.7 -0.418 19.46 21.10 02a59885o0901c
59885.610770  18.896  0.154   100   16 o  0   4.01 145.72529  31.85099  2097.99   320.33 2.64 2.41  47.0 -0.424 19.37 20.59 01a59885o0913o
59885.626569  19.505  0.284    57   16 c  0   2.59 145.72529  31.85099 10267.24  4673.82 2.66 2.53   3.1 -0.422 19.46 21.13 02a59885o0934c
59885.629265  18.663  0.147   124   18 o  0   1.35 145.72529  31.85099  2158.66   395.75 2.58 2.31  46.9 -0.424 19.23 20.43 01a59885o0951o
59885.630758  22.663  4.650     3   14 c  0   2.51 145.72529  31.85099 10247.62  4791.50 2.59 2.50   5.2 -0.425 19.53 21.13 02a59885o0943c
59885.636842  19.230  0.317    74   23 o  0   2.59 145.72529  31.85099  2178.37   276.16 2.58 2.38  52.6 -0.419 18.64 19.62 01a59885o0967o
59887.619414  18.767  0.145   113   16 o  0   2.08 145.72529  31.85099  2105.39   358.48 2.43 2.29  53.0 -0.452 19.48 20.64 01a59887o0706o
59887.621262  18.799  0.176   110   19 o  0   1.08 145.72529  31.85099  2085.15   318.63 2.60 2.48  54.8 -0.449 19.38 20.64 01a59887o0710o
59887.627024  18.776  0.115   112   13 o  0   3.18 145.72529  31.85099  2147.02   397.97 2.33 2.21  53.0 -0.465 19.51 20.62 01a59887o0722o
59889.602104  19.366  0.310    65   20 o  0   2.44 145.72529  31.85099 10303.67  4710.43 2.11 2.01 -20.9 -0.472 19.12 19.74 02a59889o0552o
59889.632667  18.911  0.193    99   19 o  0   1.87 145.72529  31.85099 10330.70  4750.53 2.16 2.06  -6.7 -0.463 19.45 20.58 02a59889o0614o
59889.639535  19.094  0.182    84   15 o  0   3.10 145.72529  31.85099 10270.27  4675.11 2.17 2.09 -23.2 -0.455 19.43 20.58 02a59889o0628o
59889.642845  19.386  0.283    64   18 o  0   1.99 145.72529  31.85099 10251.31  4792.49 2.27 2.17   2.2 -0.444 19.40 20.52 02a59889o0635o
59890.620905  18.926  0.309    98   30 o  0   1.47 145.72529  31.85099  4309.81  8249.52 2.39 1.97  36.5 -0.407 18.96 19.49 02a59890o0842o
59890.624066  18.569  0.200   136   27 o  0   2.72 145.72529  31.85099  4329.78  8288.65 2.38 2.01  37.2 -0.402 18.97 19.52 02a59890o0849o
59890.627680  19.086  0.348    84   29 o  0   1.79 145.72529  31.85099  4271.70  8210.73 2.34 1.97  35.4 -0.413 19.03 19.53 02a59890o0857o
59890.637639  19.045  0.302    88   26 o  0   1.59 145.72529  31.85099  4253.91  8326.52 2.41 2.01  36.5 -0.406 19.04 19.66 02a59890o0877o
59892.613344  18.466  0.134   149   20 o  0   1.44 145.72529  31.85099  4355.83  6138.82 2.55 2.22  47.5 -0.381 19.09 19.62 01a59892o0904o
59892.627771  18.961  0.212    95   20 o  0   1.34 145.72529  31.85099  4416.71  6214.67 2.60 2.26  46.7 -0.373 19.08 19.66 01a59892o0935o
59892.643109  19.015  0.231    90   21 o  0   2.45 145.72529  31.85099  4438.15  6098.10 2.61 2.24  49.4 -0.380 19.07 19.59 01a59892o0967o
59893.591124  18.455  0.177   151   27 o  0   3.13 145.72529  31.85099  4309.45  8249.84 2.54 2.14  31.6 -0.399 18.86 19.44 02a59893o0878o
59893.605756  19.286  0.380    70   27 o  0   2.74 145.72529  31.85099  4325.69  8290.19 2.58 2.18  33.9 -0.397 18.89 19.49 02a59893o0909o
59893.608519  19.020  0.318    90   28 o  0   2.08 145.72529  31.85099  4266.78  8212.04 2.51 2.10  34.2 -0.401 18.93 19.52 02a59893o0915o
59893.613949  20.119  0.907    33   30 o  0   1.74 145.72529  31.85099  4247.02  8328.70 2.57 2.16  32.9 -0.390 18.92 19.55 02a59893o0927o
59895.563826  19.059  0.233    86   20 o  0   1.48 145.72529  31.85099  4367.06  6183.44 2.60 2.31  45.2 -0.388 18.96 19.48 01a59895o0798o
59895.567097  18.889  0.213   101   22 o  0   1.58 145.72529  31.85099  4349.07  6142.10 2.62 2.30  43.1 -0.385 19.01 19.50 01a59895o0805o
59895.583835  19.401  0.352    63   22 o  0   1.45 145.72529  31.85099  4410.36  6216.78 2.55 2.27  48.1 -0.390 19.02 19.56 01a59895o0840o
59895.599120  18.662  0.158   124   20 o  0   1.96 145.72529  31.85099  4435.98  6103.82 2.84 2.35  46.1 -0.353 19.00 19.61 01a59895o0873o
59896.598389  18.919  0.189    98   19 o  0   2.45 145.72529  31.85099  6297.79  6091.34 2.56 2.37  49.7 -0.383 18.94 19.40 01a59896o0889o
59896.601158  18.857  0.226   104   24 o  0   2.17 145.72529  31.85099  6278.94  6052.16 2.55 2.28  48.5 -0.376 18.96 19.41 01a59896o0895o
59896.606699  19.275  0.305    71   22 o  0   1.14 145.72529  31.85099  6338.23  6129.60 2.57 2.29  51.2 -0.377 18.98 19.45 01a59896o0907o
59896.613165  18.482  0.152   147   22 o  0   1.27 145.72529  31.85099  6359.51  6011.50 2.57 2.29  48.6 -0.373 19.01 19.46 01a59896o0921o
59897.523937  18.579  0.416   134   56 o  0   1.26 145.72529  31.85099  4308.15  8253.43 2.81 2.44  29.3 -0.376 18.54 19.09 02a59897o0732o
59897.527118  20.077  1.224    34   41 o  0   2.18 145.72529  31.85099  4328.06  8291.20 2.81 2.36  29.7 -0.386 18.58 19.11 02a59897o0739o
59899.618365  18.755  0.197   114   22 o  0   1.93 145.72529  31.85099  4220.01  6313.50 2.71 2.13  36.0 -0.403 18.88 19.49 02a59899o0953o
59899.622242  19.111  0.302    82   25 o  0   1.49 145.72529  31.85099  4238.78  6353.20 2.68 2.08  34.0 -0.409 18.90 19.50 02a59899o0959o
59899.628752  18.726  0.215   117   25 o  0   1.22 145.72529  31.85099  4182.49  6275.28 2.70 2.07  37.2 -0.398 18.91 19.50 02a59899o0973o
59899.642065  19.015  0.318    90   29 o  0   0.92 145.72529  31.85099  4158.93  6391.44 2.67 2.00  35.4 -0.406 18.91 19.50 02a59899o1001o
59902.616264  18.927  0.205    98   20 o  0   2.54 145.72529  31.85099  4222.65  6310.00 2.82 2.15  36.4 -0.412 19.22 20.48 02a59902o0909o
59902.621236  19.263  0.268    72   19 o  0   2.13 145.72529  31.85099  4183.22  6273.40 2.70 2.07  37.4 -0.414 19.33 20.56 02a59902o0920o
59902.626672  18.394  0.280   159   45 o  0   1.47 145.72529  31.85099  4163.47  6389.95 2.61 2.06  39.9 -0.423 18.24 19.34 02a59902o0931o
59903.572027  19.940  0.351    38   14 c  0   1.71 145.72529  31.85099  6289.72  6094.43 3.10 2.93  48.8 -0.306 19.57 21.33 01a59903o0524c
59903.575256  20.652  0.708    20   14 c  0   1.26 145.72529  31.85099  6271.46  6055.34 3.21 3.02  50.2 -0.304 19.53 21.32 01a59903o0531c
59903.580796  20.348  0.500    26   13 c  0   1.63 145.72529  31.85099  6329.75  6132.64 3.09 2.90  49.1 -0.305 19.58 21.32 01a59903o0543c
59903.609397  20.733  0.714    18   13 c  0   1.58 145.72529  31.85099  6355.93  6006.55 3.24 3.04  47.9 -0.299 19.55 21.39 01a59903o0603c
59904.613214  21.239  0.940    12   11 c  0   2.85 145.72529  31.85099  2181.62  4059.06 3.32 3.06  47.7 -0.324 19.65 21.65 01a59904o0715c
59904.623155  19.445  0.183    60   11 c  0   2.83 145.72529  31.85099  2162.17  4019.18 3.23 2.94  48.6 -0.332 19.67 21.65 01a59904o0736c
59904.625928  20.501  0.497    23   11 c  0   2.10 145.72529  31.85099  2221.64  4095.26 3.18 2.88  49.6 -0.335 19.67 21.63 01a59904o0742c
59904.633937  20.777  0.726    18   13 c  0   1.63 145.72529  31.85099  2241.84  3975.69 3.50 3.20  51.0 -0.306 19.57 21.58 01a59904o0757c
59905.621139  20.029  0.349    35   12 c  0   1.84 145.72529  31.85099  2189.38  4054.96 3.29 2.96  49.6 -0.323 19.71 21.71 01a59905o0892c
59905.627146  20.434  0.560    24   14 c  0   1.66 145.72529  31.85099  2169.43  4015.66 3.37 3.04  50.2 -0.321 19.65 21.71 01a59905o0905c
59905.644241  20.999  0.859    14   12 c  0   1.58 145.72529  31.85099  2227.92  4089.44 3.34 3.00  49.3 -0.323 19.59 21.53 01a59905o0941c
59905.655738  20.014  0.661    36   24 c  0   1.30 145.72529  31.85099  2246.78  3971.90 3.61 3.20  46.6 -0.291 18.69 19.55 01a59905o0965c
59906.598371  19.335 10.174    67  682 o  0   0.02 145.72529  31.85099 10522.32 10178.40 3.54 2.35 -52.0 -0.397 19.38 20.75 02a59906o0903o
59906.609990  18.372  0.144   163   23 o  0   6.63 145.72529  31.85099 10482.54 10139.56 3.31 2.23 -51.8 -0.414 19.43 20.71 02a59906o0928o
59906.633110  18.875  0.219   102   22 o  0   5.78 145.72529  31.85099 10467.36 10260.66 3.11 2.14 -53.2 -0.447 19.49 20.67 02a59906o0974o
59907.611398  19.146  0.154    80   12 c  0   2.63 145.72529  31.85099  2179.98  4057.09 3.34 3.03  49.9 -0.332 19.65 21.64 01a59907o0888c
59907.612287  19.803  1.700    44   74 o  0   1.18 145.72529  31.85099 10523.76 10179.52 3.21 2.20 -49.3 -0.418 19.51 20.89 02a59907o0943o
59907.618299  19.890  0.884    40   36 o  0   1.49 145.72529  31.85099   215.85 10149.38 2.18 1.69 -53.3 -0.531 19.57 20.88 02a59907o0956o
59907.620560  19.219  0.369    75   28 o  0   3.29 145.72529  31.85099 10481.64 10142.01 3.05 1.96 -51.7 -0.456 19.57 20.89 02a59907o0961o
59907.625700  19.487  0.234    58   14 c  0   1.68 145.72529  31.85099  2160.85  4016.90 3.33 3.01  49.5 -0.331 19.65 21.61 01a59907o0918c
59907.627549  20.117  0.371    33   12 c  0   1.75 145.72529  31.85099  2219.36  4093.02 3.30 2.98  47.0 -0.329 19.65 21.61 01a59907o0922c
59907.639718  19.494  0.443    58   26 o  0   2.99 145.72529  31.85099   239.02 10190.20 2.12 1.66 -49.9 -0.536 19.60 20.87 02a59907o1001o
59907.645066  19.920  0.557    39   22 o  0   4.61 145.72529  31.85099 10469.97 10267.15 3.19 2.07 -52.0 -0.426 19.50 20.82 02a59907o1012o
59907.645092  21.965  2.303     6   14 c  0   1.96 145.72529  31.85099  2239.33  3973.83 3.45 3.08  46.7 -0.320 19.54 21.44 01a59907o0958c
59907.645970  18.776  0.222   112   25 o  0   3.06 145.72529  31.85099   180.79 10111.46 2.26 1.62 -52.9 -0.498 19.56 20.80 02a59907o1014o
59907.652175 -21.174  2.104   -12   26 o  0   5.05 145.72529  31.85099   159.04 10229.81 2.22 1.61 -50.6 -0.514 19.44 20.47 02a59907o1027o
59907.656065  20.324  0.776    27   21 c  0   1.78 145.72529  31.85099  8336.63  6674.86 3.25 2.99  29.6 -0.336 18.88 19.76 01a59907o0981c
59908.549688  19.537  0.237    56   13 c  0   1.83 145.72529  31.85099  2176.42  4061.36 3.08 2.83  47.9 -0.345 19.71 21.61 01a59908o0704c
59908.555489  20.724  0.694    19   13 c  0   1.61 145.72529  31.85099  2158.47  4020.68 3.10 2.82  43.6 -0.340 19.71 21.62 01a59908o0716c
59908.558978  19.837  0.330    42   14 c  0   1.58 145.72529  31.85099  2220.41  4097.18 3.14 2.85  48.7 -0.342 19.68 21.62 01a59908o0722c
59908.564526  20.066  0.418    34   14 c  0   1.82 145.72529  31.85099  2239.72  3982.06 3.12 2.82  45.1 -0.344 19.72 21.61 01a59908o0734c
59909.583956  19.126  1.772    81  144 o  0   0.29 145.72529  31.85099 10523.79 10175.79 3.04 1.95 -51.7 -0.440 19.51 20.67 02a59909o0727o
59909.589382  19.449  0.413    60   25 o  0   2.72 145.72529  31.85099 10483.49 10137.46 2.97 1.99 -51.7 -0.429 19.48 20.67 02a59909o0739o
59909.591191  19.282  0.282    70   20 o  0   5.50 145.72529  31.85099   217.28 10147.98 2.18 1.64 -52.5 -0.513 19.50 20.65 02a59909o0743o
59909.606158  19.133  0.263    81   21 o  0   4.50 145.72529  31.85099 10464.03 10255.46 3.13 2.25 -51.5 -0.408 19.43 20.72 02a59909o0772o
59909.609064 -20.478  0.860   -23   20 o  0   0.89 145.72529  31.85099  2545.89    45.02 2.28 1.73 -58.2 -0.470 19.55 20.72 02a59909o0778o
59909.610765  22.114  6.022     5   31 o  0   1.88 145.72529  31.85099   237.39 10186.33 2.30 1.69 -51.6 -0.461 19.50 20.74 02a59909o0781o
59909.613932  18.882  0.250   102   25 o  0   1.87 145.72529  31.85099   178.78 10106.47 2.30 1.71 -53.7 -0.483 19.49 20.75 02a59909o0788o
59909.617096  20.190  0.892    30   27 o  0   2.78 145.72529  31.85099   155.59 10225.23 2.15 1.61 -53.2 -0.531 19.55 20.73 02a59909o0795o
59909.625554 -21.097  1.049   -13   14 c  0   1.76 145.72529  31.85099  2185.06  4051.51 4.09 3.44  47.3 -0.222 19.47 21.57 01a59909o0941c
59909.642701  19.811  0.278    43   12 c  0   1.65 145.72529  31.85099  2164.89  4008.08 3.30 2.95  49.4 -0.327 19.59 21.47 01a59909o0977c
59909.654923  20.533  0.992    22   22 c  0   1.20 145.72529  31.85099  2221.86  4083.04 3.39 3.04  47.3 -0.325 18.96 20.08 01a59909o1002c
59909.657120  19.920  0.678    39   26 c  0   1.26 145.72529  31.85099  2241.16  3966.61 3.95 3.39  46.8 -0.236 18.48 19.35 01a59909o1006c
59913.530092  18.530  0.150   141   21 o  0   4.51 145.72529  31.85099 10473.18 10131.82 2.35 1.85 -54.8 -0.441 19.45 20.50 02a59913o0675o
59913.535574  19.327  0.272    68   18 o  0   2.83 145.72529  31.85099 10453.27 10251.13 2.39 1.85 -56.6 -0.457 19.48 20.55 02a59913o0687o
59913.540108  18.803  0.206   109   23 o  0   2.59 145.72529  31.85099   234.14 10188.42 2.04 1.40 -55.9 -0.654 19.51 20.53 02a59913o0697o
59913.556773 -20.127  0.611   -32   20 o  0   0.88 145.72529  31.85099  2534.44    47.15 2.01 1.63 -61.0 -0.461 19.56 20.58 02a59913o0730o
59913.557225  19.333  0.379    67   26 o  0   2.30 145.72529  31.85099   148.84 10224.60 2.02 1.36 -58.0 -0.575 19.57 20.63 02a59913o0731o
59914.583622  19.160  0.185    79   15 o  0   3.01 145.72529  31.85099  8152.42  4368.26 2.51 2.09  33.8 -0.416 19.61 21.09 02a59914o0869o
59914.588292  19.076  0.172    85   15 o  0   2.68 145.72529  31.85099  8172.38  4407.15 2.52 2.11  35.7 -0.420 19.56 21.11 02a59914o0879o
59914.591088  19.913  0.401    39   16 o  0   2.20 145.72529  31.85099  8113.91  4331.24 2.57 2.13  35.4 -0.415 19.58 21.10 02a59914o0885o
59914.597009  18.642  0.123   127   16 o  0   5.98 145.72529  31.85099  8096.57  4445.85 2.57 2.13  33.2 -0.418 19.58 21.07 02a59914o0897o
59957.547420  19.533  0.339    56   19 o  0   1.67 145.72529  31.85099  7859.44  8644.32 2.32 2.03  35.7 -0.434 19.28 20.20 02a59957o0724o
59957.550585  19.353  0.282    66   19 o  0   1.70 145.72529  31.85099  7841.30  8606.54 2.34 2.04  33.6 -0.438 19.30 20.20 02a59957o0731o
59957.569551  19.359  0.285    66   19 o  0   1.75 145.72529  31.85099  7901.50  8689.10 2.36 2.01  30.7 -0.428 19.29 20.22 02a59957o0771o
59957.589008  17.038  1.117   556  621 o  0   0.12 145.72529  31.85099  7914.54  8569.91 2.37 2.04  37.3 -0.433 19.22 20.08 02a59957o0813o
59958.466163  19.146  0.242    80   19 o  0   1.76 145.72529  31.85099  2712.00  1929.01 2.11 1.94  44.7 -0.448 19.28 20.17 02a59958o0587o
59958.467976  19.320  0.270    68   18 o  0   4.09 145.72529  31.85099  2731.47  1968.83 2.18 1.98  45.5 -0.442 19.27 20.17 02a59958o0591o
59958.471593  19.245  0.291    73   21 o  0   1.69 145.72529  31.85099  2673.94  1890.11 2.13 1.98  47.3 -0.444 19.25 20.17 02a59958o0599o
59958.476621  19.302  0.309    69   21 o  0   1.53 145.72529  31.85099  2656.00  2007.03 2.15 1.99  46.2 -0.446 19.25 20.19 02a59958o0610o
59966.514676  20.343  0.907    26   24 o  0   0.83 145.72529  31.85099   193.15  4086.68 2.26 1.83  22.8 -0.423 19.48 20.72 02a59966o0662o
59966.515128  19.392  0.265    64   17 o  0   1.92 145.72529  31.85099 10270.06  4115.12 2.13 1.99  -4.2 -0.451 19.49 20.74 02a59966o0663o
59966.548874  19.281  0.324    70   23 o  0   1.51 145.72529  31.85099   170.02  4048.20 2.22 1.90  26.4 -0.386 19.44 20.65 02a59966o0733o
59966.549326  19.721  0.434    47   20 o  0   1.17 145.72529  31.85099 10245.56  4079.58 2.08 2.04 -17.3 -0.457 19.47 20.68 02a59966o0734o
59966.552186  19.244  0.307    73   22 o  0   1.14 145.72529  31.85099   232.60  4124.33 2.28 1.89  22.2 -0.410 19.43 20.65 02a59966o0739o
59966.552639  20.193  0.586    30   18 o  0   1.79 145.72529  31.85099 10308.17  4158.77 2.10 2.02 -13.3 -0.462 19.42 20.69 02a59966o0740o
59966.580641  19.218  0.283    75   21 o  0   0.86 145.72529  31.85099   242.36  4006.00 2.15 1.88  27.9 -0.426 19.49 20.73 02a59966o0797o
59966.581092  19.420  0.293    62   18 o  0   1.46 145.72529  31.85099 10317.51  4043.94 2.10 1.98  -4.5 -0.463 19.50 20.78 02a59966o0798o
59969.560932  18.947  0.213    96   20 o  0   1.29 145.72529  31.85099   184.39  4086.31 2.24 2.01  24.0 -0.395 19.37 20.80 02a59969o0516o
59969.561384  20.320  0.592    27   16 o  0   1.50 145.72529  31.85099 10259.51  4119.21 2.19 2.11 -11.3 -0.447 19.49 20.95 02a59969o0517o
59969.589912  19.583  0.278    53   15 o  0   1.99 145.72529  31.85099   158.89  4045.57 2.06 1.88  22.0 -0.419 19.51 20.84 02a59969o0577o
59969.590365  19.434  0.256    61   16 o  0   2.25 145.72529  31.85099 10232.08  4081.22 2.24 2.12 -86.0 -0.443 19.47 20.89 02a59969o0578o
59969.597665  19.848  0.553    42   23 o  0   0.90 145.72529  31.85099 10295.42  4167.27 2.08 1.98 -16.4 -0.464 19.51 20.85 02a59969o0593o
59969.598117  21.011  1.621    14   23 o  0   1.08 145.72529  31.85099   223.37  4128.23 2.06 1.84  23.2 -0.420 19.50 20.78 02a59969o0594o
59969.622974  20.469  0.726    24   17 o  0   1.48 145.72529  31.85099 10309.83  4045.66 2.09 1.93 -38.0 -0.466 19.47 20.72 02a59969o0645o
59985.232474  19.753  0.884    46   40 o  0   2.04 145.72529  31.85099  2647.72  1908.64 2.07 2.02  28.3 -0.410 18.22 18.46 04a59985o0486o
59985.235632  19.682  0.794    49   39 o  0   1.13 145.72529  31.85099  2669.90  1945.13 2.07 2.01  42.9 -0.402 18.24 18.46 04a59985o0493o
59985.241045  20.543  1.709    22   38 o  0   1.98 145.72529  31.85099  2617.53  1862.69 2.17 2.03  37.0 -0.404 18.21 18.45 04a59985o0505o
59985.251137  18.712  0.350   119   42 o  0   1.35 145.72529  31.85099  2607.41  1970.82 2.39 2.04  47.0 -0.398 18.18 18.42 04a59985o0527o
59989.181824  21.464  2.550     9   24 o  0   1.91 145.72529  31.85099  7898.44  8706.80 2.40 2.10 -46.4 -0.399 19.04 20.15 04a59989o0370o
59989.185430  19.169  0.290    78   23 o  0   1.47 145.72529  31.85099  7880.11  8667.86 2.27 1.99 -33.3 -0.416 19.07 20.12 04a59989o0378o
59989.190842  19.854  0.580    42   24 o  0   1.37 145.72529  31.85099  7938.32  8746.34 2.31 2.02 -23.5 -0.381 19.01 20.09 04a59989o0390o
59989.196249  19.539  0.471    56   26 o  0   1.16 145.72529  31.85099  7957.52  8629.68 2.44 2.08 -47.0 -0.407 18.99 20.10 04a59989o0402o
59993.174459  19.574  0.412    54   22 c  0   1.48 145.72529  31.85099 10277.48  4214.13 3.13 2.19 -20.7 -0.356 19.10 20.65 04a59993o0363c
59993.176264  20.179  0.681    31   21 c  0   1.65 145.72529  31.85099 10258.45  4175.18 3.08 2.22 -21.8 -0.359 19.14 20.72 04a59993o0367c
59993.179417 -21.219  2.136   -12   25 c  0   1.10 145.72529  31.85099 10319.32  4253.65 3.21 2.62 -16.0 -0.323 19.07 20.73 04a59993o0374c
59993.192667 -20.729  1.129   -19   21 c  0   1.45 145.72529  31.85099 10304.03  6425.08 2.94 2.24 -17.9 -0.381 19.22 20.83 04a59993o0403c
59993.199478  23.019  8.077     2   18 c  0   1.77 145.72529  31.85099   172.17  6489.62 2.50 2.12  70.4 -0.370 19.26 20.85 04a59993o0418c
59993.199928  20.066  0.593    34   20 c  0   1.26 145.72529  31.85099 10331.38  6457.47 3.00 2.27 -15.1 -0.391 19.19 20.86 04a59993o0419c
59993.203600 -19.716  0.450   -47   21 c  0   1.43 145.72529  31.85099 10275.60  6378.46 2.99 2.24 -16.4 -0.387 19.15 20.72 04a59993o0427c
59993.238831 -20.472  0.981   -24   23 c  0   1.65 145.72529  31.85099 10288.28  6471.63 2.89 2.23 -19.0 -0.394 19.06 20.60 04a59993o0504c
59997.140200 -20.555  0.821   -22   18 c  0   1.66 145.72529  31.85099   214.08  4216.98 2.71 2.29  45.2 -0.347 19.13 20.86 04a59997o0144c
59997.142929  20.380  0.885    26   23 c  0   0.86 145.72529  31.85099   194.78  4179.44 2.97 2.38  50.8 -0.320 19.09 20.92 04a59997o0148c
59997.146083 -22.655  5.938    -3   19 c  0   1.44 145.72529  31.85099   256.27  4254.02 2.59 2.29  50.9 -0.365 19.14 20.90 04a59997o0155c
59997.162245  20.385  0.623    26   16 c  0   1.81 145.72529  31.85099   279.42  4135.59 2.49 2.15  50.4 -0.363 19.25 20.98 04a59997o0188c
59997.162696 -20.877  1.391   -16   22 c  0   1.57 145.72529  31.85099 10277.59  4213.12 3.20 2.43 -20.4 -0.350 19.18 20.95 04a59997o0189c
59997.188762 -21.497  1.882    -9   17 c  0   1.86 145.72529  31.85099   252.74  6452.08 2.40 2.11  72.4 -0.376 19.18 20.83 04a59997o0246c
59997.200948  19.065  0.364    86   31 c  0   1.15 145.72529  31.85099   206.74  6361.34 2.46 2.09  66.8 -0.376 19.22 20.87 04a59997o0273c
59997.204103 -20.781  1.573   -18   28 c  0   1.37 145.72529  31.85099   188.76  6474.22 2.54 2.16  71.2 -0.377 18.96 20.63 04a59997o0280c
59998.379349  20.612  0.748    21   15 c  0   1.33 145.72529  31.85099   952.99  1432.22 2.48 2.35  88.2 -0.445 19.31 21.17 02a59998o0213c
59998.380707  20.598  0.785    21   16 c  0   2.25 145.72529  31.85099   972.04  1470.67 2.49 2.32 -82.7 -0.445 19.38 21.23 02a59998o0216c
59998.383418  20.821  0.788    17   13 c  0   2.09 145.72529  31.85099   913.40  1392.11 2.55 2.37 -76.0 -0.445 19.41 21.30 02a59998o0222c
59998.419323  21.028  0.910    14   13 c  0   2.97 145.72529  31.85099  9695.06  3126.44 2.54 2.48 -37.7 -0.396 19.54 21.53 02a59998o0288c
60001.140777 -22.364  4.952    -4   20 c  0   1.33 145.72529  31.85099  5826.88 10248.24 3.16 2.10 -72.7 -0.359 19.43 21.23 04a60001o0250c
60001.143512 -24.838 44.500    -0   19 c  0   1.19 145.72529  31.85099  5808.23 10209.13 3.23 2.25 -70.5 -0.339 19.34 21.22 04a60001o0254c
60001.144875  19.161  0.399    79   31 c  0   0.82 145.72529  31.85099  8100.11    93.17 2.89 2.24 -15.3 -0.379 19.29 21.08 04a60001o0257c
60001.146678  20.154  1.344    32   42 c  0   0.93 145.72529  31.85099  8080.36    53.46 2.88 2.25 -12.6 -0.365 19.28 21.07 04a60001o0261c
60001.147129  20.786  1.130    18   20 c  0   1.42 145.72529  31.85099  5866.83 10286.44 3.19 1.97 -72.1 -0.384 19.37 21.21 04a60001o0262c
60001.150764 -20.924  1.427   -16   22 c  0   1.03 145.72529  31.85099  8140.57   132.67 2.86 2.28 -14.4 -0.368 19.29 21.06 04a60001o0268c
60001.152566  20.500  0.669    23   15 c  0   1.58 145.72529  31.85099  5884.56 10168.84 3.02 2.06 -74.0 -0.367 19.43 21.19 04a60001o0272c
60001.471304  21.225  1.400    12   16 c  0   2.16 145.72529  31.85099  4391.81  6078.57 3.19 3.03  40.4 -0.376 19.33 21.39 02a60001o0180c
60001.474467  21.009  1.190    14   17 c  0   2.75 145.72529  31.85099  4373.32  6038.08 3.22 3.12  42.3 -0.390 19.29 21.39 02a60001o0187c
60001.479895 -20.988  1.250   -15   18 c  0   2.07 145.72529  31.85099  4430.88  6118.43 3.25 3.07  29.7 -0.377 19.26 21.39 02a60001o0199c
60001.489834  20.082  0.515    34   17 c  0   2.55 145.72529  31.85099  4452.31  6001.53 3.27 3.13  41.8 -0.375 19.26 21.38 02a60001o0220c
60005.134543  19.827  0.905    43   38 o  0   1.11 145.72529  31.85099  5830.86 10247.35 2.73 1.89 -72.1 -0.417 18.40 18.74 04a60005o0302o
60005.135453 -21.945  7.743    -6   47 o  0   1.22 145.72529  31.85099  8103.11    92.82 2.57 2.07 -24.4 -0.420 18.28 18.68 04a60005o0304o
60005.138160  19.932  0.992    39   38 o  0   1.11 145.72529  31.85099  5812.57 10207.91 2.59 1.90 -70.3 -0.447 18.41 18.72 04a60005o0310o
60005.138611  19.869  1.385    41   57 o  0   1.52 145.72529  31.85099  8084.26    52.65 2.60 2.29 -44.9 -0.392 18.28 18.64 04a60005o0311o
60005.142222  18.998  0.504    91   46 o  0   0.86 145.72529  31.85099  8144.91   131.48 2.56 2.23 -41.7 -0.415 18.30 18.66 04a60005o0319o
60005.143573  20.196  1.084    30   33 o  0   1.43 145.72529  31.85099  5870.30 10286.00 2.81 1.89 -74.3 -0.384 18.46 18.91 04a60005o0322o
60005.158491  19.989  0.913    37   34 o  0   1.36 145.72529  31.85099  5890.67 10167.41 2.77 1.88 -77.8 -0.404 18.47 18.95 04a60005o0354o
60013.158437  21.376  3.573    10   36 o  0   1.06 145.72529  31.85099  6401.24  6655.09 2.04 1.90 -28.1 -0.416 18.34 18.68 04a60013o0328o
60013.163538  19.952  0.786    38   30 o  0   1.29 145.72529  31.85099  6423.79  6689.10 2.05 1.89 -35.0 -0.411 18.37 18.67 04a60013o0338o
60013.166192  20.047  1.095    35   38 o  0   1.02 145.72529  31.85099  6368.57  6610.71 2.02 1.84 -20.2 -0.405 18.40 18.64 04a60013o0343o
60013.176020 -20.932  2.421   -15   37 o  0   1.61 145.72529  31.85099  6357.10  6720.88 2.01 1.88 -22.8 -0.420 18.40 18.59 04a60013o0360o
60014.379752  19.178  0.296    77   23 o  0   1.67 145.72529  31.85099  2578.95  7340.05 2.67 2.36  23.3 -0.371 18.87 19.82 02a60014o0210o
60014.382920  19.571  0.813    54   44 o  0   1.43 145.72529  31.85099  2559.56  7300.20 2.58 2.25  27.2 -0.371 18.15 19.29 02a60014o0217o
60014.393968  19.876  0.636    41   26 o  0   1.79 145.72529  31.85099  2616.41  7372.94 2.50 2.09  29.6 -0.396 19.06 19.94 02a60014o0239o
60014.399847  19.034  0.278    88   25 o  0   1.92 145.72529  31.85099  2637.07  7257.64 2.54 2.11  30.3 -0.385 18.93 19.90 02a60014o0252o
60015.890047  19.438  0.400    61   24 o  0   1.58 145.72529  31.85099  2802.58  1888.09 2.46 2.17 -74.3 -0.382 18.89 19.71 03a60016o0339o
60015.893212 -22.054  4.892    -6   27 o  0   1.18 145.72529  31.85099  2820.93  1928.22 2.43 2.15 -70.4 -0.390 18.88 19.70 03a60016o0346o
60015.899527  19.700  0.455    48   22 o  0   2.03 145.72529  31.85099  2766.19  1848.56 2.43 2.20 -67.2 -0.380 18.87 19.66 03a60016o0360o
60015.909933  19.352  0.399    66   26 o  0   2.28 145.72529  31.85099  2745.33  1964.78 2.42 2.14 -69.7 -0.386 18.85 19.65 03a60016o0383o
60017.123622 -20.979  1.846   -15   27 o  0   1.84 145.72529  31.85099  8406.73 10250.32 2.43 2.40 -46.9 -0.379 18.92 19.96 04a60017o0289o
60017.126269  19.437  0.436    61   27 o  0   2.41 145.72529  31.85099  8429.65 10286.92 2.46 2.29 -49.7 -0.391 18.84 19.88 04a60017o0294o
60017.131996  20.758  1.645    18   30 o  0   1.97 145.72529  31.85099  8375.74 10204.82 2.24 2.11 -51.9 -0.444 18.90 19.83 04a60017o0305o
60017.136468 -20.148  1.446   -32   46 o  0   6.10 145.72529  31.85099 10374.99    65.52 3.52 2.42 -31.6 -0.280 18.96 19.98 04a60017o0314o
60017.137370  19.224  0.439    74   33 o  0   1.05 145.72529  31.85099   643.87    37.55 3.30 1.88  46.3 -0.416 18.96 19.99 04a60017o0316o
60017.142438  19.511  0.608    57   35 o  0   3.03 145.72529  31.85099  8365.01 10313.85 2.47 2.34 -65.3 -0.386 18.84 19.76 04a60017o0327o
60017.173355  20.934  2.354    15   36 o  0   0.72 145.72529  31.85099   605.94    42.98 3.56 1.75  48.9 -0.377 18.93 19.89 04a60017o0392o
60017.451534  22.578  5.074     3   17 o  0   1.87 145.72529  31.85099  2592.37  7330.49 2.15 1.95  23.6 -0.429 19.24 20.38 02a60017o0075o
60017.454715  19.342  0.297    66   20 o  0   1.38 145.72529  31.85099  2574.05  7291.37 2.15 1.93  20.8 -0.427 19.36 20.48 02a60017o0082o
60017.474075  21.199  1.710    12   21 o  0   1.09 145.72529  31.85099  2640.05  7362.76 2.20 2.02  19.7 -0.420 19.29 20.33 02a60017o0123o
60017.478178  20.163  0.745    31   23 o  0   1.06 145.72529  31.85099  2662.09  7246.41 2.28 2.03  15.9 -0.415 19.25 20.32 02a60017o0132o
60018.398361  20.285  0.567    28   16 o  0   2.27 145.72529  31.85099  6493.22  1517.88 1.98 1.85  51.2 -0.442 19.50 20.78 02a60018o0392o
60018.401527  23.045  9.045     2   20 o  0   1.12 145.72529  31.85099  6473.87  1476.63 1.96 1.84  43.8 -0.445 19.51 20.78 02a60018o0399o
60018.406954  19.585  0.334    53   18 o  0   1.64 145.72529  31.85099  6535.25  1559.26 2.02 1.86  43.9 -0.439 19.48 20.76 02a60018o0411o
60018.417963  19.708  0.398    48   19 o  0   1.56 145.72529  31.85099  6559.05  1436.45 2.05 1.86  49.6 -0.436 19.36 20.61 02a60018o0435o
60019.907989  21.727  2.879     7   21 c  0   1.14 145.72529  31.85099  2803.43  1893.20 2.44 2.21 -81.0 -0.395 19.09 20.85 03a60020o0065c
60019.911155 -20.333  0.694   -27   18 c  0   1.97 145.72529  31.85099  2821.71  1933.21 2.44 2.21 -85.0 -0.398 19.15 20.92 03a60020o0072c
60019.919967  19.295  0.302    70   21 c  0   2.28 145.72529  31.85099  2768.04  1853.68 2.52 2.32 -84.4 -0.394 18.43 20.36 03a60020o0091c
60019.963087  19.500  0.457    58   26 c  0   2.27 145.72529  31.85099  2756.01  1969.49 2.74 2.48  84.1 -0.383 18.98 20.73 03a60020o0119c
60021.133469  19.840  0.540    42   23 o  0   2.52 145.72529  31.85099  8428.35 10231.33 2.51 2.38 -68.4 -0.388 18.95 19.96 04a60021o0319o
60021.136631  19.671  0.547    49   27 o  0   2.56 145.72529  31.85099  8451.12 10267.94 2.51 2.47  19.3 -0.380 18.93 19.93 04a60021o0326o
60021.165054  21.648  3.860     8   31 o  0   2.19 145.72529  31.85099  8415.12 10171.88 2.47 2.32 -63.6 -0.396 18.97 20.02 04a60021o0386o
60021.170390  20.262  0.953    28   27 o  0   1.91 145.72529  31.85099  8397.59 10287.18 2.30 2.13 -65.0 -0.434 18.94 19.94 04a60021o0396o
60021.394977  20.146  0.518    32   16 o  0   1.69 145.72529  31.85099  6493.11  1514.98 1.91 1.87  58.1 -0.447 19.51 20.74 02a60021o0381o
60021.398140  20.934  0.906    15   14 o  0   2.91 145.72529  31.85099  6473.43  1475.46 1.89 1.87  76.8 -0.449 19.52 20.73 02a60021o0388o
60021.404792  19.907  0.465    40   18 o  0   1.67 145.72529  31.85099  6534.35  1552.53 1.94 1.89  86.0 -0.447 19.52 20.74 02a60021o0401o
60021.414907  20.665  0.759    20   15 o  0   1.68 145.72529  31.85099  6559.33  1435.85 1.95 1.85  66.0 -0.451 19.52 20.74 02a60021o0423o
60022.273411 -23.950 17.875    -1   17 o  0   2.88 145.72529  31.85099  6329.24  5604.50 2.34 1.85  36.3 -0.452 19.45 20.45 02a60022o0118o
60022.275220 -21.665  2.078    -8   16 o  0   2.22 145.72529  31.85099  6348.71  5643.08 2.38 1.86  35.3 -0.446 19.42 20.46 02a60022o0122o
60022.282042  20.730  0.890    18   16 o  0   3.25 145.72529  31.85099  6295.01  5567.10 2.38 1.85  37.0 -0.444 19.43 20.48 02a60022o0135o
60022.287613  20.562  0.798    22   17 o  0   2.56 145.72529  31.85099  6276.78  5682.93 2.31 1.87  38.9 -0.444 19.45 20.49 02a60022o0147o
60025.107554  25.995 144.000     0   21 o  0   1.86 145.72529  31.85099  6141.19  4454.48 2.16 2.03 -38.5 -0.418 19.07 20.27 04a60025o0254o
60025.111167  20.594  0.966    21   20 o  0   2.80 145.72529  31.85099  6163.91  4489.82 2.11 2.02 -31.3 -0.422 19.07 20.25 04a60025o0262o
60025.118386  20.666  0.908    20   18 o  0   2.11 145.72529  31.85099  6113.68  4406.17 2.06 1.89 -23.3 -0.417 19.06 20.27 04a60025o0278o
60025.152467 -21.762  3.182    -7   23 o  0   1.24 145.72529  31.85099  6127.57  4496.10 2.07 1.90 -27.6 -0.407 19.08 20.31 04a60025o0346o
60026.469182 -19.630  1.278   -51   65 o  0   1.15 145.72529  31.85099 10325.20  1439.95 2.14 1.68 -56.0 -0.540 18.03 19.14 02a60026o0239o
60026.474366  20.135  2.268    32   73 o  0   1.45 145.72529  31.85099 10302.79  1396.95 2.07 1.71 -55.1 -0.519 16.99 18.05 02a60026o0250o
60029.095862  19.948  0.644    38   24 o  0   1.14 145.72529  31.85099  6140.85  4454.70 2.20 2.15 -34.9 -0.415 18.86 19.95 04a60029o0262o
60029.099543  19.257  0.320    72   23 o  0   1.65 145.72529  31.85099  6163.97  4489.92 2.16 2.02 -17.6 -0.409 18.84 19.96 04a60029o0270o
60029.105077  19.748  0.490    46   22 o  0   1.69 145.72529  31.85099  6112.27  4408.35 2.14 2.05  -7.0 -0.417 18.92 19.95 04a60029o0282o
60029.115185 -20.094  0.743   -33   25 o  0   1.52 145.72529  31.85099  6102.11  4516.46 2.15 2.03 -22.1 -0.431 18.89 19.96 04a60029o0304o
60029.331749  20.891  1.268    16   20 o  0   1.82 145.72529  31.85099   204.70  1418.29 2.25 1.99 -54.8 -0.448 19.39 20.44 02a60029o0238o
60029.334915  22.401  5.156     4   20 o  0   1.19 145.72529  31.85099   185.26  1379.05 2.30 1.96 -58.7 -0.448 19.41 20.46 02a60029o0245o
60029.341726  21.730  2.902     7   21 o  0   1.22 145.72529  31.85099   244.54  1453.73 2.25 1.92 -58.1 -0.457 19.41 20.49 02a60029o0259o
60029.343994  19.990  0.555    37   20 o  0   1.48 145.72529  31.85099 10308.20  1451.54 2.12 1.61 -58.0 -0.498 19.43 20.53 02a60029o0264o
60029.360498  21.478  2.349     9   22 o  0   1.08 145.72529  31.85099 10290.50  1411.70 2.22 1.69 -55.4 -0.507 19.50 20.68 02a60029o0297o
60029.362984  20.926  1.163    16   18 o  0   1.40 145.72529  31.85099   265.25  1331.36 2.27 2.02 -56.1 -0.440 19.42 20.68 02a60029o0302o
60029.363886  20.323  0.740    27   20 o  0   1.29 145.72529  31.85099 10348.62  1485.02 2.27 1.68 -56.0 -0.486 19.47 20.72 02a60029o0304o
60029.371647  21.702  2.842     8   22 o  0   1.21 145.72529  31.85099 10372.11  1373.97 2.14 1.61 -55.7 -0.500 19.47 20.72 02a60029o0320o
60030.330944  20.929  1.365    15   21 o  0   1.25 145.72529  31.85099   211.76  1428.02 2.52 1.92 -59.3 -0.455 19.40 20.51 02a60030o0229o
60030.335366  21.559  2.500     9   22 o  0   1.26 145.72529  31.85099   191.21  1382.82 2.39 1.93 -59.6 -0.457 19.39 20.53 02a60030o0238o
60030.338088  23.019 11.444     2   26 o  0   1.12 145.72529  31.85099 10315.60  1460.60 2.42 1.74 -60.6 -0.503 19.42 20.56 02a60030o0244o
60030.341413  20.540  1.050    22   23 o  0   1.10 145.72529  31.85099   252.49  1462.84 2.53 1.95 -54.8 -0.450 19.44 20.52 02a60030o0251o
60030.349442  19.948  0.548    38   21 o  0   1.70 145.72529  31.85099 10295.39  1417.85 2.33 1.75 -58.3 -0.488 19.39 20.55 02a60030o0266o
60030.352743  20.080  0.592    34   20 o  0   1.49 145.72529  31.85099 10354.45  1496.06 2.25 1.72 -58.2 -0.494 19.40 20.55 02a60030o0273o
60030.353194 -21.834  3.000    -7   20 o  0   1.32 145.72529  31.85099   271.83  1342.85 2.18 1.93 -49.6 -0.489 19.42 20.51 02a60030o0274o
60030.359932  19.869  0.575    41   24 o  0   0.97 145.72529  31.85099 10376.12  1380.32 2.22 1.60 -57.4 -0.508 19.44 20.56 02a60030o0288o
60033.059004 -22.907 14.312    -2   36 o  0   1.42 145.72529  31.85099  6305.11  6083.93 2.38 2.08 -48.3 -0.398 18.41 18.98 04a60033o0188o
60033.094335  19.925  0.817    39   32 o  0   1.25 145.72529  31.85099  6294.44  6041.35 2.21 1.99 -32.9 -0.394 18.45 19.04 04a60033o0264o
60033.115019  21.891  4.062     6   26 o  0   2.06 145.72529  31.85099  4201.54  4482.29 2.08 2.01  85.4 -0.414 18.51 19.25 04a60033o0308o
60033.118246 -20.233  1.046   -29   31 o  0   1.03 145.72529  31.85099  4184.30  4595.41 2.03 1.93 -85.8 -0.398 18.50 19.29 04a60033o0315o
60033.267866 -22.229 19.692    -5   92 o  0   1.80 145.72529  31.85099 10234.29  8405.74 2.49 2.09 -57.1 -0.431 17.94 18.28 02a60033o0090o
60033.270381 -19.478  2.474   -59  145 o  0   1.69 145.72529  31.85099 10256.65  8445.11 2.39 2.10 -54.8 -0.423 17.60 17.76 02a60033o0095o
60033.274007  20.003  4.398    36  159 o  0   2.21 145.72529  31.85099 10195.68  8368.90 2.39 2.11 -61.6 -0.439 17.43 17.50 02a60033o0103o
60033.302971  19.448  1.949    60  118 o  0   1.42 145.72529  31.85099 10174.02  8492.39 2.42 2.13 -59.5 -0.445 17.77 18.02 02a60033o0159o
60033.329666 -19.534  0.554   -56   31 o  0   1.66 145.72529  31.85099 10491.27  2203.14 2.27 1.64 -57.5 -0.497 18.96 19.52 02a60033o0208o
60033.358333  19.822  0.615    43   26 o  0   1.13 145.72529  31.85099 10468.62  2158.32 2.13 1.61 -55.9 -0.516 19.00 19.61 02a60033o0264o
60038.111902  18.178  0.931   194  181 o  0   1.35 145.72529  31.85099  4269.36  4554.13 2.24 2.16  88.3 -0.446 16.27 16.36 04a60038o0313o
60038.124310  18.960  1.408    95  133 o  0   0.78 145.72529  31.85099  4220.10  4468.94 2.10 1.97  85.0 -0.431 16.81 16.91 04a60038o0340o
60038.133525 -18.237  0.829  -184  153 o  0   1.10 145.72529  31.85099  4207.88  4580.38 2.13 2.09  83.9 -0.387 16.43 16.46 04a60038o0360o
60039.386159  17.999  0.368   229   84 o  0   1.02 145.72529  31.85099  4370.59  1916.76 2.07 1.86  36.7 -0.452 17.28 17.24 02a60039o0363o
60039.390171  18.054  0.430   218   94 o  0   1.15 145.72529  31.85099  4352.16  1877.62 2.12 1.89  38.3 -0.422 17.19 17.13 02a60039o0371o
60039.395612 -20.046  1.549   -35   54 o  0   1.45 145.72529  31.85099  4413.01  1954.67 2.10 1.86  37.5 -0.499 17.65 17.75 02a60039o0382o
60039.406042  18.883  0.785   102   80 o  0   1.09 145.72529  31.85099  4437.69  1836.13 2.13 1.90  41.0 -0.420 17.28 17.44 02a60039o0405o
60041.336439  20.117  1.121    33   36 o  0   1.81 145.72529  31.85099  6023.20  8227.04 2.41 2.00  36.6 -0.431 18.75 19.29 02a60041o0244o
60041.340058  19.024  0.462    89   41 o  0   1.43 145.72529  31.85099  6006.18  8188.32 2.40 2.01  35.4 -0.432 18.77 19.30 02a60041o0252o
60041.348173  19.611  0.785    52   41 o  0   1.70 145.72529  31.85099  6062.50  8263.65 2.45 2.03  35.4 -0.422 18.78 19.30 02a60041o0269o
60041.359255 -19.178  0.586   -77   45 o  0   1.24 145.72529  31.85099  6083.43  8145.31 2.43 2.01  35.5 -0.425 18.71 19.23 02a60041o0293o
60043.350851  21.410  2.344    10   23 o  0   0.91 145.72529  31.85099   520.62  5845.91 1.97 1.83   2.4 -0.436 18.99 19.67 02a60043o0285o
60043.351302  20.006  0.708    36   26 o  0   1.05 145.72529  31.85099 10420.41  5894.86 2.11 1.98 -39.3 -0.464 19.05 19.77 02a60043o0286o
60043.354039 -20.517  1.065   -23   24 o  0   5.40 145.72529  31.85099   501.45  5807.20 1.95 1.81   3.3 -0.425 18.93 19.58 02a60043o0292o
60043.354490 -21.580  3.712    -8   31 o  0   1.02 145.72529  31.85099 10401.42  5855.33 2.11 1.97 -36.1 -0.472 18.95 19.55 02a60043o0293o
60043.360589  20.784  1.985    18   35 o  0   0.78 145.72529  31.85099   560.09  5883.08 1.99 1.85   4.1 -0.417 18.72 19.35 02a60043o0306o
60043.363762 -22.743 13.889    -3   40 o  0   1.01 145.72529  31.85099 10460.77  5934.00 2.14 1.98 -40.3 -0.478 18.69 19.35 02a60043o0313o
60043.370947 -21.233  5.821   -12   68 o  0   1.23 145.72529  31.85099   584.14  5765.10 1.95 1.84  -9.8 -0.416 18.28 18.61 02a60043o0328o
60043.387931  19.063  0.625    86   54 o  0   1.19 145.72529  31.85099 10485.70  5815.36 2.18 1.99 -39.5 -0.485 18.44 18.99 02a60043o0364o
60044.070183  19.548  0.616    55   34 o  0   0.90 145.72529  31.85099  4252.05  8201.10 2.16 1.80 -68.9 -0.440 18.66 19.31 04a60044o0227o
60044.073399  20.522  1.354    22   30 o  0   1.14 145.72529  31.85099  4274.45  8237.51 2.26 1.85 -73.6 -0.415 18.61 19.30 04a60044o0234o
60044.083612  19.705  0.583    48   28 o  0   1.65 145.72529  31.85099  4225.07  8152.37 2.35 1.90 -73.6 -0.407 18.54 19.26 04a60044o0256o
60044.092608 -24.753 59.667    -0   27 o  0   1.77 145.72529  31.85099  4213.13  8262.96 2.42 1.95 -80.2 -0.384 18.50 19.23 04a60044o0275o
60045.375599 -21.078  1.011   -14   14 c  0   1.81 145.72529  31.85099  6519.42  2318.43 2.48 2.41  62.2 -0.399 19.46 21.31 02a60045o0250c
60045.378799 -20.583  0.679   -21   14 c  0   1.74 145.72529  31.85099  6501.56  2280.72 2.55 2.49  72.9 -0.393 19.45 21.30 02a60045o0257c
60045.389569  20.104  0.521    33   17 c  0   1.45 145.72529  31.85099  6564.07  2357.59 2.52 2.45  59.0 -0.393 19.33 21.10 02a60045o0280c
60045.395951 -21.571  1.945    -8   17 c  0   1.35 145.72529  31.85099  6587.05  2240.49 2.47 2.40  88.8 -0.398 19.40 21.07 02a60045o0294c
60047.387384  20.565  0.737    22   16 c  0   1.81 145.72529  31.85099  6611.22  4258.66 2.80 2.62  42.4 -0.390 19.34 21.12 02a60047o0111c
60047.394025  22.609  7.286     3   24 c  0   1.25 145.72529  31.85099  6594.88  4219.43 2.70 2.48  35.6 -0.392 18.96 20.68 02a60047o0125c
60047.400087  23.400 23.250     2   37 c  0   2.12 145.72529  31.85099  6655.64  4295.97 2.62 2.46  31.9 -0.396 18.34 19.91 02a60047o0138c
60047.412558 -20.229  1.364   -29   40 c  0   1.31 145.72529  31.85099  6680.19  4179.20 2.68 2.50  36.0 -0.391 18.17 19.72 02a60047o0165c
60049.386801  20.601  0.859    21   18 c  0   1.32 145.72529  31.85099   339.34   378.23 2.36 2.07 -69.2 -0.451 19.53 21.18 02a60049o0339c
60049.389974  21.581  1.841     8   16 c  0   1.49 145.72529  31.85099   320.83   337.91 2.39 2.06 -66.8 -0.455 19.46 21.18 02a60049o0346c
60049.395255  19.785  0.368    44   16 c  0   1.58 145.72529  31.85099   384.41   415.19 2.36 2.06 -68.3 -0.464 19.48 21.16 02a60049o0357c
60049.429882  19.766  0.404    45   18 c  0   0.81 145.72529  31.85099   417.30   294.14 2.37 2.06 -65.9 -0.470 19.39 21.01 02a60049o0426c
60049.430334 -15.951  0.028 -1513   42 c  0  18.19 145.72529  31.85099  8301.39 10527.84 2.68 2.59  -3.0 -0.400 19.44 21.07 02a60049o0427c
60050.035303  21.002  1.424    14   21 c  0   1.73 145.72529  31.85099  8068.52  4344.11 2.83 2.43 -15.8 -0.365 18.95 20.46 04a60050o0166c
60050.038984  19.985  0.571    37   21 c  0   2.15 145.72529  31.85099  8091.48  4378.90 2.83 2.42 -17.0 -0.357 18.97 20.47 04a60050o0174c
60050.049123 -22.759  6.643    -3   19 c  0   1.66 145.72529  31.85099  8044.71  4294.39 2.76 2.32 -15.6 -0.365 19.00 20.50 04a60050o0196c
60050.054667  20.511  0.939    23   21 c  0   1.78 145.72529  31.85099  8030.36  4405.74 2.74 2.23 -17.6 -0.380 19.04 20.49 04a60050o0208c
60051.345374 -21.219  1.500   -12   18 c  0   0.97 145.72529  31.85099  2687.50  6194.49 2.34 2.22  32.9 -0.414 19.56 21.29 02a60051o0198c
60051.349489 -21.660  2.351    -8   18 c  0   1.06 145.72529  31.85099  2667.77  6155.76 2.35 2.26  24.0 -0.419 19.53 21.29 02a60051o0207c
60051.355853  20.698  0.971    19   18 c  0   1.38 145.72529  31.85099  2726.90  6232.48 2.32 2.26  27.3 -0.417 19.55 21.28 02a60051o0221c
60051.366426  21.803  2.400     7   17 c  0   1.74 145.72529  31.85099  2749.53  6116.11 2.33 2.27  27.1 -0.418 19.49 21.26 02a60051o0244c
60055.334426  20.342  0.548    26   14 c  0   1.40 145.72529  31.85099  8474.20  5939.85 2.59 2.38  32.4 -0.403 19.53 21.13 02a60055o0237c
60055.338059  21.674  2.592     8   20 c  0   0.87 145.72529  31.85099  8455.73  5899.52 2.58 2.37  29.2 -0.402 19.51 21.12 02a60055o0245c
60055.344894  25.128 50.500     0   16 c  0   1.95 145.72529  31.85099  8515.55  5976.11 2.60 2.41  26.7 -0.406 19.52 21.10 02a60055o0260c
60055.354812  20.016  0.435    36   16 c  0   1.82 145.72529  31.85099  8537.75  5860.57 2.68 2.41  29.8 -0.397 19.47 21.06 02a60055o0281c
60056.030184  25.582 92.000     0   20 c  0   1.71 145.72529  31.85099  2264.04  8284.35 2.83 2.26 -82.7 -0.348 18.94 20.52 04a60056o0163c
60056.033871  19.962  0.557    38   21 c  0   1.31 145.72529  31.85099  2287.19  8320.29 2.77 2.22 -80.5 -0.354 18.94 20.50 04a60056o0171c
60056.053649  21.534  2.214     9   20 c  0   1.97 145.72529  31.85099  2248.50  8225.94 2.80 2.27 -82.4 -0.343 18.93 20.48 04a60056o0213c
60056.059080  21.156  1.613    12   20 c  0   1.95 145.72529  31.85099  2232.38  8339.36 2.76 2.17 -80.3 -0.356 18.96 20.46 04a60056o0225c
60057.298415  20.631  0.652    20   13 c  0   1.95 145.72529  31.85099  8500.54  2257.22 2.28 2.20 -66.2 -0.413 19.54 21.15 02a60057o0153c
60057.302039  20.703  0.819    19   16 c  0   1.57 145.72529  31.85099  8481.02  2218.22 2.33 2.24 -77.0 -0.407 19.53 21.15 02a60057o0161c
60057.308068 -23.593 11.800    -1   16 c  0   1.32 145.72529  31.85099  8540.40  2294.59 2.33 2.23 -62.1 -0.411 19.52 21.14 02a60057o0174c
60057.321346 -20.801  0.606   -17   10 c  0   3.30 145.72529  31.85099  8564.98  2178.09 2.38 2.24 -67.2 -0.412 19.51 21.13 02a60057o0203c
60059.279026  20.909  1.264    16   20 o  0   1.40 145.72529  31.85099  2216.91  8449.22 1.99 1.89 -14.1 -0.450 19.28 20.22 02a60059o0109o
60059.284343  20.697  1.023    19   20 o  0   1.49 145.72529  31.85099  2198.23  8407.41 2.01 1.91 -15.8 -0.444 19.32 20.20 02a60059o0120o
60059.287983 -19.687  0.471   -48   23 o  0   1.06 145.72529  31.85099  2255.49  8485.62 1.96 1.82  -8.9 -0.449 19.29 20.20 02a60059o0128o
60059.298075 -21.173  1.595   -12   20 o  0   1.09 145.72529  31.85099  2275.65  8363.94 2.00 1.88 -35.4 -0.442 19.29 20.24 02a60059o0150o
60062.048352 -21.728  5.400    -7   40 o  0   1.82 145.72529  31.85099   263.33  6372.79 2.65 2.24  74.8 -0.351 18.23 18.83 04a60062o0098o
60062.051507  24.228 56.000     1   41 o  0   1.07 145.72529  31.85099   285.07  6410.22 2.66 2.22  75.0 -0.353 18.26 18.86 04a60062o0105o
60062.057004  21.952  5.879     6   35 o  0   1.64 145.72529  31.85099   229.19  6327.95 2.65 2.22  74.3 -0.338 18.25 18.84 04a60062o0117o
60062.070685 -22.006  7.700    -6   44 o  0   1.31 145.72529  31.85099   220.09  6436.48 2.78 2.23  72.5 -0.326 18.18 18.70 04a60062o0144o
60067.312387 -22.007  4.143    -6   24 o  0   1.22 145.72529  31.85099  4356.00  3854.20 2.28 1.87  37.5 -0.455 18.82 19.15 02a60067o0174o
60067.315553 -19.870  0.614   -41   25 o  0   1.84 145.72529  31.85099  4338.39  3815.83 2.26 1.86  38.8 -0.459 18.84 19.16 02a60067o0181o
60067.330399  20.346  1.031    26   27 o  0   1.07 145.72529  31.85099  4402.24  3891.27 2.34 1.87  37.2 -0.442 18.77 19.09 02a60067o0213o
60067.335930 -22.214  5.075    -5   24 o  0   1.38 145.72529  31.85099  4423.69  3773.73 2.31 1.88  36.4 -0.447 18.75 19.08 02a60067o0225o
60067.991985 -18.775  0.526  -112   59 o  0   1.57 145.72529  31.85099  8412.38 10240.30 2.65 2.45 -63.0 -0.415 18.08 18.46 04a60068o0097o
60068.001866  22.072  7.920     5   43 o  0   3.26 145.72529  31.85099  8442.96 10271.83 2.66 2.43 -53.1 -0.385 18.09 18.43 04a60068o0118o
60068.008117  21.487  5.675     9   52 o  0   1.61 145.72529  31.85099  8386.92 10189.36 2.77 2.53 -63.4 -0.371 18.02 18.44 04a60068o0131o
60068.014714  23.528 32.571     1   46 o  0   1.49 145.72529  31.85099  8373.66 10302.23 2.55 2.25 -53.9 -0.437 18.05 18.40 04a60068o0145o
60069.300788 -18.194  0.306  -192   58 o  0   0.78 145.72529  31.85099   296.29 10494.42 2.15 1.56 -52.3 -0.507 18.72 19.01 02a60069o0146o
60069.301241 -15.498  0.130 -2294  298 o  0   3.91 145.72529  31.85099 10094.00 10529.11 2.65 2.11 -52.3 -0.431 18.74 19.03 02a60069o0147o
60069.302615 -20.103  1.097   -33   36 o  0   0.88 145.72529  31.85099  2330.86   260.45 2.05 1.80 -65.8 -0.446 18.68 19.01 02a60069o0150o
60069.305913  20.079  0.919    34   31 o  0   1.01 145.72529  31.85099  2311.75   221.24 2.14 1.86 -62.7 -0.448 18.66 19.00 02a60069o0157o
60069.311368 -20.881  2.050   -16   33 o  0   0.90 145.72529  31.85099  2374.38   298.59 2.06 1.83 -67.4 -0.435 18.70 18.99 02a60069o0169o
60069.317974 -18.452  0.634  -151   96 o  0   0.29 145.72529  31.85099   379.84 10451.32 2.16 1.58 -52.7 -0.632 18.69 18.95 02a60069o0183o
60069.318425 -18.406  0.322  -158   51 o  0   1.12 145.72529  31.85099 10175.66 10492.97 2.77 2.09 -51.1 -0.431 18.67 18.98 02a60069o0184o
60069.321258 -20.875  1.947   -16   32 o  0   1.06 145.72529  31.85099  2397.54   178.29 2.02 1.78 -67.4 -0.462 18.72 18.96 02a60069o0190o
60071.303643  24.427 36.200     1   22 o  0   1.16 145.72529  31.85099  4594.12  6079.69 2.44 1.91  37.3 -0.423 18.99 19.54 02a60071o0155o
60071.307265  20.498  0.856    23   20 o  0   1.30 145.72529  31.85099  4576.22  6040.28 2.43 1.92  35.8 -0.419 18.95 19.50 02a60071o0163o
60071.325857  20.689  1.105    19   21 o  0   1.66 145.72529  31.85099  4640.12  6114.91 2.44 1.94  36.0 -0.422 18.88 19.40 02a60071o0203o
60071.331888  22.489  5.633     4   21 o  0   2.03 145.72529  31.85099  4663.50  5997.67 2.41 1.92  35.7 -0.420 18.88 19.36 02a60071o0216o
60073.995145  19.053  0.308    87   27 o  0   2.59 145.72529  31.85099  8344.42  6529.06 2.47 2.26 -21.7 -0.418 18.79 19.77 04a60074o0104o
60074.012865  20.267  0.966    28   27 o  0   2.02 145.72529  31.85099  8378.60  6556.70 2.44 2.24 -22.7 -0.420 18.82 19.79 04a60074o0141o
60074.015670  20.379  0.906    26   23 o  0   3.28 145.72529  31.85099  8319.83  6477.74 2.50 2.13 -18.2 -0.426 18.77 19.79 04a60074o0147o
60074.021184  22.277  5.958     4   27 o  0   1.43 145.72529  31.85099  8305.93  6591.59 2.48 2.14 -19.0 -0.432 18.76 19.78 04a60074o0159o
60077.293334  19.993  0.445    36   16 c  0   1.35 145.72529  31.85099  4105.59  8308.72 2.42 2.29  19.5 -0.411 19.47 20.95 02a60077o0132c
60077.297004  22.798  5.800     3   16 c  0   1.48 145.72529  31.85099  4085.27  8270.03 2.43 2.29  16.0 -0.407 19.47 20.96 02a60077o0140c
60077.302500 -20.531  0.648   -22   14 c  0   2.52 145.72529  31.85099  4145.04  8345.34 2.41 2.29  20.2 -0.413 19.50 20.96 02a60077o0152c
60077.314107 -21.379  1.514   -10   15 c  0   2.14 145.72529  31.85099  4171.52  8227.45 2.47 2.29  31.9 -0.407 19.49 20.95 02a60077o0177c
60079.301934  22.397  4.000     4   16 c  0   1.33 145.72529  31.85099   393.04  2142.24 2.40 2.19 -61.9 -0.440 19.46 20.89 02a60079o0148c
60079.305124 -22.443  5.000    -4   19 c  0   0.99 145.72529  31.85099   377.62  2100.89 2.45 2.15 -62.1 -0.436 19.45 20.86 02a60079o0155c
60079.311595 -21.224  1.264   -12   15 c  0   1.77 145.72529  31.85099   438.39  2178.80 2.35 2.15 -61.6 -0.447 19.45 20.84 02a60079o0169c
60079.313866  21.990  2.927     6   17 c  0   1.74 145.72529  31.85099 10484.05  2187.44 2.57 2.11 -54.7 -0.438 19.47 20.93 02a60079o0174c
60079.317058 -20.079  0.566   -34   19 c  0   1.50 145.72529  31.85099 10466.52  2148.94 2.59 2.13 -56.6 -0.433 19.47 20.92 02a60079o0181c
60079.321757  20.922  1.228    16   19 c  0   1.24 145.72529  31.85099   463.71  2059.92 2.38 2.13 -62.6 -0.443 19.41 20.82 02a60079o0191c
60079.322209 -17.934  0.332  -243   81 c  0   3.68 145.72529  31.85099 10527.54  2229.08 2.58 2.12 -54.1 -0.429 19.46 20.92 02a60079o0192c
60079.975654  19.240  0.469    73   34 o  0   1.49 145.72529  31.85099  6411.17 10336.18 2.90 2.33 -72.8 -0.373 18.58 19.61 04a60080o0074o
60079.979335  20.226  1.237    30   36 o  0   1.24 145.72529  31.85099  6436.99 10372.32 3.08 2.43 -75.3 -0.362 18.52 19.68 04a60080o0082o
60079.985917  19.710  0.682    47   32 o  0   3.32 145.72529  31.85099  6384.39 10290.03 2.95 2.39 -76.4 -0.360 18.56 19.65 04a60080o0096o
60080.001306  20.588  1.566    21   33 o  0   1.96 145.72529  31.85099  6375.54 10396.65 2.81 2.17 -67.6 -0.389 18.56 19.60 04a60080o0129o
60080.013711  19.410  0.591    62   37 o  0   4.29 145.72529  31.85099  8550.96   105.74 3.17 3.01 -23.9 -0.330 18.61 19.69 04a60080o0156o
60080.035858  19.606  0.794    52   41 o  0   1.86 145.72529  31.85099  8584.57   136.96 3.70 3.35 -12.7 -0.308 18.33 19.59 04a60080o0203o
60080.042697  18.274  0.353   178   63 o  0   4.16 145.72529  31.85099  8532.15    59.71 4.01 3.48 -12.0 -0.269 18.28 19.61 04a60080o0217o
60080.053495  21.882  6.056     6   39 o  0   2.11 145.72529  31.85099  8515.56   176.46 3.40 2.90 -19.7 -0.316 18.35 19.49 04a60080o0240o
60085.256773  21.735  2.627     7   19 o  0   1.26 145.72529  31.85099  8546.34  4189.41 2.08 1.96  44.0 -0.444 19.38 20.43 02a60085o0028o
60085.259939  19.699  0.442    48   21 o  0   1.15 145.72529  31.85099  8527.10  4149.90 2.04 1.93  44.8 -0.447 19.45 20.45 02a60085o0035o
60085.266274  20.725  0.960    19   18 o  0   1.78 145.72529  31.85099  8586.17  4227.78 2.06 1.95  49.4 -0.447 19.45 20.46 02a60085o0049o
60085.281419  21.374  1.773    10   18 o  0   1.28 145.72529  31.85099  8608.68  4111.26 2.01 1.94  43.7 -0.446 19.46 20.44 02a60085o0082o
60089.247196 -23.799 20.111    -1   22 o  0   1.61 145.72529  31.85099  4172.72  1932.82 2.15 2.07 -75.5 -0.456 18.75 19.28 02a60089o0023o
60089.250362  19.973  0.526    37   20 o  0   1.70 145.72529  31.85099  4157.27  1893.67 2.11 2.00 -64.3 -0.454 18.98 19.63 02a60089o0030o
60089.256707 -20.377  0.820   -26   21 o  0   2.23 145.72529  31.85099  4219.04  1970.09 2.19 2.13 -66.9 -0.443 19.11 19.91 02a60089o0044o
60089.267016 -20.905  1.390   -16   22 o  0   1.28 145.72529  31.85099  4241.35  1851.95 2.12 2.01 -64.6 -0.452 19.14 19.95 02a60089o0066o
60091.248347  19.356  0.863    66   57 o  0   2.05 145.72529  31.85099  5809.46  8190.13 2.29 2.00  38.9 -0.463 18.47 18.80 02a60091o0025o
60091.265269  19.441  0.726    61   44 o  0   1.16 145.72529  31.85099  5874.45  8264.36 2.07 1.95  39.4 -0.473 18.82 19.20 02a60091o0061o
60091.270449  19.572  0.727    54   39 o  0   1.87 145.72529  31.85099  5894.36  8147.19 2.10 1.93  32.9 -0.456 18.82 19.20 02a60091o0072o
60093.265177  20.587  1.586    21   34 o  0   1.04 145.72529  31.85099   323.31  5849.03 1.97 1.85 -47.1 -0.402 18.58 18.88 02a60093o0065o
60093.270268  16.811  1.167   685  799 o  0   1.61 145.72529  31.85099   304.60  5811.45 1.95 1.86 -34.0 -0.451 14.40 14.21 02a60093o0076o
60093.284834 -19.524  1.296   -56   73 o  0   1.08 145.72529  31.85099 10203.23  5848.63 2.15 2.06  -9.5 -0.456 18.21 18.71 02a60093o0107o
60093.285285  17.248  1.469   458  672 o  0   1.31 145.72529  31.85099   368.46  5884.16 1.92 1.85 -39.6 -0.463 14.57 14.75 02a60093o0108o
60093.288100 -20.188  1.813   -30   55 o  0   0.95 145.72529  31.85099 10262.57  5928.54 2.14 2.03  -4.7 -0.464 17.34 17.66 02a60093o0114o
60093.288552  21.748  3.480     7   25 o  0   1.49 145.72529  31.85099   389.53  5767.19 1.90 1.82 -31.6 -0.419 18.88 19.36 02a60093o0115o
60093.298392  20.022  0.848    36   30 o  0   0.96 145.72529  31.85099 10286.23  5811.70 2.16 2.06 -10.9 -0.468 18.89 19.39 02a60093o0136o
60095.281575 -21.381  2.247   -10   23 o  0   1.64 145.72529  31.85099  6313.04  2284.88 2.39 1.94  33.8 -0.433 18.90 19.57 02a60095o0004o
60095.286569  19.961  0.623    38   24 o  0   1.63 145.72529  31.85099  6372.12  2360.04 2.24 1.87  34.6 -0.433 18.92 19.54 02a60095o0015o
60095.298903 -19.845  1.066   -42   45 o  0   1.10 145.72529  31.85099  6395.76  2242.93 2.11 1.88  34.8 -0.436 18.05 18.77 02a60095o0041o
60097.950963  20.330  6.000    27  161 o  0   1.23 145.72529  31.85099 10484.01 10125.80 3.30 3.12 -33.5 -0.490 17.11 17.39 04a60098o0029o
60097.954149 -19.629  1.692   -51   86 o  0   1.75 145.72529  31.85099   168.08 10071.20 3.66 2.80 -71.3 -0.387 17.58 18.04 04a60098o0036o
60097.956431 -19.283  1.102   -70   78 o  0   2.03 145.72529  31.85099 10429.81 10042.21 3.26 3.07 -42.9 -0.427 17.61 18.12 04a60098o0041o
60097.957340  19.284  0.963    70   68 o  0   1.41 145.72529  31.85099   191.93 10107.96 3.43 2.41 -69.0 -0.402 17.77 18.30 04a60098o0043o
60097.964604 -18.483  0.429  -147   63 o  0   1.81 145.72529  31.85099   138.21 10022.46 3.48 2.53 -70.9 -0.410 17.88 18.48 04a60098o0059o
60097.966880  19.032  0.832    89   74 o  0   1.76 145.72529  31.85099 10416.68 10155.40 3.24 3.01 -33.0 -0.431 17.77 18.35 04a60098o0064o
60097.977836 -17.811  0.274  -273   75 o  0   2.34 145.72529  31.85099   120.60 10132.39 3.42 2.54 -69.6 -0.437 17.89 18.39 04a60098o0088o
60099.255857 -18.126  0.835  -204  170 o  0   1.17 145.72529  31.85099   148.46   396.00 2.34 1.61 -62.7 -0.489 16.27 16.20 02a60099o0035o
60099.257300 -18.023  1.200  -224  269 o  0   0.85 145.72529  31.85099 10444.30   435.22 2.28 1.32 -65.9 -0.462 16.46 16.37 02a60099o0038o
60099.262397  18.701  0.905   120  109 o  0   1.35 145.72529  31.85099 10425.27   395.53 2.44 1.42 -61.8 -0.710 17.34 17.32 02a60099o0049o
60099.262849 -17.879  0.558  -256  143 o  0   1.42 145.72529  31.85099   129.61   353.99 2.31 1.60 -62.9 -0.468 16.26 16.20 02a60099o0050o
60099.265197  15.951  0.483  1512  730 o  0   0.51 145.72529  31.85099 10486.33   474.42 2.22 1.29 -65.9 -0.387 15.42 15.24 02a60099o0055o
60099.266102  19.315  3.651    68  249 o  0   0.66 145.72529  31.85099   191.21   432.53 2.43 1.64 -61.5 -0.462 16.00 15.85 02a60099o0057o
60099.276613 -21.692 62.818    -8  480 o  0   2.32 145.72529  31.85099 10508.51   357.04 2.63 1.54 -63.3 -0.364 16.02 15.95 02a60099o0080o
60099.278968  16.848  0.571   662  378 o  0   1.54 145.72529  31.85099   213.97   310.34 2.57 2.15 -71.6 -0.449 15.26 15.12 02a60099o0085o
60101.250712  19.719  1.659    47   78 o  0   1.03 145.72529  31.85099  2502.82  6202.39 2.11 1.98  26.8 -0.455 17.48 17.78 02a60101o0027o
60101.253986  19.885  1.462    40   59 o  0   1.11 145.72529  31.85099  2484.51  6164.21 2.25 2.07  30.8 -0.427 17.68 18.26 02a60101o0034o
60101.260528 -22.271  6.667    -4   30 o  0   1.15 145.72529  31.85099  2544.09  6239.64 2.16 1.96  33.4 -0.434 18.59 19.43 02a60101o0048o
60101.275210 -17.415  0.790  -393  310 o  0   1.41 145.72529  31.85099  2568.68  6121.04 2.30 2.09  38.1 -0.436 16.12 16.82 02a60101o0080o
60103.262455  20.497  0.751    23   17 o  0   1.76 145.72529  31.85099  2222.41  2037.02 2.02 1.91 -60.4 -0.456 19.25 20.22 02a60103o0047o
60103.266073 -21.064  1.024   -14   14 o  0   1.59 145.72529  31.85099  2204.18  1997.13 2.01 1.87 -56.3 -0.466 19.36 20.31 02a60103o0055o
60103.271971 -21.827  2.812    -7   19 o  0   1.27 145.72529  31.85099  2265.32  2073.19 1.98 1.87 -58.1 -0.462 19.39 20.37 02a60103o0068o
60103.284642 -20.443  1.005   -24   24 o  0   0.77 145.72529  31.85099  2289.89  1953.88 2.06 1.88 -58.3 -0.465 19.33 20.38 02a60103o0096o
60103.949502  19.077  0.831    85   71 c  0   1.12 145.72529  31.85099  2320.78  4579.11 2.74 2.33  72.8 -0.385 17.38 18.14 04a60104o0026c
60103.953133  22.983 17.700     2   41 c  0   1.55 145.72529  31.85099  2343.71  4611.84 2.66 2.37  69.6 -0.391 17.94 18.96 04a60104o0034c
60103.964482 -21.570  3.184    -8   27 c  0   1.23 145.72529  31.85099  2295.48  4527.46 2.59 2.26  68.9 -0.402 18.65 20.08 04a60104o0059c
60103.971333  20.640  1.284    20   26 c  0   1.06 145.72529  31.85099  2282.42  4641.49 2.58 2.26  70.0 -0.406 18.68 20.17 04a60104o0074c
60105.257394  20.902  1.753    16   28 c  0   1.38 145.72529  31.85099  8289.64  5935.37 3.04 2.86  30.9 -0.392 18.94 20.32 02a60105o0030c
60105.260776  19.491  0.331    58   19 c  0   1.77 145.72529  31.85099  8271.30  5896.70 2.82 2.65  31.9 -0.388 19.14 20.55 02a60105o0037c
60105.267304 -20.415  0.760   -25   19 c  0   1.94 145.72529  31.85099  8332.13  5975.02 2.86 2.73  23.9 -0.395 19.21 20.70 02a60105o0051c
60105.278536  20.396  0.728    25   18 c  0   1.93 145.72529  31.85099  8354.59  5858.84 2.78 2.64  27.5 -0.385 19.25 20.69 02a60105o0075c
60107.263485  19.569  0.327    54   18 c  0   1.78 145.72529  31.85099  8321.23  2253.02 2.90 2.65 -61.6 -0.383 19.12 20.58 02a60107o0049c
60107.267100  20.380  0.812    26   21 c  0   1.45 145.72529  31.85099  8303.46  2212.84 3.11 2.80 -56.1 -0.377 19.12 20.66 02a60107o0057c
60107.273024 -20.215  0.675   -30   20 c  0   1.39 145.72529  31.85099  8363.63  2291.26 2.94 2.66 -54.1 -0.376 19.18 20.70 02a60107o0070c
60107.283879  19.317  0.323    68   22 c  0   6.81 145.72529  31.85099  8387.53  2173.78 2.98 2.70 -50.5 -0.387 19.16 20.72 02a60107o0094c
60109.252115  20.865  3.705    16   61 c  0   1.57 145.72529  31.85099  2034.24  8438.45 2.72 2.51 -56.4 -0.396 18.16 19.12 02a60109o0019c
60109.255461 -19.692  0.604   -48   29 c  0   1.84 145.72529  31.85099  2016.55  8399.04 2.56 2.42 -50.8 -0.412 18.63 19.71 02a60109o0026c
60109.262447 -19.465  0.395   -59   23 c  0   1.50 145.72529  31.85099  2075.67  8474.96 2.59 2.43 -49.4 -0.409 19.04 20.40 02a60109o0041c
60109.272986 -20.755  1.131   -18   20 c  0   1.86 145.72529  31.85099  2098.85  8355.20 2.44 2.30 -48.2 -0.419 19.24 20.59 02a60109o0063c
60109.951503  20.100  2.224    33   74 c  0   1.44 145.72529  31.85099  2701.69  1904.17 3.08 2.39  52.8 -0.388 17.52 18.51 04a60110o0027c
60109.958275 -19.332  1.616   -67  108 c  0   0.58 145.72529  31.85099  2648.51  1821.98 3.11 2.33  53.1 -0.392 17.58 18.86 04a60110o0042c
60111.252617 -19.872  1.807   -41   74 c  0   2.03 145.72529  31.85099  7950.78  8647.75 2.59 2.52 -21.7 -0.432 18.09 19.00 02a60111o0020c
60111.255417 -20.131  1.276   -32   41 c  0   2.51 145.72529  31.85099  7931.50  8607.07 2.60 2.49   4.2 -0.416 18.61 19.55 02a60111o0026c
60111.265308  19.470  0.458    59   27 c  0   1.56 145.72529  31.85099  7990.57  8684.24 2.61 2.49 -36.5 -0.415 19.23 20.55 02a60111o0047c
60111.275231 -21.206  1.957   -12   23 c  0   1.16 145.72529  31.85099  8009.98  8568.69 2.59 2.50 -22.2 -0.415 19.28 20.64 02a60111o0068c
60113.253485  19.705  0.791    48   38 c  0   1.38 145.72529  31.85099   293.05  4102.57 2.38 2.30 -68.4 -0.390 17.99 18.92 02a60113o0020c
60113.253938 -19.471  0.658   -59   39 c  0   1.37 145.72529  31.85099 10356.09  4148.31 2.63 2.33 -48.8 -0.440 18.32 19.23 02a60113o0021c
60113.256832  19.940  0.651    38   25 c  0   1.91 145.72529  31.85099   274.35  4064.58 2.48 2.25 -63.1 -0.375 18.52 19.50 02a60113o0027c
60113.257284  22.936 11.000     2   27 c  0   1.32 145.72529  31.85099 10337.34  4109.60 2.73 2.34 -55.2 -0.452 18.74 19.79 02a60113o0028c
60113.264275  19.770  0.494    45   22 c  0   1.03 145.72529  31.85099   333.62  4139.69 2.50 2.23 -64.5 -0.398 19.02 20.23 02a60113o0043c
60113.264727 -23.856 20.833    -1   22 c  0   1.58 145.72529  31.85099 10396.35  4188.64 2.72 2.33 -54.1 -0.460 19.18 20.45 02a60113o0044c
60113.273786  20.503  0.859    23   20 c  0   1.08 145.72529  31.85099   354.49  4021.90 2.46 2.16 -64.2 -0.406 19.11 20.40 02a60113o0064c
