MJD          m      dm   uJy   duJy F err chi/N     RA       Dec        x        y     maj  min   phi  apfit mag5sig Sky   Obs
60088.464483  22.985  9.556     2   22 o  0   1.82 249.50269  55.40509  2362.21  6916.08 2.15 2.05   7.3 -0.439 18.59 19.73 02a60088o0464o
60088.496260  20.809  0.811    17   14 o  0   0.79 249.50269  55.40509  2334.37  6870.16 2.17 1.85  23.8 -0.430 19.50 20.60 02a60088o0483o
60088.499034  21.154  1.060    12   13 o  0   0.93 249.50269  55.40509  2390.65  6943.53 2.50 1.99  27.3 -0.402 19.42 20.62 02a60088o0489o
60088.504534  22.374  3.056     4   12 o  0   0.83 249.50269  55.40509  2413.55  6824.98 2.26 1.94  25.2 -0.419 19.41 20.55 02a60088o0501o
60090.430827  22.631  3.731     3   12 o  0   1.15 249.50269  55.40509  4913.16  7589.38 2.43 1.91  37.2 -0.431 19.42 20.58 02a60090o0405o
60090.433540 -23.089  5.529    -2   12 o  0   0.97 249.50269  55.40509  4934.91  7628.05 2.42 1.91  36.6 -0.434 19.43 20.59 02a60090o0411o
60090.436715 -21.926  1.771    -6   11 o  0   1.43 249.50269  55.40509  4874.79  7552.02 2.52 1.91  37.0 -0.432 19.43 20.60 02a60090o0418o
60090.441706  21.632  1.615     8   13 o  0   1.30 249.50269  55.40509  4855.91  7667.83 2.44 1.91  36.2 -0.432 19.43 20.54 02a60090o0429o
60092.465826 -21.487  2.424    -9   22 o  0   0.93 249.50269  55.40509  3060.62   582.57 1.83 1.74  87.0 -0.485 18.71 19.47 02a60092o0446o
60092.469083  23.036  8.412     2   19 o  0   0.85 249.50269  55.40509  3037.91   543.18 1.84 1.75  89.6 -0.467 18.86 19.65 02a60092o0453o
60092.474139 -20.341  0.538   -26   14 o  0   0.96 249.50269  55.40509  3101.05   617.90 1.83 1.74  66.4 -0.475 18.97 19.93 02a60092o0464o
60092.509660  22.654  3.265     3   10 o  0   1.42 249.50269  55.40509  3129.39   497.73 1.87 1.76  88.2 -0.463 19.51 20.69 02a60092o0537o
60096.410299  19.307  0.294    69   20 o  0   1.19 249.50269  55.40509  3585.67  1370.03 1.95 1.86  57.7 -0.476 18.74 19.23 02a60096o0363o
60096.413296  19.722  0.489    47   23 o  0   1.92 249.50269  55.40509  3605.21  1411.06 1.99 1.90  50.1 -0.462 18.52 19.10 02a60096o0369o
60096.417382  19.406  0.249    63   16 o  0   1.51 249.50269  55.40509  3549.56  1332.22 1.98 1.87  49.1 -0.475 18.89 19.50 02a60096o0378o
60096.427466  19.741  0.659    46   30 o  0   0.83 249.50269  55.40509  3531.65  1448.93 2.03 1.89  40.0 -0.462 18.44 19.02 02a60096o0399o
60098.426541  18.593  0.638   133   85 o  0   1.45 249.50269  55.40509   984.33  5442.72 2.16 1.84  14.7 -0.462 17.28 17.16 02a60098o0395o
60098.429280  18.117  0.538   206  111 o  0   1.53 249.50269  55.40509   965.62  5403.71 2.14 1.82  16.5 -0.447 16.92 16.75 02a60098o0401o
60098.463130  18.386  0.372   160   60 o  0   0.84 249.50269  55.40509  1024.65  5473.31 2.17 1.80  20.3 -0.457 17.75 17.76 02a60098o0471o
60098.470409  17.998  0.271   230   62 o  0   0.75 249.50269  55.40509  1044.53  5354.55 2.15 1.82  20.5 -0.445 17.88 17.91 02a60098o0487o
60100.427864  17.932  0.071   244   17 o  0   1.01 249.50269  55.40509  4983.32   947.32 1.93 1.85 -70.1 -0.465 18.92 19.44 02a60100o0390o
60100.465154  17.938  0.073   242   18 o  0   1.29 249.50269  55.40509  4962.07   905.10 1.88 1.80 -78.4 -0.475 18.92 19.41 02a60100o0464o
60100.467949  17.810  0.075   273   21 o  0   1.20 249.50269  55.40509  5027.39   983.97 1.93 1.85 -77.8 -0.474 18.90 19.40 02a60100o0470o
60100.472976  17.912  0.084   248   21 o  0   1.25 249.50269  55.40509  5047.83   864.80 1.95 1.84 -72.0 -0.470 18.91 19.41 02a60100o0481o
60102.411599  17.203  0.036   477   17 o  0   1.04 249.50269  55.40509   327.11  7143.77 2.01 1.84  -7.0 -0.419 19.27 20.02 02a60102o0361o
60102.414517  17.241  0.039   461   18 o  0   1.22 249.50269  55.40509   307.86  7106.05 2.10 1.89   2.1 -0.415 19.22 20.03 02a60102o0367o
60102.420979  17.323  0.043   427   19 o  0   0.78 249.50269  55.40509   363.74  7175.81 2.05 1.84  -8.4 -0.412 19.25 20.02 02a60102o0381o
60102.431019  17.326  0.036   426   16 o  0   1.36 249.50269  55.40509   384.50  7056.11 2.08 1.91  -8.0 -0.412 19.20 20.00 02a60102o0403o
60102.434202  17.366  0.045   411   18 o  0   1.02 249.50269  55.40509  9779.60  7090.89 2.15 2.08  81.6 -0.451 19.25 20.01 02a60102o0410o
60102.469737  17.429  0.042   388   16 o  0   1.20 249.50269  55.40509  9758.09  7048.37 2.09 2.04 -46.9 -0.461 19.21 19.96 02a60102o0483o
60102.472449  17.438  0.042   384   16 o  0   2.05 249.50269  55.40509  9819.32  7130.78 2.17 2.10 -68.4 -0.457 19.19 19.95 02a60102o0489o
60102.477456  17.323  0.045   428   19 o  0   0.97 249.50269  55.40509  9836.58  7012.52 2.12 2.04  18.7 -0.453 19.18 19.95 02a60102o0500o
60104.405848  16.970  0.022   592   13 c  0   1.46 249.50269  55.40509   992.00   773.87 2.58 2.38 -65.7 -0.439 19.55 21.36 02a60104o0343c
60104.408593  16.993  0.023   579   13 c  0   1.25 249.50269  55.40509   971.08   734.99 2.55 2.36 -70.0 -0.435 19.55 21.30 02a60104o0349c
60104.411331  16.952  0.021   602   12 c  0   1.74 249.50269  55.40509  1034.44   809.65 2.50 2.33 -66.8 -0.437 19.53 21.24 02a60104o0355c
60104.414965  16.969  0.024   592   14 c  0   1.37 249.50269  55.40509  1054.43   690.14 2.57 2.40 -68.9 -0.429 19.50 21.13 02a60104o0363c
60106.418776  16.790  0.019   698   13 c  0   2.11 249.50269  55.40509  5977.39  7157.91 2.68 2.45  30.7 -0.398 19.61 21.53 02a60106o0374c
60106.453451  16.851  0.021   660   14 c  0   1.56 249.50269  55.40509  5954.48  7112.14 2.64 2.45  35.5 -0.406 19.58 21.47 02a60106o0445c
60106.456263  16.824  0.020   677   14 c  0   1.42 249.50269  55.40509  6011.05  7189.23 2.79 2.49  35.2 -0.393 19.55 21.44 02a60106o0451c
60106.461577  16.830  0.021   673   14 c  0   1.13 249.50269  55.40509  6032.30  7075.30 2.76 2.49  38.4 -0.395 19.56 21.38 02a60106o0462c
60108.403717  16.749  0.020   725   15 c  0   1.81 249.50269  55.40509  1717.15  3270.59 2.67 2.66  41.6 -0.410 19.43 21.44 02a60108o0301c
60108.406644  16.787  0.037   700   26 c  0   1.31 249.50269  55.40509  1696.82  3230.78 3.13 3.10 -85.0 -0.406 18.62 20.64 02a60108o0307c
60108.412119  16.776  0.036   707   26 c  0   1.07 249.50269  55.40509  1755.64  3303.37 2.77 2.75  45.6 -0.404 18.68 20.60 02a60108o0319c
60108.445022  16.755  0.021   721   15 c  0   1.23 249.50269  55.40509  1775.91  3183.58 2.96 2.90  51.8 -0.398 19.33 21.46 02a60108o0346c
60110.415732  16.745  0.018   728   13 c  0   1.08 249.50269  55.40509  7635.17  3411.07 2.35 2.31 -79.8 -0.401 19.66 21.60 02a60110o0366c
60110.418452  16.753  0.017   722   13 c  0   1.24 249.50269  55.40509  7615.65  3371.55 2.38 2.31 -85.7 -0.400 19.66 21.59 02a60110o0372c
60110.423437  16.735  0.017   735   12 c  0   2.22 249.50269  55.40509  7673.40  3446.53 2.33 2.29  52.1 -0.400 19.70 21.56 02a60110o0383c
60110.460246  16.760  0.019   718   14 c  0   1.50 249.50269  55.40509  7690.10  3327.39 2.37 2.34  81.2 -0.398 19.62 21.43 02a60110o0460c
60112.393403  16.791  0.021   698   15 c  0   1.34 249.50269  55.40509  1509.79  9113.96 2.45 2.23 -45.5 -0.441 19.58 21.27 02a60112o0318c
60112.396565  16.790  0.020   698   14 c  0   1.83 249.50269  55.40509  1491.94  9075.13 2.37 2.17 -45.8 -0.445 19.61 21.28 02a60112o0325c
60112.402472  16.790  0.019   698   13 c  0   1.95 249.50269  55.40509  1547.63  9146.09 2.38 2.18 -40.0 -0.444 19.56 21.24 02a60112o0338c
60112.413824  16.791  0.020   697   14 c  0   1.61 249.50269  55.40509  1567.22  9024.65 2.35 2.18 -38.8 -0.441 19.57 21.20 02a60112o0362c
60114.406198  16.894  0.020   634   12 c  0   1.22 249.50269  55.40509  8749.56  4997.17 2.41 2.33 -74.2 -0.408 19.71 21.57 02a60114o0337c
60114.409206  16.877  0.018   644   12 c  0   1.88 249.50269  55.40509  8730.33  4956.06 2.41 2.34 -82.9 -0.407 19.66 21.57 02a60114o0343c
60114.415393  16.856  0.019   657   12 c  0   1.31 249.50269  55.40509  8789.93  5033.56 2.42 2.35 -79.4 -0.408 19.67 21.53 02a60114o0356c
60114.424911  16.839  0.019   667   12 c  0   1.68 249.50269  55.40509  8812.01  4921.51 2.42 2.34 -79.4 -0.410 19.67 21.52 02a60114o0377c
60116.403865  16.996  0.023   578   13 c  0   1.55 249.50269  55.40509  5217.31  8799.99 2.36 2.32  47.6 -0.416 19.57 21.22 02a60116o0333c
60116.406865  17.023  0.024   563   14 c  0   1.28 249.50269  55.40509  5197.71  8760.77 2.43 2.30  32.9 -0.414 19.59 21.22 02a60116o0339c
60116.411939  17.014  0.024   568   13 c  0   1.17 249.50269  55.40509  5256.90  8843.00 2.37 2.32  19.8 -0.421 19.57 21.19 02a60116o0350c
60116.422726  16.984  0.021   584   12 c  0   1.75 249.50269  55.40509  5274.15  8720.67 2.37 2.29  25.4 -0.418 19.55 21.15 02a60116o0373c
60124.381365  17.679  0.046   308   14 o  0   1.69 249.50269  55.40509  3518.45  8897.36 2.13 1.99  25.2 -0.422 19.29 20.14 02a60124o0290o
60124.384537  17.650  0.044   316   14 o  0   1.26 249.50269  55.40509  3499.09  8858.84 2.08 1.94  18.2 -0.430 19.31 20.14 02a60124o0297o
60124.389547  17.559  0.046   344   16 o  0   1.35 249.50269  55.40509  3554.70  8935.06 2.04 1.92  15.1 -0.424 19.30 20.14 02a60124o0308o
60124.399986  17.561  0.049   343   17 o  0   1.13 249.50269  55.40509  3572.69  8816.10 2.13 1.94  29.7 -0.419 19.30 20.14 02a60124o0331o
60126.385041  17.642  0.053   319   17 o  0   0.91 249.50269  55.40509  3865.73  3076.74 2.04 1.76  27.7 -0.469 19.08 19.54 02a60126o0300o
60126.387754  17.604  0.070   330   23 o  0   1.00 249.50269  55.40509  3845.72  3037.68 2.03 1.74  27.7 -0.474 18.90 19.34 02a60126o0306o
60126.393232  17.686  0.116   306   35 o  0   0.94 249.50269  55.40509  3905.15  3112.49 2.03 1.72  28.5 -0.481 18.42 18.62 02a60126o0318o
60126.403208  17.726  0.061   295   18 o  0   1.58 249.50269  55.40509  3924.29  2993.83 2.06 1.76  27.0 -0.474 19.05 19.53 02a60126o0340o
60130.382367  17.760  0.063   286   18 o  0   0.88 249.50269  55.40509  1859.39  2217.56 2.00 1.90  29.4 -0.460 19.04 19.65 02a60130o0287o
60130.385094  17.660  0.059   313   18 o  0   1.13 249.50269  55.40509  1840.16  2179.03 2.11 1.92  28.5 -0.450 19.03 19.64 02a60130o0293o
60130.390994  17.784  0.068   280   19 o  0   1.00 249.50269  55.40509  1898.84  2251.11 2.11 2.02  35.2 -0.452 19.02 19.62 02a60130o0306o
60130.402145  17.815  0.062   272   17 o  0   1.07 249.50269  55.40509  1916.59  2133.85 2.01 1.90  29.4 -0.456 19.08 19.59 02a60130o0330o
60132.382477  17.844  0.059   264   16 o  0   0.88 249.50269  55.40509  3667.13  2094.62 2.07 1.93  22.6 -0.446 19.31 20.22 02a60132o0290o
60132.385211  17.757  0.056   286   16 o  0   1.18 249.50269  55.40509  3649.01  2058.10 1.97 1.86  21.5 -0.464 19.34 20.21 02a60132o0296o
60132.391125  17.768  0.057   284   16 o  0   1.00 249.50269  55.40509  3708.07  2129.98 2.04 1.83  25.9 -0.462 19.32 20.15 02a60132o0309o
60132.401558  17.818  0.056   271   15 o  0   1.22 249.50269  55.40509  3731.09  2010.65 1.97 1.87  24.8 -0.465 19.29 20.06 02a60132o0332o
60134.383407  18.122  0.106   205   22 c  0   1.08 249.50269  55.40509  5728.70  6138.81 2.49 2.37  26.9 -0.406 18.82 20.37 02a60134o0293c
60134.386375  18.946  0.240    96   23 c  0   0.88 249.50269  55.40509  5712.69  6098.69 2.56 2.37  29.9 -0.400 18.71 20.29 02a60134o0299c
60134.391832  18.322  0.110   170   19 c  0   0.85 249.50269  55.40509  5769.65  6176.15 2.39 2.31  35.1 -0.411 18.97 20.58 02a60134o0311c
60134.402323  18.232  0.173   185   32 c  0   1.35 249.50269  55.40509  5788.59  6059.15 2.61 2.42  30.0 -0.399 18.25 19.68 02a60134o0334c
60134.412575  18.537  0.153   140   21 c  0   0.89 249.50269  55.40509  5755.64  6115.43 2.48 2.32  28.4 -0.407 18.92 20.35 02a60134o0356c
60136.407944  14.795  0.390  4387 1710 c  0   4.75 249.50269  55.40509  1942.59 10517.64 3.02 2.64 -50.5 -0.383 15.04 16.44 02a60136o0284c
60136.409300  16.913  0.739   623  461 c  0   1.14 249.50269  55.40509  6492.34   314.13 2.83 2.53 -69.7 -0.397 15.34 16.72 02a60136o0287c
60136.412682 -17.523  2.683  -356  954 c  0   0.99 249.50269  55.40509  6473.34   274.44 2.80 2.49 -66.8 -0.398 15.29 16.66 02a60136o0294c
60136.418672 -15.409  0.852 -2491 2122 c  0   1.04 249.50269  55.40509  6532.84   349.65 2.80 2.48 -66.1 -0.403 14.20 15.50 02a60136o0307c
60136.434195  19.228  0.381    74   28 c  0   0.89 249.50269  55.40509  6555.86   231.67 3.08 2.73 -70.6 -0.410 18.73 20.51 02a60136o0340c
60138.368478  18.688  0.182   122   22 c  0   0.98 249.50269  55.40509  8507.73  3973.21 3.31 3.16 -60.1 -0.365 18.73 20.61 02a60138o0260c
60138.371652  18.420  0.110   156   17 c  0   0.82 249.50269  55.40509  8490.58  3935.23 3.27 3.17 -63.0 -0.364 18.94 20.79 02a60138o0267c
60138.377155  18.878  0.171   102   18 c  0   0.80 249.50269  55.40509  8545.36  4013.47 3.55 3.51   2.3 -0.321 18.95 20.97 02a60138o0279c
60138.389018  18.840  0.153   106   16 c  0   1.00 249.50269  55.40509  8569.01  3895.72 3.57 3.41 -60.7 -0.368 19.22 21.06 02a60138o0305c
60140.389498  19.046  0.186    88   16 c  0   0.85 249.50269  55.40509  5708.84  2977.09 3.68 3.55 -66.9 -0.384 19.01 21.10 02a60140o0256c
60140.394028  18.999  0.151    91   14 c  0   1.01 249.50269  55.40509  5687.08  2935.83 3.19 3.05  83.6 -0.393 19.17 21.08 02a60140o0265c
60140.399644  18.779  0.125   112   14 c  0   0.95 249.50269  55.40509  5745.76  3015.13 3.21 3.16 -78.1 -0.390 19.13 21.05 02a60140o0277c
60140.410380  18.957  0.165    95   16 c  0   1.03 249.50269  55.40509  5763.51  2896.33 3.23 3.15 -83.0 -0.407 19.15 21.02 02a60140o0300c
60146.357901  19.098  0.143    83   12 c  0   1.03 249.50269  55.40509  7040.84  9207.41 2.62 2.54 -77.0 -0.408 19.57 21.26 02a60146o0245c
60146.361215  19.188  0.144    77   11 c  0   1.22 249.50269  55.40509  7020.86  9166.38 2.61 2.54 -87.9 -0.411 19.53 21.27 02a60146o0252c
60146.366832  19.125  0.150    81   12 c  0   0.87 249.50269  55.40509  7074.62  9245.91 2.54 2.49  88.1 -0.414 19.57 21.29 02a60146o0264c
60146.376588  19.264  0.166    72   12 c  0   1.07 249.50269  55.40509  7090.27  9129.34 2.62 2.59 -75.3 -0.409 19.51 21.27 02a60146o0285c
60148.338024  18.816  0.105   108   11 o  0   1.90 249.50269  55.40509   998.63  5435.46 2.05 1.92  11.5 -0.456 19.46 20.47 02a60148o0204o
60148.341187  18.723  0.104   118   12 o  0   1.43 249.50269  55.40509   978.24  5397.19 2.07 1.94   9.4 -0.454 19.45 20.48 02a60148o0211o
60148.344353  19.083  0.157    84   13 o  0   1.60 249.50269  55.40509  1035.34  5470.88 2.12 1.95  15.7 -0.451 19.45 20.54 02a60148o0218o
60148.350011  18.870  0.117   103   12 o  0   1.25 249.50269  55.40509  1052.18  5350.92 2.11 1.94  14.8 -0.450 19.46 20.57 02a60148o0230o
60150.345476  18.612  0.128   130   17 o  0   1.01 249.50269  55.40509  5004.62   940.21 2.62 2.50 -77.9 -0.432 19.18 20.63 02a60150o0225o
60150.348928  18.635  0.127   128   16 o  0   1.12 249.50269  55.40509  4982.69   900.49 2.76 2.62 -69.1 -0.449 19.16 20.63 02a60150o0232o
60150.355176  18.877  0.131   102   13 o  0   1.26 249.50269  55.40509  5042.13   977.28 2.53 2.39 -72.3 -0.425 19.23 20.63 02a60150o0245o
60150.365961  18.820  0.138   108   15 o  0   1.11 249.50269  55.40509  5059.81   859.37 2.60 2.49 -87.4 -0.417 19.17 20.64 02a60150o0268o
60152.346553  18.726  0.106   117   12 o  0   1.67 249.50269  55.40509   323.40  7121.33 2.33 2.07 -46.3 -0.394 19.26 20.33 02a60152o0228o
60152.351730  19.186  0.201    77   16 o  0   0.89 249.50269  55.40509   304.92  7084.52 2.35 2.09 -50.7 -0.393 19.27 20.32 02a60152o0239o
60152.354897  19.059  0.166    86   14 o  0   0.92 249.50269  55.40509   359.19  7155.87 2.30 2.10 -40.3 -0.404 19.26 20.31 02a60152o0246o
60152.358611  19.017  0.198    90   18 o  0   0.95 249.50269  55.40509  9780.43  7083.59 2.65 2.31 -63.9 -0.437 19.24 20.35 02a60152o0254o
60152.361899  19.487  0.268    58   16 o  0   1.12 249.50269  55.40509  9759.76  7044.27 2.74 2.47 -68.5 -0.418 19.24 20.34 02a60152o0261o
60152.366334  19.070  0.164    86   14 o  0   1.33 249.50269  55.40509   375.22  7036.56 2.25 2.06 -46.1 -0.406 19.27 20.28 02a60152o0270o
60152.367690  18.996  0.208    92   19 o  0   0.70 249.50269  55.40509  9814.27  7123.28 2.68 2.40 -65.3 -0.438 19.21 20.33 02a60152o0273o
60152.377801  18.883  0.159   102   16 o  0   1.11 249.50269  55.40509  9831.18  7005.23 2.71 2.34 -65.4 -0.430 19.21 20.29 02a60152o0295o
60154.339940  19.109  0.191    82   16 o  0   1.03 249.50269  55.40509  1007.08   756.61 2.16 1.91 -64.1 -0.482 19.19 19.92 02a60154o0213o
60154.343115  18.756  0.122   114   14 o  0   1.35 249.50269  55.40509   984.65   717.38 2.10 1.87 -69.7 -0.482 19.18 19.91 02a60154o0220o
60154.349240  19.104  0.177    83   15 o  0   1.74 249.50269  55.40509  1045.66   791.31 2.19 1.88 -61.2 -0.478 19.17 19.89 02a60154o0233o
60154.360404  19.217  0.216    75   16 o  0   1.21 249.50269  55.40509  1066.94   671.79 2.11 1.95 -74.3 -0.472 19.12 19.85 02a60154o0257o
60156.330788  18.988  0.242    92   22 o  0   1.04 249.50269  55.40509  5985.23  7153.34 2.26 2.10  34.8 -0.440 18.96 19.51 02a60156o0195o
60156.333598  18.970  0.186    94   18 o  0   1.17 249.50269  55.40509  5966.90  7114.05 2.15 1.95  35.0 -0.447 18.98 19.50 02a60156o0201o
60156.339272  19.432  0.307    61   19 o  0   1.18 249.50269  55.40509  6021.91  7191.61 2.13 2.00  34.7 -0.455 18.96 19.48 02a60156o0213o
