MJD          m      dm   uJy   duJy F err chi/N     RA       Dec        x        y     maj  min   phi  apfit mag5sig Sky   Obs
59903.327516  21.561  1.274     9   11 o  0   0.93 141.00798 -13.52472   267.06  5541.85 2.13 1.86  72.0 -0.402 19.50 20.73 04a59903o0708o
59903.333663  20.757  0.617    18   11 o  0   1.33 141.00798 -13.52472 10406.82  5533.41 2.46 1.88  -5.3 -0.451 19.49 20.76 04a59903o0721o
59903.334563  21.055  0.689    14   10 o  0   1.32 141.00798 -13.52472   250.22  5502.54 2.19 1.87  73.9 -0.386 19.53 20.82 04a59903o0723o
59903.335463  21.451  1.408    10   13 o  0   0.95 141.00798 -13.52472 10388.53  5493.76 2.48 2.01  -4.9 -0.443 19.51 20.77 04a59903o0725o
59903.336815  20.230  0.349    29   10 o  0   1.31 141.00798 -13.52472   310.02  5580.01 2.19 1.93  75.2 -0.386 19.49 20.79 04a59903o0728o
59903.350191  20.824  0.926    17   16 o  0   0.86 141.00798 -13.52472 10448.77  5570.59 2.64 1.98  -6.5 -0.451 19.40 20.62 04a59903o0757o
59903.351091  20.904  0.714    16   11 o  0   1.47 141.00798 -13.52472   333.05  5461.97 2.24 1.89  71.0 -0.388 19.44 20.63 04a59903o0759o
59903.352949  21.913  2.426     6   15 o  0   0.84 141.00798 -13.52472 10469.56  5453.73 2.57 1.96  -5.2 -0.443 19.33 20.48 04a59903o0763o
59906.607149  19.996  0.271    36   10 c  0   1.21 141.00798 -13.52472  8536.62  7672.05 3.51 3.29   2.2 -0.351 19.54 21.53 01a59906o0908c
59906.610377  19.856  0.232    42   10 c  0   1.41 141.00798 -13.52472  8518.33  7633.23 3.38 3.31   7.8 -0.356 19.55 21.53 01a59906o0915c
59906.616546  19.979  0.257    37   10 c  0   0.87 141.00798 -13.52472  8578.20  7709.00 3.25 3.14  24.5 -0.362 19.59 21.54 01a59906o0928c
59906.634206  20.456  0.372    24    9 c  0   1.43 141.00798 -13.52472  8598.93  7587.80 3.24 3.18  19.4 -0.362 19.59 21.54 01a59906o0965c
59908.593765  19.883  0.282    40   11 o  0   1.12 141.00798 -13.52472  1938.54  6554.08 2.01 1.89 -48.6 -0.454 19.54 20.66 02a59908o0892o
59908.596930  20.686  0.522    19   10 o  0   1.02 141.00798 -13.52472  1957.62  6593.42 2.07 1.91 -55.3 -0.454 19.48 20.64 02a59908o0899o
59908.600095  20.156  0.377    32   12 o  0   1.18 141.00798 -13.52472  1898.74  6515.98 2.06 1.89 -52.3 -0.452 19.46 20.61 02a59908o0906o
59908.610043  19.724  0.297    47   14 o  0   0.80 141.00798 -13.52472  1878.25  6631.89 2.04 1.83 -55.1 -0.576 19.51 20.69 02a59908o0928o
59910.593411  20.588  1.583    21   33 c  0   1.37 141.00798 -13.52472  8529.37  7670.24 4.03 3.85  37.8 -0.297 17.99 20.07 01a59910o0879c
59913.061264  19.670  0.175    49    9 c  0   1.21 141.00798 -13.52472  4536.56  7679.29 2.60 2.35 -51.7 -0.372 19.73 21.72 03a59913o0651c
59913.064880  19.837  0.201    42    8 c  0   1.20 141.00798 -13.52472  4517.67  7639.87 2.57 2.30 -51.7 -0.377 19.74 21.73 03a59913o0659c
59913.080044  19.680  0.201    49   10 c  0   0.58 141.00798 -13.52472  4572.24  7717.53 2.44 2.20 -52.4 -0.379 19.77 21.67 03a59913o0691c
59913.088610  19.572  0.223    54   12 c  0   0.83 141.00798 -13.52472  4592.75  7603.13 2.51 2.30 -52.7 -0.372 19.51 21.08 03a59913o0709c
59913.311909  21.570  1.519     9   13 o  0   1.58 141.00798 -13.52472   527.73  9437.33 2.85 2.07 -82.7 -0.380 19.57 20.98 04a59913o0644o
59913.315061  20.052  0.374    35   13 o  0   1.00 141.00798 -13.52472   508.94  9397.86 2.84 2.07 -82.5 -0.374 19.54 20.95 04a59913o0651o
59913.329299  20.238  0.481    29   14 o  0   1.32 141.00798 -13.52472   572.41  9474.27 3.28 2.54 -81.1 -0.356 19.39 20.90 04a59913o0680o
59913.337417  21.974  2.081     6   12 o  0   1.19 141.00798 -13.52472   598.13  9354.35 2.86 2.13 -81.7 -0.376 19.47 20.95 04a59913o0695o
59914.292774  19.886  0.357    40   14 o  0   1.01 141.00798 -13.52472   523.51  9436.96 2.86 2.07 -81.7 -0.381 19.49 20.81 04a59914o0587o
59914.295475  20.023  0.384    36   14 o  0   1.14 141.00798 -13.52472   504.81  9397.87 2.81 2.06 -80.9 -0.381 19.51 20.83 04a59914o0593o
59914.301383  20.353  0.503    26   13 o  0   0.82 141.00798 -13.52472   565.57  9475.62 2.79 2.00 -80.5 -0.380 19.49 20.85 04a59914o0606o
59914.310706  21.334  1.211    11   13 o  0   0.76 141.00798 -13.52472   589.79  9356.89 2.81 2.05 -83.0 -0.371 19.57 20.91 04a59914o0625o
59915.008890  19.523  0.176    56   10 c  0   1.23 141.00798 -13.52472  4555.58  7682.64 2.62 2.24 -44.1 -0.375 19.76 21.65 03a59915o0516c
59915.010692  20.617  0.372    21    8 c  0   1.51 141.00798 -13.52472  4536.68  7643.75 2.62 2.23 -46.8 -0.375 19.76 21.67 03a59915o0520c
59915.018384  19.662  0.171    50    8 c  0   1.37 141.00798 -13.52472  4592.74  7721.32 2.62 2.25 -45.2 -0.374 19.78 21.73 03a59915o0537c
59915.036384  19.602  0.178    52    9 c  0   0.91 141.00798 -13.52472  4611.41  7605.71 2.68 2.28 -44.8 -0.370 19.79 21.79 03a59915o0576c
59915.310058  20.128  0.348    32   11 o  0   1.18 141.00798 -13.52472   531.24  9432.98 2.64 1.92 -76.1 -0.391 19.50 20.86 04a59915o0641o
59915.315547  20.604  0.602    21   12 o  0   0.83 141.00798 -13.52472   511.31  9393.11 2.62 1.86 -79.3 -0.400 19.52 20.81 04a59915o0652o
59915.318708  20.815  0.808    17   14 o  0   1.21 141.00798 -13.52472   571.78  9471.59 2.69 1.87 -78.1 -0.392 19.54 20.86 04a59915o0658o
59915.330181  19.801  0.266    44   12 o  0   1.42 141.00798 -13.52472   598.47  9351.54 2.71 1.90 -81.5 -0.386 19.58 20.91 04a59915o0682o
59917.047394  18.114  1.045   206  216 o  0   1.11 141.00798 -13.52472  4526.11  7642.00 2.77 2.47 -44.7 -0.391 16.74 18.27 03a59917o0619o
59917.052803  16.739  0.661   732  483 o  0   1.20 141.00798 -13.52472  4581.20  7720.83 2.84 2.53 -38.9 -0.379 15.72 17.32 03a59917o0631o
59917.074658 -19.225  0.771   -74   57 o  0   1.10 141.00798 -13.52472  4601.99  7606.73 2.82 2.59 -43.4 -0.391 18.65 20.13 03a59917o0679o
59917.279314  19.796  0.404    44   18 o  0   0.90 141.00798 -13.52472   516.65  9435.23 2.73 1.88 -77.3 -0.394 19.22 20.13 04a59917o0567o
59917.282534  19.854  0.398    42   16 o  0   0.88 141.00798 -13.52472   497.51  9395.56 2.64 1.91 -79.6 -0.393 19.26 20.20 04a59917o0574o
59917.298004  19.600  0.262    52   14 o  0   1.14 141.00798 -13.52472   561.29  9471.97 2.74 1.95 -79.6 -0.397 19.36 20.56 04a59917o0606o
59917.303435  20.089  0.353    34   12 o  0   1.35 141.00798 -13.52472   583.86  9353.51 2.62 1.91 -81.9 -0.389 19.50 20.73 04a59917o0618o
59918.315434  19.974  0.449    37   17 o  0   0.89 141.00798 -13.52472   526.43  9430.15 2.77 1.90 -82.1 -0.387 19.39 20.47 04a59918o0648o
59918.341266  20.207  0.366    30   11 o  0   1.53 141.00798 -13.52472   524.00  9385.52 2.65 1.81 -78.9 -0.410 19.55 20.81 04a59918o0698o
59918.348842  21.304  1.756    11   19 o  0   0.96 141.00798 -13.52472   589.45  9463.66 2.75 1.84 -77.5 -0.386 19.20 20.06 04a59918o0711o
59918.352945  19.793  0.498    44   22 o  0   1.28 141.00798 -13.52472   612.71  9345.08 2.69 1.88 -76.3 -0.380 18.87 19.33 04a59918o0717o
59919.067975  19.551  0.289    55   16 o  0   1.04 141.00798 -13.52472  4545.87  7681.56 2.41 2.13 -42.3 -0.390 19.17 20.13 03a59919o0648o
59919.082839  19.606  0.245    52   13 o  0   1.27 141.00798 -13.52472  4523.39  7646.43 2.47 2.18 -40.0 -0.389 19.33 20.52 03a59919o0680o
59919.084640  20.181  0.408    31   12 o  0   1.05 141.00798 -13.52472  4578.56  7724.79 2.38 2.14 -39.9 -0.388 19.41 20.60 03a59919o0684o
59919.088500 -23.189  7.571    -2   15 o  0   0.77 141.00798 -13.52472  4600.85  7609.22 2.33 2.13 -40.5 -0.395 19.31 20.41 03a59919o0692o
59919.311095  20.111  0.596    33   20 o  0   1.13 141.00798 -13.52472   527.76  9428.62 2.68 1.85 -79.2 -0.399 19.10 19.89 04a59919o0648o
59919.314697  19.547  0.307    55   17 o  0   1.09 141.00798 -13.52472   509.81  9388.98 2.65 1.80 -73.9 -0.397 19.13 19.93 04a59919o0656o
59919.318838  20.499  0.614    23   14 o  0   1.80 141.00798 -13.52472   570.87  9466.91 2.65 1.85 -78.6 -0.400 19.14 19.98 04a59919o0665o
59919.329327  19.490  0.274    58   16 o  0   1.22 141.00798 -13.52472   599.08  9347.73 2.65 1.83 -78.3 -0.391 19.23 20.16 04a59919o0688o
59919.347567  19.834  0.355    42   15 o  0   1.09 141.00798 -13.52472   572.34  9402.87 2.63 1.83 -75.8 -0.408 19.24 20.11 04a59919o0726o
59920.997084  19.625  0.734    51   38 o  0   0.78 141.00798 -13.52472   493.12  1755.54 3.02 2.87 -82.3 -0.390 18.34 18.93 03a59921o0509o
59921.004836  19.440  0.790    61   48 o  0   1.06 141.00798 -13.52472   474.32  1713.89 3.21 2.94 -81.0 -0.356 18.32 18.91 03a59921o0526o
59921.007988  19.366  0.515    65   34 o  0   1.24 141.00798 -13.52472   531.01  1793.97 3.14 3.09 -79.7 -0.376 18.32 18.94 03a59921o0533o
59921.017780 -21.750  4.200    -7   30 o  0   0.88 141.00798 -13.52472   554.78  1674.78 2.91 2.80 -71.7 -0.391 18.48 19.03 03a59921o0554o
59921.022111  19.855  0.692    42   29 o  0   1.06 141.00798 -13.52472 10486.72  1977.50 2.84 2.50 -47.2 -0.349 18.46 19.03 03a59921o0563o
59921.025267  19.720  0.592    47   28 o  0   1.08 141.00798 -13.52472 10468.30  1939.59 2.78 2.55 -43.2 -0.344 18.50 19.07 03a59921o0570o
59921.030693  19.211  0.444    75   33 o  0   1.12 141.00798 -13.52472 10524.27  2018.13 3.23 3.03 -46.4 -0.380 18.40 19.11 03a59921o0582o
59921.330402  19.643  0.435    50   22 o  0   1.05 141.00798 -13.52472  2663.31  5937.24 2.23 1.92 -82.4 -0.384 18.71 19.21 04a59921o0676o
59921.337475  20.332  0.682    27   18 o  0   1.42 141.00798 -13.52472  2649.19  5896.92 2.20 1.85 -84.3 -0.387 18.73 19.22 04a59921o0690o
59921.340179  20.477  0.898    23   21 o  0   0.97 141.00798 -13.52472  2708.83  5974.86 2.16 1.86 -83.9 -0.400 18.74 19.21 04a59921o0696o
59921.348198  19.631  0.421    51   22 o  0   0.72 141.00798 -13.52472  2735.70  5857.82 2.03 1.77 -88.2 -0.394 18.72 19.09 04a59921o0709o
59923.283179  19.741  0.447    46   21 o  0   0.93 141.00798 -13.52472  2647.39  5942.28 2.16 1.91 -84.7 -0.394 18.74 19.30 04a59923o0586o
59923.286349  20.232  0.760    29   22 o  0   0.60 141.00798 -13.52472  2629.39  5903.15 2.14 1.84 -82.9 -0.397 18.76 19.31 04a59923o0593o
59923.292224  19.877  0.481    41   20 o  0   1.09 141.00798 -13.52472  2689.66  5980.46 2.07 1.76 -88.1 -0.404 18.84 19.33 04a59923o0606o
59923.303900  19.545  0.378    55   21 o  0   1.17 141.00798 -13.52472  2712.34  5862.98 2.17 1.84 -87.2 -0.401 18.77 19.34 04a59923o0631o
59927.258214  20.676  0.937    20   18 o  0   1.42 141.00798 -13.52472  2638.80  5941.71 2.11 1.82  82.0 -0.387 18.83 19.47 04a59927o0516o
59927.260465  19.286  0.327    70   23 o  0   0.71 141.00798 -13.52472  2620.40  5903.10 2.12 1.85 -87.7 -0.392 18.84 19.47 04a59927o0521o
59927.263631  21.183  1.227    12   15 o  0   1.57 141.00798 -13.52472  2678.25  5981.29 2.14 1.79 -85.8 -0.392 18.84 19.49 04a59927o0528o
59927.270878  19.086  0.183    84   16 o  0   1.48 141.00798 -13.52472  2700.24  5864.68 2.07 1.78 -89.2 -0.403 18.84 19.47 04a59927o0544o
59928.567776  19.908  0.384    40   15 o  0   1.35 141.00798 -13.52472  2143.53  4898.82 2.36 1.81  23.7 -0.449 19.21 20.00 02a59928o0832o
59928.597089  19.645  0.308    50   16 o  0   1.27 141.00798 -13.52472  8407.02  5604.77 2.37 1.98  32.6 -0.426 19.24 20.11 02a59928o0894o
59928.606346  19.807  0.339    43   15 o  0   1.40 141.00798 -13.52472  8465.10  5687.13 2.38 1.98  33.5 -0.427 19.21 20.07 02a59928o0914o
59928.609195  19.820  0.299    43   13 o  0   1.35 141.00798 -13.52472  8485.45  5571.28 2.37 1.98  33.6 -0.422 19.19 20.06 02a59928o0920o
59928.663603  19.734  0.483    46   22 o  0   1.21 141.00798 -13.52472  8445.00  5633.26 2.35 2.03  36.9 -0.416 18.74 19.29 02a59928o1036o
59931.301973  19.443  0.151    61    9 o  0   1.11 141.00798 -13.52472  2762.18  7874.35 2.25 1.71 -78.2 -0.420 19.62 21.07 04a59931o0606o
59931.304227  19.873  0.263    41   11 o  0   0.97 141.00798 -13.52472  2744.31  7834.87 2.30 1.77 -78.9 -0.408 19.61 21.05 04a59931o0611o
59931.307380  19.707  0.211    48   10 o  0   0.86 141.00798 -13.52472  2803.80  7913.06 2.31 1.77 -80.6 -0.409 19.60 21.08 04a59931o0618o
59931.321803  19.650  0.178    50    9 o  0   1.16 141.00798 -13.52472  2834.92  7793.38 2.30 1.77 -79.3 -0.411 19.62 21.11 04a59931o0650o
59933.088742  19.763  0.268    45   12 o  0   1.23 141.00798 -13.52472 10262.26  5177.75 2.52 2.15 -52.1 -0.372 19.44 20.72 03a59933o0567o
59933.091008  20.150  0.382    32   12 o  0   1.17 141.00798 -13.52472 10279.58  5217.18 2.47 2.11 -52.5 -0.368 19.35 20.54 03a59933o0572o
59933.094170  20.281  0.486    28   14 o  0   1.17 141.00798 -13.52472 10221.40  5138.52 2.52 2.12 -55.1 -0.359 19.20 20.18 03a59933o0579o
59933.097334  20.034  0.546    35   19 o  0   1.05 141.00798 -13.52472 10197.28  5254.25 2.55 2.12 -52.5 -0.356 18.97 19.66 03a59933o0586o
59934.970078  19.457  0.181    60   11 o  0   1.08 141.00798 -13.52472  6422.25  1174.20 2.21 1.99 -38.2 -0.439 19.56 21.07 03a59935o0434o
59934.973284  19.596  0.223    53   12 o  0   0.87 141.00798 -13.52472  6398.74  1142.41 2.14 1.95 -52.8 -0.435 19.52 21.09 03a59935o0441o
59934.978709  19.195  0.149    76   11 o  0   0.89 141.00798 -13.52472  6454.62  1228.56 2.14 1.91 -57.2 -0.443 19.47 21.07 03a59935o0453o
59935.013900  19.470  0.169    59   10 o  0   1.47 141.00798 -13.52472  6481.54  1168.39 2.22 1.96 -20.2 -0.442 19.58 20.95 03a59935o0529o
59935.215782  19.408  0.140    63    9 c  0   1.86 141.00798 -13.52472  2734.69  7878.32 2.45 1.95 -80.8 -0.383 19.69 21.74 04a59935o0429c
59935.241000  19.575  0.161    54    9 c  0   1.43 141.00798 -13.52472  2717.07  7838.57 2.49 1.95 -80.4 -0.379 19.73 21.75 04a59935o0484c
59935.269594  19.419  0.147    62    9 c  0   0.93 141.00798 -13.52472  2782.84  7917.06 2.61 1.92 -77.9 -0.376 19.74 21.79 04a59935o0546c
59935.274133  19.209  0.117    75    9 c  0   1.01 141.00798 -13.52472  2806.82  7798.33 2.53 1.88 -80.4 -0.385 19.76 21.83 04a59935o0556c
59935.886457 -17.938  1.778  -243  431 o  0   0.98 141.00798 -13.52472 10203.57  7463.82 2.88 2.24 -51.7 -0.425 17.00 18.47 03a59936o0246o
59935.890634  20.660  1.297    20   26 o  0   0.98 141.00798 -13.52472 10176.78  7431.70 2.96 2.25 -51.9 -0.395 19.04 20.34 03a59936o0255o
59935.897556  20.492  0.681    23   16 o  0   1.39 141.00798 -13.52472 10234.86  7510.83 2.99 2.33 -50.5 -0.389 19.05 20.31 03a59936o0270o
59935.907552  19.538  0.377    56   21 o  0   1.03 141.00798 -13.52472 10255.56  7396.74 2.85 2.30 -45.6 -0.403 19.14 20.39 03a59936o0292o
59939.010240  20.836  3.115    17   52 o  0   0.88 141.00798 -13.52472 10206.40  7601.24 2.79 2.32 -51.9 -0.391 17.85 19.29 03a59939o0511o
59939.013493  17.169  0.660   493  325 o  0   0.94 141.00798 -13.52472 10187.90  7569.49 3.36 2.65 -45.6 -0.375 15.97 17.76 03a59939o0518o
59939.018467 -20.257  1.480   -29   42 o  0   0.97 141.00798 -13.52472 10244.35  7657.72 2.93 2.49 -51.1 -0.398 18.12 19.65 03a59939o0528o
59939.040206  19.573  0.460    54   25 o  0   0.87 141.00798 -13.52472 10273.23  7588.30 2.96 2.38 -54.2 -0.381 18.71 20.26 03a59939o0573o
59939.285459  19.617  0.172    52    9 c  0   1.38 141.00798 -13.52472  8658.89  3995.79 2.71 2.11 -18.9 -0.389 19.69 21.84 04a59939o0575c
59939.287261  19.395  0.134    63    8 c  0   1.32 141.00798 -13.52472  8640.71  3957.55 2.73 2.15 -18.6 -0.391 19.65 21.83 04a59939o0579c
59939.290416  19.285  0.113    70    8 c  0   1.67 141.00798 -13.52472  8700.42  4034.41 2.62 2.09 -22.2 -0.393 19.71 21.85 04a59939o0586c
59939.295829  19.287  0.135    70   10 c  0   0.81 141.00798 -13.52472  8723.36  3917.27 2.62 2.06 -20.3 -0.392 19.73 21.84 04a59939o0598c
59939.996003  19.587  0.218    53   12 o  0   1.07 141.00798 -13.52472 10197.21  7579.75 2.51 1.96 -56.2 -0.412 19.54 20.88 03a59940o0485o
59939.999162  19.279  0.190    70   13 o  0   1.06 141.00798 -13.52472 10178.55  7546.49 2.51 1.90 -52.4 -0.416 19.54 20.90 03a59940o0492o
59940.002314  19.375  0.195    64   13 o  0   1.62 141.00798 -13.52472 10237.88  7630.72 2.64 1.93 -51.6 -0.416 19.49 20.88 03a59940o0499o
59940.024216  19.491  0.190    58   11 o  0   1.42 141.00798 -13.52472 10261.91  7558.32 2.48 1.91 -54.8 -0.410 19.56 20.78 03a59940o0546o
59943.278461  19.606  0.172    52    9 c  0   1.77 141.00798 -13.52472  8657.73  3995.48 2.65 2.07 -21.2 -0.393 19.68 21.73 04a59943o0546c
59943.280263  19.337  0.133    67    9 c  0   1.27 141.00798 -13.52472  8639.81  3956.75 2.55 2.02 -20.4 -0.397 19.72 21.73 04a59943o0550c
59943.283414  19.557  0.173    55    9 c  0   1.29 141.00798 -13.52472  8699.58  4033.19 2.63 2.07 -21.2 -0.392 19.74 21.76 04a59943o0557c
59943.289271  19.384  0.151    64   10 c  0   1.09 141.00798 -13.52472  8723.18  3914.85 2.56 1.96 -19.7 -0.413 19.74 21.77 04a59943o0570c
59944.003701  19.807  0.234    43   10 o  0   1.37 141.00798 -13.52472  6598.28  5146.46 2.35 2.14 -51.9 -0.414 19.38 20.74 03a59944o0491o
59944.005503  19.626  0.232    51   12 o  0   1.17 141.00798 -13.52472  6580.61  5111.02 2.34 2.16 -59.4 -0.421 19.43 20.69 03a59944o0495o
59944.008665  20.053  0.344    35   12 o  0   1.51 141.00798 -13.52472  6637.78  5195.68 2.42 2.16 -58.4 -0.421 19.36 20.63 03a59944o0502o
59944.032535  19.541  0.236    55   13 o  0   1.37 141.00798 -13.52472  6666.06  5132.94 2.72 2.53 -62.1 -0.414 19.19 20.62 03a59944o0549o
59945.305668  19.753  0.195    46    9 c  0   1.45 141.00798 -13.52472  7819.55   806.82 3.09 2.51 -24.8 -0.342 19.67 21.97 04a59945o0591c
59945.309583  19.505  0.153    57    9 c  0   1.17 141.00798 -13.52472  7841.12   840.73 3.02 2.55 -21.9 -0.354 19.70 21.96 04a59945o0599c
59945.315248  19.432  0.149    61    9 c  0   1.08 141.00798 -13.52472  7785.40   756.43 2.87 2.47 -20.0 -0.347 19.74 21.94 04a59945o0609c
59945.340571  19.418  0.139    62    9 c  0   1.18 141.00798 -13.52472  7775.14   849.88 2.77 2.31 -22.8 -0.360 19.75 21.89 04a59945o0660c
59946.234617  20.806  0.754    17   13 o  0   1.19 141.00798 -13.52472  2836.39  9824.02 2.93 1.90 -80.7 -0.387 19.24 20.32 04a59946o0450o
59946.236418  20.046  0.454    35   16 o  0   0.99 141.00798 -13.52472  2816.78  9784.99 2.82 1.90 -79.5 -0.384 19.29 20.36 04a59946o0454o
59946.239572  19.495  0.290    58   17 o  0   0.83 141.00798 -13.52472  2876.83  9863.31 2.85 1.89 -79.4 -0.393 19.27 20.42 04a59946o0461o
59946.244692  19.802  0.356    44   16 o  0   0.85 141.00798 -13.52472  2898.87  9745.76 2.81 1.91 -79.4 -0.382 19.31 20.45 04a59946o0472o
59947.001583  19.523  0.271    56   15 o  0   1.12 141.00798 -13.52472  6594.69  5154.66 2.70 2.39 -22.6 -0.386 19.14 20.37 03a59947o0486o
59947.003402  20.237  0.541    29   16 o  0   0.94 141.00798 -13.52472  6575.89  5119.56 2.67 2.36 -17.7 -0.391 19.17 20.39 03a59947o0490o
59947.006226  19.870  0.308    41   13 o  0   1.44 141.00798 -13.52472  6634.31  5202.26 2.41 2.21 -36.6 -0.418 19.26 20.41 03a59947o0496o
59947.031315  19.704  0.245    48   12 o  0   1.12 141.00798 -13.52472  6662.84  5144.83 2.56 2.26 -18.4 -0.405 19.40 20.98 03a59947o0549o
59949.225794  19.152  0.361    79   29 o  0   0.96 141.00798 -13.52472  2831.63  9823.52 2.95 1.97 -81.4 -0.371 18.69 19.20 04a59949o0232o
59949.228495  19.466  0.418    59   25 o  0   1.29 141.00798 -13.52472  2812.57  9784.30 2.90 1.96 -80.9 -0.374 18.70 19.22 04a59949o0238o
59949.233450  21.209  2.128    12   25 o  0   1.09 141.00798 -13.52472  2873.33  9862.37 2.89 1.95 -80.1 -0.374 18.74 19.24 04a59949o0249o
59949.250332  19.373  0.406    65   26 o  0   1.09 141.00798 -13.52472  2905.09  9742.04 2.84 2.00 -80.0 -0.382 18.73 19.26 04a59949o0284o
59951.024868  22.216  4.744     5   22 o  0   1.27 141.00798 -13.52472  6612.79  5233.66 2.34 1.99 -51.2 -0.429 18.69 19.10 03a59951o0545o
59951.232637 -18.630  1.838  -128  236 o  0   0.80 141.00798 -13.52472  2822.37  9783.27 3.07 2.28 -82.4 -0.369 15.80 15.43 04a59951o0455o
59951.235340  17.577  0.354   338  120 o  0   0.97 141.00798 -13.52472  2882.41  9860.77 3.10 2.06 -81.6 -0.379 17.23 17.08 04a59951o0461o
59951.257268 -17.096  0.935  -527  492 o  0   0.78 141.00798 -13.52472  2915.54  9740.28 2.89 1.92 -80.4 -0.400 15.52 15.15 04a59951o0507o
59951.985452  19.385  0.362    64   23 o  0   1.62 141.00798 -13.52472  8774.78  1698.89 2.41 2.15 -61.3 -0.421 18.56 18.80 03a59952o0451o
59951.987716  19.293  0.354    70   25 o  0   1.28 141.00798 -13.52472  8756.67  1664.25 2.35 2.19 -55.7 -0.426 18.57 18.81 03a59952o0456o
59951.999315  20.136  0.728    32   23 o  0   1.05 141.00798 -13.52472  8817.19  1767.08 2.33 2.08 -55.9 -0.419 18.61 18.83 03a59952o0479o
59952.002557  19.555  0.379    55   21 o  0   2.01 141.00798 -13.52472  8840.10  1657.96 2.46 2.18 -49.4 -0.420 18.61 19.01 03a59952o0486o
59953.065824  19.267  0.387    71   28 o  0   1.02 141.00798 -13.52472  1598.94   573.95 2.32 2.06 -69.1 -0.417 18.73 19.06 03a59953o0626o
59953.068837  19.193  0.301    76   23 o  0   1.33 141.00798 -13.52472  1616.28   604.80 2.36 2.01 -67.5 -0.411 18.74 19.04 03a59953o0632o
59953.078306  20.461  0.761    24   18 o  0   1.44 141.00798 -13.52472  1558.01   500.11 2.35 2.05 -61.2 -0.482 18.74 19.12 03a59953o0652o
59953.108940  18.946  0.339    96   32 o  0   1.94 141.00798 -13.52472  1540.20   534.97 2.26 2.02 -59.9 -0.447 18.19 17.98 03a59953o0718o
59953.255192  19.390  0.558    64   36 o  0   0.83 141.00798 -13.52472  8470.46  5640.56 2.36 2.00 -23.9 -0.422 18.36 18.49 04a59953o0499o
59953.287415  18.878  0.301   102   31 o  0   1.35 141.00798 -13.52472  8480.90  5596.13 2.36 1.86 -23.7 -0.423 18.43 18.56 04a59953o0566o
59953.309040  19.152  0.317    79   25 o  0   0.72 141.00798 -13.52472  2152.45  4917.27 1.93 1.75  82.1 -0.416 18.53 18.78 04a59953o0612o
59953.311493  18.681  0.165   122   20 o  0   2.15 141.00798 -13.52472  2132.39  5030.89 2.02 1.81  79.5 -0.408 18.53 18.78 04a59953o0617o
59954.246260  25.273 92.500     0   26 o  0   1.37 141.00798 -13.52472  8467.12  5643.68 2.59 2.06 -20.7 -0.406 18.43 18.78 04a59954o0377o
59954.247612  19.535  0.524    56   29 o  0   1.30 141.00798 -13.52472  8448.53  5604.71 2.52 2.07 -20.5 -0.407 18.45 18.78 04a59954o0380o
59954.251214  19.262  0.387    72   28 o  0   1.22 141.00798 -13.52472  8509.43  5681.83 2.34 1.96 -24.1 -0.418 18.52 18.78 04a59954o0388o
59954.257295  18.887  0.308   101   31 o  0   0.98 141.00798 -13.52472  8532.96  5565.09 2.40 1.93 -26.7 -0.418 18.50 18.79 04a59954o0401o
59954.982259  19.160  0.294    79   23 o  0   1.19 141.00798 -13.52472  8771.13  1705.97 2.24 1.98 -66.1 -0.426 18.58 18.83 03a59955o0444o
59955.007480  19.091  0.271    84   23 o  0   1.26 141.00798 -13.52472  8758.73  1724.55 2.19 1.94 -60.2 -0.436 18.64 18.88 03a59955o0495o
59955.009747  19.370  0.426    65   28 o  0   0.83 141.00798 -13.52472  8815.46  1807.90 2.22 1.90 -55.9 -0.434 18.67 18.86 03a59955o0500o
59955.029622  19.054  0.287    87   25 o  0   0.75 141.00798 -13.52472  8843.31  1740.06 2.12 1.89 -58.1 -0.448 18.70 19.03 03a59955o0540o
59955.299317  19.484  0.325    58   19 o  0   1.21 141.00798 -13.52472  2189.93  4964.06 1.99 1.80  77.1 -0.398 18.69 18.97 04a59955o0608o
59955.302099  20.660  0.933    20   18 o  0   1.36 141.00798 -13.52472  2210.37  4999.57 2.00 1.82  81.1 -0.401 18.67 18.96 04a59955o0614o
59955.329127  19.011  0.250    90   22 o  0   1.16 141.00798 -13.52472  2159.25  4895.51 1.99 1.91  66.6 -0.421 18.55 18.85 04a59955o0669o
59955.340092  19.203  0.311    76   24 o  0   0.90 141.00798 -13.52472  2142.84  5001.19 1.99 1.80  82.0 -0.394 18.65 18.93 04a59955o0692o
59956.618657  19.147  0.211    80   17 o  0   1.41 141.00798 -13.52472  8581.50  2101.99 2.22 2.04 -58.6 -0.429 18.92 19.74 02a59956o0474o
59956.650814  20.429  0.846    24   21 o  0   1.13 141.00798 -13.52472  8600.74  1982.99 2.25 2.01 -57.9 -0.440 18.85 19.59 02a59956o0543o
59957.053930  19.899  0.515    40   20 o  0   0.87 141.00798 -13.52472  1597.69   579.74 2.31 1.94 -63.0 -0.421 18.98 19.60 03a59957o0608o
59957.057095  19.368  0.310    65   20 o  0   1.06 141.00798 -13.52472  1615.76   610.52 2.35 1.99 -63.9 -0.421 18.93 19.55 03a59957o0615o
59957.063861  19.291  0.319    70   22 o  0   1.13 141.00798 -13.52472  1556.95   512.38 2.31 1.98 -66.3 -0.431 18.81 19.34 03a59957o0630o
59957.074281  19.704  0.378    48   18 o  0   1.07 141.00798 -13.52472  1533.28   599.80 2.28 1.95 -62.9 -0.431 18.89 19.43 03a59957o0653o
59957.242745  19.092  0.265    84   22 o  0   1.14 141.00798 -13.52472  8479.29  5652.91 2.59 2.32  48.8 -0.384 18.67 19.81 04a59957o0458o
59957.246931  20.576  1.053    21   22 o  0   1.42 141.00798 -13.52472  8462.20  5615.13 2.58 2.24  53.6 -0.430 18.68 19.79 04a59957o0467o
59957.250942  18.911  0.325    99   32 o  0   0.85 141.00798 -13.52472  8522.68  5691.76 2.38 2.20  48.6 -0.652 18.78 19.80 04a59957o0473o
59957.271818  19.500  0.557    58   32 o  0   1.28 141.00798 -13.52472  8561.37  5573.39 2.48 2.15  79.4 -0.610 18.76 19.71 04a59957o0516o
59958.304009  19.934  0.418    39   16 o  0   0.77 141.00798 -13.52472  2193.89  4942.28 2.57 2.25  82.2 -0.348 19.13 20.31 04a59958o0599o
59958.322572  19.770  0.336    45   15 o  0   1.26 141.00798 -13.52472  2219.49  4961.80 2.72 2.48  86.6 -0.340 18.95 20.19 04a59958o0637o
59958.326178  19.791  0.306    44   14 o  0   1.24 141.00798 -13.52472  2161.92  4881.52 2.64 2.42  79.8 -0.330 19.06 20.23 04a59958o0645o
59958.331258  19.771  0.349    45   16 o  0   0.77 141.00798 -13.52472  2142.32  4994.44 2.82 2.32  81.0 -0.327 19.05 20.20 04a59958o0656o
59959.048696  19.681  0.306    49   15 o  0   0.95 141.00798 -13.52472  1596.97   575.75 2.57 2.36 -66.1 -0.398 19.21 20.46 03a59959o0586o
59959.051908  19.708  0.363    48   17 o  0   0.75 141.00798 -13.52472  1614.97   606.96 2.82 2.50 -75.3 -0.398 19.17 20.44 03a59959o0593o
59959.081449  20.299  0.547    28   15 o  0   1.23 141.00798 -13.52472  1559.46   447.98 2.74 2.40 -75.8 -0.400 19.10 20.30 03a59959o0654o
59959.086893  19.719  0.377    47   18 o  0   1.33 141.00798 -13.52472  1532.78   548.70 3.08 2.75 -74.1 -0.396 18.98 20.28 03a59959o0665o
59959.206157  19.554  0.313    55   17 o  0   0.82 141.00798 -13.52472  8461.29  5650.18 2.72 2.36 -24.6 -0.404 19.16 20.61 04a59959o0402o
59959.214510  19.117  0.169    82   14 o  0   0.87 141.00798 -13.52472  8443.02  5611.75 2.49 2.02 -17.3 -0.432 19.23 20.57 04a59959o0420o
59959.217280  19.752  0.298    46   14 o  0   1.03 141.00798 -13.52472  8502.57  5689.23 2.46 2.08 -15.0 -0.432 19.23 20.58 04a59959o0426o
59959.226864  19.582  0.257    53   14 o  0   1.17 141.00798 -13.52472  8527.81  5573.66 2.35 1.98 -22.6 -0.433 19.30 20.57 04a59959o0447o
59961.316180  19.154  0.188    79   15 o  0   0.75 141.00798 -13.52472  1948.12  1037.40 2.34 1.84  46.8 -0.441 19.38 20.62 04a59961o0618o
59961.318669  19.403  0.234    63   15 o  0   1.07 141.00798 -13.52472  1967.89  1075.68 2.47 1.86  46.9 -0.434 19.41 20.64 04a59961o0623o
59961.354692 -15.518  0.342 -2254  771 o  0   2.22 141.00798 -13.52472  1913.81   974.94 2.40 1.84  48.6 -0.431 15.85 16.79 04a59961o0695o
59961.369347  19.728  0.417    47   20 o  0   1.34 141.00798 -13.52472  1894.21  1086.58 2.32 1.83  44.2 -0.460 18.93 19.75 04a59961o0722o
59962.221846 -19.601  0.714   -52   37 o  0   1.21 141.00798 -13.52472  8736.05  9531.98 3.01 1.62 -87.7 -0.430 18.23 20.76 04a59962o0429o
59962.223647  19.856  0.778    42   32 o  0   1.33 141.00798 -13.52472  8717.17  9492.14 2.99 1.62 -88.6 -0.442 18.18 20.76 04a59962o0433o
59962.977685  19.484  0.161    58    9 c  0   0.97 141.00798 -13.52472  8814.46  3679.85 2.58 2.31 -31.4 -0.390 19.71 21.78 03a59963o0439c
59962.979502  19.593  0.172    53    9 c  0   1.05 141.00798 -13.52472  8796.25  3644.84 2.71 2.42 -42.3 -0.387 19.67 21.80 03a59963o0443c
59962.983110  19.137  0.274    80   22 c  0   0.95 141.00798 -13.52472  8853.54  3731.47 2.62 2.38 -44.3 -0.385 19.43 21.46 03a59963o0451c
59964.000092  19.902  0.226    40    9 c  0   0.99 141.00798 -13.52472  7899.83  2766.57 2.77 2.53 -55.8 -0.405 19.66 21.81 03a59964o0493c
59964.032050  19.495  0.163    58    9 c  0   1.12 141.00798 -13.52472  7921.48  2807.75 2.48 2.24 -52.9 -0.411 19.71 21.63 03a59964o0560c
59964.041949  19.543  0.165    55    9 c  0   1.19 141.00798 -13.52472  7863.40  2728.90 2.53 2.22 -55.1 -0.411 19.71 21.54 03a59964o0581c
59964.047967  19.934  0.195    39    8 c  0   1.43 141.00798 -13.52472  7839.88  2845.03 2.46 2.13 -53.9 -0.420 19.71 21.53 03a59964o0594c
59964.508768  19.403  0.205    63   13 o  0   1.45 141.00798 -13.52472  6926.12  8030.02 2.66 2.36  43.5 -0.416 19.35 20.74 02a59964o0606o
59964.512387  19.352  0.196    66   13 o  0   0.83 141.00798 -13.52472  6906.42  7991.30 2.49 2.10  37.6 -0.430 19.41 20.72 02a59964o0614o
59964.518725  19.326  0.177    68   12 o  0   1.33 141.00798 -13.52472  6966.06  8070.02 2.64 2.32  42.5 -0.421 19.33 20.71 02a59964o0628o
59964.534231  19.551  0.259    55   14 o  0   0.88 141.00798 -13.52472  6987.95  7954.84 2.62 2.25  41.0 -0.424 19.34 20.69 02a59964o0662o
59964.907288  19.796  0.197    44    9 c  0   1.38 141.00798 -13.52472  2645.37  7791.28 2.63 2.40 -51.3 -0.384 19.76 21.83 03a59965o0301c
59964.941804  19.489  0.132    58    8 c  0   1.17 141.00798 -13.52472  2627.98  7751.28 2.46 2.23 -49.8 -0.389 19.83 21.81 03a59965o0376c
59964.945941  19.743  0.182    46    8 c  0   1.12 141.00798 -13.52472  2682.33  7830.97 2.41 2.19 -52.0 -0.389 19.86 21.82 03a59965o0385c
59964.951802  19.560  0.149    54    8 c  0   1.36 141.00798 -13.52472  2704.95  7716.51 2.38 2.18 -52.3 -0.389 19.84 21.82 03a59965o0398c
59965.259410  19.861  0.295    41   12 o  0   0.97 141.00798 -13.52472  1929.84  1084.46 2.44 1.90  42.6 -0.431 19.52 21.01 04a59965o0503o
59965.286932  19.345  0.170    66   11 o  0   1.05 141.00798 -13.52472  1964.57  1093.44 2.27 1.78  47.5 -0.468 19.60 21.05 04a59965o0562o
59965.290103  19.562  0.203    54   11 o  0   0.87 141.00798 -13.52472  1904.65  1012.65 2.30 1.76  44.4 -0.461 19.64 21.08 04a59965o0569o
59967.971283  19.683  0.190    49    9 c  0   0.88 141.00798 -13.52472  8630.02  4070.08 2.35 2.06 -51.6 -0.402 19.76 21.61 03a59968o0424c
59967.973083  19.648  0.164    50    8 c  0   1.14 141.00798 -13.52472  8613.34  4030.33 2.37 2.05 -55.9 -0.403 19.75 21.62 03a59968o0428c
59967.976250  19.561  0.136    54    7 c  0   1.84 141.00798 -13.52472  8670.55  4108.37 2.43 2.09 -54.4 -0.400 19.78 21.63 03a59968o0435c
59967.981676  19.572  0.167    54    9 c  0   1.02 141.00798 -13.52472  8695.09  3992.78 2.35 2.05 -51.8 -0.405 19.81 21.59 03a59968o0447c
59968.455636  19.511  0.191    57   11 o  0   1.61 141.00798 -13.52472  3969.16  2878.45 2.26 1.82  32.4 -0.458 19.45 20.61 02a59968o0562o
59968.491104  19.801  0.283    44   12 o  0   0.90 141.00798 -13.52472  3984.73  2921.97 2.28 1.85  29.8 -0.452 19.44 20.57 02a59968o0638o
59968.506287  19.738  0.274    46   13 o  0   1.08 141.00798 -13.52472  6629.08  7699.95 2.62 2.03  39.5 -0.430 19.40 20.63 02a59968o0670o
59968.517283  19.921  0.323    39   13 o  0   0.95 141.00798 -13.52472  6648.32  7584.11 2.63 1.95  42.7 -0.434 19.44 20.67 02a59968o0694o
59968.814768  20.375  0.507    26   13 c  0   0.87 141.00798 -13.52472  8643.99  4051.63 2.68 2.39 -53.2 -0.387 19.29 21.07 03a59969o0100c
59968.816570  19.336  0.183    67   12 c  0   0.90 141.00798 -13.52472  8623.91  4013.66 2.67 2.33 -56.2 -0.392 19.36 21.13 03a59969o0104c
59968.819741  19.450  0.182    60   11 c  0   1.15 141.00798 -13.52472  8679.89  4090.92 2.63 2.29 -53.7 -0.394 19.42 21.17 03a59969o0111c
59968.855193  19.410  0.152    62   10 c  0   1.43 141.00798 -13.52472  8694.17  3981.86 2.49 2.21 -55.0 -0.407 19.65 21.50 03a59969o0188c
59969.245185  19.935  0.270    38   10 o  0   0.98 141.00798 -13.52472  6062.89  4768.90 1.94 1.77 -27.5 -0.444 19.63 21.15 04a59969o0488o
59969.252572  19.587  0.194    53   10 o  0   0.87 141.00798 -13.52472  6086.56  4799.57 1.95 1.73 -34.4 -0.439 19.64 21.15 04a59969o0504o
59969.256178  19.374  0.137    65    9 o  0   1.20 141.00798 -13.52472  6030.43  4718.12 1.90 1.70 -29.9 -0.441 19.66 21.12 04a59969o0512o
59969.291256  19.820  0.230    43   10 o  0   0.98 141.00798 -13.52472  6021.87  4802.92 1.91 1.72 -36.5 -0.465 19.65 21.10 04a59969o0585o
59970.215031  19.691  0.203    48   10 o  0   2.11 141.00798 -13.52472  4619.40  5856.22 2.02 1.79 -59.6 -0.439 19.38 20.52 04a59970o0420o
59970.218184  19.704  0.251    48   12 o  0   0.92 141.00798 -13.52472  4601.95  5817.24 2.04 1.79 -63.9 -0.444 19.40 20.55 04a59970o0427o
59970.221521  19.568  0.204    54   11 o  0   1.31 141.00798 -13.52472  4662.19  5893.64 2.01 1.82 -60.2 -0.445 19.40 20.54 04a59970o0434o
59970.236838  19.688  0.208    48   10 o  0   1.69 141.00798 -13.52472  6001.42  4852.38 1.97 1.74 -33.5 -0.441 19.43 20.60 04a59970o0462o
59970.995561  19.899  0.228    40    9 c  0   0.90 141.00798 -13.52472  1908.13  6484.19 2.51 2.34 -56.9 -0.398 19.68 21.63 03a59971o0463c
59970.998469  19.610  0.182    52    9 c  0   0.91 141.00798 -13.52472  1926.45  6523.51 2.60 2.40 -55.3 -0.392 19.66 21.61 03a59971o0469c
59971.003603  19.731  0.203    46    9 c  0   0.92 141.00798 -13.52472  1870.32  6445.40 2.62 2.39 -52.5 -0.393 19.67 21.61 03a59971o0479c
59971.036516  19.811  0.253    43   11 c  0   0.81 141.00798 -13.52472  1852.06  6564.15 2.59 2.40 -59.1 -0.395 19.60 21.45 03a59971o0550c
59971.158824  19.486  0.163    58   10 o  0   1.42 141.00798 -13.52472  4595.21  5859.53 2.03 1.80 -81.0 -0.425 19.55 21.11 04a59971o0309o
59971.160625  19.741  0.219    46   10 o  0   0.86 141.00798 -13.52472  4575.17  5820.87 1.98 1.78 -81.9 -0.432 19.55 21.09 04a59971o0313o
59971.180770  19.807  0.200    43    9 o  0   1.11 141.00798 -13.52472  4638.20  5894.47 1.99 1.78 -67.4 -0.441 19.67 21.34 04a59971o0357o
59971.198631  19.705  0.206    48   10 o  0   0.88 141.00798 -13.52472  4670.00  5781.00 1.99 1.78 -66.4 -0.446 19.63 21.23 04a59971o0395o
59971.991991  19.537  0.137    56    8 c  0   1.18 141.00798 -13.52472  1909.14  6484.68 2.46 2.16 -55.7 -0.405 19.86 21.84 03a59972o0476c
59971.995386  19.391  0.142    64    9 c  0   0.92 141.00798 -13.52472  1927.22  6523.65 2.42 2.21 -50.4 -0.403 19.84 21.84 03a59972o0483c
59972.000589  19.556  0.148    55    8 c  0   1.06 141.00798 -13.52472  1871.45  6445.60 2.36 2.12 -56.4 -0.410 19.86 21.82 03a59972o0494c
59972.031937  19.328  0.129    67    9 c  0   0.97 141.00798 -13.52472  1853.15  6563.91 2.45 2.30 -52.9 -0.401 19.76 21.74 03a59972o0560c
59973.235735  19.838  0.257    42   11 o  0   1.20 141.00798 -13.52472  6063.17  4766.60 2.01 1.81 -28.5 -0.440 19.42 20.68 04a59973o0462o
59973.238589  19.946  0.280    38   11 o  0   1.21 141.00798 -13.52472  6083.83  4802.04 2.02 1.82 -35.6 -0.433 19.42 20.59 04a59973o0468o
59973.243768  19.805  0.337    43   15 o  0   0.90 141.00798 -13.52472  6028.94  4718.70 2.09 1.87 -32.4 -0.427 19.36 20.61 04a59973o0477o
59973.276395  19.842  0.218    42    9 o  0   1.94 141.00798 -13.52472  6022.04  4804.34 1.99 1.85 -45.7 -0.448 19.50 20.85 04a59973o0545o
59974.235575  20.119  0.275    32    9 o  0   1.71 141.00798 -13.52472  6064.84  4760.93 2.00 1.82 -39.4 -0.439 19.56 21.04 04a59974o0475o
59974.242409  19.861  0.204    41    8 o  0   1.59 141.00798 -13.52472  6087.85  4792.70 2.08 1.81 -30.4 -0.437 19.57 21.03 04a59974o0490o
59974.248290  20.127  0.250    32    8 o  0   2.20 141.00798 -13.52472  6031.57  4710.87 2.06 1.83 -33.0 -0.431 19.54 21.02 04a59974o0502o
59974.259714  19.797  0.210    44    9 o  0   1.64 141.00798 -13.52472  6016.43  4816.63 2.08 1.79 -23.0 -0.446 19.56 20.98 04a59974o0524o
59974.981313  19.803  0.190    44    8 c  0   0.98 141.00798 -13.52472  1913.08  6487.14 2.53 2.31 -55.7 -0.397 19.75 21.80 03a59975o0461c
59974.986956  19.872  0.199    41    8 c  0   1.08 141.00798 -13.52472  1930.76  6526.13 2.58 2.39 -56.5 -0.397 19.73 21.85 03a59975o0473c
59974.989721  19.884  0.242    40   10 c  0   1.06 141.00798 -13.52472  1874.72  6448.01 2.90 2.73 -53.3 -0.392 19.63 21.84 03a59975o0479c
59975.001584  19.578  0.159    54    8 c  0   1.33 141.00798 -13.52472  1851.79  6564.41 2.56 2.34 -50.6 -0.396 19.76 21.86 03a59975o0504c
59975.184215  19.475  0.273    59   16 o  0   1.09 141.00798 -13.52472  4605.29  5856.47 2.14 2.00 -66.2 -0.432 19.11 20.27 04a59975o0366o
59975.238836  19.555  0.199    55   11 o  0   0.73 141.00798 -13.52472  6090.30  4798.98 1.99 1.80 -33.6 -0.437 19.57 21.06 04a59975o0414o
59975.244794  19.654  0.205    50   10 o  0   1.52 141.00798 -13.52472  6035.35  4714.87 2.08 1.85 -32.7 -0.443 19.54 21.09 04a59975o0424o
59975.247947  19.698  0.188    48    9 o  0   1.24 141.00798 -13.52472  6016.98  4827.28 2.06 1.82 -30.1 -0.437 19.58 21.13 04a59975o0431o
59975.379441  19.516  0.535    57   30 o  0   1.50 141.00798 -13.52472  6055.26  4713.72 2.26 2.16 -34.9 -0.461 18.33 18.79 04a59975o0706o
59975.937231  19.503  0.261    57   15 o  0   1.28 141.00798 -13.52472  2686.91  9736.01 2.50 2.15 -44.2 -0.399 19.28 20.23 03a59976o0355o
59975.939048  19.406  0.230    63   14 o  0   0.99 141.00798 -13.52472  2667.99  9696.65 2.50 2.20 -43.7 -0.392 19.26 20.23 03a59976o0359o
59975.944689  19.872  0.421    41   17 o  0   0.83 141.00798 -13.52472  2725.49  9776.49 2.50 2.15 -44.1 -0.394 19.28 20.25 03a59976o0371o
59975.978925  19.520  0.244    56   14 o  0   1.10 141.00798 -13.52472  7803.04   903.23 2.32 2.07 -48.4 -0.422 19.29 20.37 03a59976o0442o
59977.217469  19.901  0.454    40   18 o  0   1.26 141.00798 -13.52472  8207.27  8752.09 2.29 2.08 -29.3 -0.392 18.96 19.75 04a59977o0440o
59977.220621  20.197  0.607    30   18 o  0   0.98 141.00798 -13.52472  8229.01  8788.05 2.42 2.15 -47.6 -0.412 18.95 19.73 04a59977o0447o
59977.228146  20.221  0.679    30   20 o  0   1.27 141.00798 -13.52472  8175.47  8701.66 2.33 2.05 -43.0 -0.425 18.98 19.75 04a59977o0463o
59977.237989  19.430  0.329    61   20 o  0   0.82 141.00798 -13.52472  8160.22  8809.28 2.42 2.11 -46.3 -0.419 18.93 19.77 04a59977o0483o
59978.155238  19.989  0.702    37   26 o  0   1.06 141.00798 -13.52472  2432.28  1876.44 2.22 1.86  45.3 -0.435 18.57 18.99 04a59978o0297o
59978.157491  20.441  0.950    24   23 o  0   1.20 141.00798 -13.52472  2413.76  1837.52 2.09 1.78  43.8 -0.438 18.63 19.00 04a59978o0302o
59978.173965  20.057  0.643    34   22 o  0   1.02 141.00798 -13.52472  2482.37  1914.44 2.07 1.79  44.8 -0.433 18.61 19.05 04a59978o0335o
59978.195320  20.206  0.755    30   23 o  0   0.93 141.00798 -13.52472  2517.16  1795.07 1.93 1.81  55.8 -0.442 18.68 19.04 04a59978o0373o
59978.992718  21.345  2.235    10   24 o  0   0.85 141.00798 -13.52472  7867.15   828.72 2.31 2.01 -52.8 -0.412 18.72 19.18 03a59979o0381o
59978.996101  19.640  0.425    51   22 o  0   1.37 141.00798 -13.52472  7883.77   868.41 2.20 2.01 -25.5 -0.433 18.72 19.09 03a59979o0388o
59979.031243  19.646  0.583    50   29 o  0   0.77 141.00798 -13.52472  7834.98   795.16 2.41 2.20 -48.6 -0.394 18.63 19.11 03a59979o0464o
59979.036724  19.532  0.419    56   23 o  0   1.02 141.00798 -13.52472  7805.24   908.40 2.38 2.11 -56.1 -0.409 18.69 19.22 03a59979o0474o
59979.239050  19.140  0.380    80   30 o  0   1.85 141.00798 -13.52472  8220.51  8727.00 2.47 2.24 -43.5 -0.381 18.33 18.54 04a59979o0173o
59979.242240  20.166  1.086    31   34 o  0   0.98 141.00798 -13.52472  8238.53  8762.93 2.53 2.26 -33.4 -0.389 18.35 18.68 04a59979o0180o
59979.270624  19.753  0.787    46   36 o  0   1.02 141.00798 -13.52472  8187.76  8662.49 2.53 2.32 -43.8 -0.363 18.28 18.55 04a59979o0241o
59979.276278  18.700  0.298   120   36 o  0   1.01 141.00798 -13.52472  8170.01  8776.52 2.52 2.24 -42.3 -0.394 18.29 18.56 04a59979o0253o
59979.965661  20.236  0.920    29   27 o  0   1.07 141.00798 -13.52472  7864.82   826.54 2.36 2.12 -51.8 -0.406 18.56 18.90 03a59980o0441o
59979.970261  19.552  0.484    55   26 o  0   1.09 141.00798 -13.52472  7883.76   866.99 2.29 2.10 -42.5 -0.416 18.54 18.83 03a59980o0450o
59979.975872  21.676  2.969     8   23 o  0   1.21 141.00798 -13.52472  7826.66   786.83 2.26 2.04 -46.0 -0.421 18.63 18.88 03a59980o0462o
59980.003160  19.589  0.505    53   27 o  0   1.01 141.00798 -13.52472  7806.16   907.12 2.33 2.13 -47.8 -0.425 18.59 18.91 03a59980o0520o
59983.275736  19.017  0.434    90   39 o  0   1.17 141.00798 -13.52472  8232.37  8695.54 2.21 1.97 -22.1 -0.418 18.22 18.19 04a59983o0581o
59983.278895  19.368  0.627    65   41 o  0   1.05 141.00798 -13.52472  8251.74  8733.28 2.23 2.03 -24.7 -0.412 18.19 18.02 04a59983o0588o
59983.285305 -19.965  1.003   -38   38 o  0   1.17 141.00798 -13.52472  8193.48  8651.78 2.22 1.89 -14.5 -0.399 18.21 18.16 04a59983o0602o
59983.316832  20.260  1.420    29   41 o  0   1.10 141.00798 -13.52472  8173.18  8757.18 2.13 1.87 -28.5 -0.401 18.13 18.03 04a59983o0671o
59983.928351  15.082  0.698  3366 2348 o  0   1.86 141.00798 -13.52472  8405.88  5700.73 2.39 2.11 -50.7 -0.453 13.56 12.90 03a59984o0351o
59984.970010  19.897  0.474    40   19 o  0   1.02 141.00798 -13.52472  5909.07   991.95 2.42 2.16 -54.4 -0.415 19.00 19.87 03a59985o0464o
59984.979987  21.509  1.765     9   16 o  0   1.35 141.00798 -13.52472  5924.86  1004.22 2.40 2.13 -56.1 -0.409 18.98 19.85 03a59985o0486o
59984.983148  20.685  0.908    19   18 o  0   1.02 141.00798 -13.52472  5868.90   917.04 2.36 2.21 -55.0 -0.413 18.95 19.84 03a59985o0493o
59984.988553  19.863  0.447    41   18 o  0   1.36 141.00798 -13.52472  5845.46  1018.42 2.44 2.22 -47.5 -0.403 18.94 19.82 03a59985o0505o
59985.949076  19.995  0.397    36   14 o  0   0.95 141.00798 -13.52472  5909.71  1038.39 2.32 2.14 -57.6 -0.419 19.17 20.24 03a59986o0412o
59985.982045  19.537  0.267    56   15 o  0   1.13 141.00798 -13.52472  5921.84   990.63 2.35 2.15 -57.4 -0.420 19.14 20.17 03a59986o0482o
59986.010509  20.219  0.483    30   14 o  0   1.15 141.00798 -13.52472  5869.30   837.17 2.40 2.24 -46.0 -0.409 19.05 20.05 03a59986o0542o
59986.013735  21.109  2.917    13   38 o  0   0.76 141.00798 -13.52472  5844.72   943.73 2.52 2.33 -53.4 -0.407 18.18 18.74 03a59986o0549o
59986.225474  20.033  0.657    35   23 o  0   0.87 141.00798 -13.52472  2088.18  8529.24 2.47 1.82 -74.8 -0.384 18.73 19.38 04a59986o0464o
59986.228628  19.248  0.282    73   20 o  0   1.50 141.00798 -13.52472  2108.10  8565.35 2.51 1.88 -75.1 -0.382 18.72 19.37 04a59986o0471o
59986.234490  20.236  0.657    29   19 o  0   1.09 141.00798 -13.52472  2053.59  8482.43 2.42 1.77 -75.5 -0.383 18.77 19.35 04a59986o0484o
59986.244411  19.441  0.351    61   21 o  0   1.42 141.00798 -13.52472  2036.12  8591.26 2.49 1.83 -74.5 -0.390 18.72 19.30 04a59986o0506o
59987.200923  20.572  0.740    21   16 o  0   1.01 141.00798 -13.52472  2075.18  8547.11 2.40 1.87 -79.7 -0.377 19.10 19.95 04a59987o0406o
59987.205562  20.161  0.466    31   15 o  0   1.53 141.00798 -13.52472  2097.01  8580.92 2.46 1.91 -80.7 -0.378 19.05 19.96 04a59987o0416o
59987.215420  19.621  0.342    52   18 o  0   1.22 141.00798 -13.52472  2044.69  8493.23 2.47 1.84 -76.3 -0.382 19.06 19.93 04a59987o0437o
59987.221671  19.970  0.425    37   16 o  0   1.29 141.00798 -13.52472  2027.38  8604.01 2.37 1.77 -76.4 -0.395 19.07 19.91 04a59987o0450o
59988.972789  20.214  0.389    30   12 o  0   1.30 141.00798 -13.52472  5903.68   957.29 2.37 2.18 -47.5 -0.419 19.42 20.78 03a59989o0473o
59988.975948  19.507  0.246    57   14 o  0   0.66 141.00798 -13.52472  5921.58   987.84 2.38 2.17 -50.1 -0.418 19.38 20.76 03a59989o0480o
59989.002066  21.378  1.000    10   10 o  0   1.05 141.00798 -13.52472  2112.52  4819.60 2.36 2.03 -58.8 -0.416 19.44 20.71 03a59989o0535o
59989.008055  20.610  0.638    21   13 o  0   0.79 141.00798 -13.52472  2090.88  4935.61 2.36 2.08 -57.4 -0.411 19.44 20.71 03a59989o0548o
59989.949642  20.132  0.368    32   12 o  0   0.76 141.00798 -13.52472  2150.50  4855.48 2.48 2.23 -65.7 -0.414 19.49 21.11 03a59990o0423o
59989.952795  20.058  0.300    34   10 o  0   1.30 141.00798 -13.52472  2169.88  4895.30 2.58 2.34 -62.1 -0.404 19.47 21.10 03a59990o0430o
59989.958204  20.716  0.497    19    9 o  0   1.62 141.00798 -13.52472  2112.83  4817.56 2.40 2.10 -63.1 -0.408 19.55 21.06 03a59990o0442o
59989.977025  20.176  0.394    31   12 o  0   0.93 141.00798 -13.52472  2090.97  4935.87 2.51 2.18 -60.0 -0.412 19.52 21.02 03a59990o0479o
59990.165493  20.167  0.328    31   10 c  0   1.21 141.00798 -13.52472  8586.54  2066.19 2.91 2.28 -15.8 -0.361 19.55 21.48 04a59990o0332c
59990.167295  20.320  0.345    27    9 c  0   1.04 141.00798 -13.52472  8568.06  2027.38 2.75 2.23 -17.4 -0.369 19.55 21.48 04a59990o0336c
59990.170448  20.095  0.282    33    9 c  0   1.39 141.00798 -13.52472  8627.20  2104.19 2.88 2.33 -15.9 -0.354 19.53 21.47 04a59990o0343c
59990.185810  20.258  0.306    29    9 c  0   1.56 141.00798 -13.52472  8661.18  1985.76 2.68 2.14 -18.0 -0.377 19.63 21.42 04a59990o0375c
59991.136589  20.309  0.402    27   11 c  0   1.03 141.00798 -13.52472  8564.81  2069.06 3.15 2.42 -14.7 -0.363 19.41 21.50 04a59991o0282c
59991.139744  19.545  0.219    55   12 c  0   0.94 141.00798 -13.52472  8547.17  2031.01 3.17 2.58 -22.7 -0.352 19.38 21.50 04a59991o0289c
59991.163056  19.940  0.268    38   10 c  0   0.97 141.00798 -13.52472  8623.57  2104.18 2.72 2.01 -19.6 -0.384 19.59 21.49 04a59991o0333c
59991.172217  20.716  0.500    19    9 c  0   1.21 141.00798 -13.52472  8649.34  1988.23 2.78 2.09 -19.3 -0.375 19.60 21.48 04a59991o0353c
59994.127453  19.830  0.213    42    9 c  0   1.55 141.00798 -13.52472  6652.51  7692.20 2.75 2.27 -68.3 -0.391 19.48 21.47 04a59994o0269c
59994.129256  20.039  0.294    35   10 c  0   0.96 141.00798 -13.52472  6634.10  7653.40 2.51 2.11 -66.2 -0.404 19.59 21.46 04a59994o0273c
59994.168704  20.682  0.503    19   10 c  0   0.94 141.00798 -13.52472  6740.58  7611.21 2.39 2.00 -60.0 -0.425 19.64 21.50 04a59994o0353c
59995.129055  20.145  0.262    32    8 c  0   1.49 141.00798 -13.52472  6650.95  7691.30 2.47 2.07 -65.9 -0.414 19.67 21.64 04a59995o0260c
59995.130858  20.494  0.446    23   10 c  0   1.17 141.00798 -13.52472  6632.43  7652.93 2.48 2.08 -63.3 -0.405 19.63 21.63 04a59995o0264c
59995.155174  20.809  0.543    17    9 c  0   1.46 141.00798 -13.52472  6708.75  7728.77 2.47 2.00 -64.5 -0.424 19.69 21.59 04a59995o0308c
59995.158330  20.237  0.311    29    9 c  0   1.08 141.00798 -13.52472  6730.12  7612.85 2.46 2.02 -59.4 -0.416 19.67 21.58 04a59995o0315c
59997.926713  20.164  0.307    31   10 o  0   1.37 141.00798 -13.52472  1991.67   976.56 2.20 1.96 -65.8 -0.421 19.67 21.14 03a59998o0387o
59997.936693  21.706  1.076     8    8 o  0   1.75 141.00798 -13.52472  2010.51  1016.67 2.23 1.97 -65.4 -0.423 19.61 21.08 03a59998o0408o
59997.939848  20.026  0.322    36   11 o  0   0.79 141.00798 -13.52472  1952.77   937.27 2.22 1.97 -65.1 -0.422 19.64 21.07 03a59998o0415o
59997.945269  19.822  0.245    43   10 o  0   0.96 141.00798 -13.52472  1930.87  1053.89 2.15 1.94 -59.7 -0.425 19.63 21.05 03a59998o0427o
59998.136975  20.000  0.242    36    9 c  0   2.09 141.00798 -13.52472  6664.44  7691.62 2.50 2.07 -65.6 -0.415 19.66 21.67 04a59998o0295c
59998.138777  20.955  0.736    15   11 c  0   0.71 141.00798 -13.52472  6646.22  7652.85 2.53 2.07 -66.5 -0.406 19.62 21.65 04a59998o0299c
59998.162592  20.344  0.285    26    8 c  0   1.79 141.00798 -13.52472  6725.12  7727.41 2.58 2.10 -59.4 -0.419 19.64 21.70 04a59998o0347c
59998.185067  20.528  0.361    22    8 c  0   1.27 141.00798 -13.52472  3967.44  2994.90 2.10 2.02  26.5 -0.405 19.65 21.65 04a59998o0395c
59999.077750  20.373  0.327    26    8 c  0   1.72 141.00798 -13.52472  6629.65  7695.92 2.56 2.22 -78.4 -0.403 19.56 21.68 04a59999o0166c
59999.088821  21.493  1.021     9    9 c  0   1.18 141.00798 -13.52472  6613.75  7656.86 2.80 2.52 -75.8 -0.380 19.49 21.74 04a59999o0188c
59999.091566  20.570  0.430    22    9 c  0   1.25 141.00798 -13.52472  6672.54  7733.85 2.57 2.26 -64.0 -0.399 19.60 21.74 04a59999o0194c
59999.095171  20.238  0.352    29   10 c  0   0.88 141.00798 -13.52472  6694.11  7616.86 2.62 2.33 -68.4 -0.389 19.58 21.77 04a59999o0202c
60002.119749  20.825  0.712    17   12 o  0   1.14 141.00798 -13.52472  6425.33  3631.14 2.08 1.84 -22.0 -0.465 19.45 20.79 04a60002o0267o
60002.131887  19.897  0.282    40   11 o  0   1.17 141.00798 -13.52472  6413.96  3592.52 2.10 1.89 -18.3 -0.469 19.49 20.89 04a60002o0289o
60002.138304  20.430  0.395    24   10 o  0   1.71 141.00798 -13.52472  6476.64  3669.02 2.10 1.86 -21.5 -0.470 19.54 20.93 04a60002o0299o
60002.140227  20.931  0.664    15   10 o  0   1.13 141.00798 -13.52472  6496.58  3552.54 2.10 1.83 -19.2 -0.463 19.50 20.95 04a60002o0303o
60003.192340  20.042  0.227    35    8 c  0   1.09 141.00798 -13.52472  4274.73  6985.73 2.27 1.82 -75.3 -0.397 19.73 21.72 04a60003o0395c
60003.195496  20.445  0.362    24    9 c  0   0.67 141.00798 -13.52472  4216.81  6906.16 2.15 1.82 -71.9 -0.393 19.78 21.74 04a60003o0402c
60003.231090  20.529  0.361    22    8 c  0   1.28 141.00798 -13.52472  4208.48  6999.36 2.28 1.80 -72.9 -0.395 19.69 21.63 04a60003o0474c
60004.893328 -21.516  4.457    -9   40 o  0   0.98 141.00798 -13.52472  6018.97  4758.34 2.19 1.90 -54.8 -0.432 18.11 18.55 03a60005o0327o
60004.926825 -15.810  0.786 -1722 1353 o  0   1.53 141.00798 -13.52472  6038.98  4800.61 2.21 1.87 -55.1 -0.417 15.61 15.96 03a60005o0400o
60004.929979 -17.495  0.811  -365  296 o  0   1.36 141.00798 -13.52472  5983.32  4722.38 2.21 1.89 -51.3 -0.424 15.74 16.13 03a60005o0407o
60004.935389  19.300  1.721    69  119 o  0   0.97 141.00798 -13.52472  5960.07  4837.48 2.26 1.91 -55.2 -0.425 17.03 17.92 03a60005o0419o
60005.909980  20.818  0.892    17   15 o  0   1.43 141.00798 -13.52472  6017.75  4759.84 2.29 2.02 -59.2 -0.419 19.02 19.86 03a60006o0365o
60005.913144  20.909  1.086    16   17 o  0   0.87 141.00798 -13.52472  6035.76  4799.05 2.19 1.92 -57.0 -0.420 19.07 19.87 03a60006o0372o
60005.918571  20.891  1.122    16   18 o  0   1.05 141.00798 -13.52472  5979.23  4720.51 2.23 1.92 -56.1 -0.426 19.07 19.86 03a60006o0384o
60005.932739  21.054  1.102    14   15 o  0   1.35 141.00798 -13.52472  5956.15  4836.33 2.21 1.96 -54.2 -0.424 19.05 19.77 03a60006o0415o
60006.179909 -24.149 26.286    -1   21 o  0   0.80 141.00798 -13.52472  4257.03  6957.17 2.19 1.83 -69.8 -0.406 18.82 19.55 04a60006o0418o
60006.183064  20.505  0.723    23   16 o  0   1.25 141.00798 -13.52472  4276.69  6992.22 2.12 1.82 -66.3 -0.415 18.80 19.56 04a60006o0425o
60006.193778 -22.408  5.500    -4   22 o  0   0.75 141.00798 -13.52472  4227.65  6905.15 2.19 1.86 -54.9 -0.419 18.78 19.48 04a60006o0447o
60006.209777  19.602  0.402    52   21 o  0   1.08 141.00798 -13.52472  4213.28  7010.96 2.19 1.97 -50.1 -0.432 18.70 19.42 04a60006o0481o
60007.154603  25.566 85.500     0   18 o  0   1.81 141.00798 -13.52472  4247.94  6974.04 2.08 1.83 -65.9 -0.442 18.74 19.26 04a60007o0336o
60007.157757 -20.851  1.351   -17   22 o  0   1.01 141.00798 -13.52472  4268.80  7009.32 2.15 1.84 -70.8 -0.428 18.74 19.25 04a60007o0343o
60007.172300 -22.239  4.500    -5   21 o  0   1.26 141.00798 -13.52472  4216.88  6916.73 2.09 1.77 -68.2 -0.434 18.74 19.20 04a60007o0374o
60007.178169  23.925 21.222     1   21 o  0   1.10 141.00798 -13.52472  4199.55  7027.67 2.15 1.77 -71.7 -0.435 18.73 19.24 04a60007o0387o
60010.176228  19.733  1.100    46   51 o  0   0.82 141.00798 -13.52472 10279.09  3106.54 3.16 2.29 -20.6 -0.350 18.04 18.07 04a60010o0270o
60010.207611 -18.888  0.465  -101   47 o  0   1.41 141.00798 -13.52472 10306.74  3128.42 2.74 2.21 -15.6 -0.370 18.10 17.98 04a60010o0338o
60010.236280  20.349  1.949    26   51 o  0   1.07 141.00798 -13.52472 10243.33  3035.69 2.69 2.15 -21.7 -0.397 18.08 17.87 04a60010o0400o
60011.128802 -20.265  1.527   -28   43 o  0   1.32 141.00798 -13.52472 10257.70  3138.07 3.24 2.31 -18.7 -0.326 18.11 18.23 04a60011o0294o
60011.131956 -22.554 15.235    -4   53 o  0   0.73 141.00798 -13.52472 10279.34  3174.25 3.21 2.40 -20.9 -0.337 18.14 18.21 04a60011o0301o
60011.157159  19.093  0.527    84   44 o  0   1.02 141.00798 -13.52472 10232.91  3073.72 3.26 2.32 -20.4 -0.333 18.13 18.19 04a60011o0352o
60011.171467  19.129  0.535    81   43 o  0   1.04 141.00798 -13.52472 10216.29  3178.04 3.14 2.19 -19.8 -0.336 18.14 18.16 04a60011o0382o
60011.174621  21.227  4.493    12   53 o  0   0.95 141.00798 -13.52472   119.99  3093.54 2.86 2.16  42.5 -0.355 17.94 17.97 04a60011o0389o
60011.185446  25.070 127.500     0   43 o  0   1.23 141.00798 -13.52472   144.90  3123.70 2.96 2.20  48.4 -0.322 17.95 17.96 04a60011o0410o
60011.190719  19.412  1.486    62   93 o  0   0.49 141.00798 -13.52472    85.79  3042.12 2.80 2.08  47.2 -0.375 18.01 17.98 04a60011o0420o
60011.194650  19.731  2.007    46   93 o  0   0.62 141.00798 -13.52472    67.18  3156.15 2.72 2.06  51.1 -0.369 18.03 18.02 04a60011o0427o
60011.992778  21.228  2.275    12   27 o  0   1.07 141.00798 -13.52472  8090.39  8793.36 2.67 2.15 -34.9 -0.386 18.56 18.90 03a60012o0558o
60012.002904 -22.033  5.816    -6   32 o  0   0.92 141.00798 -13.52472  8110.08  8832.35 2.68 2.14 -32.5 -0.387 18.53 18.85 03a60012o0580o
60012.006082  22.053  5.767     6   32 o  0   1.26 141.00798 -13.52472  8053.87  8751.53 3.15 2.31 -15.6 -0.366 18.41 18.83 03a60012o0587o
60012.033313 -20.263  1.308   -28   37 o  0   1.16 141.00798 -13.52472  8040.35  8865.92 3.11 2.41 -24.9 -0.379 18.21 18.54 03a60012o0646o
60012.966362  20.018  0.517    36   18 o  0   1.12 141.00798 -13.52472  8085.23  8795.71 2.44 1.97 -43.3 -0.411 18.93 19.42 03a60013o0506o
60012.970880  21.039  1.505    14   21 o  0   1.09 141.00798 -13.52472  8104.39  8835.10 2.59 2.02 -47.5 -0.408 18.88 19.40 03a60013o0516o
60012.978669  20.215  0.691    30   21 o  0   1.15 141.00798 -13.52472  8049.91  8756.36 2.57 2.01 -41.3 -0.404 18.88 19.36 03a60013o0533o
60012.990892  21.194  1.490    12   18 o  0   1.30 141.00798 -13.52472  8027.04  8869.81 2.48 1.99 -41.5 -0.420 18.85 19.30 03a60013o0560o
60013.975949   0.000 20.413     0   25 o  0   0.56 141.00798 -13.52472  8080.30  8790.17 2.86 2.29 -33.0 -0.389 18.87 19.69 03a60014o0523o
60013.979153  20.279  0.766    28   22 o  0   1.27 141.00798 -13.52472  8098.59  8829.42 3.05 2.37 -25.0 -0.381 18.84 19.67 03a60014o0530o
60013.985126  20.539  1.036    22   23 o  0   0.96 141.00798 -13.52472  8042.74  8748.68 3.23 2.45 -39.0 -0.387 18.76 19.66 03a60014o0543o
60014.003415  20.305  1.037    27   28 o  0   1.08 141.00798 -13.52472  8024.07  8864.42 3.71 2.73  -9.4 -0.371 18.58 19.55 03a60014o0582o
60014.238224  20.429  0.837    24   20 o  0   1.66 141.00798 -13.52472 10276.02  3079.39 2.75 2.16 -20.3 -0.378 18.78 19.45 04a60014o0425o
60014.239598  20.152  0.698    32   22 o  0   1.18 141.00798 -13.52472   128.13  3063.00 2.53 1.85  45.3 -0.400 18.78 19.43 04a60014o0428o
60014.240977  20.974  1.675    15   25 o  0   1.18 141.00798 -13.52472 10293.92  3118.21 2.82 2.14 -19.0 -0.388 18.74 19.43 04a60014o0431o
60014.263316  24.436 41.250     1   25 o  0   0.93 141.00798 -13.52472   139.94  3100.55 2.64 1.96  40.4 -0.386 18.64 19.32 04a60014o0480o
60014.264667  21.034  2.394    14   34 o  0   0.70 141.00798 -13.52472 10225.29  3041.34 2.92 2.41 -13.7 -0.378 18.58 19.29 04a60014o0483o
60014.279846  19.736  0.713    46   33 o  0   0.87 141.00798 -13.52472    74.13  3025.56 2.82 1.89  43.1 -0.382 18.61 19.21 04a60014o0516o
60014.281198  19.980  0.956    37   35 o  0   0.78 141.00798 -13.52472 10194.69  3161.73 2.91 2.31 -14.4 -0.353 18.56 19.14 04a60014o0519o
60014.293765 -19.691  0.742   -48   36 o  0   0.89 141.00798 -13.52472    47.23  3145.30 2.79 1.88  45.5 -0.363 18.54 19.10 04a60014o0546o
60015.231157  23.240 11.909     2   22 o  0   0.83 141.00798 -13.52472 10277.82  3073.19 2.69 2.02 -20.4 -0.414 18.90 19.73 04a60015o0525o
60015.231607  20.574  0.781    21   17 o  0   1.61 141.00798 -13.52472   129.77  3058.47 2.60 1.87  48.0 -0.382 18.91 19.74 04a60015o0526o
60015.234328 -20.509  0.955   -23   22 o  0   0.94 141.00798 -13.52472 10295.63  3112.38 2.75 2.01 -21.4 -0.411 18.88 19.71 04a60015o0532o
60015.234779  22.409  5.000     4   20 o  0   0.80 141.00798 -13.52472   149.00  3096.65 2.65 1.85  46.1 -0.375 18.87 19.71 04a60015o0533o
60015.239769  21.439  2.281    10   22 o  0   0.94 141.00798 -13.52472 10235.02  3033.57 2.67 2.06 -22.2 -0.397 18.88 19.67 04a60015o0544o
60015.240674  20.495  0.969    23   22 o  0   1.37 141.00798 -13.52472    87.19  3018.03 2.55 1.85  48.4 -0.380 18.90 19.67 04a60015o0546o
60015.249718  19.920  0.645    39   25 o  0   1.12 141.00798 -13.52472 10210.98  3149.88 2.61 2.24 -18.1 -0.395 18.81 19.59 04a60015o0566o
60015.254301  19.884  0.709    40   29 o  0   0.98 141.00798 -13.52472    63.32  3134.13 2.49 1.79  48.2 -0.400 18.86 19.60 04a60015o0575o
60016.891356  21.117  0.812    13   10 o  0   1.33 141.00798 -13.52472  1960.48  8441.07 2.48 2.14 -51.9 -0.399 19.47 20.71 03a60017o0344o
60016.894525  23.138  6.286     2   13 o  0   0.85 141.00798 -13.52472  1978.82  8480.29 2.54 2.23 -52.1 -0.395 19.41 20.70 03a60017o0351o
60016.900853  21.331  1.319    11   14 o  0   0.87 141.00798 -13.52472  1923.77  8402.22 2.67 2.29 -50.5 -0.390 19.41 20.72 03a60017o0365o
60016.910786  20.162  0.407    31   13 o  0   1.09 141.00798 -13.52472  1900.84  8518.86 2.58 2.23 -50.9 -0.394 19.39 20.69 03a60017o0387o
60018.116094  21.114  1.153    13   15 o  0   1.21 141.00798 -13.52472 10046.04  6725.65 2.81 2.19 -12.3 -0.412 19.29 20.73 04a60018o0289o
60018.120162  21.409  1.607    10   16 o  0   0.95 141.00798 -13.52472 10068.22  6761.16 2.74 2.16  -8.3 -0.435 19.33 20.78 04a60018o0298o
60018.126038 -22.390  3.739    -4   15 o  0   1.12 141.00798 -13.52472 10010.43  6677.97 2.73 2.17 -12.9 -0.420 19.30 20.69 04a60018o0311o
60018.133697  20.895  1.430    16   23 o  0   0.97 141.00798 -13.52472    51.68  6714.70 2.63 2.16  72.7 -0.361 19.30 20.71 04a60018o0328o
60018.135962  20.230  0.494    29   14 o  0   1.30 141.00798 -13.52472  9994.19  6785.41 2.78 2.18 -11.8 -0.423 19.31 20.70 04a60018o0333o
60018.136865  20.343  0.747    26   20 o  0   0.97 141.00798 -13.52472    73.15  6750.72 2.61 2.12  69.5 -0.368 19.32 20.72 04a60018o0335o
60019.114366 -21.486  1.345    -9   12 o  0   0.99 141.00798 -13.52472 10046.52  6719.24 2.55 2.06 -11.7 -0.456 19.45 20.97 04a60019o0283o
60019.117979  21.785  2.048     7   14 o  0   1.13 141.00798 -13.52472 10067.32  6754.11 2.74 2.04 -10.3 -0.442 19.40 20.98 04a60019o0291o
60019.123837  21.850  1.976     7   13 o  0   0.89 141.00798 -13.52472 10010.90  6670.04 2.64 2.04 -14.1 -0.443 19.43 20.97 04a60019o0304o
60019.126100 -21.637  2.250    -8   18 o  0   0.96 141.00798 -13.52472    50.20  6713.94 2.48 2.05  74.1 -0.376 19.46 21.02 04a60019o0309o
60019.129723  21.877  2.419     6   16 o  0   1.52 141.00798 -13.52472    71.37  6748.86 2.49 2.14  78.2 -0.373 19.40 20.96 04a60019o0316o
60019.134681  20.830  0.710    17   12 o  0   1.53 141.00798 -13.52472  9994.69  6777.51 2.59 1.97 -11.3 -0.474 19.42 20.93 04a60019o0327o
60020.341946  20.457  0.596    24   14 o  0   1.04 141.00798 -13.52472  4751.63  5128.42 2.33 1.83  32.6 -0.448 19.15 20.35 02a60020o0271o
60020.353197  19.034  0.310    88   27 o  0   1.26 141.00798 -13.52472  4730.71  5086.12 2.38 1.82  34.4 -0.446 18.40 19.56 02a60020o0295o
60020.356363  20.829  1.408    17   24 o  0   0.81 141.00798 -13.52472  4788.23  5164.78 2.43 1.84  34.9 -0.440 18.75 19.89 02a60020o0302o
60020.361900  21.564  2.737     9   24 o  0   0.89 141.00798 -13.52472  4808.25  5049.41 2.41 1.86  34.2 -0.438 18.76 19.89 02a60020o0314o
60020.877565  21.564  0.898     9    8 c  0   1.35 141.00798 -13.52472  1965.25  8442.58 2.64 2.31 -43.2 -0.391 19.79 21.83 03a60021o0324c
60020.881175  22.231  1.821     5    8 c  0   1.04 141.00798 -13.52472  1983.22  8482.25 2.82 2.50 -47.7 -0.383 19.73 21.82 03a60021o0332c
60020.887038  21.057  0.663    14    9 c  0   0.99 141.00798 -13.52472  1926.66  8404.44 2.68 2.35 -45.3 -0.389 19.80 21.82 03a60021o0345c
60020.896978  21.359  1.034    10   11 c  0   0.79 141.00798 -13.52472  1904.58  8521.11 2.66 2.28 -41.3 -0.389 19.50 21.52 03a60021o0367c
60021.878483  22.759  3.944     3   11 c  0   0.81 141.00798 -13.52472  1966.10  8439.65 2.43 2.16 -41.5 -0.397 19.60 21.57 03a60022o0324c
60021.881639  21.014  0.853    14   12 c  0   0.93 141.00798 -13.52472  1984.87  8479.26 2.51 2.24 -39.8 -0.395 19.55 21.53 03a60022o0331c
60021.887992  21.678  3.562     8   28 c  0   1.18 141.00798 -13.52472  1928.96  8401.20 2.51 2.25 -42.1 -0.391 18.35 20.26 03a60022o0345c
60021.898238  20.812  2.194    17   38 c  0   0.84 141.00798 -13.52472  1905.50  8517.61 2.44 2.16 -42.6 -0.394 18.25 20.12 03a60022o0367c
60022.011585  20.797  1.000    17   17 o  0   0.89 141.00798 -13.52472   606.76  3901.66 2.57 2.46  77.7 -0.413 19.03 20.43 04a60022o0066o
60022.013388  20.386  0.661    26   17 o  0   1.06 141.00798 -13.52472   586.24  3863.13 2.91 2.42  48.9 -0.403 19.00 20.52 04a60022o0070o
60022.016542  20.560  0.760    22   16 o  0   0.97 141.00798 -13.52472   645.47  3942.39 2.72 2.24  50.3 -0.412 19.12 20.54 04a60022o0077o
60022.021950  25.815 85.000     0   15 o  0   1.12 141.00798 -13.52472   666.12  3826.53 2.65 2.17  47.9 -0.422 19.15 20.58 04a60022o0089o
60023.125842  20.064  0.378    34   13 o  0   1.54 141.00798 -13.52472 10056.79  6697.19 2.73 2.18 -14.2 -0.413 19.32 20.79 04a60023o0317o
60023.140273  21.442  1.545    10   15 o  0   0.85 141.00798 -13.52472 10081.78  6726.60 2.66 2.20 -11.8 -0.431 19.36 20.83 04a60023o0348o
60023.142074  21.728  2.702     7   20 o  0   1.08 141.00798 -13.52472    63.45  6686.47 2.59 2.14  77.4 -0.375 19.38 20.85 04a60023o0352o
60023.143426 -21.229  1.412   -12   16 o  0   0.82 141.00798 -13.52472 10021.79  6645.36 2.67 2.15 -14.7 -0.435 19.36 20.83 04a60023o0355o
60023.145232  18.140  0.086   201   17 o  0  21.08 141.00798 -13.52472    83.03  6722.35 2.67 2.17  76.8 -0.374 19.34 20.85 04a60023o0359o
60023.148839  21.180  1.293    12   16 o  0   0.92 141.00798 -13.52472 10002.00  6758.08 2.58 2.08 -14.3 -0.445 19.38 20.86 04a60023o0367o
60024.344969  20.818  0.695    17   12 o  0   1.39 141.00798 -13.52472  4751.69  5124.45 2.35 1.90  30.8 -0.444 19.40 20.66 02a60024o0270o
60024.348151  20.526  0.470    22   10 o  0   1.28 141.00798 -13.52472  4732.61  5085.80 2.35 1.90  33.1 -0.439 19.48 20.76 02a60024o0277o
60024.354506  20.634  0.524    20   11 o  0   1.25 141.00798 -13.52472  4790.14  5162.64 2.36 1.91  33.1 -0.441 19.47 20.76 02a60024o0291o
60024.365092  21.443  1.225    10   12 o  0   1.47 141.00798 -13.52472  4810.42  5046.14 2.39 1.94  36.9 -0.435 19.34 20.62 02a60024o0314o
60024.856000  24.206  8.667     1    6 c  0   1.46 141.00798 -13.52472  4033.45  2877.73 2.37 2.21 -55.6 -0.398 19.78 21.80 03a60025o0283c
60024.859190  21.193  0.539    12    6 c  0   1.45 141.00798 -13.52472  4051.86  2917.21 2.31 2.12 -55.3 -0.402 19.84 21.80 03a60025o0290c
60024.866012  21.201  0.681    12    8 c  0   0.91 141.00798 -13.52472  3996.23  2838.93 2.45 2.24 -54.5 -0.397 19.75 21.78 03a60025o0305c
60024.876859  20.964  0.420    15    6 c  0   2.03 141.00798 -13.52472  3973.63  2955.71 2.36 2.19 -52.8 -0.401 19.77 21.77 03a60025o0329c
60025.841874 -19.850  1.514   -42   63 c  0   1.12 141.00798 -13.52472  4029.56  2877.66 2.66 2.48 -54.1 -0.382 17.48 19.47 03a60026o0254c
60025.845077 -20.964  1.143   -15   17 c  0   0.87 141.00798 -13.52472  4047.72  2917.06 2.79 2.66 -52.4 -0.370 18.90 20.96 03a60026o0261c
60025.853520  19.726  0.906    47   42 c  0   1.06 141.00798 -13.52472  3991.24  2838.97 2.79 2.61 -56.7 -0.375 17.58 19.63 03a60026o0279c
60025.863894 -20.769  2.087   -18   37 c  0   1.24 141.00798 -13.52472  3969.34  2955.08 2.90 2.74 -55.7 -0.374 17.69 19.75 03a60026o0301c
60027.089228  20.111  0.362    33   12 o  0   1.24 141.00798 -13.52472  5859.58   885.50 2.21 2.12   4.8 -0.428 19.39 20.93 04a60027o0239o
60027.092784  20.499  0.513    23   12 o  0   1.37 141.00798 -13.52472  5881.49   920.71 2.27 2.15  -9.1 -0.414 19.37 20.87 04a60027o0246o
60027.098589  20.513  0.530    23   12 o  0   1.36 141.00798 -13.52472  5825.27   836.91 2.29 2.22  44.0 -0.424 19.36 20.85 04a60027o0258o
60027.132560  21.104  0.913    13   12 o  0   1.13 141.00798 -13.52472  5822.09   923.98 2.22 2.14 -26.4 -0.427 19.35 20.86 04a60027o0327o
60028.338947  21.068  1.218    14   16 o  0   1.03 141.00798 -13.52472  6494.59  4995.25 2.38 2.00  33.6 -0.440 19.06 20.24 02a60028o0260o
60028.342111  20.421  0.484    25   12 o  0   1.71 141.00798 -13.52472  6475.85  4956.34 2.39 2.03  34.5 -0.442 19.20 20.41 02a60028o0267o
60028.348100 -21.268  1.079   -11   12 o  0   1.46 141.00798 -13.52472  6533.26  5031.12 2.42 2.01  38.9 -0.437 19.26 20.53 02a60028o0280o
60028.358579  20.351  0.642    26   17 o  0   0.66 141.00798 -13.52472  6554.21  4919.29 2.45 2.05  39.5 -0.436 19.26 20.49 02a60028o0303o
60029.884168 -20.771  0.560   -18   10 c  0   0.95 141.00798 -13.52472  4034.81  2880.09 3.23 2.81 -61.0 -0.371 19.41 21.67 03a60030o0336c
60029.888002   0.000 21.303    -0   11 c  0   1.26 141.00798 -13.52472  4053.40  2919.81 4.60 3.97 -60.4 -0.244 19.12 21.67 03a60030o0344c
60029.893521  21.054  0.854    14   12 c  0   0.92 141.00798 -13.52472  3997.20  2840.87 3.74 3.33 -67.6 -0.345 19.24 21.65 03a60030o0356c
60029.913596 -24.865 23.500    -0   10 c  0   1.20 141.00798 -13.52472  3976.13  2959.86 3.08 2.78 -61.9 -0.376 19.42 21.60 03a60030o0399c
60031.157380  20.720  0.568    19   11 o  0   1.11 141.00798 -13.52472  5885.87   824.31 2.17 2.03 -32.4 -0.444 19.44 21.05 04a60031o0386o
60031.186668  20.943  0.717    15   11 o  0   0.93 141.00798 -13.52472  5898.71   855.73 2.13 2.04 -16.0 -0.439 19.48 21.08 04a60031o0445o
60031.189875  22.154  2.167     5   11 o  0   1.33 141.00798 -13.52472  5839.84   776.29 2.19 2.05 -19.6 -0.433 19.47 21.09 04a60031o0452o
60031.195405  21.782  1.611     7   11 o  0   1.02 141.00798 -13.52472  5817.83   892.45 2.09 1.98 -25.1 -0.440 19.49 21.08 04a60031o0464o
60032.831486  22.415  3.615     4   14 o  0   1.30 141.00798 -13.52472  4162.15  6935.17 2.64 2.27 -50.5 -0.383 19.12 20.39 03a60033o0224o
60032.834692  20.258  0.502    29   14 o  0   1.07 141.00798 -13.52472  4180.61  6974.55 2.51 2.20 -50.1 -0.394 19.17 20.36 03a60033o0231o
60032.841536 -21.117  0.930   -13   12 o  0   1.30 141.00798 -13.52472  4124.61  6897.24 2.65 2.27 -49.7 -0.383 19.14 20.41 03a60033o0246o
60032.854420 -25.119 45.000    -0   15 o  0   1.33 141.00798 -13.52472  4103.50  7013.97 2.70 2.35 -48.5 -0.384 18.66 20.03 03a60033o0274o
60033.830707  21.989  2.543     6   15 o  0   1.30 141.00798 -13.52472  4160.11  6933.63 2.41 2.11 -52.0 -0.386 19.01 19.98 03a60034o0229o
60033.833479  20.420  0.621    25   15 o  0   0.88 141.00798 -13.52472  4178.13  6973.26 2.36 2.02 -52.4 -0.393 19.12 20.03 03a60034o0235o
60033.839009  21.545  1.808     9   16 o  0   1.19 141.00798 -13.52472  4122.71  6895.76 2.35 2.04 -54.5 -0.385 19.07 19.99 03a60034o0247o
60033.851426  21.945  2.681     6   16 o  0   0.81 141.00798 -13.52472  4099.03  7012.52 2.43 2.10 -51.7 -0.389 19.02 20.02 03a60034o0274o
60034.828207  22.315  3.514     4   15 o  0   1.59 141.00798 -13.52472  4163.35  6935.55 2.38 2.06 -47.3 -0.384 18.99 19.66 03a60035o0242o
60034.831390  19.871  0.437    41   18 o  0   0.84 141.00798 -13.52472  4180.96  6974.88 2.33 2.02 -49.3 -0.394 19.01 19.67 03a60035o0249o
60034.840073  23.015  7.556     2   17 o  0   1.17 141.00798 -13.52472  4123.71  6897.00 2.38 2.09 -48.4 -0.390 18.98 19.66 03a60035o0268o
60034.870271 -21.463  1.644    -9   16 o  0   1.27 141.00798 -13.52472  4102.73  7014.31 2.46 2.10 -52.5 -0.377 18.98 19.68 03a60035o0332o
60035.864659 -20.108  0.678   -33   22 o  0   1.09 141.00798 -13.52472  4158.21  6937.81 2.41 2.10 -50.5 -0.390 18.69 19.18 03a60036o0314o
60035.867882 -21.039  1.580   -14   22 o  0   1.08 141.00798 -13.52472  4176.52  6977.19 2.39 2.08 -55.0 -0.377 18.71 19.18 03a60036o0321o
60035.873388 -21.551  2.409    -9   21 o  0   1.15 141.00798 -13.52472  4120.06  6898.81 2.44 2.16 -53.6 -0.372 18.68 19.17 03a60036o0333o
60035.883664  20.083  0.663    34   22 o  0   1.05 141.00798 -13.52472  4099.65  7014.77 2.30 2.08 -51.3 -0.386 18.70 19.14 03a60036o0355o
60036.062734  19.915  0.869    39   34 o  0   1.03 141.00798 -13.52472  3895.50   989.61 2.47 2.17  44.4 -0.422 18.45 19.06 04a60036o0203o
60036.071678  19.997  0.718    36   26 o  0   1.42 141.00798 -13.52472  3920.29  1019.03 2.33 2.09  40.4 -0.424 18.43 19.05 04a60036o0222o
60036.101818 -19.432  0.406   -61   25 o  0   1.56 141.00798 -13.52472  3877.79   909.70 2.32 2.07  50.5 -0.422 18.47 19.04 04a60036o0286o
60036.104633 -19.905  0.941   -40   37 o  0   0.61 141.00798 -13.52472  3857.28  1025.41 2.36 2.11  46.1 -0.429 18.46 19.03 04a60036o0292o
60037.066726  18.773  0.302   112   34 o  0   1.06 141.00798 -13.52472  3899.23   976.43 2.42 2.20  41.5 -0.422 18.26 18.82 04a60037o0209o
60037.070421  18.108  0.165   207   34 o  0   1.13 141.00798 -13.52472  3921.07  1010.70 2.27 2.03  48.6 -0.438 18.34 18.82 04a60037o0217o
60037.082688  22.784  9.278     3   26 o  0   1.49 141.00798 -13.52472  3869.49   920.81 2.44 2.16  52.0 -0.428 18.41 18.98 04a60037o0242o
60037.089355  19.038  0.308    88   27 o  0   2.17 141.00798 -13.52472  3851.03  1032.90 2.47 2.17  42.0 -0.410 18.31 18.81 04a60037o0255o
60037.906120  20.252  1.187    29   34 o  0   1.12 141.00798 -13.52472  4174.54  6944.15 2.78 2.37 -48.7 -0.367 18.26 18.48 03a60038o0334o
60037.909334  21.131  2.325    13   30 o  0   1.55 141.00798 -13.52472  4193.11  6982.89 2.68 2.40 -54.6 -0.384 18.24 18.50 03a60038o0341o
60037.940689  20.217  1.138    30   34 o  0   0.97 141.00798 -13.52472  4143.98  6905.34 2.52 2.25 -42.9 -0.391 18.30 18.51 03a60038o0408o
60037.969248 -19.982  0.981   -37   36 o  0   0.89 141.00798 -13.52472  4126.96  7019.39 2.40 2.14 -35.4 -0.385 18.23 18.23 03a60038o0468o
60038.882085 -20.935  1.768   -15   27 o  0   0.95 141.00798 -13.52472 10325.11  5197.35 2.48 2.02 -59.3 -0.353 18.65 19.00 03a60039o0346o
60038.885830 -22.084  4.976    -5   26 o  0   1.23 141.00798 -13.52472 10344.21  5236.37 2.51 2.07 -61.1 -0.342 18.61 18.98 03a60039o0354o
60038.891887  20.510  1.054    23   24 o  0   1.24 141.00798 -13.52472 10288.43  5156.95 2.64 2.12 -62.9 -0.344 18.55 18.96 03a60039o0367o
60038.892796 -20.094  0.739   -33   25 o  0   1.38 141.00798 -13.52472   211.13  4935.01 2.47 2.14 -62.4 -0.374 18.61 18.91 03a60039o0369o
60038.900293  20.694  1.248    19   24 o  0   1.11 141.00798 -13.52472   230.60  4973.84 2.50 2.12 -68.1 -0.369 18.56 18.87 03a60039o0385o
60038.901675 -20.695  1.405   -19   27 o  0   1.24 141.00798 -13.52472 10266.30  5271.57 2.51 2.06 -60.4 -0.363 18.59 18.89 03a60039o0388o
60038.903100  20.248  0.927    29   27 o  0   1.25 141.00798 -13.52472   174.04  4895.58 2.48 2.13 -65.7 -0.372 18.55 18.86 03a60039o0391o
60038.912914  20.944  1.777    15   27 o  0   0.92 141.00798 -13.52472   152.05  5011.93 2.49 2.18 -68.2 -0.366 18.53 18.82 03a60039o0412o
60040.141616  19.061  0.487    86   42 o  0   0.62 141.00798 -13.52472  4384.25  8859.48 2.48 1.77 -77.8 -0.433 18.18 18.39 04a60040o0374o
60040.160343 -21.077  3.477   -14   47 o  0   0.66 141.00798 -13.52472  4400.41  8892.62 2.22 1.75 -74.8 -0.443 18.16 18.31 04a60040o0413o
60040.163144  20.051  1.164    35   40 o  0   0.87 141.00798 -13.52472  4342.07  8814.88 2.38 1.82 -75.3 -0.429 18.12 18.28 04a60040o0419o
60040.169642 -21.833  5.980    -7   40 o  0   1.09 141.00798 -13.52472  4320.64  8930.72 2.47 1.74 -78.3 -0.431 18.06 18.24 04a60040o0433o
60040.934018  22.074  6.364     5   34 o  0   0.87 141.00798 -13.52472  4246.63  8878.56 2.75 2.29 -27.8 -0.353 18.30 18.57 03a60041o0315o
60040.937991  20.950  1.922    15   29 o  0   1.22 141.00798 -13.52472  4266.32  8919.01 2.75 2.36 -32.1 -0.358 18.35 18.58 03a60041o0323o
60040.943610  19.619  0.623    52   32 o  0   1.11 141.00798 -13.52472  4210.89  8839.22 2.93 2.44 -19.1 -0.342 18.25 18.54 03a60041o0334o
60040.965747 -19.155  0.466   -79   37 o  0   1.33 141.00798 -13.52472  4192.75  8953.57 2.79 2.35 -24.2 -0.348 18.11 18.33 03a60041o0379o
60043.150279 -20.513  1.129   -23   26 o  0   1.26 141.00798 -13.52472 10157.61  1124.36 3.10 1.98 -31.9 -0.338 18.93 19.65 04a60043o0392o
60043.153530 -20.794  1.528   -18   27 o  0   1.07 141.00798 -13.52472 10176.73  1162.94 2.86 1.98 -31.8 -0.365 18.85 19.63 04a60043o0399o
60043.159783  21.541  2.755     9   24 o  0   1.20 141.00798 -13.52472 10115.32  1083.95 2.98 1.97 -31.5 -0.347 18.87 19.59 04a60043o0412o
60043.169687  24.067 29.600     1   25 o  0   1.40 141.00798 -13.52472 10091.00  1201.05 2.84 2.10 -35.1 -0.348 18.78 19.50 04a60043o0433o
60043.854046  19.928  0.503    39   20 o  0   0.97 141.00798 -13.52472  7970.30  4731.92 3.66 2.88 -61.9 -0.343 18.70 20.15 03a60044o0301o
60043.856971 -20.911  1.283   -16   20 o  0   1.06 141.00798 -13.52472  7990.14  4771.42 4.02 3.26 -62.7 -0.300 18.59 20.14 03a60044o0307o
60043.870187 -21.250  1.329   -12   15 o  0   1.07 141.00798 -13.52472  7934.19  4692.42 2.66 2.20 -53.1 -0.415 19.04 20.12 03a60044o0335o
60043.880598  21.279  1.759    11   20 o  0   0.79 141.00798 -13.52472  7912.94  4807.79 3.28 2.58 -61.7 -0.367 18.80 20.09 03a60044o0357o
60044.947986  21.812  2.884     7   20 o  0   1.04 141.00798 -13.52472  8001.46  4767.25 2.59 2.27 -44.4 -0.403 18.84 19.78 03a60045o0354o
60044.953325 -21.191  1.708   -12   21 o  0   0.91 141.00798 -13.52472  7945.49  4687.48 2.63 2.34 -45.6 -0.405 18.78 19.73 03a60045o0365o
60044.965917 -22.249  5.238    -5   24 o  0   1.19 141.00798 -13.52472  7923.85  4799.49 2.94 2.55 -46.6 -0.410 18.49 19.47 03a60045o0391o
60046.120799 -21.630  1.667    -8   14 o  0   1.45 141.00798 -13.52472  7937.20  2680.52 2.44 1.92 -25.9 -0.420 19.21 20.52 04a60046o0323o
60046.124006  22.357  3.741     4   16 o  0   1.25 141.00798 -13.52472  7956.34  2718.48 2.42 1.90 -23.6 -0.416 19.13 20.36 04a60046o0330o
60046.131429 -19.940  0.403   -38   16 o  0   1.17 141.00798 -13.52472  7897.52  2637.44 2.44 1.92 -23.5 -0.413 19.04 20.25 04a60046o0346o
60046.141656  20.329  0.633    27   17 o  0   1.42 141.00798 -13.52472  7875.21  2751.64 2.30 1.84 -24.2 -0.429 18.90 20.04 04a60046o0368o
60049.179348 -23.373  7.333    -2   12 c  0   1.16 141.00798 -13.52472  2005.83  6540.44 2.63 2.35  87.4 -0.355 19.26 21.27 04a60049o0456c
60049.183071 -21.237  1.015   -12   12 c  0   1.03 141.00798 -13.52472  2025.38  6580.32 2.67 2.32  88.6 -0.343 19.31 21.25 04a60049o0464c
60049.205853 -21.506  1.812    -9   16 c  0   0.93 141.00798 -13.52472  1951.76  6511.43 3.12 2.92  67.1 -0.361 19.00 21.01 04a60049o0511c
60049.225633  19.533  0.304    56   17 c  0   1.05 141.00798 -13.52472  1916.08  6636.93 2.85 2.55  65.1 -0.334 18.97 20.77 04a60049o0552c
60050.055627 -21.847  1.966    -7   13 c  0   1.09 141.00798 -13.52472  7842.46   774.09 3.17 2.73 -18.0 -0.340 19.40 21.28 04a60050o0210c
60050.059535  24.823 30.500     0   13 c  0   1.07 141.00798 -13.52472  7863.26   809.98 3.10 2.60 -24.1 -0.344 19.43 21.28 04a60050o0218c
60050.065058  21.105  1.085    13   14 c  0   0.74 141.00798 -13.52472  7805.94   727.60 3.10 2.69 -20.1 -0.347 19.39 21.29 04a60050o0230c
60050.080150  21.629  1.619     8   13 c  0   0.99 141.00798 -13.52472  7787.53   832.01 3.08 2.35 -27.3 -0.341 19.44 21.27 04a60050o0262c
60050.857287 -26.324 105.000    -0   11 o  0   0.53 141.00798 -13.52472  7883.05   851.82 2.10 1.91 -48.0 -0.443 19.73 21.27 03a60051o0314o
60050.860714  20.410  0.413    25   10 o  0   1.01 141.00798 -13.52472  7901.78   890.65 2.03 1.87 -47.7 -0.458 19.77 21.26 03a60051o0321o
60050.877543  22.258  1.976     4    9 o  0   1.22 141.00798 -13.52472  7845.65   811.22 2.11 1.90 -50.9 -0.444 19.72 21.15 03a60051o0356o
60050.893113  22.958  4.318     2   10 o  0   0.94 141.00798 -13.52472  7822.21   926.33 2.11 1.90 -51.9 -0.442 19.69 21.11 03a60051o0388o
60052.111958 -22.998  4.938    -2   11 c  0   0.89 141.00798 -13.52472  2215.55  4900.07 2.40 2.14  69.0 -0.371 19.39 21.28 04a60052o0280c
60052.115202  21.663  1.264     8   10 c  0   1.50 141.00798 -13.52472  2234.43  4936.98 2.41 2.19  73.9 -0.370 19.37 21.27 04a60052o0287c
60052.122782  22.358  2.370     4   10 c  0   1.29 141.00798 -13.52472  2174.50  4858.10 2.48 2.20  64.0 -0.368 19.36 21.24 04a60052o0303c
60052.140485  20.923  0.800    16   12 c  0   0.75 141.00798 -13.52472  2151.49  4971.11 2.41 2.16  68.8 -0.366 19.38 21.23 04a60052o0341c
60052.809038 -20.536  0.573   -22   13 o  0   1.39 141.00798 -13.52472  2156.04  4869.26 2.20 1.99 -59.7 -0.432 19.36 20.89 03a60053o0225o
60052.817234 -22.045  1.608    -6    9 o  0   1.08 141.00798 -13.52472  2118.66  4830.74 2.12 1.88 -59.6 -0.438 19.72 21.23 03a60053o0242o
60052.827541 -20.567  0.845   -22   18 o  0   1.19 141.00798 -13.52472  2096.93  4946.30 2.17 1.92 -60.1 -0.436 19.04 20.51 03a60053o0263o
60053.880995  20.115  0.547    33   18 o  0   0.83 141.00798 -13.52472  2003.38   992.14 4.71 2.65  -1.1 -0.358 18.95 20.92 03a60054o0330o
60053.884420 -18.127  0.729  -204  149 o  0   1.06 141.00798 -13.52472  2021.95  1031.48 5.06 3.01   2.5 -0.406 16.02 18.06 03a60054o0336o
60053.890471  16.985  0.682   583  398 o  0   1.10 141.00798 -13.52472  1963.17   950.90 7.97 3.81  -1.0 -0.281 15.57 18.02 03a60054o0347o
60055.851864  22.079 17.400     5   93 o  0   0.80 141.00798 -13.52472  5996.00  4736.01 2.21 1.88 -41.8 -0.427 17.41 18.94 03a60056o0202o
60057.052479 -22.759  3.706    -3   11 c  0   1.03 141.00798 -13.52472  6078.08  4729.97 2.51 2.25 -19.3 -0.382 19.30 21.42 04a60057o0153c
60057.055665 -24.146 11.800    -1    9 c  0   1.58 141.00798 -13.52472  6098.39  4766.39 2.44 2.18 -24.5 -0.386 19.37 21.41 04a60057o0160c
60057.061118  20.695  0.664    19   13 c  0   0.74 141.00798 -13.52472  6040.70  4685.42 2.36 2.15 -23.7 -0.389 19.35 21.41 04a60057o0172c
60057.071212 -22.738  3.333    -3   10 c  0   1.22 141.00798 -13.52472  6023.05  4796.40 2.43 2.19 -17.2 -0.392 19.33 21.40 04a60057o0194c
60063.031873  22.731  6.526     3   19 o  0   1.11 141.00798 -13.52472  4034.26  2893.78 2.28 2.23  32.5 -0.434 18.72 19.72 04a60063o0179o
60063.035039 -23.395 13.400    -2   21 o  0   1.42 141.00798 -13.52472  4054.12  2929.76 2.31 2.27  68.0 -0.437 18.68 19.73 04a60063o0186o
60063.040947  21.754  3.140     7   23 o  0   0.90 141.00798 -13.52472  3997.67  2847.64 2.37 2.36   7.2 -0.422 18.69 19.72 04a60063o0199o
60063.056062 -21.030  1.500   -14   21 o  0   1.07 141.00798 -13.52472  3982.29  2954.98 2.32 2.29  85.7 -0.423 18.73 19.74 04a60063o0231o
60064.780388  22.921  7.263     2   18 o  0   1.12 141.00798 -13.52472  4161.39  6942.40 2.46 2.12 -49.9 -0.391 18.90 19.52 03a60065o0184o
60064.791792  19.842  0.473    42   20 o  0   0.95 141.00798 -13.52472  4124.03  6904.28 2.48 2.13 -50.9 -0.390 18.93 19.61 03a60065o0208o
60064.811285  20.572  1.028    21   22 o  0   0.91 141.00798 -13.52472  4099.99  7019.65 2.35 2.02 -50.1 -0.401 18.87 19.38 03a60065o0249o
60066.061754 -21.066  2.281   -14   31 o  0   0.95 141.00798 -13.52472 10280.08  3088.67 3.11 2.37 -19.3 -0.369 18.66 19.33 04a60066o0247o
60066.063573  23.046 11.231     2   25 o  0   1.18 141.00798 -13.52472   127.30  3076.65 2.87 2.04  46.7 -0.375 18.58 19.28 04a60066o0251o
60066.064962 -21.219  2.473   -12   29 o  0   1.09 141.00798 -13.52472 10299.02  3126.45 2.99 2.44 -13.4 -0.379 18.65 19.30 04a60066o0254o
60066.066388 -19.979  0.671   -37   25 o  0   1.15 141.00798 -13.52472   147.48  3113.93 2.45 2.11  53.6 -0.407 18.64 19.25 04a60066o0257o
60066.070070 -20.207  0.957   -30   29 o  0   1.25 141.00798 -13.52472 10239.96  3046.52 2.98 2.43 -13.8 -0.394 18.60 19.27 04a60066o0265o
60066.072369  20.783  1.648    18   29 o  0   1.31 141.00798 -13.52472    87.72  3033.55 2.81 2.01  44.6 -0.380 18.63 19.27 04a60066o0270o
60066.086556  23.242 23.636     2   43 o  0   1.16 141.00798 -13.52472    67.33  3145.43 2.80 2.04  48.8 -0.384 18.51 19.10 04a60066o0301o
60066.092579  21.298  2.018    11   22 o  0   1.52 141.00798 -13.52472 10212.68  3158.61 3.13 2.16 -20.5 -0.371 18.63 19.23 04a60066o0314o
60067.086802  19.965  0.843    38   32 o  0   0.82 141.00798 -13.52472 10274.10  3076.37 3.04 2.00 -22.2 -0.408 18.55 19.13 04a60067o0294o
60067.089603 -19.157  0.343   -79   27 o  0   1.20 141.00798 -13.52472 10295.46  3115.98 2.99 2.16 -21.0 -0.379 18.55 19.12 04a60067o0300o
60067.095586 -20.709  1.485   -19   28 o  0   1.63 141.00798 -13.52472 10232.35  3036.80 3.13 2.12 -22.1 -0.372 18.53 19.09 04a60067o0313o
60067.104105 -20.840  1.505   -17   25 o  0   1.30 141.00798 -13.52472   122.95  3059.18 2.57 2.03  53.2 -0.409 18.49 19.01 04a60067o0331o
60067.105538  20.227  1.071    29   32 o  0   0.98 141.00798 -13.52472 10207.56  3153.00 3.07 2.05 -22.6 -0.388 18.48 19.03 04a60067o0334o
60067.107006  20.382  1.039    26   26 o  0   1.09 141.00798 -13.52472   141.44  3097.68 2.91 1.98  46.1 -0.360 18.48 19.01 04a60067o0337o
60067.112287 -19.440  0.551   -61   34 o  0   1.36 141.00798 -13.52472    80.19  3019.84 2.61 2.02  51.0 -0.400 18.48 18.95 04a60067o0348o
60067.122748  20.746  1.872    18   34 o  0   1.59 141.00798 -13.52472    56.84  3137.13 2.81 1.99  50.5 -0.383 18.44 18.92 04a60067o0370o
60067.804929  20.518  0.994    22   22 o  0   0.97 141.00798 -13.52472  9957.23  6836.06 2.58 1.99 -55.4 -0.374 18.78 19.26 03a60068o0247o
60067.810465  23.636 15.100     1   19 o  0   1.21 141.00798 -13.52472  9976.01  6875.37 2.54 2.01 -53.5 -0.378 18.76 19.24 03a60068o0259o
60067.826132 -21.166  1.688   -12   21 o  0   1.28 141.00798 -13.52472  9920.24  6795.77 2.55 2.08 -51.2 -0.375 18.70 19.17 03a60068o0293o
60067.829318  20.497  1.049    23   24 o  0   1.00 141.00798 -13.52472  9897.83  6910.68 2.59 2.16 -55.2 -0.383 18.66 19.16 03a60068o0300o
60068.812843  22.861  8.421     3   22 o  0   1.11 141.00798 -13.52472  9956.96  6834.62 2.56 2.12 -55.4 -0.378 18.69 19.14 03a60069o0259o
60068.816013  19.596  0.447    53   24 o  0   1.12 141.00798 -13.52472  9975.08  6874.45 2.68 2.15 -53.4 -0.371 18.60 19.13 03a60069o0266o
60068.822043  23.380 12.583     2   20 o  0   1.60 141.00798 -13.52472  9919.42  6795.42 2.56 2.10 -54.8 -0.371 18.66 19.10 03a60069o0279o
60068.837522  20.821  1.392    17   24 o  0   1.03 141.00798 -13.52472  9901.11  6911.63 2.57 2.18 -53.8 -0.370 18.61 19.01 03a60069o0312o
60070.095314  20.310  1.319    27   36 o  0   0.94 141.00798 -13.52472  5877.27   816.86 2.38 2.29 -11.0 -0.399 18.33 18.71 04a60070o0318o
60070.098608  20.457  1.331    24   32 o  0   0.89 141.00798 -13.52472  5894.61   855.65 2.36 2.27 -16.8 -0.413 18.30 18.69 04a60070o0325o
60070.103860  19.953  0.892    38   34 o  0   1.10 141.00798 -13.52472  5834.76   776.76 2.26 2.19 -32.8 -0.430 18.30 18.65 04a60070o0336o
60070.115298  19.831  0.816    42   35 o  0   1.08 141.00798 -13.52472  5809.01   894.90 2.38 2.20 -11.4 -0.391 18.19 18.57 04a60070o0360o
60070.799262  19.990  0.555    37   20 o  0   1.00 141.00798 -13.52472  5928.93   901.64 2.38 2.16 -43.7 -0.421 18.81 19.49 03a60071o0239o
60070.802419  22.130  3.846     5   20 o  0   1.15 141.00798 -13.52472  5947.64   941.67 2.35 2.11 -49.1 -0.435 18.81 19.47 03a60071o0246o
60070.807909 -20.817  1.269   -17   22 o  0   0.94 141.00798 -13.52472  5890.02   861.57 2.33 2.09 -47.9 -0.423 18.81 19.45 03a60071o0258o
60070.827867 -20.239  0.714   -29   21 o  0   0.96 141.00798 -13.52472  5870.85   980.37 2.29 2.12 -35.9 -0.437 18.79 19.39 03a60071o0301o
60071.850455 -22.229  4.265    -5   20 o  0   1.09 141.00798 -13.52472  3973.18   948.99 2.35 2.20 -46.9 -0.388 18.76 19.47 03a60072o0343o
60071.862141 -22.316  6.154    -4   26 o  0   0.83 141.00798 -13.52472  3992.56   988.86 2.58 2.47 -30.8 -0.364 18.65 19.39 03a60072o0367o
60071.865004 -20.641  1.147   -20   23 o  0   1.35 141.00798 -13.52472  3933.40   906.72 2.40 2.23 -55.9 -0.373 18.67 19.37 03a60072o0373o
60071.871427 -23.288 14.909    -2   26 o  0   0.87 141.00798 -13.52472  3914.33  1024.42 2.53 2.37 -56.5 -0.370 18.58 19.32 03a60072o0387o
60073.083668 -19.982  0.479   -37   18 o  0   1.46 141.00798 -13.52472  3914.40   908.58 2.24 2.07  34.4 -0.408 18.84 19.74 04a60073o0293o
60073.086931 -22.004  3.622    -6   21 o  0   0.79 141.00798 -13.52472  3933.55   947.44 2.06 1.96  33.4 -0.404 18.87 19.74 04a60073o0300o
60073.092062  22.297  4.688     4   20 o  0   0.91 141.00798 -13.52472  3875.57   870.24 2.07 2.02  11.6 -0.429 18.83 19.66 04a60073o0311o
60073.102512  20.372  0.770    26   20 o  0   1.41 141.00798 -13.52472  3848.97   986.59 2.14 1.95  38.3 -0.430 18.85 19.68 04a60073o0333o
60073.782330  25.432 48.500     0   12 o  0   0.86 141.00798 -13.52472  2088.20  2943.72 2.30 2.08 -53.9 -0.407 19.46 20.73 03a60074o0201o
60073.786046 -21.822  1.778    -7   12 o  0   1.06 141.00798 -13.52472  2106.79  2983.23 2.31 2.13 -48.9 -0.403 19.43 20.69 03a60074o0209o
60073.796187  22.019  2.205     6   12 o  0   1.12 141.00798 -13.52472  2050.57  2904.51 2.39 2.12 -48.9 -0.396 19.32 20.50 03a60074o0231o
60073.803570 -20.735  0.655   -18   12 o  0   1.02 141.00798 -13.52472  2028.47  3020.07 2.32 2.08 -61.9 -0.406 19.27 20.35 03a60074o0247o
60074.869102 -20.734  1.135   -18   21 o  0   1.14 141.00798 -13.52472  2093.72  2946.10 2.80 2.34  -5.3 -0.399 18.90 19.98 03a60075o0367o
60074.872454 -22.539  5.190    -4   18 o  0   1.34 141.00798 -13.52472  2112.56  2985.29 2.67 2.36  -9.5 -0.380 18.90 19.89 03a60075o0374o
60074.878111  20.592  0.939    21   20 o  0   1.20 141.00798 -13.52472  2056.11  2906.51 2.47 2.38 -34.2 -0.386 18.90 19.78 03a60075o0386o
60074.888257 -21.158  2.000   -12   25 o  0   1.08 141.00798 -13.52472  2035.56  3021.70 2.95 2.80 -13.9 -0.364 18.59 19.56 03a60075o0407o
60076.069076 -20.036  0.408   -35   14 o  0   1.45 141.00798 -13.52472  6296.09  8754.89 2.59 2.08 -73.1 -0.412 19.07 20.34 04a60076o0266o
60076.071920 -21.941  3.000    -6   18 o  0   0.59 141.00798 -13.52472  6313.84  8793.68 2.63 2.03 -75.7 -0.411 19.09 20.36 04a60076o0272o
60076.077627  20.758  0.800    18   14 o  0   1.46 141.00798 -13.52472  6255.25  8715.27 2.66 2.03 -73.8 -0.404 19.05 20.41 04a60076o0284o
60076.087568  20.234  0.523    29   15 o  0   1.16 141.00798 -13.52472  6231.45  8832.41 2.58 2.03 -75.6 -0.428 19.06 20.32 04a60076o0305o
60082.717174 -20.813  0.527   -17    9 c  0   1.38 141.00798 -13.52472  6085.93  6894.79 2.92 2.65 -50.2 -0.392 19.50 21.47 03a60083o0071c
60082.720399 -23.257  5.500    -2   10 c  0   1.53 141.00798 -13.52472  6104.46  6934.06 3.23 2.89 -53.0 -0.388 19.42 21.50 03a60083o0078c
60082.726366 -23.533  7.429    -1   10 c  0   1.19 141.00798 -13.52472  6046.71  6854.54 3.04 2.75 -50.6 -0.380 19.48 21.55 03a60083o0091c
60082.744808 -21.602  1.128    -8    9 c  0   1.30 141.00798 -13.52472  6026.13  6971.89 3.12 2.78 -56.1 -0.393 19.45 21.62 03a60083o0131c
60085.062925  20.976  1.184    15   18 o  0   0.92 141.00798 -13.52472  5971.96  2760.16 2.32 2.24 -34.4 -0.444 19.09 20.42 04a60085o0268o
60085.066139   0.000 20.983     0   15 o  0   1.66 141.00798 -13.52472  5987.79  2798.29 2.36 2.13 -23.0 -0.406 19.01 20.42 04a60085o0275o
60085.072097 -22.858  5.733    -3   15 o  0   1.17 141.00798 -13.52472  5926.88  2721.70 2.47 2.25 -15.7 -0.402 18.98 20.42 04a60085o0288o
60085.082137  22.658  4.500     3   14 o  0   1.38 141.00798 -13.52472  5902.08  2839.28 2.48 2.24 -23.1 -0.393 18.98 20.42 04a60085o0310o
60088.715115 -24.659 26.000    -0   13 o  0   1.26 141.00798 -13.52472 10328.19  5203.33 2.79 2.43 -31.9 -0.349 19.13 20.35 03a60089o0071o
60088.721131  19.807  0.524    43   23 o  0   0.98 141.00798 -13.52472 10345.13  5242.41 6.11 2.89  -1.3 -0.330 18.62 20.34 03a60089o0084o
60088.724837  22.164  3.276     5   16 o  0   1.17 141.00798 -13.52472 10289.65  5163.54 2.80 2.41 -37.9 -0.371 19.14 20.34 03a60089o0092o
60088.733737  21.111  1.175    13   15 o  0   0.80 141.00798 -13.52472   212.67  4940.82 2.70 2.43 -59.1 -0.366 19.20 20.43 03a60089o0111o
60088.734652  22.099  3.314     5   17 o  0   0.56 141.00798 -13.52472 10267.25  5279.75 2.72 2.25 -57.1 -0.359 19.19 20.37 03a60089o0113o
60088.736956  20.891  1.058    16   17 o  0   0.83 141.00798 -13.52472   231.78  4980.30 2.62 2.35 -51.8 -0.370 19.22 20.42 03a60089o0118o
60088.742446  20.137  0.505    32   16 o  0   0.90 141.00798 -13.52472   175.48  4902.71 2.57 2.26 -62.7 -0.378 19.20 20.34 03a60089o0130o
60088.765100  20.588  1.221    21   26 o  0   1.12 141.00798 -13.52472   154.15  5020.55 3.55 2.72 -10.8 -0.349 18.61 19.87 03a60089o0179o
60091.711714 -20.910  1.515   -16   24 o  0   0.90 141.00798 -13.52472 10178.69  1313.14 2.63 2.28 -18.2 -0.403 18.85 19.67 03a60092o0052o
60091.715446  24.223 27.600     1   20 o  0   0.90 141.00798 -13.52472 10197.26  1353.34 2.57 2.25 -22.1 -0.407 18.90 19.69 03a60092o0060o
60091.720482 -21.083  1.725   -13   23 o  0   0.76 141.00798 -13.52472    40.82  1089.61 2.57 2.29 -42.6 -0.395 18.89 19.68 03a60092o0071o
60091.730622  22.113  3.359     5   17 o  0   1.30 141.00798 -13.52472 10141.02  1274.55 2.40 2.09 -53.3 -0.437 18.98 19.75 03a60092o0093o
60091.743322  21.562  1.938     9   17 o  0   1.42 141.00798 -13.52472 10118.07  1392.30 2.41 2.16 -41.7 -0.409 18.97 19.76 03a60092o0120o
60097.042217 -19.605  0.835   -52   44 o  0   1.22 141.00798 -13.52472  7912.60  2667.90 2.59 1.98 -22.9 -0.431 17.84 18.36 04a60097o0223o
60097.044973 -19.508  0.830   -57   47 o  0   1.39 141.00798 -13.52472  7931.24  2707.74 2.62 2.09 -22.1 -0.394 17.74 18.40 04a60097o0229o
60097.051985  20.005  1.243    36   45 o  0   1.19 141.00798 -13.52472  7870.71  2632.28 2.53 2.08 -23.5 -0.391 17.88 18.30 04a60097o0244o
60097.063689  19.984  1.265    37   47 o  0   0.71 141.00798 -13.52472  7839.28  2752.39 2.51 1.99 -21.9 -0.401 18.05 18.48 04a60097o0269o
60097.745937  20.328  1.541    27   41 o  0   1.08 141.00798 -13.52472  1938.00  6521.36 3.33 2.62  -9.4 -0.377 18.13 18.71 03a60098o0128o
60097.750583  18.408  0.725   157  114 o  0   0.86 141.00798 -13.52472  1956.45  6560.00 3.74 2.68  -8.4 -0.383 17.12 17.38 03a60098o0138o
60097.760809  18.692  0.802   121   97 o  0   1.23 141.00798 -13.52472  1901.60  6483.57 5.04 2.70  -1.7 -0.402 17.17 17.66 03a60098o0160o
60100.022488  22.233  4.960     5   23 o  0   2.20 141.00798 -13.52472  7829.87   717.43 2.72 2.16 -26.5 -0.395 18.45 19.14 04a60100o0172o
60100.026160  21.739  4.548     7   33 o  0   0.76 141.00798 -13.52472  7846.93   756.69 2.56 2.11 -26.0 -0.407 18.46 19.13 04a60100o0180o
60100.791313 -20.593  1.658   -21   35 o  0   1.53 141.00798 -13.52472  7892.51   861.25 2.43 2.20 -33.5 -0.403 18.09 18.61 03a60101o0239o
60100.794475  19.331  1.089    67   73 o  0   1.20 141.00798 -13.52472  7911.60   900.13 2.49 2.26 -34.8 -0.382 17.27 17.63 03a60101o0246o
60100.810147  18.682  2.138   122  261 o  0   1.08 141.00798 -13.52472  7855.89   817.02 2.41 2.23 -36.5 -0.409 15.83 15.71 03a60101o0279o
60100.827685 -15.760  0.898 -1803 1618 o  0   1.17 141.00798 -13.52472  7834.18   931.29 2.59 2.45 -25.0 -0.401 14.58 14.34 03a60101o0317o
60101.733067  23.712 11.375     1   14 o  0   1.10 141.00798 -13.52472  2172.88  4888.34 2.49 2.30 -43.5 -0.404 19.27 20.46 03a60102o0113o
60101.736029  21.036  0.976    14   14 o  0   1.27 141.00798 -13.52472  2189.31  4926.90 2.65 2.43 -25.8 -0.398 19.19 20.47 03a60102o0119o
60101.741713 -20.507  0.665   -23   15 o  0   1.10 141.00798 -13.52472  2132.03  4848.00 2.39 2.16 -59.2 -0.411 19.24 20.34 03a60102o0131o
60101.760542  19.939  0.379    38   15 o  0   1.35 141.00798 -13.52472  2113.05  4964.20 2.45 2.20 -61.6 -0.405 19.00 19.84 03a60102o0171o
60105.996819 -21.753  1.944    -7   14 c  0   1.05 141.00798 -13.52472  6067.77  4692.01 2.69 2.41 -35.4 -0.369 19.13 21.03 04a60106o0066c
60105.999602 -24.516 24.000    -1   14 c  0   1.14 141.00798 -13.52472  6085.79  4730.69 2.61 2.31 -31.9 -0.380 19.14 20.99 04a60106o0072c
60106.014697 -21.113  1.047   -13   14 c  0   1.16 141.00798 -13.52472  6021.96  4653.01 2.66 2.40 -35.0 -0.377 19.12 21.02 04a60106o0104c
60106.020282 -20.966  0.897   -15   13 c  0   1.35 141.00798 -13.52472  5999.70  4770.35 2.76 2.49 -31.8 -0.374 19.04 21.01 04a60106o0116c
60106.724208 -20.234  0.806   -29   24 o  0   1.08 141.00798 -13.52472  6051.40  4814.20 5.47 2.84  -1.4 -0.417 18.66 20.39 03a60107o0027o
60107.961480 -22.014  2.667    -6   15 c  0   1.00 141.00798 -13.52472  8216.36  8681.81 3.15 2.75 -49.1 -0.364 19.02 20.88 04a60108o0049c
60107.965104 -23.795 13.750    -1   15 c  0   1.10 141.00798 -13.52472  8234.52  8719.70 3.15 2.78 -48.1 -0.370 19.08 20.99 04a60108o0057c
60107.979674 -21.498  1.583    -9   14 c  0   0.99 141.00798 -13.52472  8172.73  8638.46 3.05 2.59 -51.8 -0.383 19.14 21.08 04a60108o0089c
60107.994878  21.408  1.857    10   18 c  0   0.76 141.00798 -13.52472  8147.62  8754.03 3.19 2.79 -55.6 -0.356 19.09 21.05 04a60108o0122c
60109.995407 -19.905  0.713   -40   28 c  0   1.25 141.00798 -13.52472  2085.96  8475.23 2.97 2.29 -83.7 -0.356 18.37 20.25 04a60110o0124c
60109.998162  19.932  0.549    39   21 c  0   1.25 141.00798 -13.52472  2102.83  8512.89 2.87 2.14 -83.3 -0.356 18.67 20.37 04a60110o0130c
60110.022329 -20.762  0.744   -18   13 c  0   1.08 141.00798 -13.52472  2037.55  8440.57 2.86 2.26 -87.0 -0.352 19.17 21.00 04a60110o0183c
60110.030088 -24.092 17.750    -1   15 c  0   1.14 141.00798 -13.52472  2014.22  8559.95 2.91 2.19 -84.8 -0.349 19.15 20.91 04a60110o0200c
60111.976560 -20.667  0.670   -20   13 c  0   1.44 141.00798 -13.52472  4024.83  2851.01 2.39 2.24  35.6 -0.404 19.08 20.95 04a60112o0079c
60111.995829 -23.697 17.200    -1   21 c  0   0.82 141.00798 -13.52472  4037.22  2890.08 2.29 2.16  36.3 -0.404 18.80 20.60 04a60112o0120c
60112.008527 -21.427  2.268   -10   22 c  0   0.79 141.00798 -13.52472  3972.60  2814.42 2.43 2.25  35.1 -0.393 18.87 20.71 04a60112o0147c
60112.020938 -22.459  5.692    -4   22 c  0   1.45 141.00798 -13.52472  3946.38  2934.30 2.47 2.28  44.2 -0.385 18.61 20.32 04a60112o0173c
60122.960126  19.975  1.076    37   40 o  0   0.83 141.00798 -13.52472  3902.26   907.46 2.40 2.35 -10.1 -0.404 18.33 19.01 04a60123o0045o
60122.968249 -19.989  0.731   -37   27 o  0   1.01 141.00798 -13.52472  3917.17   944.55 2.58 2.32  36.2 -0.437 18.64 19.53 04a60123o0063o
60122.971921  19.709  0.560    48   27 o  0   0.85 141.00798 -13.52472  3857.31   866.76 2.42 2.27  29.5 -0.398 18.63 19.62 04a60123o0071o
60122.990027  23.668 22.000     1   27 o  0   0.85 141.00798 -13.52472  3827.19   988.67 2.52 2.25  31.5 -0.432 18.60 19.49 04a60123o0111o
60125.953705 -19.376  1.667   -64  108 o  0   1.32 141.00798 -13.52472  6275.37  8758.00 2.88 2.31 -68.2 -0.418 16.86 16.86 04a60126o0024o
60125.956885   0.000 19.503     0   57 o  0  15.03 141.00798 -13.52472  6293.32  8795.01 2.93 2.31 -66.6 -0.404 17.46 17.61 04a60126o0031o
60125.966411 -20.655  1.825   -20   36 o  0   0.85 141.00798 -13.52472  6231.23  8716.37 2.86 2.27 -62.8 -0.409 18.25 18.81 04a60126o0052o
60125.979973   0.000 20.213     0   30 o  0   1.49 141.00798 -13.52472  6204.63  8835.94 2.67 2.13 -59.6 -0.436 18.36 18.98 04a60126o0082o
60128.954125  17.942  0.577   242  140 o  0   1.53 141.00798 -13.52472  4124.53  4789.01 2.73 2.65 -79.5 -0.449 16.75 16.82 04a60129o0029o
60128.963603 -18.827  0.500  -107   54 o  0   1.11 141.00798 -13.52472  4139.41  4827.43 2.69 2.56  82.1 -0.407 17.89 18.41 04a60129o0050o
60128.966312  21.821  7.138     7   48 o  0   1.19 141.00798 -13.52472  4080.30  4750.68 2.71 2.59 -74.8 -0.410 17.94 18.59 04a60129o0056o
