MJD          m      dm   uJy   duJy F err chi/N     RA       Dec        x        y     maj  min   phi  apfit mag5sig Sky   Obs
59778.335007  20.111  0.283    33    9 c  0   1.44 235.03229  20.67547  8598.62  2567.05 2.44 2.37 -68.8 -0.408 19.69 21.41 02a59778o0198c
59778.338172 -22.179  2.086    -5   10 c  0   0.99 235.03229  20.67547  8581.11  2528.97 2.45 2.38 -60.4 -0.404 19.65 21.41 02a59778o0205c
59778.348528  21.655  1.426     8   11 c  0   0.97 235.03229  20.67547  8639.79  2608.30 2.69 2.60 -59.0 -0.388 19.56 21.37 02a59778o0227c
59778.353984  25.139 32.000     0   10 c  0   1.00 235.03229  20.67547  8660.24  2489.53 2.61 2.54 -57.5 -0.389 19.54 21.37 02a59778o0239c
59779.391567  20.646  0.636    20   13 o  0   1.47 235.03229  20.67547  1945.79  6160.13 2.81 2.62 -51.2 -0.478 19.29 20.72 01a59779o0331o
59779.394764  20.408  0.599    25   15 o  0   1.10 235.03229  20.67547  1966.93  6199.10 2.80 2.61 -49.4 -0.481 19.27 20.65 01a59779o0338o
59779.413840 -20.735  0.866   -18   16 o  0   1.32 235.03229  20.67547  1906.72  6124.57 2.89 2.60 -45.0 -0.491 19.15 20.32 01a59779o0379o
59779.433268  20.307  0.737    27   20 o  0   1.04 235.03229  20.67547  1892.64  6240.96 3.00 2.66 -45.5 -0.489 18.99 20.07 01a59779o0420o
59780.272130  20.705  0.698    19   13 o  0   1.07 235.03229  20.67547  1923.39  6153.10 2.72 2.40 -49.4 -0.506 19.49 21.01 01a59780o0076o
59780.289983  23.777 10.857     1   12 o  0   1.00 235.03229  20.67547  1948.50  6190.86 2.63 2.43 -43.3 -0.511 19.55 21.07 01a59780o0115o
59780.299981  21.296  1.074    11   12 o  0   1.13 235.03229  20.67547  1890.59  6115.39 2.66 2.45 -44.0 -0.504 19.51 21.10 01a59780o0136o
59780.303626  20.886  0.796    16   13 o  0   1.07 235.03229  20.67547  1874.20  6232.20 2.70 2.44 -46.9 -0.501 19.53 21.10 01a59780o0144o
59781.326745  20.944  0.679    15   10 c  0   0.94 235.03229  20.67547  8594.12  2564.88 2.48 2.36 -65.5 -0.408 19.67 21.41 02a59781o0188c
59781.329943  22.497  2.808     4   10 c  0   1.41 235.03229  20.67547  8574.97  2525.02 2.50 2.35 -59.3 -0.405 19.67 21.43 02a59781o0195c
59781.346758  21.498  1.152     9   10 c  0   0.98 235.03229  20.67547  8633.92  2606.22 2.44 2.39 -38.8 -0.403 19.69 21.42 02a59781o0231c
59781.354943  23.053  3.625     2    8 c  0   1.90 235.03229  20.67547  8655.50  2489.60 2.46 2.31 -61.2 -0.411 19.67 21.40 02a59781o0249c
59782.334132  21.092  0.686    13    9 c  0   1.27 235.03229  20.67547  8595.14  2567.52 2.41 2.25 -61.2 -0.416 19.74 21.55 02a59782o0133c
59782.339559 -21.048  0.755   -14   10 c  0   0.78 235.03229  20.67547  8577.52  2526.74 2.47 2.27 -61.4 -0.417 19.69 21.53 02a59782o0145c
59782.343646  21.908  1.400     6    9 c  0   1.14 235.03229  20.67547  8636.38  2608.22 2.47 2.35 -57.4 -0.408 19.73 21.51 02a59782o0154c
59782.355918  21.162  0.813    12   10 c  0   1.04 235.03229  20.67547  8656.38  2490.66 2.46 2.31 -54.0 -0.410 19.71 21.48 02a59782o0181c
59783.316233  22.272  2.966     4   13 o  0   0.99 235.03229  20.67547  1930.60  6152.96 2.56 2.40 -49.9 -0.514 19.49 20.86 01a59783o0178o
59783.319981  20.321  0.491    27   13 o  0   0.86 235.03229  20.67547  1951.57  6192.12 2.58 2.51  80.5 -0.487 19.45 20.86 01a59783o0186o
59783.325932  21.294  1.206    11   13 o  0   0.88 235.03229  20.67547  1892.87  6116.52 2.66 2.40 -48.4 -0.556 19.46 20.85 01a59783o0199o
59783.340909  20.135  0.438    32   14 o  0   1.10 235.03229  20.67547  1880.02  6234.20 2.65 2.39 -47.2 -0.511 19.48 20.86 01a59783o0231o
59785.361687  19.998  0.267    36   10 c  0   1.38 235.03229  20.67547  8593.56  2572.60 2.46 2.37 -52.0 -0.406 19.63 21.33 02a59785o0094c
59785.364886  19.996  0.293    36   11 c  0   0.92 235.03229  20.67547  8574.34  2533.45 2.47 2.36 -50.5 -0.412 19.63 21.33 02a59785o0101c
59785.372593  19.913  0.291    39   11 c  0   0.82 235.03229  20.67547  8634.57  2611.28 2.44 2.40 -29.3 -0.407 19.60 21.32 02a59785o0118c
59785.384821  19.969  0.281    37   10 c  0   1.17 235.03229  20.67547  8658.20  2494.89 2.51 2.34 -48.6 -0.414 19.59 21.28 02a59785o0145c
59786.308692  19.595  0.234    53   12 c  0   1.10 235.03229  20.67547  5994.48  9143.88 2.46 2.41 -21.1 -0.424 19.67 21.26 02a59786o0151c
59786.311862  19.511  0.199    57   11 c  0   1.22 235.03229  20.67547  5975.52  9104.71 2.50 2.45 -44.2 -0.422 19.64 21.27 02a59786o0158c
59786.318673  19.435  0.192    61   12 c  0   1.26 235.03229  20.67547  6032.53  9182.56 2.51 2.47 -32.3 -0.416 19.67 21.31 02a59786o0173c
59786.340981  19.563  0.213    54   12 c  0   0.82 235.03229  20.67547  6053.98  9066.40 2.45 2.38 -22.7 -0.421 19.71 21.44 02a59786o0222c
59787.310769  19.098  0.164    83   14 o  0   0.82 235.03229  20.67547  3393.42  9628.30 2.72 2.45 -44.4 -0.504 19.52 20.99 01a59787o0165o
59787.314884  18.838  0.129   106   14 o  0   1.03 235.03229  20.67547  3414.62  9667.92 2.69 2.47 -42.2 -0.518 19.50 20.96 01a59787o0174o
59787.320359  18.775  0.127   112   14 o  0   0.98 235.03229  20.67547  3355.02  9590.68 2.76 2.47 -42.8 -0.500 19.45 20.92 01a59787o0186o
59787.330882  18.848  0.157   105   16 o  0   0.77 235.03229  20.67547  3337.37  9710.46 2.72 2.45 -43.9 -0.509 19.41 20.86 01a59787o0209o
59788.268549  18.544  0.080   139   11 o  0   1.87 235.03229  20.67547  3380.77  9627.80 2.77 2.56 -44.6 -0.485 19.46 21.09 01a59788o0072o
59788.271744  18.493  0.083   146   12 o  0   1.69 235.03229  20.67547  3401.48  9666.37 2.67 2.54 -47.1 -0.494 19.49 21.08 01a59788o0079o
59788.285109  18.347  0.074   166   12 o  0   1.24 235.03229  20.67547  3344.74  9589.79 2.76 2.51 -44.1 -0.491 19.50 21.11 01a59788o0107o
59788.291055  18.525  0.095   141   13 o  0   0.71 235.03229  20.67547  3327.42  9707.20 2.66 2.45 -41.6 -0.508 19.49 21.14 01a59788o0120o
59790.268004  17.845  0.045   264   12 c  0   1.58 235.03229  20.67547  5995.53  9140.76 2.58 2.40  33.2 -0.410 19.68 21.39 02a59790o0067c
59790.271216  17.657  0.041   314   13 c  0   1.17 235.03229  20.67547  5975.89  9101.71 2.58 2.39  34.1 -0.410 19.71 21.39 02a59790o0074c
59790.277126  17.796  0.081   276   22 c  0   1.49 235.03229  20.67547  6032.08  9180.57 2.59 2.37  31.6 -0.410 18.96 20.54 02a59790o0087c
59790.289109  17.730  0.048   294   14 c  0   1.30 235.03229  20.67547  6051.44  9065.28 2.53 2.38  28.2 -0.416 19.54 21.22 02a59790o0113c
59791.268842  17.509  0.041   360   15 o  0   1.12 235.03229  20.67547  3377.69  9622.06 2.71 2.54 -46.5 -0.484 19.48 21.00 01a59791o0065o
59791.272503  17.452  0.037   380   14 o  0   1.61 235.03229  20.67547  3400.52  9661.77 2.68 2.54 -48.2 -0.484 19.52 21.02 01a59791o0073o
59791.277975  17.493  0.040   365   15 o  0   1.54 235.03229  20.67547  3340.42  9584.90 2.70 2.54 -42.9 -0.485 19.50 21.05 01a59791o0085o
59791.289069  17.437  0.034   385   13 o  0   2.06 235.03229  20.67547  3325.12  9703.56 2.72 2.55 -48.7 -0.490 19.49 21.03 01a59791o0108o
59792.254974  17.262  0.035   452   16 o  0   1.16 235.03229  20.67547  9837.16  7489.53 2.81 2.72 -83.6 -0.444 19.42 20.81 01a59792o0035o
59792.258162  17.301  0.036   436   16 o  0   1.22 235.03229  20.67547  9859.81  7526.98 2.81 2.75 -71.8 -0.441 19.49 20.92 01a59792o0042o
59792.264572  17.271  0.034   448   15 o  0   1.52 235.03229  20.67547  9799.15  7451.51 2.81 2.77  61.3 -0.447 19.47 20.98 01a59792o0056o
59792.276379  17.264  0.033   451   15 o  0   1.07 235.03229  20.67547  9784.22  7572.17 2.83 2.75  67.0 -0.436 19.52 21.01 01a59792o0081o
59793.261311  16.853  0.023   659   15 c  0   1.24 235.03229  20.67547  6006.28  9147.60 2.62 2.55 -71.3 -0.423 19.53 21.12 02a59793o0051c
59793.264497  16.826  0.023   675   16 c  0   1.41 235.03229  20.67547  5986.48  9107.50 2.65 2.58 -67.7 -0.416 19.55 21.14 02a59793o0058c
59793.270156  16.876  0.025   645   16 c  0   1.27 235.03229  20.67547  6043.21  9185.21 2.69 2.61 -73.7 -0.411 19.54 21.12 02a59793o0070c
59793.280197  16.888  0.023   638   15 c  0   1.33 235.03229  20.67547  6062.02  9071.77 2.64 2.51 -60.9 -0.420 19.53 21.09 02a59793o0092c
59794.295500  16.890  0.023   637   14 o  0   2.11 235.03229  20.67547  2816.20  4791.86 2.43 2.13  31.8 -0.429 19.38 20.61 02a59794o0013o
59794.298662  16.845  0.023   664   15 o  0   1.63 235.03229  20.67547  2796.74  4754.63 2.45 2.22  32.6 -0.427 19.37 20.60 02a59794o0020o
59794.315501  16.928  0.026   615   16 o  0   1.42 235.03229  20.67547  2852.43  4826.66 2.09 1.92  29.3 -0.450 19.47 20.50 02a59794o0057o
59794.322300  16.893  0.026   635   17 o  0   1.35 235.03229  20.67547  2871.39  4710.00 2.09 2.00  29.5 -0.446 19.45 20.51 02a59794o0072o
59795.366325  16.701  0.028   758   21 o  0   1.44 235.03229  20.67547  9857.65  7514.71 3.51 3.24 -82.6 -0.397 18.97 20.39 01a59795o0108o
59795.390029  16.772  0.030   710   21 o  0   1.14 235.03229  20.67547  9875.68  7561.80 3.13 2.89 -88.4 -0.418 19.11 20.39 01a59795o0159o
59795.399786  16.778  0.029   706   21 o  0   1.38 235.03229  20.67547  9809.04  7489.09 3.21 2.92 -76.0 -0.423 19.00 20.27 01a59795o0180o
59795.402555  16.783  0.031   703   22 o  0   1.06 235.03229  20.67547  9791.95  7607.60 3.15 2.93 -87.0 -0.424 18.98 20.23 01a59795o0186o
59796.261937  16.667  0.028   782   22 o  0   1.28 235.03229  20.67547  9836.57  7489.28 3.21 3.04  52.1 -0.403 19.03 20.27 01a59796o0017o
59796.264734  16.667  0.026   782   20 o  0   1.38 235.03229  20.67547  9859.53  7527.96 3.07 2.98  47.2 -0.415 19.05 20.23 01a59796o0023o
59796.270259  16.683  0.027   770   20 o  0   1.61 235.03229  20.67547  9799.06  7453.72 2.92 2.86  70.7 -0.432 19.10 20.22 01a59796o0035o
59796.280703  16.748  0.029   726   21 o  0   1.11 235.03229  20.67547  9787.14  7572.56 3.04 2.90 -87.6 -0.421 19.05 20.23 01a59796o0057o
59797.304349  16.577  0.020   850   17 o  0   2.12 235.03229  20.67547  2813.50  4791.55 2.19 2.03  38.1 -0.447 19.25 20.16 02a59797o0152o
59797.307514  16.564  0.022   860   19 o  0   1.36 235.03229  20.67547  2795.60  4752.82 2.02 2.01 -89.8 -0.455 19.27 20.16 02a59797o0159o
59797.314758  16.591  0.022   838   18 o  0   1.30 235.03229  20.67547  2855.77  4829.90 2.02 1.98  40.1 -0.458 19.27 20.16 02a59797o0175o
59797.326565  16.527  0.023   890   20 o  0   1.25 235.03229  20.67547  2874.13  4712.35 2.25 2.14  45.7 -0.450 19.14 20.10 02a59797o0199o
59799.248779  16.433  0.027   970   26 o  0   1.16 235.03229  20.67547  9834.09  7491.21 2.76 2.69  88.9 -0.452 19.02 20.04 01a59799o0034o
59799.252104  16.406  0.025   995   25 o  0   1.18 235.03229  20.67547  9855.86  7529.87 2.79 2.68 -81.1 -0.449 19.08 20.08 01a59799o0041o
59799.257243  16.460  0.026   946   24 o  0   1.23 235.03229  20.67547  9795.80  7454.69 2.81 2.69 -87.9 -0.455 19.07 20.08 01a59799o0052o
59799.271414  16.401  0.025   999   25 o  0   0.81 235.03229  20.67547  9781.25  7575.20 2.77 2.68 -87.1 -0.454 19.07 20.08 01a59799o0082o
59800.302657  16.434  0.022   969   22 o  0   1.95 235.03229  20.67547  6374.90  1310.01 2.52 2.44 -56.7 -0.529 18.91 19.78 01a59800o0147o
59800.310069  16.403  0.025   998   25 o  0   1.02 235.03229  20.67547  6398.04  1349.13 2.53 2.41 -54.0 -0.535 18.95 19.76 01a59800o0163o
59800.313283  16.417  0.023   985   23 o  0   1.70 235.03229  20.67547  6336.13  1274.29 2.60 2.44 -47.3 -0.535 18.88 19.73 01a59800o0170o
59800.329219  16.335  0.024  1062   25 o  0   1.01 235.03229  20.67547  6326.51  1393.72 2.76 2.65  46.3 -0.466 18.76 19.68 01a59800o0204o
59801.252755  16.354  0.023  1044   24 o  0   1.67 235.03229  20.67547  2824.28  4796.63 2.89 2.88 -45.2 -0.420 18.61 19.61 02a59801o0041o
59801.256829  16.365  0.022  1033   23 o  0   1.65 235.03229  20.67547  2806.47  4757.43 2.82 2.77  78.1 -0.411 18.68 19.64 02a59801o0050o
59801.262791  16.379  0.022  1020   22 o  0   1.61 235.03229  20.67547  2865.38  4832.72 2.33 2.23  41.9 -0.456 18.91 19.64 02a59801o0063o
59801.275079  16.332  0.022  1064   23 o  0   1.25 235.03229  20.67547  2886.34  4715.92 2.23 2.06  42.8 -0.453 18.95 19.54 02a59801o0090o
59803.339835  16.290  0.039  1107   43 o  0   1.28 235.03229  20.67547  6380.73  1317.27 2.66 2.65 -31.3 -0.484 18.16 18.47 01a59803o0170o
59803.351721  16.305  0.052  1092   56 o  0   1.07 235.03229  20.67547  6402.75  1357.20 2.86 2.80  77.9 -0.462 17.77 17.98 01a59803o0196o
59803.356818  16.316  0.061  1080   66 o  0   0.89 235.03229  20.67547  6343.31  1283.77 3.05 2.89 -54.7 -0.454 17.67 17.89 01a59803o0207o
59803.366216  16.302  0.057  1094   62 o  0   1.30 235.03229  20.67547  6331.30  1401.96 3.04 2.89  32.3 -0.440 17.59 17.78 01a59803o0227o
59804.245540  16.301  0.018  1095   20 o  0   1.54 235.03229  20.67547  6358.65  1302.08 2.65 2.58 -62.9 -0.489 19.07 20.25 01a59804o0037o
59804.248356  16.291  0.019  1105   21 o  0   1.65 235.03229  20.67547  6380.48  1341.36 2.70 2.68 -43.6 -0.483 19.04 20.35 01a59804o0043o
59804.254277  16.242  0.019  1156   22 o  0   1.79 235.03229  20.67547  6321.76  1264.68 2.88 2.80 -63.5 -0.475 18.92 20.20 01a59804o0056o
59804.264178  16.243  0.020  1156   23 o  0   1.37 235.03229  20.67547  6305.48  1383.94 2.62 2.55 -48.8 -0.503 18.99 19.84 01a59804o0077o
59805.307188  16.186  0.017  1218   20 o  0   1.77 235.03229  20.67547  4759.18  4684.38 2.20 1.92  34.8 -0.432 19.15 19.76 02a59805o0170o
59805.310355  16.216  0.019  1184   23 o  0   1.39 235.03229  20.67547  4742.44  4645.12 2.21 1.94  33.2 -0.430 19.07 19.72 02a59805o0177o
59805.317167  16.246  0.019  1152   22 o  0   2.56 235.03229  20.67547  4797.46  4721.06 2.21 1.94  34.4 -0.434 19.06 19.65 02a59805o0192o
59805.332156  16.239  0.019  1160   22 o  0   1.48 235.03229  20.67547  4818.95  4603.81 2.25 1.99  32.0 -0.425 18.95 19.49 02a59805o0225o
59806.254213  16.260  0.032  1138   37 o  0   1.42 235.03229  20.67547  4764.93  4685.37 2.60 1.84  32.1 -0.434 18.47 19.49 02a59806o0031o
59806.257378  16.197  0.021  1206   25 o  0   2.11 235.03229  20.67547  4747.76  4650.31 2.53 1.90  32.9 -0.426 18.86 20.00 02a59806o0038o
59806.262825  16.230  0.028  1169   32 o  0   1.52 235.03229  20.67547  4805.50  4724.98 2.61 1.86  31.0 -0.433 18.66 19.79 02a59806o0050o
59806.273422  16.228  0.039  1171   45 o  0   1.74 235.03229  20.67547  4825.98  4610.70 2.34 1.83  32.0 -0.448 17.94 18.92 02a59806o0073o
59807.244130  16.240  0.019  1159   22 o  0   1.03 235.03229  20.67547  6360.03  1305.41 2.73 2.62 -63.1 -0.491 19.12 20.17 01a59807o0040o
59807.246943  16.213  0.015  1188   18 o  0   2.37 235.03229  20.67547  6381.35  1344.38 2.69 2.63 -64.7 -0.491 19.21 20.55 01a59807o0046o
59807.259373  16.235  0.017  1164   19 o  0   1.62 235.03229  20.67547  6323.73  1268.50 2.54 2.45 -58.5 -0.515 19.41 20.70 01a59807o0073o
59807.273301  16.214  0.016  1186   20 o  0   1.48 235.03229  20.67547  6312.20  1387.44 2.61 2.54 -56.5 -0.502 19.39 20.78 01a59807o0103o
59808.352331  16.202  0.020  1200   24 o  0   1.32 235.03229  20.67547  9697.24  5585.60 3.12 2.70 -60.2 -0.482 19.04 20.27 01a59808o0188o
59808.355563  16.221  0.021  1179   25 o  0   1.20 235.03229  20.67547  9717.88  5625.02 3.55 3.18 -64.2 -0.435 18.84 20.17 01a59808o0195o
59808.362895  16.250  0.022  1149   25 o  0   1.37 235.03229  20.67547  9656.71  5552.82 3.19 2.93 -61.5 -0.441 18.82 19.93 01a59808o0211o
59809.241964  16.052  0.015  1378   21 c  0   2.40 235.03229  20.67547  4767.76  4685.86 2.39 2.20  32.4 -0.409 19.08 20.21 02a59809o0026c
59809.245128  16.081  0.014  1342   18 c  0   2.93 235.03229  20.67547  4748.43  4647.14 2.36 2.20  34.9 -0.414 19.37 20.75 02a59809o0033c
59809.252838  16.026  0.011  1412   16 c  0   4.32 235.03229  20.67547  4806.42  4724.81 2.33 2.22  36.8 -0.415 19.59 21.28 02a59809o0050c
59809.262917  16.063  0.012  1364   16 c  0   3.98 235.03229  20.67547  4826.04  4608.04 2.29 2.24  34.0 -0.420 19.62 21.41 02a59809o0072c
59810.284700  16.110  0.012  1306   15 c  0   5.32 235.03229  20.67547  6639.45  2650.84 2.34 2.32  43.7 -0.406 19.69 21.60 02a59810o0120c
59810.287863  16.122  0.011  1292   15 c  0   6.33 235.03229  20.67547  6619.96  2612.55 2.39 2.33  49.7 -0.403 19.65 21.58 02a59810o0127c
59810.293348  16.088  0.012  1333   16 c  0   4.29 235.03229  20.67547  6677.73  2690.33 2.45 2.37  35.5 -0.401 19.64 21.57 02a59810o0139c
59810.303770  16.114  0.012  1302   15 c  0   4.93 235.03229  20.67547  6699.35  2572.65 2.38 2.35  39.3 -0.403 19.61 21.54 02a59810o0162c
59811.316706  16.226  0.016  1174   19 o  0   1.55 235.03229  20.67547  9699.94  5577.89 2.94 2.78  42.9 -0.435 19.22 20.57 01a59811o0201o
59811.319896  16.233  0.017  1166   20 o  0   1.29 235.03229  20.67547  9720.45  5616.88 2.92 2.75  42.9 -0.435 19.28 20.55 01a59811o0208o
59811.330001  16.238  0.018  1161   21 o  0   1.39 235.03229  20.67547  9661.41  5544.42 2.96 2.74  37.1 -0.429 19.20 20.51 01a59811o0230o
59811.335127  16.247  0.019  1151   21 o  0   1.26 235.03229  20.67547  9644.68  5663.60 3.07 2.90  40.6 -0.419 19.17 20.46 01a59811o0241o
59812.317809  16.253  0.017  1145   20 o  0   1.12 235.03229  20.67547  9698.62  5576.71 3.01 2.99 -79.1 -0.438 19.29 20.80 01a59812o0207o
59812.321016  16.261  0.016  1137   18 o  0   1.26 235.03229  20.67547  9719.55  5616.99 3.06 3.04  77.2 -0.433 19.23 20.79 01a59812o0214o
59812.338074  16.205  0.019  1197   23 o  0   1.04 235.03229  20.67547  9658.21  5546.20 3.14 3.03 -67.6 -0.438 19.08 20.76 01a59812o0251o
59812.343581  16.239  0.019  1160   22 o  0   1.33 235.03229  20.67547  9640.75  5666.47 3.21 3.18  -0.9 -0.414 19.10 20.54 01a59812o0263o
59813.317669  16.201  0.014  1201   17 c  0   1.71 235.03229  20.67547  6646.32  2653.19 3.04 2.97  26.7 -0.384 19.25 21.24 02a59813o0196c
59813.344627  16.121  0.015  1293   20 c  0   2.06 235.03229  20.67547  6628.64  2613.53 2.94 2.93  -3.5 -0.383 19.22 21.16 02a59813o0250c
59813.348577  16.164  0.016  1242   20 c  0   1.51 235.03229  20.67547  6687.80  2692.08 3.03 2.99 -26.8 -0.376 19.18 21.15 02a59813o0257c
59813.365415  16.156  0.017  1251   21 c  0   1.62 235.03229  20.67547  6705.90  2578.60 2.94 2.87  15.2 -0.376 19.16 21.04 02a59813o0292c
59815.279643  16.233  0.016  1167   18 o  0   1.72 235.03229  20.67547  9695.62  5566.83 2.92 2.74  28.5 -0.451 19.28 20.71 01a59815o0178o
59815.294681  16.263  0.016  1135   18 o  0   2.11 235.03229  20.67547  9717.74  5609.66 2.95 2.75  33.6 -0.441 19.22 20.63 01a59815o0211o
59815.300597  16.278  0.017  1119   20 o  0   1.11 235.03229  20.67547  9658.43  5535.99 2.97 2.72  33.4 -0.437 19.24 20.66 01a59815o0224o
59815.303785  16.271  0.016  1127   18 o  0   1.85 235.03229  20.67547  9639.87  5655.48 2.86 2.80  62.7 -0.456 19.23 20.63 01a59815o0231o
59816.267896  16.239  0.017  1159   20 o  0   1.75 235.03229  20.67547  7691.87  9815.15 3.23 2.88  55.9 -0.452 19.16 20.51 01a59816o0081o
59816.271544  16.290  0.019  1107   21 o  0   1.24 235.03229  20.67547  7713.05  9855.25 3.35 2.87  53.0 -0.441 19.14 20.50 01a59816o0089o
59816.277021  16.258  0.018  1140   21 o  0   1.94 235.03229  20.67547  7652.45  9778.84 3.25 2.85  52.5 -0.446 19.12 20.48 01a59816o0101o
59816.289318  16.248  0.017  1150   19 o  0   1.61 235.03229  20.67547  7634.17  9900.95 3.10 2.92  58.2 -0.459 19.16 20.56 01a59816o0128o
59817.234525  16.234  0.025  1165   29 c  0   1.27 235.03229  20.67547  6640.74  2651.64 2.43 2.35  54.4 -0.403 18.58 19.61 02a59817o0006c
59817.237689  16.222  0.017  1178   20 c  0   1.55 235.03229  20.67547  6622.23  2612.67 2.45 2.34  53.4 -0.403 19.04 20.30 02a59817o0013c
59817.245451  16.206  0.014  1195   17 c  0   1.90 235.03229  20.67547  6683.02  2691.02 2.38 2.34  52.0 -0.407 19.53 21.19 02a59817o0030c
59817.255520  16.223  0.014  1177   16 c  0   3.62 235.03229  20.67547  6702.57  2572.41 2.49 2.45  61.6 -0.401 19.50 21.29 02a59817o0052c
59819.260401  16.291  0.016  1105   18 o  0   1.79 235.03229  20.67547  7690.89  9814.23 3.50 3.24  65.6 -0.431 19.26 21.07 01a59819o0090o
59819.263587  16.310  0.018  1086   20 o  0   0.92 235.03229  20.67547  7713.08  9854.30 3.37 3.07  55.1 -0.437 19.32 21.08 01a59819o0097o
59819.269059  16.280  0.019  1117   21 o  0   1.09 235.03229  20.67547  7651.94  9778.96 3.38 3.15  64.5 -0.435 19.29 21.08 01a59819o0109o
59819.285078  16.252  0.018  1146   20 o  0   1.24 235.03229  20.67547  7632.56  9901.86 3.17 2.88  60.5 -0.453 19.32 21.03 01a59819o0144o
59820.235201  16.304  0.023  1093   25 o  0   1.22 235.03229  20.67547  7681.97  9811.02 3.68 2.95  48.2 -0.407 18.81 19.94 01a59820o0003o
59820.238848  16.319  0.019  1078   20 o  0   1.51 235.03229  20.67547  7703.43  9849.25 3.64 2.96  53.5 -0.409 19.06 20.42 01a59820o0011o
59820.248087  16.273  0.019  1124   21 o  0   1.26 235.03229  20.67547  7642.97  9774.33 3.30 2.83  49.2 -0.439 19.23 20.69 01a59820o0031o
59820.260866  16.266  0.018  1132   20 o  0   1.62 235.03229  20.67547  7628.71  9894.66 3.22 2.84  56.1 -0.447 19.21 20.65 01a59820o0058o
59821.264467  16.220  0.015  1180   17 c  0   2.40 235.03229  20.67547  9784.41  7053.24 2.69 2.62 -57.1 -0.424 19.56 21.34 02a59821o0091c
59821.267671  16.276  0.015  1121   16 c  0   3.11 235.03229  20.67547  9765.10  7013.61 2.66 2.61 -40.0 -0.419 19.56 21.33 02a59821o0098c
59821.273591  16.234  0.015  1166   17 c  0   2.41 235.03229  20.67547  9824.63  7092.57 2.70 2.61 -45.7 -0.423 19.55 21.32 02a59821o0111c
59821.292277  16.250  0.016  1148   18 c  0   2.29 235.03229  20.67547  9841.89  6974.13 2.73 2.49 -51.0 -0.428 19.52 21.20 02a59821o0152c
59822.233468  16.297  0.025  1099   27 c  0   1.99 235.03229  20.67547  9791.06  7052.00 2.79 2.43  21.2 -0.401 18.87 19.91 02a59822o0026c
59822.236633  16.334  0.020  1063   21 c  0   2.25 235.03229  20.67547  9771.89  7011.77 2.75 2.43  20.9 -0.406 19.21 20.50 02a59822o0033c
59822.246664  16.268  0.015  1129   17 c  0   3.20 235.03229  20.67547  9830.61  7092.01 2.68 2.46  19.8 -0.414 19.50 21.13 02a59822o0055c
59822.254455  16.274  0.016  1123   18 c  0   2.27 235.03229  20.67547  9849.37  6976.33 2.67 2.48  17.8 -0.411 19.51 21.13 02a59822o0072c
59823.228770  16.294  0.040  1102   44 o  0   1.06 235.03229  20.67547  7681.59  9814.88 3.30 2.74  52.7 -0.446 18.12 18.41 01a59823o0027o
59823.231957  16.348  0.026  1049   28 o  0   1.53 235.03229  20.67547  7704.57  9851.67 3.12 2.74  58.8 -0.459 18.64 19.30 01a59823o0034o
59823.237486  16.306  0.021  1090   23 o  0   1.10 235.03229  20.67547  7642.95  9775.10 3.11 2.70  56.3 -0.455 19.12 20.24 01a59823o0046o
59823.251640  16.314  0.019  1083   20 o  0   1.66 235.03229  20.67547  7625.70  9896.43 3.07 2.73  57.2 -0.460 19.29 20.61 01a59823o0076o
59824.300542  16.280  0.022  1117   25 o  0   0.95 235.03229  20.67547  3871.60  6033.06 3.01 2.83  50.6 -0.426 18.96 20.08 01a59824o0185o
59824.303733  16.305  0.021  1092   23 o  0   1.05 235.03229  20.67547  3889.04  6072.63 2.80 2.69 -41.1 -0.471 19.02 20.06 01a59824o0192o
59824.315187  16.282  0.021  1115   23 o  0   1.34 235.03229  20.67547  3829.45  5997.21 2.72 2.65 -34.5 -0.476 19.01 20.00 01a59824o0217o
59824.323042  16.302  0.021  1094   23 o  0   1.19 235.03229  20.67547  3812.57  6115.60 2.77 2.72 -49.7 -0.468 18.95 19.96 01a59824o0234o
59827.286981  16.327  0.023  1070   25 o  0   1.30 235.03229  20.67547  3865.49  6032.72 2.95 2.82  56.6 -0.440 18.89 19.90 01a59827o0160o
59827.303579  16.344  0.028  1053   30 o  0   0.92 235.03229  20.67547  3887.02  6072.84 3.58 3.55 -52.3 -0.395 18.56 19.72 01a59827o0196o
59827.306789  16.376  0.027  1022   28 o  0   1.16 235.03229  20.67547  3826.35  5997.68 3.51 3.42  49.4 -0.387 18.61 19.70 01a59827o0203o
59827.320085  16.409  0.030   992   29 o  0   1.18 235.03229  20.67547  3809.89  6115.06 3.24 3.11 -32.0 -0.433 18.58 19.58 01a59827o0232o
59834.287963  16.345  0.073  1052   77 o  0   1.24 235.03229  20.67547  7927.45  9069.77 2.79 2.40  30.5 -0.403 17.90 18.28 02a59834o0006o
59834.291132  16.311  0.080  1085   87 o  0   1.20 235.03229  20.67547  7907.30  9030.42 2.67 2.18  29.4 -0.412 17.88 18.37 02a59834o0013o
59834.297499  16.445  0.041   960   39 o  0   1.47 235.03229  20.67547  7964.53  9106.44 2.50 2.19  20.4 -0.420 18.54 19.04 02a59834o0027o
59835.240820  16.337  0.017  1060   18 o  0   2.06 235.03229  20.67547  1300.37  9771.84 2.30 1.92 -45.0 -0.506 19.58 20.53 01a59835o0069o
59835.243621  16.388  0.017  1011   17 o  0   1.94 235.03229  20.67547  1322.99  9810.36 2.31 1.92 -46.5 -0.507 19.57 20.53 01a59835o0075o
59835.249633  16.372  0.019  1026   19 o  0   1.19 235.03229  20.67547  1263.05  9731.28 2.25 2.00 -51.2 -0.497 19.57 20.57 01a59835o0088o
59835.259790  16.363  0.017  1035   18 o  0   1.88 235.03229  20.67547  1241.07  9848.68 2.53 2.06 -42.4 -0.489 19.52 20.48 01a59835o0110o
59837.243240  16.559  0.021   864   18 c  0   1.55 235.03229  20.67547  7920.69  9068.71 2.80 2.68   9.9 -0.399 19.40 20.95 02a59837o0051c
59837.246870  16.520  0.021   896   18 c  0   1.34 235.03229  20.67547  7901.17  9030.12 2.91 2.81  23.0 -0.400 19.33 20.94 02a59837o0059c
59837.252297  16.461  0.020   945   19 c  0   1.51 235.03229  20.67547  7958.84  9106.85 2.83 2.74 -30.6 -0.402 19.32 20.92 02a59837o0071c
59837.265407  16.438  0.019   966   19 c  0   1.77 235.03229  20.67547  7977.81  8987.74 2.74 2.62 -33.8 -0.406 19.39 20.87 02a59837o0100c
59841.225804  16.379  0.026  1020   26 o  0   1.48 235.03229  20.67547  7930.79  9072.80 2.79 2.69 -67.1 -0.443 18.96 20.02 02a59841o0034o
59841.228977  16.418  0.031   984   31 o  0   0.99 235.03229  20.67547  7911.21  9032.37 2.72 2.68 -80.0 -0.443 19.04 20.15 02a59841o0041o
59841.234488  16.435  0.028   968   27 o  0   1.19 235.03229  20.67547  7970.04  9109.93 2.79 2.51 -65.3 -0.449 19.09 20.24 02a59841o0053o
59841.246325  16.421  0.030   980   29 o  0   1.22 235.03229  20.67547  7987.69  8990.78 2.60 2.35 -60.5 -0.448 19.14 20.25 02a59841o0079o
59842.232754  16.481  0.042   928   39 o  0   0.99 235.03229  20.67547  9863.32  9006.34 2.89 2.40 -54.4 -0.404 18.64 19.70 02a59842o0049o
59842.235924  16.404  0.036   997   36 o  0   1.55 235.03229  20.67547  9844.93  8965.48 2.91 2.34 -57.0 -0.419 18.62 19.65 02a59842o0056o
59842.242282  16.441  0.029   963   28 o  0   1.46 235.03229  20.67547  9901.32  9045.82 2.77 2.29 -56.6 -0.418 19.19 20.26 02a59842o0070o
59842.253615  16.298  0.087  1099   96 o  0   0.81 235.03229  20.67547  9919.42  8926.25 2.78 2.31 -54.4 -0.408 17.57 18.46 02a59842o0095o
59843.249566  16.641  0.023   801   18 c  0   1.35 235.03229  20.67547  4192.04  3573.50 3.07 2.78  43.5 -0.324 19.16 20.97 01a59843o0092c
59843.252812  16.637  0.023   804   18 c  0   1.45 235.03229  20.67547  4212.46  3612.39 3.03 2.76  42.1 -0.326 19.13 20.94 01a59843o0099c
59843.266230  16.648  0.025   796   20 c  0   1.18 235.03229  20.67547  4154.30  3537.32 3.01 2.79  40.8 -0.329 19.03 20.77 01a59843o0128c
59844.246389  16.651  0.019   793   15 c  0   1.18 235.03229  20.67547  4192.34  3573.29 3.20 2.89  43.7 -0.303 19.36 20.90 01a59844o0087c
59844.249622  16.654  0.018   791   14 c  0   1.23 235.03229  20.67547  4212.16  3613.13 3.03 2.80  41.5 -0.321 19.38 20.86 01a59844o0094c
59844.259819  16.620  0.020   817   16 c  0   1.23 235.03229  20.67547  4155.53  3536.86 3.15 2.86  41.2 -0.310 19.30 20.77 01a59844o0116c
59844.276078  16.650  0.019   794   15 c  0   1.53 235.03229  20.67547  4134.39  3656.19 2.82 2.67 -29.0 -0.370 19.30 20.71 01a59844o0151c
59845.238028  16.471  0.026   937   25 o  0   1.23 235.03229  20.67547  9863.31  9007.54 2.64 2.49 -50.3 -0.418 19.14 20.33 02a59845o0070o
59845.243944  16.503  0.028   909   26 o  0   1.08 235.03229  20.67547  9842.50  8966.80 2.61 2.36 -46.9 -0.421 19.19 20.30 02a59845o0083o
59845.247107  16.445  0.026   959   25 o  0   1.21 235.03229  20.67547  9901.18  9045.98 2.67 2.42 -45.8 -0.422 19.13 20.30 02a59845o0090o
59845.258438  16.495  0.029   916   26 o  0   1.04 235.03229  20.67547  9918.67  8929.64 2.74 2.39 -48.7 -0.427 19.13 20.25 02a59845o0115o
59850.215751  16.610  0.036   824   30 o  0   0.83 235.03229  20.67547  2749.57  2854.81 2.43 2.38  48.5 -0.438 18.56 19.28 02a59850o0026o
59850.218917  16.536  0.028   882   25 o  0   1.21 235.03229  20.67547  2730.16  2814.77 2.43 2.32  43.5 -0.436 18.89 19.74 02a59850o0033o
59850.226174  16.540  0.023   879   20 o  0   1.43 235.03229  20.67547  2789.61  2890.50 2.29 2.24  64.6 -0.426 19.13 20.13 02a59850o0049o
59850.237042  16.586  0.023   843   20 o  0   1.32 235.03229  20.67547  2809.62  2771.73 2.32 2.27 -81.6 -0.427 19.11 20.18 02a59850o0073o
59853.213684  16.599  0.064   833   54 o  0   0.83 235.03229  20.67547  2751.79  2858.28 2.41 2.28  36.1 -0.448 17.81 18.20 02a59853o0033o
59853.216847  16.595  0.037   836   31 o  0   1.51 235.03229  20.67547  2732.43  2817.63 2.29 2.22  70.2 -0.442 18.49 18.99 02a59853o0040o
59853.224544  16.618  0.027   818   22 o  0   1.82 235.03229  20.67547  2793.41  2891.04 2.37 2.32 -87.1 -0.445 18.88 19.71 02a59853o0057o
59853.234532  16.672  0.028   779   22 o  0   1.06 235.03229  20.67547  2812.34  2772.43 2.30 2.25  82.8 -0.439 18.95 19.80 02a59853o0079o
59856.232946  16.759  0.029   718   21 o  0   1.12 235.03229  20.67547  7385.68  7920.05 2.37 2.25  62.2 -0.428 19.00 19.43 01a59856o0036o
59856.236645  16.706  0.033   754   25 o  0   0.97 235.03229  20.67547  7406.35  7959.28 2.66 2.27  50.1 -0.391 18.90 19.40 01a59856o0044o
59856.258007  16.713  0.031   750   23 o  0   1.55 235.03229  20.67547  7344.86  7887.18 2.49 2.23 -53.1 -0.447 18.82 19.16 01a59856o0090o
59858.209800  16.803  0.094   690   65 o  0   0.92 235.03229  20.67547  5929.47  7206.58 2.74 2.16  35.9 -0.445 17.95 18.34 02a59858o0026o
59858.213417  16.761  0.053   717   38 o  0   1.44 235.03229  20.67547  5910.05  7167.04 2.71 2.13  32.0 -0.439 18.38 18.85 02a59858o0034o
59858.220668  16.785  0.042   701   29 o  0   1.57 235.03229  20.67547  5968.50  7243.16 2.34 2.14  37.4 -0.459 18.60 19.10 02a59858o0050o
59858.230637  16.795  0.046   695   32 o  0   1.18 235.03229  20.67547  5985.51  7125.48 2.38 2.13  40.2 -0.459 18.53 19.05 02a59858o0072o
59861.207590  16.777  0.081   707   58 o  0   1.41 235.03229  20.67547  5928.47  7201.07 2.74 1.97  31.5 -0.420 17.98 18.19 02a59861o0015o
59861.211691  16.789  0.062   699   43 o  0   1.92 235.03229  20.67547  5909.35  7162.34 2.63 1.96  32.7 -0.422 18.06 18.37 02a59861o0024o
59861.218552  16.800  0.079   692   55 o  0   1.45 235.03229  20.67547  5967.39  7238.26 2.26 1.99  29.9 -0.448 18.05 18.35 02a59861o0039o
59861.229034  16.771  0.129   711   92 o  0   1.73 235.03229  20.67547  5983.20  7124.65 2.33 2.05  33.5 -0.465 17.42 17.58 02a59861o0062o
59866.204402  16.774  0.123   708   87 o  0   1.30 235.03229  20.67547  4968.03   606.92 1.99 1.88 -88.9 -0.442 17.28 17.48 02a59866o0028o
59866.207566  16.928  0.057   615   35 o  0   1.00 235.03229  20.67547  4948.69   567.55 2.04 1.77 -64.0 -0.459 18.12 18.46 02a59866o0035o
59866.213521  16.948  0.037   604   22 o  0   0.94 235.03229  20.67547  5007.22   645.19 1.96 1.83 -76.9 -0.448 18.83 19.50 02a59866o0048o
59866.225376  16.953  0.034   601   20 o  0   1.87 235.03229  20.67547  5024.87   528.49 2.07 1.74 -63.4 -0.468 19.02 19.82 02a59866o0074o
59867.202047  16.906  0.123   628   77 o  0   1.13 235.03229  20.67547   778.10  1799.66 2.48 2.27  25.3 -0.431 17.64 17.28 01a59867o0026o
59869.202327  17.216  0.142   471   67 c  0   1.04 235.03229  20.67547  4969.97   603.27 2.41 2.16 -79.1 -0.435 17.49 18.20 02a59869o0022c
59869.205491  17.407  0.124   396   49 c  0   0.83 235.03229  20.67547  4949.89   563.29 2.50 2.12 -66.7 -0.440 18.15 19.03 02a59869o0029c
59869.210916  17.442  0.057   383   22 c  0   1.11 235.03229  20.67547  5007.63   641.60 2.51 2.10 -64.0 -0.435 18.91 19.97 02a59869o0041c
59869.221592  17.395  0.050   400   20 c  0   1.07 235.03229  20.67547  5024.54   523.51 2.56 2.17 -63.1 -0.434 19.02 20.30 02a59869o0062c
59958.670044  22.652  7.556     3   24 o  0   0.88 235.03229  20.67547  6533.34  3237.42 2.32 1.85  35.4 -0.454 19.01 19.45 02a59958o1014o
59958.674126  20.915  2.153    16   34 o  0   0.98 235.03229  20.67547  6514.08  3353.99 2.37 1.86  36.8 -0.458 18.44 18.53 02a59958o1023o
59966.635667  21.349  1.125    10   12 o  0   1.04 235.03229  20.67547  5874.01  7826.11 2.63 2.13  36.9 -0.411 19.42 20.80 02a59966o0915o
59966.638866  20.212  0.423    30   13 o  0   1.26 235.03229  20.67547  5891.17  7865.96 2.64 2.09  35.2 -0.413 19.46 20.81 02a59966o0922o
59969.642233  22.764  4.545     3   13 o  0   0.66 235.03229  20.67547  5876.80  7827.69 2.39 2.02  41.5 -0.434 19.50 20.82 02a59969o0684o
59969.647699  22.574  3.308     3   11 o  0   1.34 235.03229  20.67547  5895.11  7868.25 2.45 2.01  38.3 -0.427 19.45 20.80 02a59969o0696o
59969.663191 -21.315  1.926   -11   21 o  0   0.44 235.03229  20.67547  5833.68  7792.33 2.44 2.03  39.0 -0.428 19.22 20.33 02a59969o0728o
59969.670464  20.255  0.620    29   18 o  0   0.83 235.03229  20.67547  5813.72  7911.70 2.53 2.03  38.1 -0.414 19.09 19.97 02a59969o0744o
59985.360746  20.007  1.258    36   45 o  0   0.93 235.03229  20.67547  4030.08  7349.02 2.48 2.03 -73.0 -0.398 18.04 18.24 04a59985o0767o
59985.365831 -20.004  1.061   -36   38 o  0   1.06 235.03229  20.67547  4010.58  7311.12 2.35 1.94 -71.9 -0.418 18.07 18.25 04a59985o0778o
59985.380702  21.673  5.038     8   39 o  0   1.12 235.03229  20.67547  4065.92  7387.18 2.35 1.90 -72.4 -0.405 18.09 18.23 04a59985o0810o
59985.386594 -20.459  2.075   -24   49 o  0   1.30 235.03229  20.67547  4085.76  7271.98 2.37 1.94 -72.5 -0.404 17.88 17.83 04a59985o0823o
59988.107124 -23.105 12.000    -2   25 o  0   0.89 235.03229  20.67547  5891.56  6490.17 2.57 2.23 -48.7 -0.386 18.66 19.29 03a59988o0761o
59988.112549  21.675  2.941     8   23 o  0   1.53 235.03229  20.67547  5863.92  6459.60 2.49 2.19 -54.4 -0.389 18.68 19.30 03a59988o0773o
59988.128328  21.406  2.379    10   24 o  0   1.61 235.03229  20.67547  5900.30  6563.90 2.50 2.18 -46.2 -0.391 18.58 19.03 03a59988o0808o
59988.130323  19.860  0.590    41   24 o  0   1.41 235.03229  20.67547  5919.10  6452.59 2.48 2.16 -46.8 -0.387 18.47 18.87 03a59988o0812o
59989.361454  20.592  0.994    21   21 o  0   1.11 235.03229  20.67547  4026.81  7349.05 2.18 1.93 -52.2 -0.399 18.81 19.64 04a59989o0765o
59989.377368 -20.873  1.207   -16   20 o  0   1.10 235.03229  20.67547  4010.37  7310.97 2.21 1.91 -52.5 -0.406 18.80 19.60 04a59989o0800o
59989.386325 -19.718  0.510   -47   24 o  0   1.31 235.03229  20.67547  4068.72  7388.71 2.22 1.88 -50.5 -0.397 18.66 19.32 04a59989o0819o
59989.392217 -20.970  2.396   -15   36 o  0   1.14 235.03229  20.67547  4087.98  7271.63 2.18 1.91 -50.2 -0.402 18.26 18.50 04a59989o0832o
59997.357846  23.283  7.200     2   13 c  0   1.41 235.03229  20.67547  4704.53  2811.26 2.39 2.29 -11.9 -0.431 19.35 21.17 04a59997o0551c
59997.361451 -20.910  0.765   -16   12 c  0   0.92 235.03229  20.67547  4684.42  2772.52 2.22 2.18  16.9 -0.427 19.38 21.20 04a59997o0559c
59997.369109 -23.018  4.933    -2   11 c  0   1.24 235.03229  20.67547  4742.29  2848.22 2.22 2.15  -4.2 -0.428 19.40 21.25 04a59997o0576c
59997.390598  22.171  2.871     5   14 c  0   1.13 235.03229  20.67547  4766.53  2730.70 2.35 2.18  -6.9 -0.423 19.20 20.68 04a59997o0622c
59998.588909 -22.546  3.143    -4   11 c  0   0.91 235.03229  20.67547  2803.42  2843.24 2.64 2.52  56.4 -0.406 19.52 21.65 02a59998o0611c
59998.591622  21.038  0.730    14   10 c  0   0.97 235.03229  20.67547  2821.87  2883.21 2.82 2.72  64.9 -0.402 19.43 21.64 02a59998o0617c
59998.601155 -20.736  0.565   -18   10 c  0   1.13 235.03229  20.67547  2761.64  2803.91 2.68 2.58  54.1 -0.407 19.48 21.67 02a59998o0637c
59998.612074 -22.686  3.471    -3   11 c  0   0.93 235.03229  20.67547  2739.42  2920.48 2.73 2.64  57.8 -0.408 19.48 21.70 02a59998o0660c
60001.357792 -22.138  1.882    -5   10 c  0   1.31 235.03229  20.67547  1891.01  8933.65 2.75 1.92 -75.1 -0.367 19.49 21.28 04a60001o0721c
60001.360947 -21.126  0.852   -13   11 c  0   1.16 235.03229  20.67547  1872.05  8895.08 2.76 1.88 -75.0 -0.373 19.52 21.29 04a60001o0728c
60001.368156  21.124  0.778    13   10 c  0   1.33 235.03229  20.67547  1931.52  8971.06 2.73 1.86 -74.9 -0.380 19.52 21.33 04a60001o0744c
60001.386703  21.007  0.737    14   11 c  0   1.61 235.03229  20.67547  1953.18  8850.22 2.79 1.87 -76.4 -0.375 19.47 21.23 04a60001o0784c
60001.606353 -23.320  7.333    -2   12 c  0   1.29 235.03229  20.67547  7773.90  5792.43 2.90 2.68  31.0 -0.386 19.47 21.49 02a60001o0463c
60001.616984  21.897  1.882     6   12 c  0   1.08 235.03229  20.67547  7797.62  5830.53 2.88 2.65  35.8 -0.386 19.49 21.50 02a60001o0482c
60001.619963  23.062  5.000     2   11 c  0   1.03 235.03229  20.67547  7744.17  5753.09 2.86 2.59  30.0 -0.389 19.52 21.50 02a60001o0488c
60001.636474  20.636  0.667    20   14 c  0   1.34 235.03229  20.67547  7727.44  5873.94 3.53 3.40  30.7 -0.353 19.25 21.46 02a60001o0522c
60005.261833 -21.712  2.103    -8   16 c  0   1.19 235.03229  20.67547  1903.36  8926.64 2.86 2.03 -66.7 -0.351 19.09 20.61 04a60005o0565c
60005.264989 -21.361  1.481   -10   15 c  0   1.35 235.03229  20.67547  1881.52  8888.83 2.85 2.06 -69.5 -0.353 19.10 20.67 04a60005o0572c
60005.284537 -22.219  3.346    -5   16 c  0   0.87 235.03229  20.67547  1933.54  8969.96 2.88 2.05 -69.5 -0.357 19.20 20.75 04a60005o0615c
60005.304399 -21.223  1.324   -12   16 c  0   0.95 235.03229  20.67547  1947.06  8855.90 2.78 1.94 -72.0 -0.367 19.27 20.82 04a60005o0658c
60009.308514 -21.248  3.094   -12   36 o  0   1.20 235.03229  20.67547  8608.79  2611.35 2.93 2.61 -18.6 -0.335 18.16 18.70 04a60009o0688o
60009.310325  23.119 15.800     2   32 o  0   1.48 235.03229  20.67547  8588.58  2572.59 2.88 2.46 -17.2 -0.347 18.20 18.69 04a60009o0692o
60009.316207  19.719  1.155    47   54 o  0   1.06 235.03229  20.67547  8648.19  2650.81 4.60 3.66 -83.1 -0.248 17.66 18.63 04a60009o0705o
60009.322613 -20.066  1.045   -34   36 o  0   1.03 235.03229  20.67547  8670.65  2535.13 2.78 2.65  11.1 -0.362 18.21 18.73 04a60009o0719o
60009.484611  20.256  0.785    29   22 o  0   1.46 235.03229  20.67547  4926.39  5574.15 2.66 2.08  35.5 -0.408 18.60 19.17 02a60009o0510o
60009.488403  20.837  1.519    17   26 o  0   0.83 235.03229  20.67547  4948.21  5612.74 2.52 1.93  34.5 -0.411 18.71 19.20 02a60009o0518o
60009.496512 -21.772  3.724    -7   26 o  0   0.80 235.03229  20.67547  4897.48  5535.76 2.50 1.85  33.5 -0.401 18.69 19.22 02a60009o0535o
60009.509404 -19.861  0.576   -41   24 o  0   1.12 235.03229  20.67547  4885.95  5651.50 2.59 2.04  33.2 -0.409 18.70 19.29 02a60009o0561o
60012.067252 -19.400  0.506   -63   32 o  0   1.46 235.03229  20.67547  7792.32  7130.00 2.74 2.26 -33.2 -0.373 18.36 18.70 03a60012o0718o
60012.069057  19.798  0.627    44   27 o  0   0.87 235.03229  20.67547  7773.11  7090.88 2.56 2.13 -31.5 -0.386 18.44 18.70 03a60012o0722o
60012.072222  21.134  2.011    13   26 o  0   1.76 235.03229  20.67547  7828.93  7170.40 2.53 2.11 -38.3 -0.464 18.45 18.72 03a60012o0729o
60012.082194 -21.043  1.990   -14   28 o  0   1.15 235.03229  20.67547  7851.41  7054.94 2.50 2.11 -37.9 -0.408 18.48 18.75 03a60012o0751o
60014.555897  18.149  0.862   200  172 o  0   1.17 235.03229  20.67547 10081.11  1015.82 1.92 1.58 -71.0 -0.600 16.89 17.27 02a60014o0561o
60014.564399  19.944  0.609    38   23 o  0   0.76 235.03229  20.67547 10057.72  1134.62 1.99 1.62 -61.0 -0.535 18.76 19.38 02a60014o0577o
60014.564851 -20.585  1.179   -21   25 o  0   1.47 235.03229  20.67547   155.90  1049.81 1.84 1.72  43.7 -0.517 18.75 19.41 02a60014o0578o
60016.095611  22.421  5.219     4   20 o  0   1.25 235.03229  20.67547  3953.25  7231.06 2.21 2.02 -43.0 -0.410 18.86 19.33 03a60016o0783o
60016.098771  21.036  1.466    14   20 o  0   1.27 235.03229  20.67547  3935.77  7192.08 2.17 2.01 -53.5 -0.423 18.87 19.33 03a60016o0790o
60016.116628 -20.321  0.823   -27   22 o  0   1.07 235.03229  20.67547  3995.23  7270.13 2.22 2.02 -53.2 -0.438 18.87 19.33 03a60016o0828o
60016.145126 -19.632  0.516   -51   26 o  0   0.81 235.03229  20.67547  6570.53  3405.32 2.05 2.00 -39.1 -0.506 18.70 19.00 03a60016o0889o
60016.153666 -19.091  0.658   -84   55 o  0   0.87 235.03229  20.67547  6607.17  3348.87 2.16 1.93 -53.8 -0.472 17.91 17.49 03a60016o0907o
60017.333142  22.178  3.929     5   19 o  0   1.43 235.03229  20.67547  6042.58  9183.83 1.98 1.79 -46.9 -0.418 18.84 19.56 04a60017o0725o
60017.346516  21.504  2.397     9   22 o  0   1.41 235.03229  20.67547  6083.99  9220.60 2.17 1.82 -66.4 -0.407 18.89 19.60 04a60017o0753o
60017.351609  22.384  4.781     4   19 o  0   1.45 235.03229  20.67547  6104.53  9103.50 2.16 1.86 -61.6 -0.394 18.86 19.60 04a60017o0763o
60017.536637 -19.915  2.650   -39  104 o  0   0.99 235.03229  20.67547 10115.28  1054.06 1.92 1.44 -64.4 -0.394 16.76 17.29 02a60017o0255o
60017.538444 -18.148  0.720  -200  144 o  0   0.78 235.03229  20.67547 10134.61  1093.54 1.83 1.42 -63.8 -0.381 16.81 17.34 02a60017o0259o
60017.542694  17.828  1.322   268  355 o  0   1.02 235.03229  20.67547 10081.81  1015.99 2.17 1.61 -62.8 -0.387 15.73 16.22 02a60017o0267o
60017.557432  19.110  0.676    82   56 o  0   1.24 235.03229  20.67547 10061.97  1136.58 2.34 1.88 -34.0 -0.503 18.26 19.48 02a60017o0296o
60017.557884  20.193  0.458    30   14 o  0   1.47 235.03229  20.67547   159.92  1051.83 2.34 2.09 -15.7 -0.454 18.61 20.02 02a60017o0297o
60017.561028  22.008  2.050     6   12 o  0   1.16 235.03229  20.67547   181.58  1092.07 1.87 1.75 -70.4 -0.506 19.30 20.36 02a60017o0303o
60017.563961  19.876  1.089    41   44 o  0   1.00 235.03229  20.67547   123.90  1012.13 1.84 1.72 -80.3 -0.503 17.95 18.63 02a60017o0309o
60017.570159 -21.130  3.708   -13   48 o  0   1.26 235.03229  20.67547   105.98  1130.19 1.84 1.73 -69.5 -0.500 17.13 17.73 02a60017o0322o
60018.556208  19.950  0.314    38   12 o  0   1.47 235.03229  20.67547 10298.08  6894.81 2.35 2.12  18.6 -0.443 19.40 20.69 02a60018o0713o
60018.558920  20.629  1.536    20   31 o  0   1.00 235.03229  20.67547 10318.37  6933.71 2.34 2.10  19.5 -0.436 18.57 19.44 02a60018o0719o
60018.561181 -20.720  0.974   -19   18 o  0   1.42 235.03229  20.67547   374.23  6897.68 2.13 1.88  18.9 -0.411 18.74 19.75 02a60018o0724o
60018.562085  19.265  0.894    71   64 o  0   1.34 235.03229  20.67547 10259.39  6857.03 2.33 2.10  19.2 -0.453 17.48 18.37 02a60018o0726o
60018.562990  17.845  0.363   264   96 o  0   1.25 235.03229  20.67547   393.98  6937.50 2.18 1.89  19.2 -0.385 17.03 17.91 02a60018o0728o
60018.568179  18.795  1.584   110  174 o  0   1.46 235.03229  20.67547   336.65  6855.41 2.72 1.95   7.3 -0.341 16.16 16.87 02a60018o0739o
60018.569987 -17.701  0.663  -302  200 o  0   1.60 235.03229  20.67547 10242.39  6973.89 3.19 2.14   3.7 -0.402 16.48 17.30 02a60018o0743o
60018.573604 -17.145  2.536  -504 1277 o  0   1.05 235.03229  20.67547   317.36  6974.19 3.54 2.00   3.7 -0.393 14.21 14.95 02a60018o0751o
60020.145295 -20.485  0.615   -23   14 o  0   0.80 235.03229  20.67547  6627.36  3333.00 2.09 1.85 -54.9 -0.462 19.33 20.44 03a60020o0421o
60020.148837 -23.687 12.900    -1   16 o  0   0.85 235.03229  20.67547  6649.49  3373.18 2.07 1.92 -48.3 -0.472 19.27 20.27 03a60020o0428o
60020.152046  22.425  4.548     4   18 o  0   1.08 235.03229  20.67547  6591.92  3293.99 2.10 1.96 -49.3 -0.471 19.13 20.00 03a60020o0435o
60020.154299 -20.123  0.622   -32   20 o  0   1.00 235.03229  20.67547  6570.74  3410.21 2.16 1.89 -51.9 -0.455 18.99 19.69 03a60020o0440o
60021.324531  21.582  1.538     8   13 o  0   1.74 235.03229  20.67547  6043.18  9182.85 2.20 1.88 -67.0 -0.442 19.30 20.67 04a60021o0707o
60021.327344 -20.780  0.938   -18   17 o  0   1.03 235.03229  20.67547  6025.47  9144.38 2.28 1.94 -52.8 -0.395 19.22 20.62 04a60021o0713o
60021.330765 -21.866  2.040    -6   13 o  0   1.50 235.03229  20.67547  6084.45  9221.46 2.20 1.91 -50.0 -0.395 19.28 20.62 04a60021o0720o
60021.340724 -22.217  3.634    -5   17 o  0   0.66 235.03229  20.67547  6104.84  9103.09 2.05 1.79 -53.7 -0.415 19.31 20.63 04a60021o0742o
60021.506901 -21.183  1.185   -12   14 o  0   1.07 235.03229  20.67547 10282.35  6890.47 2.10 2.02  -2.7 -0.464 19.30 20.56 02a60021o0619o
60021.509162 -21.742  2.000    -7   15 o  0   1.09 235.03229  20.67547 10304.23  6928.79 2.08 2.01 -12.5 -0.465 19.35 20.66 02a60021o0624o
60021.511423 -23.562  8.308    -1   11 o  0   1.11 235.03229  20.67547   356.53  6896.93 1.91 1.74   3.9 -0.430 19.37 20.66 02a60021o0629o
60021.545064 -21.087  2.194   -13   29 o  0   1.25 235.03229  20.67547 10254.87  6854.84 2.20 2.12  -1.6 -0.458 18.36 19.63 02a60021o0696o
60021.546421  21.062  1.750    14   24 o  0   1.68 235.03229  20.67547   389.89  6935.74 2.02 1.88  11.7 -0.429 18.38 19.67 02a60021o0699o
60021.548462  21.611  2.825     8   23 o  0   0.96 235.03229  20.67547 10239.90  6973.70 2.19 2.09   2.5 -0.459 19.02 20.37 02a60021o0703o
60021.549366  21.972  3.125     6   18 o  0   0.61 235.03229  20.67547   334.95  6857.73 1.97 1.82   8.3 -0.435 19.07 20.40 02a60021o0705o
60021.554505 -19.463  0.926   -60   55 o  0   0.92 235.03229  20.67547   316.05  6973.95 2.02 1.86  11.6 -0.405 17.85 19.09 02a60021o0716o
60022.496684  20.499  0.484    23   11 o  0   1.26 235.03229  20.67547 10279.63  6891.45 2.18 2.06 -15.1 -0.462 19.56 20.89 02a60022o0587o
60022.498492  22.162  2.425     5   12 o  0   1.72 235.03229  20.67547 10300.49  6930.06 2.16 2.07 -22.8 -0.462 19.58 20.89 02a60022o0591o
60022.501659  21.172  0.912    12   11 o  0   1.07 235.03229  20.67547 10242.62  6853.68 2.14 2.05 -19.1 -0.460 19.61 20.91 02a60022o0598o
60022.513793 -22.434  3.258    -4   13 o  0   1.03 235.03229  20.67547 10228.59  6971.89 2.21 2.06   8.9 -0.454 19.59 20.98 02a60022o0622o
60022.529017  20.389  0.471    25   12 o  0   0.93 235.03229  20.67547   365.08  6898.76 2.00 1.82   9.6 -0.424 19.56 20.89 02a60022o0655o
60022.531286  21.945  1.951     6   12 o  0   0.86 235.03229  20.67547   385.71  6938.39 2.03 1.85  10.4 -0.427 19.57 20.93 02a60022o0660o
60022.534452 -22.137  1.804    -5    9 o  0   1.00 235.03229  20.67547   328.64  6859.79 2.01 1.81  11.9 -0.435 19.53 20.88 02a60022o0667o
60022.539885 -26.443 112.000    -0   11 o  0   1.03 235.03229  20.67547   310.89  6976.88 1.97 1.78   7.2 -0.439 19.56 20.90 02a60022o0679o
60025.307352  22.097  2.222     5   12 o  0   1.63 235.03229  20.67547  2843.98  4854.41 1.99 1.82 -86.9 -0.423 19.29 20.71 04a60025o0665o
60025.309614 -24.306 17.833    -1   12 o  0   1.29 235.03229  20.67547  2825.70  4815.85 1.95 1.82 -88.6 -0.428 19.33 20.71 04a60025o0670o
60025.313674 -20.788  0.698   -18   12 o  0   1.40 235.03229  20.67547  2885.33  4891.60 2.06 1.93 -50.4 -0.467 19.29 20.69 04a60025o0679o
60025.319082 -21.380  1.304   -10   13 o  0   1.22 235.03229  20.67547  2905.12  4775.20 2.02 1.88 -64.7 -0.452 19.30 20.67 04a60025o0691o
60029.293472  23.420  7.308     2   11 o  0   1.26 235.03229  20.67547  2842.50  4855.83 2.01 1.82 -86.0 -0.422 19.29 20.68 04a60029o0678o
60029.295297 -21.749  1.931    -7   14 o  0   0.94 235.03229  20.67547  2823.37  4817.52 2.04 1.83 -80.2 -0.440 19.30 20.64 04a60029o0682o
60029.298047  21.645  1.684     8   13 o  0   1.69 235.03229  20.67547  2883.32  4893.63 2.05 1.93 -60.7 -0.451 19.27 20.60 04a60029o0688o
60029.305763  20.576  0.640    21   14 o  0   1.12 235.03229  20.67547  2903.86  4777.28 2.06 1.95 -76.5 -0.426 19.28 20.63 04a60029o0705o
60029.528361 -20.744  0.586   -18   11 o  0   1.28 235.03229  20.67547  9580.21  9015.29 2.29 2.21  15.0 -0.441 19.54 20.99 02a60029o0619o
60029.530169  22.473  3.231     4   12 o  0   1.08 235.03229  20.67547  9600.92  9054.60 2.44 2.19  29.9 -0.434 19.49 21.00 02a60029o0623o
60029.535412  21.438  1.014    10   10 o  0   1.73 235.03229  20.67547  9540.01  8977.53 2.35 2.17  28.9 -0.435 19.52 21.02 02a60029o0634o
60029.540838 -20.646  0.646   -20   13 o  0   1.04 235.03229  20.67547  9520.68  9097.28 2.45 2.34  34.4 -0.425 19.46 21.02 02a60029o0646o
60030.508189  22.176  2.861     5   14 o  0   0.94 235.03229  20.67547  9573.14  9011.33 2.29 2.16 -44.2 -0.441 19.50 20.88 02a60030o0577o
60030.510901  20.578  0.611    21   13 o  0   1.05 235.03229  20.67547  9594.56  9050.68 2.29 2.17 -45.0 -0.440 19.54 20.88 02a60030o0583o
60030.514313  20.999  0.963    14   14 o  0   0.84 235.03229  20.67547  9535.93  8971.79 2.22 2.18  -3.1 -0.443 19.57 20.88 02a60030o0590o
60030.524213 -21.735  1.828    -7   13 o  0   1.01 235.03229  20.67547  9512.36  9093.33 2.22 2.08 -52.7 -0.439 19.53 20.86 02a60030o0610o
60032.076781  21.682  1.569     8   12 c  0   1.00 235.03229  20.67547  8805.31  1809.08 2.59 2.25 -57.7 -0.393 19.48 21.22 03a60032o0303c
60032.079986 -22.061  2.194    -5   12 c  0   0.93 235.03229  20.67547  8822.95  1848.46 2.65 2.19 -61.7 -0.392 19.48 21.22 03a60032o0310c
60032.085121 -20.197  0.352   -30   11 c  0   1.12 235.03229  20.67547  8768.10  1770.92 2.53 2.18 -58.6 -0.396 19.51 21.21 03a60032o0321c
60032.120299 -21.094  0.941   -13   12 c  0   1.05 235.03229  20.67547  8750.32  1889.97 3.00 2.49 -63.0 -0.376 19.36 21.24 03a60032o0397c
60033.213004  20.728  0.781    19   14 o  0   0.71 235.03229  20.67547  4774.64  4738.39 2.12 1.97 -61.8 -0.428 19.19 20.60 04a60033o0518o
60033.216183 -21.133  1.112   -13   14 o  0   1.10 235.03229  20.67547  4754.87  4700.39 2.18 2.05 -67.3 -0.424 19.21 20.66 04a60033o0525o
60033.239141 -21.248  0.796   -12    9 o  0   1.86 235.03229  20.67547  4811.12  4780.21 2.06 1.91 -72.7 -0.428 19.23 20.62 04a60033o0574o
60033.247989  24.005 14.857     1   14 o  0   0.98 235.03229  20.67547  4830.01  4664.16 2.14 1.97 -67.3 -0.421 19.24 20.58 04a60033o0593o
60033.485730  21.608  2.212     8   18 o  0   1.17 235.03229  20.67547  9361.77  9762.71 2.17 2.16 -18.8 -0.448 19.01 19.91 02a60033o0511o
60033.491192  20.737  1.243    18   23 o  0   1.34 235.03229  20.67547  9375.71  9804.86 2.12 2.05 -52.0 -0.450 18.71 19.53 02a60033o0519o
60033.493000 -21.710  3.512    -8   26 o  0   1.13 235.03229  20.67547  9316.87  9725.31 2.13 2.06 -52.8 -0.445 18.81 19.58 02a60033o0523o
60033.498517  20.083  1.536    34   52 o  0   0.77 235.03229  20.67547  9300.12  9844.36 2.12 2.05 -50.9 -0.449 18.04 18.75 02a60033o0535o
60034.507763 -22.343  3.048    -4   13 o  0   1.43 235.03229  20.67547  2423.65  1514.49 1.96 1.83  47.7 -0.473 19.30 20.27 02a60034o0572o
60034.516460  21.550  1.471     9   13 o  0   0.98 235.03229  20.67547  2441.65  1555.61 2.04 1.77  44.3 -0.465 19.33 20.31 02a60034o0587o
60034.518267 -20.548  0.587   -22   13 o  0   0.94 235.03229  20.67547  2383.42  1476.05 2.04 1.81  44.4 -0.472 19.36 20.32 02a60034o0591o
60034.523694  21.480  1.494     9   14 o  0   0.98 235.03229  20.67547  2366.77  1593.06 2.10 1.87  42.0 -0.461 19.32 20.34 02a60034o0603o
60035.489717 -19.371  1.528   -65   99 o  0   1.23 235.03229  20.67547  2413.53  1514.15 2.50 2.26  36.2 -0.438 17.09 17.52 02a60035o0532o
60035.499958  18.678  0.509   123   62 o  0   0.83 235.03229  20.67547  2439.24  1551.94 2.05 1.89  44.7 -0.454 17.33 17.73 02a60035o0553o
60035.503127  18.464  0.896   150  134 o  0   0.77 235.03229  20.67547  2382.21  1473.33 2.03 1.85  45.7 -0.474 16.90 17.17 02a60035o0560o
60035.508437  17.497  0.723   364  263 o  0   1.56 235.03229  20.67547  2366.69  1593.88 2.16 1.90  43.3 -0.447 15.83 16.02 02a60035o0571o
60038.232408 -19.657  3.735   -50  186 o  0   1.03 235.03229  20.67547  4774.63  4744.55 2.06 1.99 -63.2 -0.480 16.52 16.36 04a60038o0570o
60038.234227  19.397  2.341    63  148 o  0   0.65 235.03229  20.67547  4754.92  4706.18 2.05 1.91 -74.3 -0.470 16.75 16.88 04a60038o0574o
60038.238846 -18.195  0.818  -191  156 o  0   1.04 235.03229  20.67547  4813.84  4782.89 1.97 1.86 -70.2 -0.450 16.43 16.48 04a60038o0584o
60038.248011  18.856  0.987   104  103 o  0   1.01 235.03229  20.67547  4833.49  4667.86 2.10 2.03 -55.3 -0.496 17.11 17.10 04a60038o0604o
60039.209895 -21.867  6.837    -6   44 o  0   1.09 235.03229  20.67547  4940.96   670.10 2.26 2.03  45.3 -0.425 17.89 18.14 04a60039o0526o
60039.212637 -21.337  4.587   -11   49 o  0   0.79 235.03229  20.67547  4920.92   631.60 2.03 1.96  68.1 -0.410 17.92 18.14 04a60039o0532o
60039.224733 -20.439  1.698   -24   41 o  0   1.27 235.03229  20.67547  4982.11   709.75 2.00 1.88  34.1 -0.415 18.00 18.23 04a60039o0557o
60039.236712  18.996  0.373    92   34 o  0   1.17 235.03229  20.67547  5001.88   593.84 2.05 1.95  28.6 -0.408 18.05 18.32 04a60039o0583o
60039.449190 -19.635  1.470   -51   75 o  0   1.47 235.03229  20.67547  5383.36  9974.52 2.07 2.00 -47.1 -0.440 17.79 17.81 02a60039o0495o
60039.450998 -19.532  2.982   -56  167 o  0   1.43 235.03229  20.67547  5403.39 10014.05 2.13 2.09   5.4 -0.428 16.94 16.84 02a60039o0499o
60039.476151  19.274  1.843    71  131 o  0   1.52 235.03229  20.67547  5356.41  9934.12 2.19 2.13  46.2 -0.421 17.41 17.84 02a60039o0546o
60039.479315  18.720  0.672   118   79 o  0   1.05 235.03229  20.67547  5337.27 10053.13 2.26 2.16  43.6 -0.437 17.70 18.09 02a60039o0553o
60041.490340 -19.783  0.517   -44   23 o  0   1.29 235.03229  20.67547  8547.04  3647.14 2.17 2.03  27.3 -0.407 18.61 19.05 02a60041o0570o
60041.492149 -20.842  1.322   -17   22 o  0   1.30 235.03229  20.67547  8566.52  3685.95 2.19 2.03  27.0 -0.410 18.60 19.05 02a60041o0574o
60041.495447  19.542  0.399    55   22 o  0   1.49 235.03229  20.67547  8508.67  3608.99 2.26 2.10  28.4 -0.395 18.59 19.06 02a60041o0581o
60041.501326  20.263  0.748    28   21 o  0   1.67 235.03229  20.67547  8490.41  3726.70 2.29 2.11  30.3 -0.395 18.54 19.06 02a60041o0594o
60042.248000  20.907  2.903    16   46 o  0   0.89 235.03229  20.67547  8645.83  4550.93 2.29 2.02  -8.5 -0.441 18.13 18.39 04a60042o0615o
60042.249819  19.166  0.538    78   42 o  0   1.49 235.03229  20.67547  8626.53  4512.53 2.23 1.98  -8.0 -0.443 18.15 18.40 04a60042o0619o
60042.252570 -19.981  1.166   -37   43 o  0   0.91 235.03229  20.67547  8685.50  4590.20 2.26 2.02 -13.9 -0.441 18.15 18.41 04a60042o0625o
60042.278179 -20.124  1.158   -32   38 o  0   1.15 235.03229  20.67547  8710.11  4472.79 2.30 1.89 -16.0 -0.438 18.21 18.51 04a60042o0679o
60043.490109 -21.686  2.386    -8   18 o  0   1.27 235.03229  20.67547  1704.77  6067.70 2.17 1.87  30.6 -0.437 18.95 19.52 02a60043o0506o
60043.492824 -21.035  1.178   -14   16 o  0   1.47 235.03229  20.67547  1724.78  6107.12 2.14 1.86  28.9 -0.439 18.97 19.52 02a60043o0512o
60043.514065  23.011  8.550     2   19 o  0   1.61 235.03229  20.67547  1671.05  6030.77 2.27 1.84  30.8 -0.437 18.93 19.54 02a60043o0555o
60043.517229 -20.598  0.984   -21   21 o  0   1.09 235.03229  20.67547  1651.99  6147.28 2.18 1.86  29.4 -0.440 18.96 19.54 02a60043o0562o
60044.216216  21.329  2.473    11   26 o  0   1.94 235.03229  20.67547  7260.26  1053.99 2.13 2.02 -32.2 -0.454 18.51 19.02 04a60044o0537o
60044.248250  20.953  1.990    15   30 o  0   0.75 235.03229  20.67547  7245.09  1017.81 2.26 1.99 -12.0 -0.459 18.55 19.14 04a60044o0605o
60044.253372 -19.399  0.435   -63   28 o  0   1.28 235.03229  20.67547  7306.56  1094.90 2.14 2.09  75.0 -0.484 18.55 19.09 04a60044o0616o
60044.256157  20.177  0.890    31   28 o  0   1.36 235.03229  20.67547  7326.73   977.17 2.26 2.04 -22.8 -0.441 18.58 19.18 04a60044o0622o
60047.586138 -15.709  0.586 -1890 1106 o  0   0.83 235.03229  20.67547  1025.39  2945.86 2.16 1.98  30.8 -0.451 14.57 14.85 02a60047o0473o
60047.590327 -17.596  2.022  -332  672 o  0   1.37 235.03229  20.67547  1010.12  2904.64 2.15 1.96  28.0 -0.453 14.74 15.04 02a60047o0480o
60047.596568  18.723  2.225   118  262 o  0   1.24 235.03229  20.67547  1070.98  2980.88 2.22 2.02  30.6 -0.435 16.05 16.43 02a60047o0493o
60049.470586 -24.131 12.333    -1   10 c  0   1.10 235.03229  20.67547  6262.02  1336.69 2.37 2.22  73.8 -0.415 19.58 21.48 02a60049o0507c
60049.496196  24.309 13.000     1    9 c  0   1.24 235.03229  20.67547  6286.85  1378.26 2.39 2.26  69.7 -0.410 19.57 21.46 02a60049o0551c
60049.498003  23.274  5.846     2   10 c  0   1.07 235.03229  20.67547  6229.08  1301.19 2.39 2.25  73.7 -0.412 19.56 21.46 02a60049o0555c
60049.513949 -20.729  0.500   -19    9 c  0   1.23 235.03229  20.67547  6212.80  1420.70 2.38 2.25  71.1 -0.414 19.58 21.47 02a60049o0589c
60049.556270 -21.934  2.231    -6   14 c  0   0.83 235.03229  20.67547  4343.85  9207.14 2.60 2.40  31.0 -0.387 19.55 21.41 02a60049o0672c
60050.234377 -22.089  2.516    -5   13 c  0   1.00 235.03229  20.67547   889.09  4981.88 2.55 2.28  66.1 -0.357 19.26 21.05 04a60050o0591c
60050.236196 -20.473  0.556   -24   13 c  0   1.25 235.03229  20.67547   870.06  4943.42 2.49 2.22  66.3 -0.365 19.29 21.07 04a60050o0595c
60050.261381 -21.039  0.965   -14   14 c  0   0.97 235.03229  20.67547   938.47  5016.03 2.49 2.23  60.6 -0.361 19.30 21.06 04a60050o0648c
60050.264183  20.511  0.543    23   12 c  0   1.30 235.03229  20.67547   955.76  4899.52 2.61 2.37  63.8 -0.353 19.24 21.07 04a60050o0654c
60051.472938 -23.038  5.286    -2   12 c  0   0.94 235.03229  20.67547  9482.97  5677.07 2.56 2.39  25.5 -0.405 19.54 21.36 02a60051o0470c
60051.474748  21.016  0.865    14   12 c  0   0.84 235.03229  20.67547  9503.36  5715.00 2.60 2.40  24.7 -0.409 19.56 21.37 02a60051o0474c
60051.478015  22.076  1.765     5   10 c  0   1.52 235.03229  20.67547  9444.01  5638.09 2.55 2.41  26.3 -0.405 19.57 21.37 02a60051o0481c
60051.510456 -22.596  3.318    -3   11 c  0   1.03 235.03229  20.67547  1177.27  4816.14 2.53 2.31  27.1 -0.424 19.50 21.29 02a60051o0549c
60055.442672 -23.192  5.692    -2   11 c  0   1.23 235.03229  20.67547  3649.82  5987.48 2.54 2.26  34.9 -0.399 19.48 21.19 02a60055o0467c
60055.466317 -20.860  0.686   -16   11 c  0   1.08 235.03229  20.67547  3671.86  6028.07 2.48 2.20  32.4 -0.405 19.56 21.32 02a60055o0514c
60055.468949 -21.230  1.000   -12   12 c  0   1.21 235.03229  20.67547  3616.25  5951.09 2.57 2.29  34.1 -0.400 19.53 21.30 02a60055o0519c
60055.472566  22.412  2.963     4   12 c  0   1.09 235.03229  20.67547  3597.69  6067.71 2.53 2.27  35.3 -0.400 19.55 21.32 02a60055o0527c
60056.142616  21.293  1.811    11   20 c  0   1.32 235.03229  20.67547  9242.37   959.07 3.07 2.69  -2.3 -0.340 18.89 20.61 04a60056o0404c
60056.144457  21.101  1.614    13   21 c  0   0.83 235.03229  20.67547  9221.74   919.45 3.16 2.69  -8.8 -0.324 18.92 20.61 04a60056o0408c
60056.150590 -23.400 12.000    -2   19 c  0   0.93 235.03229  20.67547  9277.51   998.08 2.94 2.56   1.9 -0.349 19.06 20.67 04a60056o0421c
60056.155623 -22.869  6.800    -3   18 c  0   1.12 235.03229  20.67547  9297.32   880.94 2.97 2.51  -6.4 -0.351 19.03 20.70 04a60056o0432c
60057.438669 -20.746  0.631   -18   12 c  0   1.13 235.03229  20.67547  1095.41  9666.99 2.33 2.14 -47.2 -0.464 19.60 21.41 02a60057o0451c
60057.441843  23.660  9.444     1   12 c  0   0.97 235.03229  20.67547  1115.86  9706.21 2.31 2.14 -52.6 -0.465 19.61 21.42 02a60057o0458c
60057.463132  21.242  0.951    12   11 c  0   1.42 235.03229  20.67547  1056.89  9631.47 2.38 2.23  -1.4 -0.481 19.56 21.38 02a60057o0499c
60057.469289 -21.937  1.744    -6   11 c  0   1.09 235.03229  20.67547  1039.77  9747.20 2.37 2.18 -51.5 -0.460 19.57 21.36 02a60057o0511c
60059.435373 -22.975  4.750    -2   11 c  0   1.19 235.03229  20.67547  2511.26  3459.52 2.39 2.25  42.7 -0.420 19.46 21.06 02a60059o0432c
60059.437188  20.858  0.759    16   12 c  0   0.78 235.03229  20.67547  2531.46  3496.96 2.42 2.26  42.0 -0.416 19.44 21.07 02a60059o0436c
60059.441526  21.415  1.074    10   11 c  0   1.38 235.03229  20.67547  2472.44  3423.23 2.41 2.23  38.8 -0.418 19.48 21.10 02a60059o0444c
60059.463892 -22.519  2.958    -4   11 c  0   1.30 235.03229  20.67547  2457.73  3538.64 2.47 2.26  40.3 -0.416 19.49 21.15 02a60059o0483c
60062.212739 -20.312  0.483   -27   13 c  0   1.01 235.03229  20.67547  4695.84  2812.90 2.48 2.30  10.5 -0.427 19.16 20.82 04a60062o0433c
60062.214549  20.810  0.811    17   14 c  0   1.16 235.03229  20.67547  4676.51  2774.39 2.32 2.24   0.4 -0.411 19.21 20.83 04a60062o0437c
60062.217704  22.057  2.265     6   12 c  0   1.61 235.03229  20.67547  4736.23  2851.23 2.34 2.21  19.7 -0.407 19.22 20.76 04a60062o0444c
60062.223136  21.886  2.500     6   16 c  0   0.58 235.03229  20.67547  4757.39  2733.61 2.29 2.15  10.3 -0.405 19.21 20.74 04a60062o0456c
60067.434053 -21.993  5.611    -6   32 o  0   1.43 235.03229  20.67547  1782.13  8001.71 2.06 1.93  17.5 -0.441 18.72 19.08 02a60067o0426o
60067.435862  21.536  3.247     9   29 o  0   1.60 235.03229  20.67547  1801.65  8040.88 2.03 1.89  23.5 -0.446 18.67 19.03 02a60067o0430o
60067.439311 -20.322  1.489   -27   40 o  0   1.17 235.03229  20.67547  1743.37  7961.44 2.17 1.96  31.4 -0.425 18.61 18.95 02a60067o0437o
60067.444733  17.943  0.836   241  202 o  0   0.74 235.03229  20.67547  1722.89  8079.95 2.18 1.96  29.2 -0.463 17.79 17.91 02a60067o0449o
60067.881282 -19.918  0.976   -39   38 o  0   1.07 235.03229  20.67547  5909.17  9114.07 2.59 2.22 -42.4 -0.398 18.28 18.40 03a60068o0412o
60067.883107  19.809  0.791    43   34 o  0   1.04 235.03229  20.67547  5890.35  9074.31 2.61 2.21 -43.3 -0.389 18.26 18.43 03a60068o0416o
60067.887672 -21.973  5.861    -6   35 o  0   1.34 235.03229  20.67547  5944.23  9152.98 2.69 2.24 -40.2 -0.394 18.30 18.48 03a60068o0426o
60067.898181 -19.438  0.515   -61   31 o  0   1.56 235.03229  20.67547  5962.60  9035.89 2.66 2.19 -39.9 -0.384 18.31 18.46 03a60068o0449o
60068.185090 -19.926  1.050   -39   41 o  0   1.04 235.03229  20.67547  6037.95  9192.52 2.27 2.05 -45.2 -0.375 18.06 18.22 04a60068o0502o
60068.188801 -22.200  8.357    -5   40 o  0   1.21 235.03229  20.67547  6012.41  9153.65 2.72 2.08 -79.7 -0.376 18.15 18.34 04a60068o0510o
60068.191550  20.014  1.099    36   39 o  0   0.96 235.03229  20.67547  6075.91  9231.80 2.27 2.07 -59.7 -0.379 18.13 18.32 04a60068o0516o
60068.196605 -21.973  6.762    -6   40 o  0   1.08 235.03229  20.67547  6095.13  9114.45 2.21 2.01 -52.7 -0.382 18.06 18.30 04a60068o0527o
60069.197537 -21.861  7.907    -6   52 o  0   1.18 235.03229  20.67547  6036.15  9189.88 2.51 1.97 -74.0 -0.392 17.85 17.94 04a60069o0546o
60069.199355  20.109  1.800    33   59 o  0   0.72 235.03229  20.67547  6016.60  9151.27 2.56 1.98 -71.8 -0.415 17.92 17.94 04a60069o0550o
60069.202542  18.930  0.528    97   51 o  0   0.98 235.03229  20.67547  6074.32  9228.55 2.50 1.97 -73.5 -0.407 17.92 17.91 04a60069o0557o
60069.208027 -19.184  0.675   -77   52 o  0   1.08 235.03229  20.67547  6093.72  9110.48 2.67 2.05 -75.1 -0.395 17.84 17.94 04a60069o0569o
60071.416457  24.171 37.667     1   29 o  0   0.94 235.03229  20.67547  7565.09  5778.12 2.52 1.94  33.7 -0.416 18.60 18.87 02a60071o0395o
60071.418265  20.265  0.974    28   28 o  0   0.92 235.03229  20.67547  7584.58  5816.57 2.53 1.86  35.3 -0.417 18.69 19.01 02a60071o0399o
60071.422064 -21.633  2.983    -8   24 o  0   1.20 235.03229  20.67547  7528.53  5739.77 2.59 2.03  35.4 -0.413 18.68 19.03 02a60071o0407o
60071.427940  19.678  0.456    49   22 o  0   1.11 235.03229  20.67547  7509.38  5856.16 2.57 2.04  35.1 -0.414 18.67 19.10 02a60071o0420o
60072.269254 -19.652  0.553   -50   28 o  0   1.19 235.03229  20.67547  5812.95  5849.25 2.07 1.85 -51.0 -0.417 18.42 18.79 04a60072o0689o
60072.273363  22.355  6.361     4   26 o  0   0.89 235.03229  20.67547  5834.94  5885.36 2.02 1.81 -41.6 -0.406 18.43 18.77 04a60072o0698o
60072.308654  21.551  4.194     9   36 o  0   0.82 235.03229  20.67547  5798.75  5792.75 2.22 2.00 -50.4 -0.398 18.24 18.67 04a60072o0774o
60072.322026  21.501  4.059     9   37 o  0   0.70 235.03229  20.67547  5781.96  5906.60 2.12 1.97 -48.7 -0.396 18.23 18.60 04a60072o0803o
60074.320636  20.429  0.966    24   24 o  0   1.24 235.03229  20.67547  3961.11  7858.58 2.21 1.85 -76.6 -0.412 18.55 19.10 04a60074o0760o
60074.346346  20.059  0.787    34   27 o  0   1.12 235.03229  20.67547  3989.22  7896.20 2.19 1.82 -71.6 -0.420 18.37 18.85 04a60074o0815o
60074.348842 -20.449  1.329   -24   32 o  0   0.79 235.03229  20.67547  3929.37  7819.12 2.33 1.94 -86.9 -0.381 18.27 18.84 04a60074o0820o
60074.354199 -20.125  0.955   -32   31 o  0   1.19 235.03229  20.67547  3903.80  7935.53 2.21 1.86 -78.4 -0.406 18.24 18.75 04a60074o0831o
60077.415555 -22.465  2.241    -4    8 c  0   1.09 235.03229  20.67547   597.69  3521.45 2.29 2.27 -26.5 -0.420 19.63 21.40 02a60077o0395c
60077.417362  22.959  4.722     2   11 c  0   0.85 235.03229  20.67547   618.76  3560.87 2.34 2.26  37.6 -0.427 19.65 21.41 02a60077o0399c
60077.420160  20.892  0.637    16   10 c  0   1.11 235.03229  20.67547   559.84  3481.78 2.37 2.20  32.7 -0.416 19.63 21.43 02a60077o0405c
60077.453210  21.015  0.839    14   12 c  0   0.92 235.03229  20.67547 10059.17  6955.85 2.50 2.48  -1.9 -0.419 19.64 21.40 02a60077o0476c
60077.453662 -22.196  2.200    -5   11 c  0   1.09 235.03229  20.67547    74.75  7043.76 2.32 2.18 -27.6 -0.389 19.62 21.39 02a60077o0477c
60077.489254 -20.331  0.421   -27   11 c  0   1.41 235.03229  20.67547    59.47  6998.28 2.28 2.14 -13.4 -0.390 19.58 21.24 02a60077o0552c
60077.492940 -22.800  3.280    -3    9 c  0   1.05 235.03229  20.67547   118.84  7072.90 2.21 2.12 -21.2 -0.393 19.56 21.21 02a60077o0559c
60077.500292 -23.426  6.231    -2   10 c  0   0.99 235.03229  20.67547   136.69  6955.82 2.28 2.19  -2.9 -0.388 19.53 21.12 02a60077o0573c
60079.460730 -21.357  1.051   -10   11 c  0   0.99 235.03229  20.67547  1205.70   794.45 2.31 2.18  81.9 -0.465 19.57 21.32 02a60079o0481c
60079.464347 -20.377  0.456   -26   12 c  0   1.10 235.03229  20.67547  1187.19   755.65 2.35 2.20  80.3 -0.453 19.57 21.33 02a60079o0489c
60079.469526  21.948  1.600     6   10 c  0   1.07 235.03229  20.67547  1249.04   835.49 2.35 2.23 -84.7 -0.449 19.60 21.35 02a60079o0500c
60079.498995  25.350 31.500     0    8 c  0   1.89 235.03229  20.67547  1272.91   712.24 2.34 2.17  81.2 -0.453 19.54 21.14 02a60079o0560c
60080.326450  20.374  0.788    26   20 o  0   1.20 235.03229  20.67547  2692.88  1466.38 2.82 2.34  38.2 -0.384 18.73 19.96 04a60080o0530o
60080.330686 -21.652  2.692    -8   21 o  0   1.28 235.03229  20.67547  2712.55  1506.92 2.71 2.25  40.3 -0.388 18.76 19.91 04a60080o0539o
60080.335730 -19.697  0.491   -48   24 o  0   1.31 235.03229  20.67547  2656.37  1429.50 2.73 2.22  46.4 -0.391 18.66 19.88 04a60080o0550o
60080.345941  23.545 17.833     1   25 o  0   1.14 235.03229  20.67547  2638.42  1548.52 2.88 2.36  42.9 -0.372 18.64 19.81 04a60080o0572o
60085.380550  22.046  2.043     6   11 o  0   1.20 235.03229  20.67547  7651.79  7717.11 2.27 1.98  37.9 -0.453 19.59 20.79 02a60085o0286o
60085.383579  23.077  4.889     2   10 o  0   1.46 235.03229  20.67547  7672.62  7755.70 2.28 1.97  38.7 -0.450 19.59 20.80 02a60085o0292o
60085.387196 -21.731  1.542    -7   11 o  0   1.26 235.03229  20.67547  7614.19  7679.22 2.37 1.99  40.0 -0.449 19.52 20.79 02a60085o0300o
60085.393070  20.561  0.574    22   12 o  0   1.04 235.03229  20.67547  7595.74  7797.62 2.33 2.01  38.4 -0.448 19.56 20.78 02a60085o0313o
60089.364942 -21.341  1.580   -11   17 o  0   0.83 235.03229  20.67547  5628.23  9971.35 2.29 2.15 -57.7 -0.441 19.41 20.63 02a60089o0276o
60089.367650  22.098  3.178     5   17 o  0   0.83 235.03229  20.67547  5647.26 10011.57 2.22 1.99 -62.7 -0.446 19.48 20.64 02a60089o0281o
60089.370815  20.773  0.909    18   16 o  0   0.79 235.03229  20.67547  5587.60  9934.20 2.17 2.00 -62.0 -0.448 19.50 20.67 02a60089o0288o
60089.379606 -21.070  0.894   -14   12 o  0   1.86 235.03229  20.67547  5571.15 10053.02 2.28 2.16 -69.0 -0.442 19.46 20.69 02a60089o0307o
60091.348889 -22.962  4.696    -2   11 o  0   1.33 235.03229  20.67547  8766.26  3641.67 1.97 1.94  46.9 -0.436 19.46 20.43 02a60091o0236o
60091.351507  21.659  1.851     8   15 o  0   0.92 235.03229  20.67547  8786.83  3680.83 2.00 1.96  26.1 -0.440 19.48 20.43 02a60091o0241o
60091.354219  22.503  3.912     4   14 o  0   0.72 235.03229  20.67547  8728.83  3603.98 2.00 1.98  26.6 -0.435 19.44 20.43 02a60091o0247o
60091.361676  22.814  4.680     3   13 o  0   1.28 235.03229  20.67547  8710.01  3724.05 2.03 2.00  58.1 -0.434 19.42 20.44 02a60091o0263o
60093.435632  21.198  1.232    12   15 o  0   0.95 235.03229  20.67547  8649.19  4491.07 2.17 1.90  29.1 -0.431 19.32 20.18 02a60093o0425o
60093.438509 -22.020  2.538    -6   14 o  0   0.80 235.03229  20.67547  8632.19  4455.12 2.18 1.92  29.4 -0.429 19.31 20.19 02a60093o0431o
60093.443913 -20.969  0.948   -15   14 o  0   1.22 235.03229  20.67547  8691.87  4533.57 2.25 1.92  30.1 -0.415 19.32 20.17 02a60093o0442o
60093.480741 -20.416  0.482   -25   12 o  0   1.16 235.03229  20.67547  8722.43  4417.79 2.18 1.96  31.7 -0.424 19.30 20.16 02a60093o0517o
60095.408194  22.725  5.600     3   16 o  0   1.41 235.03229  20.67547  7280.59   983.20 1.83 1.67 -65.0 -0.488 19.13 19.76 02a60095o0272o
60095.411782 -23.732 11.615    -1   14 o  0   1.39 235.03229  20.67547  7262.40   944.93 1.89 1.75 -66.6 -0.474 19.08 19.74 02a60095o0279o
60095.416515  20.929  1.025    15   16 o  0   1.12 235.03229  20.67547  7322.65  1023.05 1.96 1.82 -70.1 -0.460 19.07 19.74 02a60095o0289o
60095.450175 -17.907  0.732  -250  183 o  0   1.15 235.03229  20.67547  7345.75   905.57 1.94 1.72 -68.8 -0.513 16.95 17.22 02a60095o0358o
60096.099313 -18.057  1.013  -217  220 o  0   1.56 235.03229  20.67547   766.74  3052.24 2.62 2.03  47.2 -0.374 15.91 15.89 04a60096o0296o
60096.106588 -17.196  0.807  -480  388 o  0   1.04 235.03229  20.67547   807.49  3089.52 2.66 2.15  48.1 -0.364 15.44 15.41 04a60096o0312o
60101.395279 -19.640  0.561   -51   28 o  0   1.37 235.03229  20.67547   885.00  4901.21 2.33 2.03  25.0 -0.437 18.31 18.73 02a60101o0336o
60101.397992  21.048  2.416    14   33 o  0   0.80 235.03229  20.67547   866.17  4862.52 2.49 2.05  29.1 -0.422 18.39 18.84 02a60101o0342o
60101.403799 -21.449  4.034   -10   39 o  0   0.72 235.03229  20.67547   926.47  4937.60 2.42 2.10  26.6 -0.415 18.14 18.57 02a60101o0354o
60101.414772 -20.223  1.606   -30   48 o  0   0.83 235.03229  20.67547   950.23  4823.42 2.40 2.03  29.4 -0.424 17.89 18.14 02a60101o0377o
60103.374028 -21.244  1.010   -12   12 o  0   1.11 235.03229  20.67547  2992.67   701.20 2.21 2.04 -39.4 -0.443 19.60 21.10 02a60103o0286o
60103.377551  21.123  0.875    13   11 o  0   1.46 235.03229  20.67547  2973.32   662.77 2.20 2.01 -27.5 -0.439 19.53 21.03 02a60103o0293o
60103.385699  21.527  1.457     9   13 o  0   0.81 235.03229  20.67547  3034.58   741.14 2.09 1.96 -69.4 -0.466 19.55 20.83 02a60103o0308o
60103.396686 -20.640  0.633   -20   13 o  0   1.40 235.03229  20.67547  3056.13   622.77 1.93 1.80 -76.6 -0.472 19.54 20.63 02a60103o0331o
60105.396647 -22.020  1.917    -6   11 c  0   0.88 235.03229  20.67547  6713.31  4582.85 2.68 2.43  28.0 -0.394 19.60 21.57 02a60105o0328c
60105.399717  21.820  1.575     7   11 c  0   0.97 235.03229  20.67547  6695.62  4544.51 2.79 2.57  25.5 -0.384 19.56 21.58 02a60105o0334c
60105.404691  24.083 12.400     1   10 c  0   0.99 235.03229  20.67547  6754.46  4623.42 2.82 2.54   7.6 -0.380 19.57 21.58 02a60105o0345c
60105.414635 -23.237  5.000    -2    9 c  0   1.30 235.03229  20.67547  6776.48  4505.71 2.60 2.43  28.5 -0.392 19.61 21.55 02a60105o0365c
60107.388534  21.531  1.237     9   11 c  0   1.03 235.03229  20.67547  9276.27   901.77 2.71 2.21 -58.2 -0.436 19.67 21.67 02a60107o0318c
60107.392917  23.143  5.214     2   10 c  0   1.26 235.03229  20.67547  9257.34   861.75 2.65 2.20 -48.5 -0.425 19.65 21.65 02a60107o0327c
60107.397890  22.020  1.921     6   11 c  0   1.29 235.03229  20.67547  9318.50   942.22 2.71 2.19 -57.5 -0.433 19.63 21.64 02a60107o0338c
60107.409065  24.580 20.333     0   11 c  0   1.32 235.03229  20.67547  9343.00   825.98 3.05 2.41 -42.3 -0.407 19.49 21.62 02a60107o0361c
60110.141621 -22.055  2.061    -6   11 c  0   1.31 235.03229  20.67547  6565.66  3253.61 2.41 2.14 -13.5 -0.375 19.38 21.35 04a60110o0439c
60110.145543  25.933 77.000     0   12 c  0   0.96 235.03229  20.67547  6584.18  3287.18 2.31 2.04 -11.5 -0.385 19.42 21.33 04a60110o0447c
60110.150572  20.261  0.416    29   12 c  0   1.21 235.03229  20.67547  6528.52  3206.63 2.43 2.17 -10.0 -0.383 19.42 21.34 04a60110o0458c
60110.160890  22.432  3.320     4   13 c  0   0.89 235.03229  20.67547  6517.08  3315.49 2.33 2.01 -14.0 -0.390 19.40 21.34 04a60110o0479c
60111.378071  20.634  0.520    20   10 c  0   1.04 235.03229  20.67547  4003.86  7287.58 2.44 2.28  35.3 -0.411 19.65 21.48 02a60111o0289c
60111.380783  26.078 69.000     0    9 c  0   1.67 235.03229  20.67547  3985.11  7248.87 2.46 2.26  29.5 -0.407 19.65 21.49 02a60111o0295c
60111.385888  21.399  0.933    10    9 c  0   1.58 235.03229  20.67547  4043.48  7326.64 2.41 2.25  30.4 -0.411 19.64 21.52 02a60111o0306c
60111.398739 -21.189  0.851   -12   10 c  0   1.09 235.03229  20.67547  4066.04  7209.28 2.39 2.22  29.4 -0.407 19.69 21.50 02a60111o0333c
60113.375852  23.638  8.300     1   11 c  0   0.76 235.03229  20.67547  4707.87  2735.79 2.32 2.24  82.8 -0.413 19.62 21.33 02a60113o0283c
60113.379198  22.419  2.355     4    9 c  0   1.29 235.03229  20.67547  4689.28  2698.00 2.30 2.23  58.0 -0.415 19.62 21.32 02a60113o0290c
60113.385120 -21.805  1.377    -7   10 c  0   0.85 235.03229  20.67547  4748.73  2772.23 2.34 2.27  60.2 -0.416 19.61 21.35 02a60113o0302c
60113.394856  21.440  1.135    10   11 c  0   0.91 235.03229  20.67547  4771.95  2661.58 2.34 2.27  38.6 -0.412 19.61 21.37 02a60113o0322c
60115.345989  23.833  9.750     1   10 c  0   1.17 235.03229  20.67547  1851.82  8866.32 2.37 2.23 -47.5 -0.433 19.71 21.64 02a60115o0218c
60115.349344 -21.982  1.977    -6   12 c  0   0.71 235.03229  20.67547  1834.33  8826.66 2.38 2.26 -35.6 -0.427 19.70 21.64 02a60115o0225c
60115.355687  20.974  0.867    15   13 c  0   0.73 235.03229  20.67547  1893.53  8903.33 2.35 2.23 -44.0 -0.434 19.74 21.65 02a60115o0238c
60115.366057  21.577  1.141     8   10 c  0   1.26 235.03229  20.67547  1918.08  8786.86 2.36 2.27 -51.2 -0.428 19.71 21.66 02a60115o0260c
60117.350204 -21.305  0.955   -11   10 c  0   1.22 235.03229  20.67547  8617.05  2554.55 2.72 2.56 -44.4 -0.393 19.60 21.68 02a60117o0226c
60117.355633 -21.243  0.791   -12    9 c  0   1.02 235.03229  20.67547  8598.38  2514.01 2.42 2.30 -56.2 -0.410 19.70 21.68 02a60117o0238c
60117.360614  22.065  1.786     5   10 c  0   0.95 235.03229  20.67547  8658.69  2594.57 2.39 2.25 -60.0 -0.408 19.71 21.66 02a60117o0249c
60117.372528  21.491  1.297     9   12 c  0   0.81 235.03229  20.67547  8684.79  2480.13 2.53 2.36 -60.5 -0.406 19.63 21.60 02a60117o0273c
60122.107058 -18.061  1.247  -216  270 o  0   0.80 235.03229  20.67547  5797.25  5863.78 2.44 2.30 -58.1 -0.392 16.24 17.25 04a60122o0211o
60123.371675  21.122  1.196    13   15 o  0   1.16 235.03229  20.67547  9957.44  1719.68 2.43 1.94 -58.0 -0.484 19.18 20.16 02a60123o0276o
60123.374387  20.407  0.673    25   17 o  0   0.94 235.03229  20.67547  9937.70  1681.84 2.35 1.85 -57.8 -0.493 19.23 20.15 02a60123o0282o
60123.380343 -23.793 14.222    -1   16 o  0   1.16 235.03229  20.67547  9995.32  1761.07 2.39 1.88 -56.4 -0.493 19.18 20.14 02a60123o0294o
60123.390036 -21.598  1.873    -8   16 o  0   1.17 235.03229  20.67547 10016.37  1646.00 2.34 1.80 -55.0 -0.514 19.17 20.12 02a60123o0315o
60125.351394  21.049  0.966    14   13 o  0   1.71 235.03229  20.67547  6962.48  2619.11 1.96 1.86  44.0 -0.444 19.08 19.61 02a60125o0237o
60125.355359  21.201  1.207    12   14 o  0   1.41 235.03229  20.67547  6941.98  2578.69 2.06 1.98  39.6 -0.430 19.01 19.59 02a60125o0245o
60125.361738 -20.382  0.639   -26   16 o  0   1.02 235.03229  20.67547  7001.28  2657.38 2.02 1.89  33.9 -0.426 19.03 19.58 02a60125o0259o
60125.376218  21.991  2.387     6   14 o  0   2.09 235.03229  20.67547  7021.60  2543.54 1.96 1.87  36.3 -0.438 19.02 19.55 02a60125o0290o
60126.092011 -20.730  1.763   -18   33 o  0   0.98 235.03229  20.67547   761.21  3523.32 2.45 1.93  54.0 -0.370 18.35 18.74 04a60126o0328o
60126.101767 -19.974  0.772   -37   29 o  0   0.97 235.03229  20.67547   790.22  3553.45 2.36 1.86  52.8 -0.372 18.38 18.67 04a60126o0349o
60126.104945 -21.146  3.349   -13   42 o  0   1.24 235.03229  20.67547   732.37  3472.04 2.37 1.88  50.4 -0.374 17.96 18.05 04a60126o0356o
60126.112171 -20.773  2.113   -18   38 o  0   0.76 235.03229  20.67547   719.61  3582.30 2.39 1.89  51.5 -0.390 18.32 18.63 04a60126o0372o
60128.108514  19.449  1.072    60   65 o  0   1.00 235.03229  20.67547  9585.07  9696.36 2.70 2.54 -57.3 -0.409 17.90 18.16 04a60128o0364o
60128.114999  19.773  1.375    45   62 o  0   1.17 235.03229  20.67547  9605.38  9730.18 2.63 2.50  -8.5 -0.410 17.87 18.18 04a60128o0378o
60128.119064  19.610  2.602    52  135 o  0   0.55 235.03229  20.67547  9551.48  9651.65 2.54 2.31  -7.4 -0.454 17.90 18.10 04a60128o0387o
60128.131859  18.854  0.598   104   62 o  0   1.19 235.03229  20.67547  9539.44  9763.88 2.84 2.72 -31.9 -0.386 17.89 18.27 04a60128o0415o
60131.341718 -21.857  2.200    -7   14 o  0   1.26 235.03229  20.67547  2814.11  6143.94 2.47 2.09  31.8 -0.425 19.28 20.28 02a60131o0006o
60131.352803  21.009  1.134    14   16 o  0   0.78 235.03229  20.67547  2838.02  6029.08 2.36 1.87  31.2 -0.430 19.30 20.14 02a60131o0030o
60133.349285 -20.835  0.504   -17    8 c  0   1.77 235.03229  20.67547  4689.62  5997.49 2.41 2.32  39.1 -0.414 19.69 21.65 02a60133o0226c
60133.351998  21.540  1.145     9   10 c  0   1.15 235.03229  20.67547  4672.65  5959.07 2.43 2.38  32.4 -0.413 19.66 21.64 02a60133o0232c
60133.358403  21.105  0.702    13    9 c  0   1.22 235.03229  20.67547  4730.21  6035.48 2.41 2.37  53.8 -0.411 19.68 21.63 02a60133o0246c
60133.373993 -22.155  1.972    -5   10 c  0   1.18 235.03229  20.67547  4753.63  5917.36 2.44 2.32  34.3 -0.408 19.67 21.57 02a60133o0278c
60134.054707 -22.174  4.316    -5   21 o  0   1.67 235.03229  20.67547  7804.68  7700.77 2.39 2.21 -37.4 -0.422 18.39 19.61 04a60134o0248o
60134.059757 -21.028  1.613   -14   23 o  0   1.00 235.03229  20.67547  7830.62  7734.13 2.47 2.26 -46.8 -0.412 18.69 19.96 04a60134o0259o
60134.064330  20.810  1.167    17   20 o  0   1.41 235.03229  20.67547  7771.21  7651.22 2.37 2.13 -27.8 -0.420 18.55 19.82 04a60134o0269o
60134.079864  20.726  1.656    19   31 o  0   1.17 235.03229  20.67547  7768.74  7755.74 2.29 2.11 -33.1 -0.412 18.21 19.39 04a60134o0302o
60137.333205  21.462  2.286     9   22 c  0   1.06 235.03229  20.67547   758.61  4283.05 2.45 2.41 -54.0 -0.432 18.59 20.28 02a60137o0193c
60137.336369 -21.548  1.431    -9   12 c  0   0.75 235.03229  20.67547   741.91  4244.02 2.54 2.44 -69.6 -0.425 19.48 21.42 02a60137o0200c
60137.342801  20.814  0.634    17   11 c  0   1.04 235.03229  20.67547   801.17  4319.82 2.90 2.82 -69.5 -0.433 19.47 21.54 02a60137o0214c
60137.377537  21.505  1.149     9   10 c  0   1.18 235.03229  20.67547   831.71  4200.42 2.82 2.74  77.3 -0.419 19.45 21.53 02a60137o0227c
60139.330335 -23.312  6.500    -2   11 c  0   1.39 235.03229  20.67547  6649.37  7832.72 3.00 2.97 -78.5 -0.409 19.46 21.59 02a60139o0185c
60139.333500 -20.998  0.825   -14   12 c  0   1.27 235.03229  20.67547  6632.05  7794.27 3.13 3.08  76.3 -0.391 19.43 21.59 02a60139o0192c
60139.339106  21.931  1.912     6   12 c  0   1.08 235.03229  20.67547  6689.68  7872.52 2.77 2.68  38.5 -0.400 19.54 21.58 02a60139o0204c
60139.365536 -22.463  2.800    -4   10 c  0   1.08 235.03229  20.67547  6713.08  7757.04 2.78 2.77  55.0 -0.398 19.50 21.49 02a60139o0259c
60140.110949  20.636  0.920    20   19 o  0   0.91 235.03229  20.67547  8785.85  3578.97 2.59 2.17 -15.5 -0.410 19.29 20.85 04a60140o0362o
60140.128318 -21.645  1.792    -8   14 o  0   1.18 235.03229  20.67547  8810.81  3613.42 2.54 2.17 -18.3 -0.409 19.29 20.70 04a60140o0400o
60140.140657  20.238  0.414    29   12 o  0   1.99 235.03229  20.67547  8755.32  3535.80 2.64 2.15 -17.3 -0.392 19.16 20.53 04a60140o0427o
60140.152562  22.445  4.087     4   16 o  0   1.16 235.03229  20.67547  8736.02  3652.27 2.57 2.08 -17.7 -0.406 19.10 20.35 04a60140o0453o
60141.300452 -20.964  0.755   -15   11 c  0   0.84 235.03229  20.67547  1800.43  6919.25 2.39 2.31  24.8 -0.427 19.69 21.59 02a60141o0118c
60141.305660 -21.919  1.674    -6   10 c  0   1.14 235.03229  20.67547  1783.21  6880.99 2.46 2.40  23.3 -0.419 19.63 21.58 02a60141o0129c
60141.309794  22.459  2.556     4   10 c  0   1.50 235.03229  20.67547  1843.28  6957.66 2.42 2.35  26.1 -0.420 19.65 21.57 02a60141o0138c
60141.319854 -23.063  6.000    -2   13 c  0   0.67 235.03229  20.67547  1867.18  6841.72 2.45 2.40   8.0 -0.419 19.61 21.54 02a60141o0160c
60145.449481  20.135  1.200    32   38 c  0   0.93 235.03229  20.67547 10291.92  5349.82 3.22 3.03 -48.2 -0.409 18.24 20.87 02a60145o0012c
60146.060903 -18.340  0.589  -167   99 o  0   1.65 235.03229  20.67547  9802.16  7545.76 2.60 2.17  -6.1 -0.452 16.87 18.15 04a60146o0050o
60146.064990  18.354  1.233   165  204 o  0   0.96 235.03229  20.67547  9824.08  7582.21 2.67 2.18  -6.2 -0.479 16.23 17.52 04a60146o0059o
60146.070903 -18.973  3.346   -94  313 o  0   1.46 235.03229  20.67547  9768.02  7501.84 2.63 2.22  -7.7 -0.484 16.04 17.29 04a60146o0072o
60146.081318  18.474  1.045   148  155 o  0   1.50 235.03229  20.67547  9754.01  7613.86 2.60 2.08  -8.5 -0.495 16.65 17.90 04a60146o0095o
60147.281334  21.987  1.895     6   11 c  0   1.20 235.03229  20.67547   766.41  2963.19 2.58 2.37 -65.1 -0.429 19.64 21.49 02a60147o0083c
60147.284651  21.039  0.759    14   11 c  0   1.10 235.03229  20.67547   749.10  2923.76 2.82 2.55 -63.0 -0.419 19.57 21.50 02a60147o0090c
60147.289863 -24.620 22.000    -0   11 c  0   1.01 235.03229  20.67547   811.95  3001.49 2.75 2.57 -65.9 -0.407 19.55 21.53 02a60147o0101c
60147.300268  21.720  1.370     8   10 c  0   1.19 235.03229  20.67547   837.32  2881.02 2.64 2.46 -64.3 -0.419 19.63 21.54 02a60147o0124c
60149.282379 -21.580  1.887    -8   16 o  0   0.95 235.03229  20.67547  4083.77  9238.23 2.36 2.20 -65.4 -0.432 19.31 20.47 02a60149o0093o
60149.285625  21.459  1.373    10   13 o  0   1.35 235.03229  20.67547  4065.53  9199.04 2.25 2.08 -60.2 -0.457 19.39 20.48 02a60149o0100o
60149.291655  19.939  0.389    38   15 o  0   1.10 235.03229  20.67547  4125.99  9275.53 2.22 2.06 -62.2 -0.439 19.39 20.48 02a60149o0113o
60149.302733  19.702  0.356    48   17 o  0   0.90 235.03229  20.67547  4148.83  9157.46 2.43 2.29  54.0 -0.418 19.30 20.49 02a60149o0135o
60151.270692  21.194  1.062    12   13 o  0   1.50 235.03229  20.67547   870.72  4905.78 2.20 2.15  38.6 -0.436 19.32 20.32 02a60151o0059o
60151.274367  21.762  1.898     7   14 o  0   1.07 235.03229  20.67547   852.94  4867.37 2.15 2.13  -5.4 -0.441 19.32 20.32 02a60151o0067o
60151.279868 -21.427  1.561   -10   15 o  0   0.92 235.03229  20.67547   913.64  4943.60 2.12 2.11  -1.9 -0.447 19.35 20.31 02a60151o0079o
60151.291967 -21.486  1.506    -9   14 o  0   0.84 235.03229  20.67547   938.55  4827.14 2.08 2.05 -59.5 -0.453 19.35 20.34 02a60151o0105o
60153.280732 -22.730  4.962    -3   15 o  0   1.48 235.03229  20.67547  2981.87   703.77 2.21 1.86 -58.3 -0.488 19.24 20.07 02a60153o0092o
60153.283633  21.097  1.317    13   17 o  0   1.01 235.03229  20.67547  2962.86   664.22 2.13 1.83 -60.3 -0.485 19.27 20.07 02a60153o0098o
60153.289190  20.710  0.732    19   14 o  0   1.69 235.03229  20.67547  3024.32   742.20 2.05 1.89 -69.7 -0.478 19.22 20.05 02a60153o0110o
60153.300604  19.846  0.465    42   20 o  0   1.03 235.03229  20.67547  3048.41   624.03 2.19 1.96 -61.7 -0.476 19.19 20.05 02a60153o0135o
60155.279831  19.746  0.408    46   19 o  0   0.86 235.03229  20.67547  6709.62  4591.75 2.17 1.99  41.1 -0.444 19.09 19.80 02a60155o0091o
60155.283010  20.726  0.809    19   15 o  0   1.31 235.03229  20.67547  6692.25  4552.37 2.18 2.00  41.1 -0.440 19.13 19.80 02a60155o0098o
60155.289369 -21.595  1.520    -8   13 o  0   2.04 235.03229  20.67547  6753.57  4631.28 2.17 1.94  36.6 -0.448 19.14 19.79 02a60155o0112o
60155.299724 -20.091  0.456   -33   15 o  0   1.25 235.03229  20.67547  6773.03  4511.13 2.20 2.01  47.6 -0.446 19.13 19.78 02a60155o0134o
