MJD          m      dm   uJy   duJy F err chi/N     RA       Dec        x        y     maj  min   phi  apfit mag5sig Sky   Obs
59776.734861  20.543  0.688    22   15 o  0   1.23 186.70353   8.44870  7750.24  9154.64 2.64 2.29 -37.9 -0.400 19.10 20.13 03a59777o0101o
59778.257473  21.435  1.735    10   17 o  0   0.89 186.70353   8.44870 10478.40  9337.48 3.08 2.84  66.3 -0.377 19.15 20.25 01a59778o0030o
59778.260658  21.502  1.889     9   17 o  0   1.06 186.70353   8.44870 10500.73  9377.67 3.08 2.86  67.0 -0.385 19.12 20.31 01a59778o0037o
59778.266147 -20.542  0.748   -22   16 o  0   0.93 186.70353   8.44870 10439.19  9300.56 3.15 2.96  75.7 -0.353 19.15 20.33 01a59778o0049o
59778.268423  21.612  2.065     8   17 o  0   0.95 186.70353   8.44870   267.76  9558.93 2.83 2.43 -48.9 -0.525 19.22 20.47 01a59778o0054o
59778.271610 -21.824  2.194    -7   15 o  0   1.63 186.70353   8.44870   287.55  9597.38 2.90 2.44 -46.8 -0.523 19.23 20.47 01a59778o0061o
59778.277531 -22.345  4.130    -4   17 o  0   0.96 186.70353   8.44870   227.58  9520.11 2.80 2.47 -53.4 -0.516 19.17 20.45 01a59778o0074o
59778.277987  20.858  1.111    16   18 o  0   1.04 186.70353   8.44870 10421.46  9422.97 3.25 3.06  78.6 -0.371 19.06 20.29 01a59778o0075o
59778.288482  19.783  0.365    44   16 o  0   1.23 186.70353   8.44870   209.00  9639.15 2.86 2.49 -53.0 -0.532 19.15 20.43 01a59778o0098o
59782.959207  18.641  0.933   127  118 o  0   0.90 186.70353   8.44870  4524.04  6772.83 2.77 2.48 -77.3 -0.384 16.71 16.45 04a59783o0027o
59782.962864 -19.555  1.245   -55   68 o  0   1.13 186.70353   8.44870  4543.06  6811.03 2.62 2.35 -74.4 -0.382 17.44 17.44 04a59783o0035o
59782.967964  20.203  1.212    30   36 o  0   0.96 186.70353   8.44870  4486.21  6731.41 2.71 2.45 -76.1 -0.372 18.09 18.65 04a59783o0046o
59782.978137  21.990  3.607     6   21 o  0   1.14 186.70353   8.44870  4468.82  6843.79 2.89 2.63 -70.0 -0.363 18.64 19.81 04a59783o0068o
59784.703700  20.167  0.952    31   30 c  0   1.28 186.70353   8.44870  2375.99  2963.18 2.67 2.54 -73.6 -0.406 18.45 18.93 03a59785o0025c
59784.706886 -21.644  2.604    -8   21 c  0   1.06 186.70353   8.44870  2391.36  2998.09 2.63 2.54 -60.0 -0.416 18.82 19.70 03a59785o0032c
59796.724130  12.630  0.002 32214   69 o  0 107.25 186.70353   8.44870  1977.23  9233.63 2.62 2.33 -40.1 -0.386 18.58 19.01 03a59797o0061o
59796.727761  12.624  0.002 32395   69 o  0 140.39 186.70353   8.44870  1996.55  9272.11 2.58 2.30 -41.0 -0.401 18.59 19.06 03a59797o0069o
59796.733656  12.630  0.002 32207   69 o  0 143.52 186.70353   8.44870  1943.22  9192.58 2.70 2.37 -45.0 -0.394 18.52 19.03 03a59797o0082o
59796.744696  12.628  0.002 32273   71 o  0  69.17 186.70353   8.44870  1923.71  9306.53 2.83 2.47 -33.2 -0.386 18.47 19.03 03a59797o0106o
59806.975898  12.073  0.002 53808  134 o  0  21.99 186.70353   8.44870   524.14  4971.44 3.15 2.60  63.8 -0.363 17.33 17.75 04a59807o0044o
59806.987207  12.098  0.002 52588   92 o  0 133.91 186.70353   8.44870   503.17  5091.74 3.29 2.66  57.7 -0.325 18.20 19.25 04a59807o0069o
59892.620731  14.224  0.006  7422   44 o  0   3.85 186.70353   8.44870  4523.48  1541.40 2.59 2.46  23.9 -0.454 18.40 18.69 01a59892o0920o
59892.638721  14.243  0.006  7289   42 o  0   2.75 186.70353   8.44870  4564.34  1578.74 2.63 2.40  40.2 -0.428 18.50 18.84 01a59892o0958o
59892.646858  14.234  0.006  7354   44 o  0   2.82 186.70353   8.44870  4583.57  1458.99 2.48 2.28  43.2 -0.453 18.36 18.45 01a59892o0975o
59895.612993  14.302  0.005  6905   37 o  0   6.23 186.70353   8.44870  4525.07  1539.57 2.71 2.59  48.1 -0.444 18.59 19.16 01a59895o0903o
59895.637449  14.284  0.005  7019   36 o  0   5.80 186.70353   8.44870  4565.32  1574.47 2.28 2.14  35.1 -0.480 18.91 19.36 01a59895o0955o
59928.578252  15.112  0.009  3275   28 o  0  12.84 186.70353   8.44870  2400.48  3015.04 2.38 1.93  27.8 -0.390 18.76 19.34 02a59928o0855o
59928.611735  15.075  0.007  3389   25 o  0  13.90 186.70353   8.44870  2417.95  3056.79 2.38 1.95  26.6 -0.407 18.84 19.50 02a59928o0925o
59928.618129  15.096  0.009  3323   30 o  0   5.38 186.70353   8.44870  2358.89  2975.54 2.29 1.93  23.9 -0.418 18.88 19.51 02a59928o0939o
59928.622198  15.075  0.009  3389   30 o  0   5.76 186.70353   8.44870  2339.31  3091.58 2.49 1.97  25.6 -0.399 18.88 19.51 02a59928o0948o
59945.053608  15.474  0.010  2346   24 o  0   4.62 186.70353   8.44870  6088.14  6897.15 2.48 2.06 -45.9 -0.403 19.21 20.55 03a59945o0606o
59945.056793  15.486  0.010  2320   24 o  0  10.57 186.70353   8.44870  6066.86  6861.35 2.51 2.01 -45.3 -0.403 19.12 20.54 03a59945o0613o
59945.070866  15.479  0.010  2335   22 o  0   7.55 186.70353   8.44870  6110.01  6955.21 2.33 1.97 -47.9 -0.420 19.33 20.49 03a59945o0643o
59945.085801  15.502  0.010  2288   24 o  0   3.76 186.70353   8.44870  6118.75  6859.05 2.65 2.19 -16.6 -0.389 19.12 20.30 03a59945o0676o
59947.287867  15.537  0.010  2213   23 o  0   9.89 186.70353   8.44870  2566.21  1569.12 2.10 1.77  47.0 -0.441 19.12 20.18 04a59947o0549o
59947.291019  15.499  0.011  2294   25 o  0   6.17 186.70353   8.44870  2545.98  1529.90 2.09 1.79  45.0 -0.440 19.17 20.33 04a59947o0556o
59947.294173  15.545  0.010  2199   23 o  0   6.18 186.70353   8.44870  2605.13  1607.74 2.18 1.81  47.9 -0.426 19.25 20.41 04a59947o0563o
59947.304111  15.539  0.010  2209   22 o  0  10.39 186.70353   8.44870  2623.50  1490.62 2.14 1.77  44.2 -0.431 19.32 20.69 04a59947o0585o
59951.287359  15.738  0.110  1840  203 o  0   1.11 186.70353   8.44870  2562.21  1568.49 2.48 1.98  49.5 -0.409 16.66 16.64 04a59951o0572o
59951.290969  15.671  0.030  1957   59 o  0   1.80 186.70353   8.44870  2541.62  1529.14 2.28 1.88  47.7 -0.406 17.82 18.29 04a59951o0580o
59951.295970  15.609  0.015  2072   32 o  0   3.67 186.70353   8.44870  2600.65  1607.12 2.10 1.78  50.8 -0.455 18.25 18.43 04a59951o0591o
59951.317030  16.727  1.282   740  949 o  0   1.75 186.70353   8.44870  2617.66  1489.19 2.34 1.88  45.3 -0.443 14.72 14.31 04a59951o0636o
59953.052639  15.685  0.016  1932   30 o  0   2.06 186.70353   8.44870  8385.33  3497.35 2.54 2.10 -59.6 -0.399 18.47 18.82 03a59953o0599o
59953.055456  15.659  0.018  1980   35 o  0   1.20 186.70353   8.44870  8363.09  3462.08 2.31 2.00 -58.1 -0.417 18.53 18.86 03a59953o0604o
59953.076344  15.615  0.016  2061   32 o  0   2.50 186.70353   8.44870  8407.13  3570.11 2.46 2.45  79.4 -0.352 18.55 18.99 03a59953o0648o
59953.094190  15.681  0.015  1940   29 o  0   1.74 186.70353   8.44870  8414.88  3485.47 2.15 1.97 -65.8 -0.447 18.69 19.00 03a59953o0686o
59955.278040  15.704  0.019  1898   37 o  0   3.65 186.70353   8.44870  8189.67  7552.19 2.40 2.23 -22.5 -0.405 18.14 18.16 04a59955o0562o
59955.281240  15.743  0.021  1832   39 o  0   2.43 186.70353   8.44870  8169.29  7513.48 2.39 2.17 -28.7 -0.390 18.18 18.18 04a59955o0569o
59955.286323  15.700  0.024  1905   46 o  0   1.48 186.70353   8.44870  8227.12  7591.68 2.42 2.16 -25.1 -0.401 18.18 18.23 04a59955o0580o
59955.305851  15.727  0.019  1859   35 o  0   3.29 186.70353   8.44870  8240.57  7477.15 2.43 2.15 -26.0 -0.404 18.27 18.34 04a59955o0622o
59959.354290  15.785  0.015  1762   27 o  0   3.28 186.70353   8.44870  8187.81  7562.83 2.47 2.19 -43.5 -0.393 18.78 19.53 04a59959o0719o
59959.357667  15.860  0.016  1645   27 o  0   2.20 186.70353   8.44870  8168.62  7523.71 2.58 2.25 -38.6 -0.388 18.72 19.51 04a59959o0726o
59959.359018  15.834  0.016  1684   27 o  0   3.15 186.70353   8.44870  8228.16  7601.18 2.43 2.14 -43.1 -0.414 18.77 19.47 04a59959o0729o
59959.361564  15.746  0.016  1826   28 o  0   2.65 186.70353   8.44870  8247.74  7484.66 2.42 2.10 -36.3 -0.405 18.74 19.41 04a59959o0734o
59963.317277  15.896  0.012  1591   20 o  0   5.00 186.70353   8.44870  8414.28  1269.32 2.40 2.09 -17.9 -0.430 19.34 20.59 04a59963o0647o
59963.320431  15.889  0.013  1601   20 o  0   5.77 186.70353   8.44870  8395.32  1230.10 2.38 2.04 -18.3 -0.434 19.34 20.61 04a59963o0654o
59963.326288  15.882  0.012  1611   19 o  0   7.90 186.70353   8.44870  8455.49  1307.30 2.45 2.09 -17.8 -0.423 19.36 20.65 04a59963o0667o
59963.337984  15.909  0.012  1572   19 o  0  14.94 186.70353   8.44870  8478.54  1189.88 2.14 1.89 -29.3 -0.464 19.45 20.67 04a59963o0691o
59964.640204  15.929  0.013  1544   20 o  0   1.97 186.70353   8.44870  6659.19  9930.59 2.60 2.48  65.9 -0.411 19.31 20.73 02a59964o0890o
59964.643851  15.949  0.013  1515   19 o  0   1.61 186.70353   8.44870  6639.26  9892.02 2.53 2.40  41.2 -0.420 19.36 20.71 02a59964o0898o
59964.652694  15.920  0.013  1557   20 o  0   1.58 186.70353   8.44870  6699.01  9975.38 2.60 2.48  57.9 -0.417 19.27 20.69 02a59964o0917o
59964.665786  15.919  0.012  1558   19 o  0   1.57 186.70353   8.44870  6714.32  9852.42 2.44 2.29  47.7 -0.424 19.31 20.49 02a59964o0945o
59965.076543  15.843  0.010  1671   18 c  0   2.85 186.70353   8.44870  2354.33  9686.75 2.57 2.30 -45.0 -0.377 19.75 21.44 03a59965o0668c
59965.099169  15.811  0.010  1720   17 c  0   3.28 186.70353   8.44870  2338.55  9647.79 2.61 2.26 -46.0 -0.393 19.68 21.35 03a59965o0716c
59965.103237  15.812  0.011  1718   20 c  0   1.88 186.70353   8.44870  2395.29  9726.83 2.62 2.33 -48.4 -0.389 19.65 21.21 03a59965o0725c
59965.116809  15.846  0.017  1666   29 c  0   1.42 186.70353   8.44870  2422.32  9610.64 2.75 2.36 -47.1 -0.377 18.73 19.35 03a59965o0754c
59968.542502  15.997  0.013  1449   18 o  0   1.79 186.70353   8.44870  4250.60   991.17 2.16 1.93  56.9 -0.438 19.45 20.77 02a59968o0748o
59968.544308  15.980  0.012  1472   17 o  0   2.82 186.70353   8.44870  4269.51  1030.44 2.15 1.95  59.7 -0.439 19.48 20.77 02a59968o0752o
59968.547474  15.984  0.013  1467   18 o  0   2.01 186.70353   8.44870  4211.28   951.68 2.17 1.96  57.5 -0.429 19.52 20.78 02a59968o0759o
59968.557452  15.988  0.013  1462   19 o  0   2.34 186.70353   8.44870  4192.37  1069.12 2.31 2.07  44.0 -0.420 19.45 20.80 02a59968o0781o
59969.057108  15.937  0.011  1532   17 c  0   3.86 186.70353   8.44870  2268.29  5813.57 2.62 2.39 -45.4 -0.396 19.58 21.38 03a59969o0582c
59969.067222  15.911  0.011  1569   17 c  0   2.87 186.70353   8.44870  2247.64  5774.29 2.55 2.33 -47.0 -0.397 19.58 21.39 03a59969o0604c
59969.076782  15.929  0.010  1543   16 c  0   4.85 186.70353   8.44870  2305.38  5851.51 2.52 2.29 -42.5 -0.394 19.62 21.43 03a59969o0625c
59969.080401  15.930  0.011  1542   17 c  0   2.67 186.70353   8.44870  2328.82  5736.37 2.49 2.31 -46.8 -0.397 19.61 21.46 03a59969o0633c
59971.338422  16.030  0.014  1406   20 o  0   8.56 186.70353   8.44870  4342.75  7755.30 2.05 1.76 -53.7 -0.416 19.36 20.50 04a59971o0698o
59971.340224  16.109  0.013  1307   17 o  0  12.41 186.70353   8.44870  4323.25  7716.35 2.03 1.77 -50.9 -0.415 19.36 20.54 04a59971o0702o
59971.353665  16.059  0.013  1370   18 o  0   7.01 186.70353   8.44870  4389.06  7791.08 2.04 1.78 -52.7 -0.416 19.38 20.61 04a59971o0731o
59971.362898  16.087  0.014  1335   19 o  0   7.14 186.70353   8.44870  4413.26  7673.08 2.03 1.75 -55.2 -0.411 19.38 20.52 04a59971o0751o
59975.321341  16.089  0.015  1332   20 o  0   2.88 186.70353   8.44870  4339.54  7754.51 2.24 1.89 -68.5 -0.414 19.33 20.67 04a59975o0591o
59975.323149  16.062  0.014  1366   20 o  0   5.60 186.70353   8.44870  4320.70  7715.49 2.22 1.84 -68.7 -0.429 19.38 20.63 04a59975o0595o
59975.330414  16.050  0.015  1381   20 o  0   5.35 186.70353   8.44870  4381.44  7792.40 2.22 1.82 -68.9 -0.429 19.40 20.76 04a59975o0611o
59975.349550  16.132  0.015  1280   19 o  0   4.33 186.70353   8.44870  6202.33  2952.44 2.12 1.97 -22.1 -0.469 19.38 20.70 04a59975o0652o
59976.981182  16.145  0.019  1265   24 o  0   1.27 186.70353   8.44870  2632.85  1465.79 2.33 2.22 -49.6 -0.386 18.77 19.44 03a59977o0472o
59976.982985  16.208  0.019  1194   22 o  0   1.57 186.70353   8.44870  2614.39  1425.81 2.32 2.16 -55.7 -0.392 18.81 19.45 03a59977o0476o
59976.986144  16.237  0.020  1162   23 o  0   1.61 186.70353   8.44870  2672.03  1504.49 2.40 2.26 -55.8 -0.395 18.78 19.49 03a59977o0483o
59977.008452  16.168  0.017  1239   21 o  0   1.84 186.70353   8.44870  2697.46  1387.20 2.39 2.24 -41.2 -0.392 18.96 19.84 03a59977o0530o
59979.292949  16.261  0.026  1136   30 o  0   2.09 186.70353   8.44870  6069.96  3793.58 2.25 2.12 -18.8 -0.439 18.51 18.98 04a59979o0289o
59979.296110  16.232  0.024  1167   28 o  0   3.45 186.70353   8.44870  6052.24  3754.76 2.27 1.98 -36.0 -0.469 18.51 18.98 04a59979o0296o
59979.301978  16.255  0.029  1143   33 o  0   1.84 186.70353   8.44870  6112.45  3831.50 2.30 2.01 -29.9 -0.491 18.54 18.97 04a59979o0309o
59979.308316  16.171  0.024  1235   29 o  0   2.94 186.70353   8.44870  6134.37  3714.62 2.31 1.98 -21.2 -0.492 18.42 18.97 04a59979o0323o
59986.332802  16.420  0.048   982   47 o  0   1.45 186.70353   8.44870  8392.71  6616.23 2.31 1.93 -18.7 -0.436 17.99 17.88 04a59986o0701o
59986.335956  16.410  0.044   991   44 o  0   2.01 186.70353   8.44870  8415.01  6651.72 2.28 1.88 -11.3 -0.437 18.04 17.85 04a59986o0708o
59986.370692  16.304  0.051  1092   55 o  0   1.28 186.70353   8.44870  8380.09  6546.34 2.28 1.87 -12.0 -0.430 17.95 17.75 04a59986o0783o
59986.389871  16.389  0.057  1010   58 o  0   1.86 186.70353   8.44870  8369.91  6652.23 2.25 1.78  -9.6 -0.435 17.76 17.38 04a59986o0824o
59988.031693  16.447  0.022   957   21 o  0   1.67 186.70353   8.44870  3994.31  3240.62 2.16 1.99 -67.7 -0.433 19.04 19.83 03a59988o0601o
59988.033495  16.395  0.020  1005   20 o  0   1.82 186.70353   8.44870  3974.82  3205.48 2.17 1.99 -46.5 -0.429 19.06 19.83 03a59988o0605o
59988.037550  16.402  0.019   998   19 o  0   1.76 186.70353   8.44870  4029.24  3292.62 2.15 2.05 -78.3 -0.427 19.08 19.86 03a59988o0614o
59988.052874  16.420  0.022   982   22 o  0   1.38 186.70353   8.44870  4046.50  3212.28 2.51 2.20 -60.9 -0.409 18.90 19.85 03a59988o0648o
59989.024819  16.382  0.016  1017   16 o  0   2.71 186.70353   8.44870  8089.13  7577.87 2.39 2.04 -43.8 -0.408 19.31 20.38 03a59989o0583o
59989.027973  16.354  0.017  1043   18 o  0   1.65 186.70353   8.44870  8070.90  7539.25 2.33 2.00 -45.9 -0.423 19.34 20.39 03a59989o0590o
59989.056412  16.392  0.018  1008   18 o  0   1.78 186.70353   8.44870  8135.06  7619.50 2.34 2.00 -45.2 -0.409 19.32 20.36 03a59989o0641o
59989.059569  16.379  0.016  1019   17 o  0   2.93 186.70353   8.44870  8156.93  7504.64 2.29 1.99 -46.4 -0.427 19.34 20.36 03a59989o0648o
59989.154510  16.384  0.019  1015   20 c  0   2.19 186.70353   8.44870  2206.96  4000.22 2.28 2.13  52.9 -0.365 19.09 20.73 04a59989o0323c
59989.156311  16.376  0.019  1022   19 c  0   2.74 186.70353   8.44870  2188.42  3960.62 2.20 2.12  61.2 -0.365 19.13 20.73 04a59989o0327c
59989.167914  16.377  0.018  1021   18 c  0   3.00 186.70353   8.44870  2241.45  4039.17 2.20 2.06  64.6 -0.375 19.17 20.77 04a59989o0352c
59989.173195  16.356  0.016  1041   16 c  0   3.73 186.70353   8.44870  2258.06  3925.27 2.21 2.00  52.2 -0.366 19.22 20.75 04a59989o0363c
59990.244910  16.406  0.021   995   21 o  0   1.87 186.70353   8.44870  2192.38  4003.64 1.94 1.88 -67.0 -0.425 19.14 20.19 04a59990o0491o
59990.278569  16.629  0.028   810   22 o  0  24.82 186.70353   8.44870  2182.31  3960.76 1.98 1.85 -74.9 -0.422 19.21 20.26 04a59990o0564o
59990.283713  16.434  0.018   969   17 o  0   3.42 186.70353   8.44870  2243.12  4037.71 1.95 1.87 -61.3 -0.431 19.17 20.21 04a59990o0575o
59990.286861  16.423  0.021   980   20 o  0   1.90 186.70353   8.44870  2264.45  3920.58 1.95 1.88 -51.7 -0.442 19.17 20.19 04a59990o0582o
59993.211490  16.418  0.018   984   17 c  0   2.72 186.70353   8.44870  6356.47  9605.31 2.77 2.06 -67.5 -0.382 19.41 21.05 04a59993o0444c
59993.213293  16.410  0.017   991   17 c  0   2.95 186.70353   8.44870  6337.24  9566.33 2.75 2.06 -66.8 -0.378 19.46 21.07 04a59993o0448c
59993.234163  16.383  0.017  1016   17 c  0   4.52 186.70353   8.44870  6395.85  9644.11 2.76 2.03 -65.2 -0.437 19.42 21.23 04a59993o0494c
59993.261452  16.411  0.017   990   17 c  0   3.84 186.70353   8.44870  6417.31  9525.21 2.86 1.97 -66.0 -0.419 19.44 21.21 04a59993o0553c
59994.274356  16.426  0.015   976   15 c  0   4.48 186.70353   8.44870  6362.24  9601.74 2.96 1.99 -69.8 -0.381 19.50 21.23 04a59994o0582c
59994.276159  16.448  0.016   957   15 c  0   6.17 186.70353   8.44870  6344.04  9561.73 2.86 1.90 -70.8 -0.406 19.52 21.23 04a59994o0586c
59994.279312  16.336  0.017  1061   18 c  0   3.33 186.70353   8.44870  6403.17  9640.14 2.90 1.98 -71.0 -0.394 19.49 21.25 04a59994o0593c
59994.285246  16.208  0.017  1194   20 c  0   5.10 186.70353   8.44870  6425.44  9522.28 2.87 1.96 -71.4 -0.408 19.51 21.26 04a59994o0606c
59997.031073  16.554  0.018   868   16 o  0   2.12 186.70353   8.44870  8494.89  1298.07 2.24 2.03 -43.9 -0.437 19.34 20.48 03a59997o0606o
59997.034233  16.563  0.020   861   17 o  0   1.89 186.70353   8.44870  8478.06  1258.96 2.24 2.07 -36.6 -0.431 19.32 20.50 03a59997o0613o
59997.039660  16.573  0.019   853   16 o  0   1.38 186.70353   8.44870  8536.55  1337.33 2.20 2.08 -34.1 -0.410 19.36 20.49 03a59997o0625o
59997.050948  16.585  0.020   843   16 o  0   2.29 186.70353   8.44870  2002.58  9331.73 2.53 2.21 -52.2 -0.388 19.35 20.45 03a59997o0649o
59998.260492  16.519  0.017   896   16 c  0   2.64 186.70353   8.44870  6355.82  9602.36 3.03 2.11 -71.2 -0.376 19.44 21.25 04a59998o0557c
59998.263705  16.536  0.017   882   15 c  0   3.28 186.70353   8.44870  6337.39  9562.83 3.05 2.07 -70.6 -0.361 19.46 21.24 04a59998o0564c
59998.267308  16.384  0.016  1015   16 c  0   3.72 186.70353   8.44870  6398.90  9639.69 2.92 1.99 -72.5 -0.395 19.50 21.25 04a59998o0572c
59998.272715  16.525  0.017   891   16 c  0   2.67 186.70353   8.44870  6418.63  9523.09 3.01 2.06 -68.7 -0.375 19.50 21.24 04a59998o0584c
60000.537888  16.584  0.016   844   14 c  0   2.17 186.70353   8.44870  4508.62  1423.48 2.43 2.30  68.7 -0.421 19.59 21.45 02a60000o0513c
60000.541161  16.594  0.017   837   14 c  0   2.45 186.70353   8.44870  4489.80  1386.87 2.56 2.42  64.4 -0.416 19.53 21.44 02a60000o0520c
60000.549451  16.580  0.017   847   14 c  0   2.00 186.70353   8.44870  4547.79  1462.70 2.53 2.38  69.2 -0.417 19.55 21.44 02a60000o0537c
60000.559361  16.591  0.016   838   13 c  0   2.73 186.70353   8.44870  4569.50  1346.21 2.52 2.38  70.3 -0.417 19.54 21.43 02a60000o0556c
60001.261194  16.557  0.019   866   16 c  0   2.97 186.70353   8.44870 10058.74  5543.53 3.02 2.73 -28.6 -0.388 19.39 21.26 04a60001o0509c
60001.262997  16.572  0.019   854   17 c  0   2.35 186.70353   8.44870 10040.16  5504.21 2.92 2.67 -26.9 -0.381 19.43 21.24 04a60001o0513c
60001.266151  16.615  0.020   820   16 c  0   2.49 186.70353   8.44870 10100.30  5581.59 2.86 2.43 -27.7 -0.385 19.50 21.21 04a60001o0520c
60001.289849  16.579  0.018   848   15 c  0   1.77 186.70353   8.44870   487.87  5158.76 2.18 2.02  66.9 -0.387 19.46 21.15 04a60001o0572c
60002.250498  16.622  0.018   815   15 c  0   3.18 186.70353   8.44870 10048.15  5541.19 2.86 2.28 -20.9 -0.391 19.61 21.48 04a60002o0530c
60002.252303  16.604  0.019   828   16 c  0   2.26 186.70353   8.44870 10029.30  5502.37 2.89 2.26 -19.2 -0.391 19.60 21.47 04a60002o0534c
60002.280761  16.582  0.018   846   15 c  0   3.64 186.70353   8.44870 10101.54  5576.17 2.79 2.23 -23.5 -0.386 19.59 21.36 04a60002o0595c
60002.285854  16.594  0.018   836   15 c  0   2.85 186.70353   8.44870 10124.45  5459.18 2.82 2.33 -20.4 -0.380 19.59 21.31 04a60002o0606c
60004.030852  16.610  0.019   824   16 o  0   2.86 186.70353   8.44870  6322.53  2884.53 2.20 1.97 -55.1 -0.590 19.41 20.61 03a60004o0621o
60004.066319  16.708  0.022   753   17 o  0   1.12 186.70353   8.44870  6343.71  2925.51 2.26 2.03 -50.6 -0.440 19.33 20.56 03a60004o0698o
60004.094730  16.685  0.021   769   16 o  0   1.74 186.70353   8.44870  6294.06  2849.17 2.16 1.88 -56.8 -0.448 19.35 20.51 03a60004o0760o
60004.097685  16.694  0.059   763   45 o  0   1.11 186.70353   8.44870  6267.23  2963.74 2.36 2.04 -58.0 -0.430 18.11 19.31 03a60004o0766o
60004.983736  16.660  0.026   787   20 o  0   1.56 186.70353   8.44870  4234.37  7669.60 2.55 2.43 -24.3 -0.316 18.97 20.29 03a60005o0524o
60004.985540  16.689  0.040   766   30 o  0   1.12 186.70353   8.44870  4215.86  7630.66 2.30 2.03 -43.2 -0.393 18.87 20.06 03a60005o0528o
60004.988693  16.747  0.059   726   43 o  0   0.99 186.70353   8.44870  4272.17  7709.16 2.32 2.03 -41.1 -0.395 18.01 19.23 03a60005o0535o
60004.994106  16.693  0.037   763   28 o  0   1.12 186.70353   8.44870  4295.16  7593.33 2.36 2.07 -42.9 -0.388 18.69 19.96 03a60005o0547o
60005.123084  16.665  0.035   784   28 o  0   1.34 186.70353   8.44870 10051.08  5533.41 2.59 2.28   1.7 -0.412 18.59 19.34 04a60005o0277o
60005.126237  16.698  0.036   760   27 o  0   1.07 186.70353   8.44870 10030.62  5494.61 2.56 2.19  -6.2 -0.395 18.64 19.38 04a60005o0284o
60005.148857  16.692  0.036   764   28 o  0   1.47 186.70353   8.44870 10082.15  5576.97 2.61 1.94  -4.7 -0.447 18.86 19.64 04a60005o0333o
60005.165883  16.616  0.026   820   21 o  0   2.41 186.70353   8.44870 10100.04  5462.48 2.63 1.98  -4.8 -0.440 18.93 19.77 04a60005o0370o
60006.282393  16.696  0.023   761   17 o  0   1.93 186.70353   8.44870   545.26  5069.34 2.13 1.98  64.6 -0.391 19.23 20.39 04a60006o0638o
60006.310669  16.704  0.021   756   16 o  0   1.84 186.70353   8.44870   587.36  5081.49 2.22 1.92  68.5 -0.381 19.40 20.70 04a60006o0700o
60006.335447  16.754  0.025   722   18 o  0   1.51 186.70353   8.44870   543.72  4985.03 2.07 1.78  75.1 -0.408 19.43 20.72 04a60006o0754o
60006.360332  16.663  0.020   784   16 o  0   2.09 186.70353   8.44870   534.90  5089.34 2.30 1.94  60.9 -0.426 19.35 20.66 04a60006o0808o
60007.943950  16.782  0.042   703   30 o  0   1.11 186.70353   8.44870  6070.55  3758.23 2.28 2.14 -43.0 -0.430 18.46 18.81 03a60008o0107o
60007.945752  16.871  0.047   648   30 o  0   0.97 186.70353   8.44870  6051.95  3718.20 2.36 2.16 -47.7 -0.410 18.45 18.81 03a60008o0111o
60007.952989  16.658  0.050   788   39 o  0   1.06 186.70353   8.44870  6106.79  3798.24 2.48 2.19 -36.0 -0.391 17.99 18.26 03a60008o0127o
60007.962926  16.811  0.044   685   30 o  0   0.93 186.70353   8.44870  6131.09  3682.83 2.33 2.11 -46.7 -0.409 18.42 18.77 03a60008o0149o
60009.166754  16.621  0.077   816   63 o  0   1.33 186.70353   8.44870 10236.77  9432.80 2.08 1.89 -10.4 -0.633 18.11 18.14 04a60009o0380o
60009.169908  16.557  0.066   865   57 o  0   1.20 186.70353   8.44870 10214.41  9393.12 2.62 2.29   1.6 -0.527 18.15 18.24 04a60009o0387o
60009.173552  16.679  0.077   774   60 o  0   1.12 186.70353   8.44870 10275.37  9472.74 2.46 1.85   0.2 -0.551 18.11 18.00 04a60009o0395o
60009.178974  16.524  0.063   892   56 o  0   1.36 186.70353   8.44870 10293.71  9355.88 2.55 1.95   2.2 -0.504 18.13 18.04 04a60009o0407o
60014.488691  16.712  0.075   750   56 o  0   0.88 186.70353   8.44870  8767.98  2629.53 2.31 2.09   5.9 -0.421 18.13 19.11 02a60014o0429o
60014.491855  15.550  0.385  2188  842 o  0   1.30 186.70353   8.44870  8826.73  2709.84 2.53 2.14   9.8 -0.417 15.22 15.65 02a60014o0436o
60015.948256  16.988  0.035   582   20 o  0   1.23 186.70353   8.44870  2200.22  3866.46 2.43 2.17 -60.3 -0.395 19.01 19.89 03a60016o0467o
60015.951410  16.919  0.029   620   18 o  0   1.82 186.70353   8.44870  2182.13  3827.65 2.23 2.03 -63.6 -0.419 19.08 19.88 03a60016o0474o
60015.954563  16.845  0.029   664   19 o  0   0.99 186.70353   8.44870  2240.51  3905.57 2.22 2.05 -52.1 -0.447 19.09 19.87 03a60016o0481o
60015.973252  16.881  0.034   642   22 o  0   0.90 186.70353   8.44870  2268.02  3790.04 2.29 2.09 -54.6 -0.423 19.07 19.86 03a60016o0521o
60017.080162  16.932  0.049   613   30 o  0   0.83 186.70353   8.44870  8361.95  6699.59 2.55 2.10 -52.1 -0.381 18.61 19.40 03a60017o0755o
60017.083938  16.902  0.041   630   26 o  0   1.02 186.70353   8.44870  8381.32  6738.63 2.52 2.15 -52.0 -0.402 18.72 19.50 03a60017o0763o
60017.089002  16.914  0.040   623   25 o  0   1.15 186.70353   8.44870  8334.34  6663.52 2.59 2.21 -52.9 -0.380 18.48 19.26 03a60017o0773o
60017.166413  16.917  0.028   621   18 o  0   2.29 186.70353   8.44870  4231.84  5832.83 1.92 1.81 -64.9 -0.455 19.11 20.11 04a60017o0377o
60017.168214  16.873  0.033   647   21 o  0   1.64 186.70353   8.44870  4213.04  5794.14 2.00 1.87 -49.8 -0.465 19.09 20.09 04a60017o0381o
60017.195624  16.931  0.026   613   16 o  0   2.45 186.70353   8.44870  4275.77  5869.66 1.99 1.89 -50.7 -0.452 19.10 20.17 04a60017o0440o
60017.201234  16.936  0.033   610   20 o  0   1.63 186.70353   8.44870  4297.16  5752.66 1.97 1.83 -64.4 -0.442 19.17 20.16 04a60017o0452o
60018.247033  16.940  0.025   608   15 o  0   2.28 186.70353   8.44870  6363.66  4786.07 2.20 1.97 -22.1 -0.408 19.07 20.24 04a60018o0574o
60018.252489  16.932  0.026   613   16 o  0   2.06 186.70353   8.44870  6386.90  4818.56 2.08 1.82 -18.6 -0.424 19.15 20.21 04a60018o0586o
60018.278806  16.913  0.027   624   16 o  0   2.01 186.70353   8.44870  6347.02  4719.78 1.99 1.79 -15.7 -0.425 19.15 20.14 04a60018o0643o
60018.282441  16.969  0.027   592   16 o  0   2.91 186.70353   8.44870  6329.36  4832.74 1.99 1.76 -22.0 -0.443 19.16 20.14 04a60018o0651o
60020.426469  16.780  0.104   705   74 o  0   1.20 186.70353   8.44870  7352.09    80.42 1.88 1.66 -68.6 -0.437 17.04 18.08 02a60020o0453o
60020.429636  16.874  0.032   646   21 o  0   2.09 186.70353   8.44870  7372.58   120.61 2.25 2.00 -72.4 -0.395 18.83 20.08 02a60020o0460o
60020.432827 -19.915  2.128   -39   84 o  0   1.10 186.70353   8.44870  7315.63    41.46 1.90 1.61 -73.9 -0.433 17.51 18.62 02a60020o0467o
60020.435541  17.344  0.450   419  188 o  0   1.28 186.70353   8.44870  2113.38 10284.29 2.03 1.81 -48.0 -0.396 16.28 17.41 02a60020o0473o
60020.468853  16.941  0.116   608   71 o  0   1.06 186.70353   8.44870  2135.50 10330.65 2.02 1.94 -20.0 -0.479 18.13 19.47 02a60020o0541o
60020.496301  16.896  0.025   633   16 o  0   1.73 186.70353   8.44870  8475.96  7066.63 2.64 2.26  26.8 -0.396 19.46 20.92 02a60020o0599o
60020.501113  17.028  0.129   561   72 o  0   1.77 186.70353   8.44870  8496.06  6952.97 2.56 2.06  34.5 -0.480 17.76 19.10 02a60020o0608o
60020.930154  16.987  0.022   582   13 c  0   1.85 186.70353   8.44870  2196.75  3864.38 2.58 2.44 -51.6 -0.396 19.60 21.54 03a60021o0440c
60020.952249  17.032  0.034   559   19 c  0   1.27 186.70353   8.44870  2185.16  3825.89 2.64 2.37 -51.0 -0.397 19.25 21.20 03a60021o0488c
60020.955074  16.969  0.025   592   15 c  0   1.71 186.70353   8.44870  2241.96  3903.80 2.67 2.42 -44.1 -0.392 19.30 21.29 03a60021o0494c
60020.960485  16.946  0.032   605   19 c  0   1.85 186.70353   8.44870  2266.10  3788.71 2.65 2.38 -48.6 -0.389 18.86 20.81 03a60021o0506c
60021.100950  17.021  0.032   564   18 o  0   1.77 186.70353   8.44870  4231.26  5830.61 2.09 1.90 -73.1 -0.441 19.08 20.10 04a60021o0251o
60021.102753  16.931  0.027   613   16 o  0   1.71 186.70353   8.44870  4212.68  5791.68 2.01 1.87 -71.5 -0.446 19.10 20.12 04a60021o0255o
60021.105908  16.922  0.029   618   18 o  0   1.68 186.70353   8.44870  4272.29  5869.21 2.06 1.95 -52.0 -0.451 19.04 20.14 04a60021o0262o
60021.112836  17.002  0.037   574   22 o  0   1.15 186.70353   8.44870  4289.47  5752.95 2.06 1.97 -64.4 -0.451 19.10 20.20 04a60021o0277o
60022.234848  16.943  0.027   606   17 o  0   1.49 186.70353   8.44870  6366.55  4789.91 2.04 1.89 -18.3 -0.430 19.41 20.87 04a60022o0542o
60022.238011  17.009  0.024   570   14 o  0   2.20 186.70353   8.44870  6386.76  4824.52 2.12 1.89 -25.0 -0.417 19.43 20.88 04a60022o0549o
60022.273122  16.979  0.024   587   14 o  0   2.25 186.70353   8.44870  6351.90  4717.40 2.02 1.82 -25.1 -0.421 19.42 20.86 04a60022o0625o
60022.301610  16.950  0.023   602   14 o  0   2.65 186.70353   8.44870  6346.53  4816.69 1.96 1.77 -18.4 -0.450 19.41 20.78 04a60022o0687o
60022.377989  17.022  0.023   564   13 o  0   2.82 186.70353   8.44870  2095.76 10286.02 1.96 1.73 -43.2 -0.420 19.45 20.45 02a60022o0343o
60022.379797  17.005  0.026   573   15 o  0   1.70 186.70353   8.44870  2115.95 10325.55 2.06 1.77 -45.0 -0.416 19.33 20.40 02a60022o0347o
60022.383865  16.874  0.028   646   18 o  0   1.77 186.70353   8.44870  2059.41 10247.61 2.06 1.88 -48.5 -0.486 19.34 20.42 02a60022o0356o
60022.402260  16.855  0.027   657   18 o  0   2.58 186.70353   8.44870  2047.94 10364.74 2.17 2.00 -50.8 -0.443 19.11 20.34 02a60022o0394o
60024.508660  16.939  0.024   609   14 o  0   1.62 186.70353   8.44870  8433.29  7024.46 2.51 2.20  29.5 -0.409 19.41 20.82 02a60024o0552o
60024.544117  17.008  0.029   571   17 o  0   1.26 186.70353   8.44870  8426.12  6982.53 2.44 2.15  28.7 -0.414 19.43 20.75 02a60024o0623o
60024.558178  17.009  0.031   570   18 o  0   1.07 186.70353   8.44870  8493.82  7062.69 2.66 2.37  32.5 -0.418 19.33 20.76 02a60024o0649o
60024.563000  17.064  0.031   542   17 o  0   1.57 186.70353   8.44870  8514.85  6946.41 2.72 2.41  35.6 -0.422 19.19 20.65 02a60024o0659o
60024.969672  17.029  0.022   560   12 c  0   1.94 186.70353   8.44870  4357.80   996.53 2.42 2.25 -60.9 -0.383 19.58 21.36 03a60025o0532c
60025.003898  17.040  0.023   554   13 c  0   1.88 186.70353   8.44870  4378.69  1039.70 2.45 2.31 -63.1 -0.379 19.58 21.28 03a60025o0605c
60025.008002  16.995  0.024   578   14 c  0   0.95 186.70353   8.44870  4321.88   959.92 2.51 2.30 -70.3 -0.380 19.52 21.30 03a60025o0614c
60025.017163  17.018  0.024   566   13 c  0   1.40 186.70353   8.44870  4300.75  1078.59 2.39 2.22 -62.7 -0.382 19.60 21.27 03a60025o0634c
60025.284318  16.945  0.029   606   18 o  0   1.28 186.70353   8.44870  6102.59  9098.34 2.13 1.86 -57.6 -0.429 19.32 20.75 04a60025o0619o
60025.289996  16.986  0.029   583   17 o  0   1.98 186.70353   8.44870  6122.22  9135.07 2.26 1.90 -61.2 -0.447 19.28 20.70 04a60025o0629o
60025.292755  16.981  0.029   586   17 o  0   2.23 186.70353   8.44870  6064.79  9056.05 2.15 1.87 -59.8 -0.435 19.33 20.74 04a60025o0634o
60025.325335  16.912  0.030   624   18 o  0   1.80 186.70353   8.44870  6051.46  9162.81 2.26 1.86 -63.7 -0.447 19.26 20.55 04a60025o0704o
60026.184343  17.087  0.035   531   19 o  0   1.43 186.70353   8.44870  4523.10  1475.81 2.13 2.08  33.8 -0.404 19.18 20.44 04a60026o0437o
60026.187072  16.961  0.029   597   17 o  0   1.44 186.70353   8.44870  4505.18  1436.24 2.22 2.06  35.1 -0.430 19.19 20.43 04a60026o0443o
60026.189814  17.092  0.031   529   16 o  0   1.95 186.70353   8.44870  4564.91  1513.83 2.05 2.04  35.6 -0.402 19.19 20.42 04a60026o0449o
60026.214980  17.120  0.028   515   14 o  0   2.24 186.70353   8.44870  5989.63  9228.28 2.38 2.01 -70.1 -0.405 19.22 20.55 04a60026o0502o
60028.416540  17.048  0.028   550   15 o  0   1.17 186.70353   8.44870  4317.63  2199.35 2.14 1.90  29.5 -0.446 19.24 20.45 02a60028o0426o
60028.419736  17.027  0.029   562   16 o  0   1.53 186.70353   8.44870  4339.17  2236.68 2.19 1.93  31.2 -0.439 19.20 20.40 02a60028o0431o
60028.422902  17.046  0.030   552   17 o  0   1.83 186.70353   8.44870  4280.87  2159.34 2.13 1.94  28.4 -0.446 19.14 20.30 02a60028o0438o
60028.451749  17.050  0.031   549   17 o  0   1.24 186.70353   8.44870  6304.39  6802.29 2.50 2.01  33.6 -0.433 19.42 20.72 02a60028o0495o
60029.262149  17.035  0.030   557   17 o  0   2.41 186.70353   8.44870  6097.99  9104.91 1.98 1.77 -42.8 -0.413 19.38 20.69 04a60029o0611o
60029.267342  17.060  0.034   545   18 o  0   1.75 186.70353   8.44870  6120.76  9141.90 2.05 1.80 -45.0 -0.402 19.29 20.64 04a60029o0622o
60029.273929  17.170  0.031   492   15 o  0   1.88 186.70353   8.44870  6064.74  9060.44 2.03 1.80 -44.5 -0.397 19.36 20.67 04a60029o0636o
60029.308709  17.024  0.033   563   19 o  0   2.23 186.70353   8.44870  6053.62  9163.12 2.12 1.85 -49.8 -0.392 19.23 20.47 04a60029o0711o
60030.176837  17.063  0.028   543   15 o  0   1.53 186.70353   8.44870  4525.37  1477.52 1.98 1.91   3.8 -0.411 19.31 20.69 04a60030o0434o
60030.178653  17.124  0.034   514   17 o  0   1.11 186.70353   8.44870  4506.02  1438.78 1.99 1.91  -7.5 -0.416 19.28 20.70 04a60030o0438o
60030.181831  17.125  0.031   513   16 o  0   2.35 186.70353   8.44870  4566.58  1516.16 2.01 1.91  -6.1 -0.418 19.33 20.72 04a60030o0445o
60030.187294  17.069  0.028   540   15 o  0   2.16 186.70353   8.44870  4588.86  1398.49 1.92 1.85   3.0 -0.417 19.34 20.76 04a60030o0457o
60032.004873  17.148  0.026   502   13 c  0   1.38 186.70353   8.44870   580.35  4965.64 2.55 2.42 -58.9 -0.385 19.54 21.35 03a60032o0146c
60032.008062  17.175  0.029   490   14 c  0   1.00 186.70353   8.44870   598.99  5005.28 2.59 2.40 -57.5 -0.381 19.52 21.31 03a60032o0153c
60032.013996  17.156  0.033   498   16 c  0   1.17 186.70353   8.44870   541.54  4926.16 2.89 2.71 -53.2 -0.368 19.43 21.29 03a60032o0166c
60032.029160  17.217  0.031   471   15 c  0   1.38 186.70353   8.44870   524.41  5043.52 2.69 2.49 -49.5 -0.383 19.45 21.22 03a60032o0199c
60032.967423  17.170  0.029   492   14 c  0   1.54 186.70353   8.44870   572.65  4960.22 2.96 2.70 -83.1 -0.372 19.43 21.35 03a60033o0505c
60032.970616  17.200  0.027   478   13 c  0   1.71 186.70353   8.44870   592.64  4999.77 2.84 2.57 -80.8 -0.379 19.47 21.35 03a60033o0512c
60032.976593  17.158  0.042   498   21 c  0   0.89 186.70353   8.44870   536.16  4920.21 2.79 2.67 -74.7 -0.373 18.93 20.78 03a60033o0525c
60033.011704  17.154  0.030   499   15 c  0   0.92 186.70353   8.44870   522.06  5037.10 2.78 2.59 -71.9 -0.381 19.44 21.26 03a60033o0600c
60033.207812  17.136  0.026   508   13 o  0   2.08 186.70353   8.44870  4114.53  9239.99 2.41 1.86 -80.5 -0.408 19.47 20.92 04a60033o0507o
60033.236225  17.160  0.029   497   15 o  0   2.04 186.70353   8.44870  4156.77  9253.65 2.31 1.78 -72.7 -0.444 19.44 20.84 04a60033o0568o
60033.263538  17.143  0.029   504   15 o  0   1.47 186.70353   8.44870  4103.57  9153.98 2.44 1.86 -77.1 -0.408 19.36 20.71 04a60033o0626o
60033.266435  17.178  0.033   488   16 o  0   1.29 186.70353   8.44870  4085.20  9270.67 2.63 1.97 -75.0 -0.402 19.26 20.66 04a60033o0632o
60034.196993  17.146  0.032   503   16 o  0   2.19 186.70353   8.44870  4100.11  9246.25 2.38 1.79 -76.1 -0.429 19.09 20.06 04a60034o0486o
60034.202134  17.203  0.042   477   20 o  0   0.83 186.70353   8.44870  4123.41  9279.86 2.40 1.86 -74.6 -0.410 19.09 20.09 04a60034o0497o
60034.205496  17.176  0.035   489   17 o  0   1.35 186.70353   8.44870  4068.64  9198.62 2.43 1.87 -75.7 -0.406 19.12 20.12 04a60034o0504o
60034.240947  17.170  0.030   492   15 o  0   2.18 186.70353   8.44870  4074.60  9284.35 2.51 1.90 -82.0 -0.405 19.34 20.75 04a60034o0579o
60034.444844  17.137  0.038   507   19 o  0   1.29 186.70353   8.44870  6384.84  5686.73 2.55 1.88  34.9 -0.452 19.13 19.91 02a60034o0449o
60034.470600  17.197  0.035   480   17 o  0   1.37 186.70353   8.44870  6367.67  5645.98 2.52 2.02  34.5 -0.414 19.11 19.94 02a60034o0500o
60034.475703  17.154  0.037   499   18 o  0   1.16 186.70353   8.44870  6426.93  5720.73 2.61 2.08  33.8 -0.416 19.04 19.90 02a60034o0508o
60034.479694  17.179  0.040   488   20 o  0   1.35 186.70353   8.44870  6446.76  5604.88 2.54 1.99  38.6 -0.426 19.07 19.91 02a60034o0514o
60035.444882  17.249  0.125   458   57 o  0   1.20 186.70353   8.44870  6382.59  5683.57 2.51 1.81  34.4 -0.445 17.79 18.14 02a60035o0442o
60035.470140  17.076  0.116   537   62 o  0   1.07 186.70353   8.44870  6365.46  5644.51 2.61 2.27  26.4 -0.359 17.67 18.25 02a60035o0494o
60035.473098  17.128  0.171   511   87 o  0   1.11 186.70353   8.44870  6424.48  5722.66 2.67 2.14  39.5 -0.438 17.27 17.59 02a60035o0500o
60035.478615  17.210  0.206   474   98 o  0   1.31 186.70353   8.44870  6445.97  5608.42 2.73 2.42  28.6 -0.284 17.07 17.40 02a60035o0510o
60036.117295  17.232  0.066   465   30 o  0   1.22 186.70353   8.44870  6457.84  1379.04 2.13 1.98 -11.6 -0.460 18.43 18.91 04a60036o0319o
60036.120496  17.188  0.061   484   29 o  0   1.57 186.70353   8.44870  6439.73  1339.97 2.14 1.99 -14.0 -0.507 18.41 18.91 04a60036o0326o
60036.123238  17.342  0.065   420   27 o  0   1.36 186.70353   8.44870  6498.73  1417.31 2.12 1.95 -18.5 -0.471 18.44 18.93 04a60036o0332o
60036.193217  17.229  0.064   466   30 o  0   0.86 186.70353   8.44870  6548.69  1291.89 2.14 1.95 -27.8 -0.466 18.56 18.96 04a60036o0346o
60042.194448  16.952  0.108   602   65 o  0   0.90 186.70353   8.44870 10404.25  9422.47 2.53 1.91   6.1 -0.540 18.44 18.80 04a60042o0500o
60042.204598  16.989  0.126   581   73 o  0   1.16 186.70353   8.44870 10430.94  9453.54 2.25 1.77  14.0 -0.565 18.46 18.76 04a60042o0522o
60042.207384  17.185  0.094   485   46 o  0   1.66 186.70353   8.44870 10371.85  9374.10 2.46 1.89   1.8 -0.461 18.40 18.77 04a60042o0528o
60042.210170  17.222  0.079   469   37 o  0   1.03 186.70353   8.44870   200.54  9422.73 2.77 2.02 -80.5 -0.365 18.32 18.58 04a60042o0534o
60042.216708  16.764  0.088   715   63 o  0   1.23 186.70353   8.44870 10358.41  9484.27 2.68 1.84   6.5 -0.491 18.38 18.75 04a60042o0548o
60042.222195  17.256  0.099   455   45 o  0   1.16 186.70353   8.44870   226.65  9451.18 2.69 1.94 -72.9 -0.389 18.32 18.54 04a60042o0560o
60042.224974  17.150  0.091   501   46 o  0   1.24 186.70353   8.44870   169.33  9371.12 2.79 2.04 -83.5 -0.376 18.28 18.57 04a60042o0566o
60042.234850  17.282  0.114   444   51 o  0   0.89 186.70353   8.44870   153.11  9480.41 2.83 2.07 -75.3 -0.376 18.26 18.55 04a60042o0587o
60043.952086  17.255  0.040   455   18 o  0   1.84 186.70353   8.44870  8270.72  2837.07 2.55 2.01 -56.8 -0.411 18.90 19.68 03a60044o0506o
60043.954904  17.394  0.057   400   23 o  0   0.89 186.70353   8.44870  8288.99  2876.97 2.78 2.14 -61.2 -0.400 18.80 19.66 03a60044o0512o
60043.960425  17.438  0.058   384   22 o  0   1.22 186.70353   8.44870  8232.97  2799.03 2.25 2.12 -36.0 -0.449 18.95 19.64 03a60044o0524o
60043.971282  17.318  0.048   429   20 o  0   1.01 186.70353   8.44870  8211.17  2915.77 2.34 1.99 -54.2 -0.420 18.90 19.59 03a60044o0547o
60045.171533  17.380  0.047   405   19 o  0   1.16 186.70353   8.44870  8212.86  2749.73 2.50 2.01 -16.8 -0.394 19.10 20.04 04a60045o0441o
60045.174749  17.208  0.044   475   21 o  0   1.00 186.70353   8.44870  8234.69  2786.05 2.50 1.99 -16.1 -0.394 19.10 20.04 04a60045o0448o
60045.182632  17.270  0.049   449   22 o  0   1.16 186.70353   8.44870  8183.52  2701.41 2.49 1.95 -17.7 -0.395 19.07 20.04 04a60045o0465o
60045.216208  17.253  0.052   456   24 o  0   1.13 186.70353   8.44870  8185.13  2789.83 2.40 1.91 -18.4 -0.405 19.11 19.99 04a60045o0536o
60048.152542  17.455  0.037   378   14 c  0   1.36 186.70353   8.44870  8296.11  4698.50 2.74 2.19 -13.4 -0.374 19.41 21.31 04a60048o0415c
60048.155770  17.486  0.035   368   13 c  0   0.95 186.70353   8.44870  8317.95  4733.35 2.67 2.09 -15.0 -0.378 19.44 21.31 04a60048o0422c
60048.161686  17.594  0.043   333   14 c  0   1.27 186.70353   8.44870  8264.56  4650.32 2.86 2.34 -14.4 -0.357 19.37 21.33 04a60048o0435c
60048.181458  17.587  0.038   335   13 c  0   1.42 186.70353   8.44870  8258.89  4745.55 2.63 2.04 -15.8 -0.387 19.42 21.35 04a60048o0477c
60049.906962  17.461  0.033   376   13 o  0   1.78 186.70353   8.44870  7924.41  9109.19 2.73 2.27 -49.6 -0.405 19.52 21.02 03a60050o0428o
60049.910853  17.474  0.040   372   15 o  0   0.96 186.70353   8.44870  7943.15  9149.22 2.69 2.20 -47.2 -0.403 19.51 21.01 03a60050o0436o
60049.916583  17.438  0.036   384   14 o  0   1.32 186.70353   8.44870  7886.35  9070.62 2.57 2.14 -49.7 -0.402 19.51 20.97 03a60050o0448o
60049.926511  17.445  0.035   382   13 o  0   1.60 186.70353   8.44870  7864.27  9188.17 2.59 2.14 -47.1 -0.412 19.51 20.91 03a60050o0469o
60051.142744  17.605  0.041   330   13 c  0   1.55 186.70353   8.44870  8006.52  9058.62 2.59 2.41 -32.7 -0.357 19.38 21.01 04a60051o0400c
60051.145990  17.594  0.038   333   12 c  0   1.76 186.70353   8.44870  8028.90  9094.22 2.59 2.40 -33.1 -0.356 19.37 21.02 04a60051o0407c
60051.153367  17.535  0.037   352   13 c  0   1.68 186.70353   8.44870  7975.66  9008.69 2.47 2.26 -54.6 -0.369 19.40 21.04 04a60051o0423c
60051.163218  17.521  0.041   356   14 c  0   1.02 186.70353   8.44870  7965.29  9116.62 2.56 2.24 -49.3 -0.374 19.42 21.08 04a60051o0444c
60052.904582  17.305  0.073   434   32 o  0   1.32 186.70353   8.44870  2433.69  2942.62 2.42 2.18 -59.1 -0.420 17.43 18.89 03a60053o0421o
60052.915329  17.436  0.603   385  232 o  0   0.89 186.70353   8.44870  2412.36  3059.48 2.54 2.34 -57.8 -0.409 17.10 18.65 03a60053o0443o
60054.142730  17.644  0.041   318   13 c  0   1.10 186.70353   8.44870  2146.14  9350.29 2.81 2.17 -80.9 -0.356 19.45 21.32 04a60054o0407c
60054.154266  17.645  0.039   318   12 c  0   1.47 186.70353   8.44870  2174.81  9376.89 2.77 2.14 -80.1 -0.364 19.45 21.35 04a60054o0432c
60054.157449  17.690  0.043   305   13 c  0   1.04 186.70353   8.44870  2119.14  9295.89 2.81 2.18 -81.0 -0.358 19.45 21.35 04a60054o0439c
60054.162903  17.680  0.040   308   12 c  0   1.47 186.70353   8.44870  2103.06  9408.51 2.79 2.11 -78.8 -0.363 19.46 21.36 04a60054o0451c
60057.142855  17.735  0.046   292   13 c  0   0.90 186.70353   8.44870  6278.96  2853.96 2.36 2.11 -14.2 -0.380 19.37 21.25 04a60057o0352c
60057.146039  17.628  0.043   323   14 c  0   1.16 186.70353   8.44870  6300.92  2889.60 2.39 2.09 -12.6 -0.382 19.36 21.26 04a60057o0359c
60057.151469  17.750  0.046   288   13 c  0   1.31 186.70353   8.44870  6247.48  2807.06 2.35 2.08 -13.5 -0.383 19.39 21.24 04a60057o0371c
60057.164251  17.626  0.036   323   12 c  0   2.18 186.70353   8.44870  6236.04  2913.39 2.40 2.09 -12.2 -0.378 19.35 21.21 04a60057o0399c
60063.145390  17.701  0.069   302   21 o  0   1.13 186.70353   8.44870  4277.03   990.35 2.46 2.21  40.6 -0.411 18.90 19.96 04a60063o0423o
60063.148581  17.618  0.053   326   17 o  0   1.65 186.70353   8.44870  4298.06  1026.58 2.24 2.05  33.9 -0.427 18.99 19.97 04a60063o0430o
60063.176979  17.742  0.072   290   21 o  0   1.23 186.70353   8.44870  4255.95   928.12 2.44 2.22  38.0 -0.416 18.87 19.91 04a60063o0491o
60063.184250  17.661  0.067   313   21 o  0   0.92 186.70353   8.44870  4238.16  1040.49 2.40 2.16  41.7 -0.426 18.89 19.89 04a60063o0507o
60069.151773  17.718  0.151   297   45 o  0   1.31 186.70353   8.44870  6396.90  4752.48 2.28 2.09 -17.9 -0.390 17.88 17.84 04a60069o0448o
60069.154967  17.581  0.152   337   51 o  0   1.00 186.70353   8.44870  6418.27  4790.09 2.27 2.07 -20.6 -0.412 17.87 17.83 04a60069o0455o
60069.164155  17.910  0.205   249   51 o  0   0.89 186.70353   8.44870  6363.01  4706.54 2.26 2.02 -27.8 -0.399 17.84 17.81 04a60069o0475o
60069.174710  17.709  0.149   300   45 o  0   1.60 186.70353   8.44870  6348.27  4818.92 2.42 2.24 -27.9 -0.389 17.76 17.75 04a60069o0498o
60069.432331  17.831  0.124   268   33 o  0   1.30 186.70353   8.44870  4447.02  5768.28 2.52 1.98  37.7 -0.423 18.26 18.26 02a60069o0430o
60069.437433  18.060  0.188   217   41 o  0   0.90 186.70353   8.44870  4430.38  5729.54 2.48 1.99  37.0 -0.421 18.20 18.21 02a60069o0439o
60069.444013  17.592  0.116   334   39 o  0   1.46 186.70353   8.44870  4491.56  5808.45 2.56 2.12  30.9 -0.384 18.14 18.16 02a60069o0451o
60069.477870  17.816  0.170   271   46 o  0   0.81 186.70353   8.44870  4525.25  5690.99 2.43 2.05  36.4 -0.416 17.97 17.93 02a60069o0520o
60070.892064  17.770  0.093   283   26 o  0   1.13 186.70353   8.44870  5980.74  9169.48 2.58 2.13 -39.2 -0.396 18.58 18.98 03a60071o0441o
60070.895233  17.673  0.087   310   27 o  0   0.96 186.70353   8.44870  5998.98  9208.82 2.45 2.04 -39.5 -0.462 18.61 18.97 03a60071o0448o
60070.905397  17.933  0.110   244   27 o  0   0.99 186.70353   8.44870  5944.38  9129.84 2.54 2.15 -38.3 -0.396 18.58 18.93 03a60071o0470o
60070.911795  17.676  0.079   309   24 o  0   1.28 186.70353   8.44870  5923.92  9246.04 2.55 2.11 -40.3 -0.400 18.55 18.91 03a60071o0484o
60072.122342  17.817  0.075   271   20 o  0   1.44 186.70353   8.44870  4126.94  9219.77 2.74 2.14 -73.5 -0.375 18.62 19.40 04a60072o0370o
60072.125537  17.904  0.097   250   24 o  0   0.98 186.70353   8.44870  4148.41  9256.26 2.58 2.04 -72.6 -0.411 18.68 19.39 04a60072o0377o
60072.137105  17.827  0.082   269   22 o  0   1.11 186.70353   8.44870  4096.87  9169.69 2.48 1.92 -73.2 -0.416 18.69 19.37 04a60072o0402o
60072.142568  17.796  0.079   276   22 o  0   1.30 186.70353   8.44870  4079.56  9282.98 2.50 1.94 -75.3 -0.408 18.68 19.36 04a60072o0414o
60073.873646  17.832  0.082   268   22 o  0   1.32 186.70353   8.44870  2432.58  1044.47 2.38 2.18 -51.8 -0.397 18.76 19.61 03a60074o0400o
60073.876875  18.004  0.083   228   19 o  0   1.24 186.70353   8.44870  2450.83  1083.81 2.36 2.18 -50.5 -0.377 18.91 19.72 03a60074o0407o
60073.882372  17.790  0.057   278   16 o  0   1.35 186.70353   8.44870  2395.01  1004.60 2.37 2.21 -48.3 -0.388 19.04 19.92 03a60074o0419o
60073.895886  17.820  0.062   270   17 o  0   1.30 186.70353   8.44870  2374.58  1122.01 2.53 2.24 -18.6 -0.373 18.97 19.88 03a60074o0448o
60075.105279  18.017  0.097   226   22 o  0   0.87 186.70353   8.44870  2328.40  1084.08 2.50 1.92  47.7 -0.410 18.84 20.10 04a60075o0350o
60075.110711  17.881  0.082   256   21 o  0   0.99 186.70353   8.44870  2351.93  1118.23 2.52 1.94  48.8 -0.413 18.87 20.11 04a60075o0362o
60075.113897  17.699  0.066   302   20 o  0   1.01 186.70353   8.44870  2295.59  1036.62 2.58 1.97  47.5 -0.402 18.88 20.03 04a60075o0369o
60075.124827  17.810  0.076   273   21 o  0   1.22 186.70353   8.44870  2284.04  1145.16 2.46 1.91  47.4 -0.424 18.89 19.90 04a60075o0393o
60078.212830  17.905  0.065   250   16 o  0   2.12 186.70353   8.44870  4388.89  2892.19 2.07 2.05 -37.2 -0.441 19.01 20.21 04a60078o0030o
60078.217941  17.970  0.073   236   17 o  0   1.14 186.70353   8.44870  4407.08  2931.88 2.03 2.01 -16.6 -0.435 19.00 20.21 04a60078o0041o
60078.222028  18.015  0.079   226   18 o  0   0.91 186.70353   8.44870  4347.58  2855.07 2.14 2.05  28.2 -0.434 18.96 20.22 04a60078o0050o
60078.233047  17.903  0.079   250   20 o  0   1.32 186.70353   8.44870  4324.95  2976.84 2.09 2.06  51.9 -0.422 18.92 20.03 04a60078o0074o
60082.809633  18.352  0.053   166    9 c  0   1.87 186.70353   8.44870  2522.06  4919.89 2.71 2.49 -62.2 -0.399 19.61 21.68 03a60083o0271c
60082.812830  18.180  0.052   194   10 c  0   1.19 186.70353   8.44870  2540.03  4959.39 2.78 2.57 -61.7 -0.388 19.56 21.67 03a60083o0278c
60082.818751  18.352  0.070   166   12 c  0   0.84 186.70353   8.44870  2484.20  4881.77 2.69 2.48 -62.8 -0.401 19.63 21.69 03a60083o0291c
60082.829304  18.272  0.063   178   11 c  0   1.02 186.70353   8.44870  2462.27  4997.76 2.83 2.65 -63.3 -0.403 19.52 21.60 03a60083o0314c
60084.064771  17.235  0.370   463  171 o  0   1.25 186.70353   8.44870  6184.84   910.60 2.30 2.20 -17.9 -0.403 16.60 17.75 04a60084o0125o
60084.067569  17.475  0.343   372  128 o  0   1.21 186.70353   8.44870  6206.40   946.68 2.30 2.17 -17.2 -0.404 16.88 18.01 04a60084o0131o
60084.074493  17.490  0.204   366   75 o  0   1.51 186.70353   8.44870  6153.79   861.33 2.31 2.19 -17.3 -0.399 17.12 18.33 04a60084o0146o
60084.084345  18.727  1.443   117  169 o  0   0.80 186.70353   8.44870  6141.04   969.49 2.32 2.19  -7.5 -0.399 16.72 17.95 04a60084o0167o
60088.831706  18.236  0.111   184   20 c  0   0.71 186.70353   8.44870   535.41  3026.59 2.62 2.55 -10.6 -0.353 18.88 20.66 03a60089o0313c
60088.837189  18.335  0.102   168   17 c  0   1.12 186.70353   8.44870   555.53  3066.45 2.68 2.58 -14.0 -0.357 18.96 20.77 03a60089o0325c
60088.840389  18.273  0.091   178   16 c  0   0.99 186.70353   8.44870   499.50  2987.51 2.66 2.48 -18.1 -0.355 19.23 21.03 03a60089o0332c
60088.850517  17.415  0.050   392   20 c  0   7.20 186.70353   8.44870   477.78  3103.98 2.68 2.59 -27.9 -0.371 19.09 20.90 03a60089o0354c
60091.785026  18.132  0.131   203   26 o  0   1.40 186.70353   8.44870 10288.32  9564.27 2.99 2.24 -47.9 -0.448 18.71 19.35 03a60092o0209o
60091.787803  18.483  0.204   147   30 o  0   0.89 186.70353   8.44870 10307.36  9604.28 2.99 2.23 -45.7 -0.431 18.75 19.37 03a60092o0215o
60091.788255  18.299  0.166   174   29 o  0   0.72 186.70353   8.44870   109.84  9319.97 3.02 2.65 -28.6 -0.399 18.84 19.70 03a60092o0216o
60091.791098  18.147  0.124   200   25 o  0   1.11 186.70353   8.44870   127.92  9359.55 2.94 2.61 -37.8 -0.413 18.84 19.70 03a60092o0222o
60091.800843  17.950  0.122   240   29 o  0   0.85 186.70353   8.44870 10249.54  9527.54 3.01 2.27 -42.2 -0.433 18.73 19.40 03a60092o0230o
60091.805410  18.272  0.138   178   25 o  0   1.19 186.70353   8.44870    71.79  9282.48 2.88 2.52 -42.0 -0.420 18.89 19.73 03a60092o0240o
60091.806340  18.116  0.113   206   23 o  0   1.38 186.70353   8.44870 10227.65  9644.79 3.03 2.32 -36.8 -0.422 18.79 19.59 03a60092o0242o
60091.810997  20.313  0.955    27   26 o  0   0.97 186.70353   8.44870    47.48  9399.54 3.02 2.58 -24.2 -0.409 18.83 19.75 03a60092o0252o
60099.065812  21.111  6.625    13   86 o  0   0.82 186.70353   8.44870  8326.23  4644.66 2.61 2.08 -18.0 -0.395 17.36 17.39 04a60099o0282o
60099.077533  19.184  1.915    77  147 o  0   0.76 186.70353   8.44870  8350.50  4677.01 2.68 2.20 -17.0 -0.375 16.83 16.72 04a60099o0288o
60100.801227  17.672  0.263   310   81 o  0   1.17 186.70353   8.44870  7930.89  9124.55 3.12 2.40 -21.5 -0.384 17.38 17.59 03a60101o0260o
60100.804048  17.575  0.797   339  270 o  0   1.01 186.70353   8.44870  7950.08  9163.31 3.21 2.37 -16.6 -0.397 15.90 15.88 03a60101o0266o
60100.819341  18.343  0.385   167   64 o  0   0.83 186.70353   8.44870  7894.68  9085.85 2.82 2.24 -30.4 -0.392 18.37 18.84 03a60101o0299o
60100.835544  18.195  0.757   191  145 o  0   1.10 186.70353   8.44870  7876.71  9203.74 2.93 2.31 -28.3 -0.442 16.89 17.02 03a60101o0334o
60108.023721  18.733  0.108   117   12 c  0   1.12 186.70353   8.44870  4527.30  6791.29 2.31 2.07 -71.5 -0.393 19.33 21.31 04a60108o0185c
60108.033281  18.891  0.117   101   12 c  0   1.01 186.70353   8.44870  4552.22  6822.11 2.32 2.07 -72.7 -0.401 19.32 21.34 04a60108o0206c
60108.043095  18.643  0.093   127   12 c  0   0.95 186.70353   8.44870  4500.25  6738.39 2.30 2.03 -72.7 -0.393 19.34 21.31 04a60108o0227c
60108.046290  18.822  0.124   107   13 c  0   1.03 186.70353   8.44870  4482.35  6852.58 2.30 2.04 -72.5 -0.394 19.33 21.29 04a60108o0234c
60111.013903  18.710  0.098   119   12 c  0   1.80 186.70353   8.44870  8400.54  6588.61 2.66 2.10 -18.0 -0.410 19.32 21.09 04a60111o0167c
60111.016686  18.667  0.099   124   12 c  0   1.05 186.70353   8.44870  8422.03  6625.07 2.60 2.10 -18.0 -0.419 19.27 21.12 04a60111o0173c
60111.026115  18.832  0.115   106   12 c  0   1.32 186.70353   8.44870  8369.46  6541.27 2.69 2.11 -17.9 -0.405 19.30 21.10 04a60111o0193c
60111.045360  18.750  0.117   115   14 c  0   1.18 186.70353   8.44870  8360.29  6646.12 2.66 2.10 -20.4 -0.415 19.30 21.09 04a60111o0235c
60118.756579  18.673  0.213   123   26 o  0   0.94 186.70353   8.44870  6366.54  4832.83 4.31 2.97  -6.1 -0.407 18.57 20.09 03a60119o0150o
60118.759592  18.607  0.184   131   24 o  0   1.00 186.70353   8.44870  6385.16  4871.97 3.89 2.84  -7.1 -0.409 18.69 20.10 03a60119o0156o
60118.767727  18.243  0.113   183   21 o  0   1.26 186.70353   8.44870  6330.29  4793.97 3.21 2.67 -10.9 -0.414 18.82 20.10 03a60119o0172o
60118.790378  19.017  0.376    90   34 o  0   1.00 186.70353   8.44870  6310.79  4908.28 5.72 2.88  -2.0 -0.452 18.33 19.99 03a60119o0216o
60123.042345  18.242  0.182   183   33 o  0   1.07 186.70353   8.44870  4142.01  9176.19 2.31 1.84 -74.9 -0.467 18.47 18.87 04a60123o0226o
60123.045086  18.787  0.252   111   28 o  0   1.56 186.70353   8.44870  4161.64  9214.58 2.52 1.89 -76.0 -0.416 18.42 18.87 04a60123o0232o
60123.050002  18.845  0.266   105   28 o  0   1.10 186.70353   8.44870  4103.59  9137.44 2.62 1.93 -76.2 -0.396 18.41 18.89 04a60123o0242o
60123.064238  19.478  0.538    59   32 o  0   1.13 186.70353   8.44870  4084.44  9252.42 2.57 1.94 -75.5 -0.404 18.36 18.83 04a60123o0272o
60126.031827  18.813  0.213   108   23 o  0   1.09 186.70353   8.44870  2606.46  6848.74 2.32 1.91 -80.1 -0.410 18.51 19.07 04a60126o0196o
60126.034536  18.607  0.200   131   26 o  0   0.94 186.70353   8.44870  2626.68  6886.72 2.35 1.94 -81.2 -0.392 18.49 19.07 04a60126o0202o
60126.040686  19.043  0.321    88   28 o  0   1.00 186.70353   8.44870  2570.69  6808.01 2.41 1.95 -84.7 -0.388 18.49 19.05 04a60126o0215o
60126.050239  19.233  0.371    74   27 o  0   1.21 186.70353   8.44870  2551.99  6922.54 2.32 1.92 -82.9 -0.399 18.46 19.02 04a60126o0236o
60127.753954  19.355  0.369    66   24 o  0   1.20 186.70353   8.44870  4393.39  2954.45 2.62 2.37 -26.2 -0.405 18.53 19.08 03a60128o0035o
60127.766289  18.758  0.200   114   23 o  0   1.82 186.70353   8.44870  4414.46  2993.40 2.58 2.34 -35.9 -0.396 18.50 19.04 03a60128o0062o
60127.769037  18.965  0.285    94   27 o  0   0.85 186.70353   8.44870  4359.29  2913.21 2.57 2.37 -22.7 -0.403 18.49 19.02 03a60128o0068o
60127.775900  18.788  0.232   111   26 o  0   1.46 186.70353   8.44870  4338.65  3026.04 3.03 2.45  -5.3 -0.373 18.39 18.99 03a60128o0083o
60129.001720  19.151  0.367    79   29 o  0   1.45 186.70353   8.44870  4372.43  2902.20 2.37 2.31  27.2 -0.429 18.37 19.07 04a60129o0134o
60129.007353  19.135  0.396    80   32 o  0   1.36 186.70353   8.44870  4393.98  2937.33 2.51 2.43  45.5 -0.421 18.30 19.04 04a60129o0146o
60129.010959  19.415  0.513    62   32 o  0   1.26 186.70353   8.44870  4336.82  2858.77 2.41 2.36  27.5 -0.411 18.31 19.02 04a60129o0154o
60129.027754  18.964  0.329    94   31 o  0   1.37 186.70353   8.44870  4322.40  2968.66 2.36 2.31  43.6 -0.424 18.27 18.97 04a60129o0191o
60130.735065  18.806  0.128   109   14 o  0   1.56 186.70353   8.44870  4433.47  4882.30 2.34 2.08 -57.6 -0.416 19.29 20.52 03a60131o0110o
60130.741672  19.161  0.170    79   13 o  0   1.33 186.70353   8.44870  4450.81  4921.04 2.31 2.10 -53.8 -0.414 19.29 20.52 03a60131o0124o
60130.753156  18.753  0.133   114   15 o  0   1.22 186.70353   8.44870  4396.67  4843.19 2.44 2.23 -57.2 -0.407 19.13 20.22 03a60131o0149o
60130.758237  18.718  0.136   118   16 o  0   1.38 186.70353   8.44870  4375.25  4957.96 2.37 2.21 -58.8 -0.401 19.04 20.02 03a60131o0160o
60132.025481  17.890  1.143   254  290 o  0   1.08 186.70353   8.44870  2532.76  4914.18 2.80 2.59  79.9 -0.372 15.84 17.16 04a60132o0184o
60132.030068  19.584  3.364    53  179 o  0   1.35 186.70353   8.44870  2551.93  4951.42 2.46 2.22  80.8 -0.393 16.53 17.70 04a60132o0194o
60132.037302  17.153  0.856   500  428 o  0   1.08 186.70353   8.44870  2494.71  4873.43 2.51 2.29  78.0 -0.380 15.86 17.16 04a60132o0210o
60132.051829 -17.292  0.914  -440  402 o  0   0.83 186.70353   8.44870  2473.44  4989.05 2.39 2.17  79.9 -0.388 15.70 16.85 04a60132o0242o
60140.012493  19.143  0.173    80   14 o  0   1.17 186.70353   8.44870   662.87  6937.79 2.53 2.08  88.2 -0.386 19.23 20.59 04a60140o0150o
60140.027130  18.896  0.160   100   16 o  0   0.99 186.70353   8.44870   683.07  6975.45 2.62 2.10 -89.4 -0.377 19.16 20.52 04a60140o0182o
60140.032268  19.151  0.176    79   14 o  0   1.37 186.70353   8.44870   624.26  6898.42 2.64 2.11  87.8 -0.367 19.16 20.50 04a60140o0193o
60140.035457  19.040  0.183    88   16 o  0   1.00 186.70353   8.44870   602.97  7015.01 2.59 2.05  84.0 -0.382 19.13 20.55 04a60140o0200o
60140.960046  19.499  0.538    58   31 o  0   1.19 186.70353   8.44870   640.78  6958.04 2.91 2.48  85.8 -0.376 18.38 19.16 04a60141o0033o
60140.963215  19.469  0.304    59   18 o  0   1.45 186.70353   8.44870   661.83  6994.01 2.68 2.23  84.6 -0.386 18.76 19.76 04a60141o0040o
60140.970901  19.261  0.232    72   17 o  0   1.15 186.70353   8.44870   606.43  6911.07 2.71 2.31  77.1 -0.392 19.04 20.39 04a60141o0057o
60140.980898  19.365  0.224    65   15 o  0   1.41 186.70353   8.44870   589.01  7021.91 2.83 2.32  80.3 -0.381 19.09 20.53 04a60141o0079o
60142.701652  21.490  3.894     9   36 c  0   0.78 186.70353   8.44870 10254.30  9571.44 2.94 2.53 -47.3 -0.400 18.39 19.05 03a60143o0027c
60142.704830  20.927  1.563    16   24 c  0   1.16 186.70353   8.44870 10273.38  9608.66 2.98 2.74 -34.2 -0.361 18.68 19.73 03a60143o0034c
60142.711320  19.053  0.177    87   15 c  0   1.46 186.70353   8.44870 10216.54  9527.49 2.98 2.55 -54.0 -0.401 19.14 20.61 03a60143o0048c
60142.714495  19.685  0.270    48   13 c  0   1.41 186.70353   8.44870    76.25  9321.22 2.94 2.73 -31.2 -0.374 19.31 20.93 03a60143o0055c
60142.717692  19.494  0.188    58   11 c  0   1.77 186.70353   8.44870    95.55  9360.79 2.78 2.63 -40.0 -0.394 19.38 21.01 03a60143o0062c
60142.721415  19.498  0.223    58   13 c  0   1.33 186.70353   8.44870 10197.82  9643.57 2.83 2.47 -49.9 -0.417 19.30 20.94 03a60143o0070c
60142.722842 -20.781  0.629   -18   11 c  0   0.97 186.70353   8.44870    39.93  9281.33 2.74 2.53 -33.9 -0.396 19.41 21.07 03a60143o0073c
60143.959497  18.789  1.712   111  190 o  0   1.35 186.70353   8.44870  8246.14  2736.19 3.05 2.38 -19.6 -0.368 16.74 17.63 04a60144o0023o
60143.976024  17.056  1.353   546  739 o  0   1.24 186.70353   8.44870  8172.02  2765.41 2.58 2.18 -25.0 -0.439 14.93 16.18 04a60144o0059o
60145.702282  19.783  0.645    44   29 c  0   1.17 186.70353   8.44870  8197.70   904.14 3.15 2.85 -36.1 -0.353 18.41 19.38 03a60146o0021c
60145.705452  19.500  0.423    58   24 c  0   1.08 186.70353   8.44870  8214.88   941.21 3.63 3.30 -21.7 -0.344 18.56 19.98 03a60146o0028c
60145.710891  19.447  0.274    60   17 c  0   1.33 186.70353   8.44870  8159.34   860.34 3.43 3.20 -36.2 -0.360 18.96 20.59 03a60146o0040c
60145.721502  19.603  0.296    52   16 c  0   0.78 186.70353   8.44870  8138.24   975.66 3.13 2.86 -24.2 -0.372 19.11 20.90 03a60146o0063c
60149.960888  18.567  0.325   136   44 o  0   1.17 186.70353   8.44870  8040.26  8984.19 2.64 2.35 -52.7 -0.372 17.94 18.23 04a60150o0029o
60149.965032  20.376  1.201    26   31 o  0   0.91 186.70353   8.44870  8059.84  9020.70 2.73 2.42 -53.2 -0.347 18.36 18.91 04a60150o0038o
60149.972768  19.457  0.486    60   29 o  0   1.15 186.70353   8.44870  8000.37  8940.54 2.55 2.30 -40.9 -0.393 18.12 18.98 04a60150o0055o
60149.987538  19.636  0.485    51   25 o  0   1.17 186.70353   8.44870  7982.00  9055.77 2.68 2.38 -54.4 -0.369 18.57 19.26 04a60150o0087o
60152.975751  19.258  0.360    72   26 o  0   1.11 186.70353   8.44870  2445.95  2978.79 2.29 2.12  61.1 -0.430 18.63 19.35 04a60153o0038o
60152.985285  19.436  0.457    61   28 o  0   0.96 186.70353   8.44870  2465.87  3016.55 2.24 2.07  60.9 -0.428 18.56 19.40 04a60153o0059o
60152.988005  19.915  0.703    39   28 o  0   1.00 186.70353   8.44870  2406.95  2938.54 2.21 2.06  61.8 -0.433 18.59 19.32 04a60153o0065o
60152.997499  18.381  0.215   161   35 o  0   1.15 186.70353   8.44870  2386.89  3055.07 2.23 2.10  58.6 -0.423 18.33 18.95 04a60153o0086o
60155.963413  17.099  0.396   525  208 o  0   1.45 186.70353   8.44870  6301.20  2790.85 2.33 2.18 -41.1 -0.464 16.25 16.17 04a60156o0030o
60155.967026 -18.087  2.146  -211  454 o  0   0.94 186.70353   8.44870  6319.83  2829.11 2.39 2.20 -30.2 -0.399 15.45 15.50 04a60156o0038o
60155.973819  17.406  0.561   396  222 o  0   0.98 186.70353   8.44870  6261.23  2750.76 2.23 2.05 -26.6 -0.471 16.71 17.78 04a60156o0053o
