MJD          m      dm   uJy   duJy F err chi/N     RA       Dec        x        y     maj  min   phi  apfit mag5sig Sky   Obs
59740.305869  23.206 12.545     2   24 o  0   0.91 211.41354  20.64121  7253.23  1640.99 2.71 2.56 -46.5 -0.519 18.78 19.49 01a59740o0150o
59740.315867 -23.540 16.875    -1   24 o  0   1.06 211.41354  20.64121  7275.58  1680.05 2.68 2.61 -56.7 -0.511 18.78 19.47 01a59740o0171o
59740.319090 -21.217  2.134   -12   25 o  0   1.00 211.41354  20.64121  7217.07  1605.11 2.71 2.61 -42.1 -0.521 18.80 19.46 01a59740o0178o
59740.329454 -21.988  3.724    -6   22 o  0   1.45 211.41354  20.64121  7201.87  1722.02 2.97 2.85 -52.2 -0.464 18.68 19.48 01a59740o0200o
59741.341999  21.284  1.965    11   22 o  0   1.35 211.41354  20.64121  1052.86   844.75 2.32 2.11 -70.8 -0.486 18.78 19.36 02a59741o0225o
59741.345227  20.798  1.222    17   21 o  0   1.38 211.41354  20.64121  1033.25   806.25 2.62 2.37 -70.2 -0.471 18.70 19.35 02a59741o0232o
59741.351741 -25.074 59.333    -0   20 o  0   1.43 211.41354  20.64121  1093.54   884.09 2.12 1.97 -74.1 -0.511 18.84 19.37 02a59741o0246o
59741.361880 -23.254 10.222    -2   18 o  0   1.25 211.41354  20.64121  1112.31   770.38 2.01 1.88  79.6 -0.473 18.87 19.38 02a59741o0268o
59743.300717 -20.581  1.053   -21   22 o  0   1.47 211.41354  20.64121  7253.86  1643.61 3.22 3.08 -66.4 -0.423 18.57 19.46 01a59743o0137o
59743.303950  20.815  1.439    17   25 o  0   1.19 211.41354  20.64121  7274.59  1681.80 3.05 2.90 -49.2 -0.464 18.66 19.47 01a59743o0144o
59743.315420  20.899  1.635    16   26 o  0   0.70 211.41354  20.64121  7218.72  1604.73 3.10 2.97 -57.2 -0.439 18.56 19.45 01a59743o0168o
59743.322574  19.771  0.591    45   26 o  0   0.89 211.41354  20.64121  7203.05  1723.56 3.24 3.13 -47.4 -0.425 18.56 19.44 01a59743o0182o
59744.341266  21.876  5.944     6   38 o  0   1.28 211.41354  20.64121  5229.28  7806.86 2.68 2.64 -59.4 -0.487 18.66 19.21 01a59744o0226o
59744.344541  19.735  0.847    46   39 o  0   1.30 211.41354  20.64121  5250.96  7846.28 2.72 2.68  57.8 -0.471 18.59 19.19 01a59744o0233o
59744.349681  21.161  3.188    12   40 o  0   1.08 211.41354  20.64121  5191.89  7769.51 2.92 2.83 -48.6 -0.462 18.54 19.15 01a59744o0244o
59744.361879 -20.012  1.244   -36   45 o  0   0.82 211.41354  20.64121  5173.82  7885.90 2.80 2.68 -48.8 -0.479 18.60 19.10 01a59744o0269o
59746.329740  21.585 10.000     8   84 o  0   1.30 211.41354  20.64121  1209.26  7063.77 2.43 2.33  18.3 -0.430 17.25 17.56 02a59746o0196o
59746.332947  23.774 42.800     1   48 o  0   0.89 211.41354  20.64121  1189.34  7025.26 2.70 2.65 -17.5 -0.409 18.20 18.84 02a59746o0203o
59746.339825 -22.596  6.952    -3   23 o  0   1.18 211.41354  20.64121  1247.27  7102.14 2.48 2.38  19.2 -0.408 18.73 19.43 02a59746o0218o
59746.354930 -21.348  1.536   -10   16 o  0   1.35 211.41354  20.64121  1268.31  6988.22 2.49 2.40  -2.3 -0.425 18.86 19.70 02a59746o0251o
59747.338468  22.604  3.950     3   13 o  0   1.01 211.41354  20.64121  5227.13  7802.97 2.67 2.52 -53.1 -0.489 19.38 20.68 01a59747o0220o
59747.341286 -22.292  3.115    -4   14 o  0   1.14 211.41354  20.64121  5248.70  7842.34 2.71 2.62  52.8 -0.459 19.36 20.65 01a59747o0226o
59747.346956  20.855  0.939    16   16 o  0   1.08 211.41354  20.64121  5189.79  7766.89 3.03 2.88  66.0 -0.421 19.20 20.46 01a59747o0238o
59747.371623  21.914  2.486     6   16 o  0   1.19 211.41354  20.64121  5175.11  7886.09 2.77 2.64 -54.1 -0.474 19.14 20.21 01a59747o0290o
59748.303771  21.267  1.076    11   12 o  0   0.88 211.41354  20.64121  5217.60  7799.51 2.72 2.64  46.9 -0.464 19.45 20.96 01a59748o0140o
59748.307455 -21.175  1.028   -12   13 o  0   0.70 211.41354  20.64121  5239.18  7837.62 2.74 2.62  43.2 -0.464 19.47 20.97 01a59748o0148o
59748.317231  21.609  1.292     8   11 o  0   1.26 211.41354  20.64121  5180.77  7762.37 2.70 2.64  48.3 -0.466 19.47 20.98 01a59748o0168o
59748.327145  20.818  0.742    17   13 o  0   0.97 211.41354  20.64121  5166.69  7879.27 2.87 2.71  38.8 -0.448 19.42 20.97 01a59748o0189o
59749.331625  21.158  0.724    12    9 c  0   1.29 211.41354  20.64121  1201.71  7067.47 2.27 2.21 -34.0 -0.453 19.67 21.46 02a59749o0194c
59749.335781 -22.199  2.027    -5   10 c  0   1.15 211.41354  20.64121  1182.54  7028.73 2.29 2.22 -36.8 -0.452 19.68 21.45 02a59749o0203c
59749.341734  20.982  0.775    15   11 c  0   0.94 211.41354  20.64121  1240.20  7105.76 2.34 2.26 -24.0 -0.442 19.69 21.41 02a59749o0216c
59749.356381  22.148  1.744     5    9 c  0   1.39 211.41354  20.64121  1260.60  6988.95 2.27 2.22 -22.1 -0.448 19.68 21.39 02a59749o0248c
59750.297847  19.346  0.147    66   10 c  0   1.08 211.41354  20.64121  1213.37  7071.60 2.31 2.23 -40.7 -0.450 19.68 21.43 02a59750o0119c
59750.301150  19.192  0.140    76   11 c  0   0.87 211.41354  20.64121  1194.67  7034.74 2.26 2.21 -36.7 -0.456 19.73 21.42 02a59750o0126c
59750.306634  19.258  0.141    72   10 c  0   0.97 211.41354  20.64121  1254.07  7114.07 2.31 2.24 -30.6 -0.450 19.70 21.41 02a59750o0138c
59750.317821  19.453  0.160    60   10 c  0   1.19 211.41354  20.64121  1273.18  6993.84 2.33 2.28 -27.0 -0.441 19.68 21.39 02a59750o0162c
59751.291122  18.897  0.139   100   14 o  0   0.80 211.41354  20.64121  5219.11  7798.73 2.67 2.63   6.7 -0.471 19.47 21.10 01a59751o0113o
59751.294809  18.776  0.109   112   12 o  0   0.81 211.41354  20.64121  5241.17  7837.49 2.83 2.65  43.2 -0.450 19.48 21.11 01a59751o0121o
59751.307342  19.020  0.133    90   12 o  0   1.28 211.41354  20.64121  5183.93  7761.97 2.68 2.64 -50.8 -0.472 19.54 21.16 01a59751o0147o
59751.312882  18.976  0.109    93   10 o  0   1.23 211.41354  20.64121  5167.38  7881.31 2.70 2.62 -39.9 -0.476 19.53 21.17 01a59751o0159o
59752.332163  18.503  0.092   144   13 o  0   0.99 211.41354  20.64121  1327.80  3512.63 2.86 2.59 -45.7 -0.506 19.45 21.09 01a59752o0204o
59752.335386  18.507  0.084   144   12 o  0   1.43 211.41354  20.64121  1348.44  3551.34 2.90 2.65 -48.0 -0.495 19.43 21.09 01a59752o0211o
59752.340955  18.334  0.084   168   14 o  0   1.04 211.41354  20.64121  1290.20  3474.57 2.67 2.51 -47.4 -0.515 19.47 21.05 01a59752o0223o
59752.361587  18.468  0.082   149   12 o  0   1.50 211.41354  20.64121  1276.96  3591.80 2.64 2.54 -46.7 -0.513 19.42 20.95 01a59752o0267o
59753.381004  18.103  0.060   208   12 c  0   0.88 211.41354  20.64121  1205.21  7067.88 2.35 2.26 -43.6 -0.451 19.61 21.35 02a59753o0296c
59753.406060  17.974  0.058   235   14 c  0   0.76 211.41354  20.64121  1183.75  7028.80 2.28 2.22 -37.6 -0.460 19.52 21.19 02a59753o0350c
59753.424213  17.999  0.052   229   12 c  0   1.56 211.41354  20.64121  1240.58  7105.91 2.53 2.44 -56.2 -0.430 19.33 21.09 02a59753o0389c
59753.438869  17.951  0.054   240   13 c  0   1.30 211.41354  20.64121  1261.07  6989.63 2.40 2.30 -50.5 -0.444 19.37 20.95 02a59753o0420c
59754.325468  17.903  0.045   250   11 c  0   0.95 211.41354  20.64121  7241.86  7239.05 2.67 2.41  32.6 -0.410 19.68 21.44 02a59754o0179c
59754.328666  17.918  0.041   247   10 c  0   1.94 211.41354  20.64121  7224.40  7200.52 2.64 2.41  33.7 -0.414 19.66 21.43 02a59754o0186c
59754.335546  17.971  0.045   235   10 c  0   1.99 211.41354  20.64121  7281.06  7278.78 2.66 2.42  30.9 -0.410 19.68 21.42 02a59754o0201c
59754.346125  17.997  0.050   230   11 c  0   1.06 211.41354  20.64121  7299.96  7163.26 2.71 2.42  33.6 -0.409 19.62 21.36 02a59754o0224c
59755.392828  18.042  0.073   220   16 o  0   1.19 211.41354  20.64121  1340.90  3517.13 3.51 3.35 -32.4 -0.424 19.11 20.78 01a59755o0230o
59755.395616  18.071  0.078   215   17 o  0   1.28 211.41354  20.64121  1363.87  3554.39 3.32 3.21 -53.1 -0.441 19.12 20.75 01a59755o0236o
59755.403024  18.263  0.093   180   17 o  0   1.13 211.41354  20.64121  1304.25  3477.66 3.47 3.40 -30.1 -0.429 19.03 20.73 01a59755o0252o
59755.415233  18.063  0.088   216   19 o  0   1.15 211.41354  20.64121  1287.57  3593.80 3.51 3.18 -46.5 -0.449 19.09 20.65 01a59755o0278o
59756.354888  18.186  0.085   193   16 o  0   1.47 211.41354  20.64121  1331.83  3512.06 2.69 2.54 -52.8 -0.516 19.22 20.80 01a59756o0168o
59756.358580  18.027  0.071   224   16 o  0   1.07 211.41354  20.64121  1354.82  3551.15 2.82 2.59 -50.8 -0.507 19.11 20.67 01a59756o0176o
59756.365045  18.040  0.063   221   14 o  0   1.21 211.41354  20.64121  1295.60  3473.72 2.70 2.50 -47.3 -0.526 19.36 20.93 01a59756o0190o
59756.391213  18.219  0.095   187   18 o  0   0.98 211.41354  20.64121  1286.13  3592.34 2.68 2.56 -46.5 -0.507 19.14 20.66 01a59756o0246o
59757.351205  18.146  0.208   200   42 c  0   0.97 211.41354  20.64121  7239.42  7244.16 2.63 2.43  31.2 -0.403 18.11 19.59 02a59757o0102c
59757.354869  17.972  0.330   235   78 c  0   0.93 211.41354  20.64121  7220.20  7205.43 2.65 2.46  28.7 -0.429 17.39 18.80 02a59757o0110c
59757.361726  17.813  0.285   272   78 c  0   1.28 211.41354  20.64121  7278.53  7283.77 2.65 2.46  27.0 -0.427 17.51 19.02 02a59757o0125c
59757.386626  18.057  0.078   217   17 c  0   1.12 211.41354  20.64121  7303.22  7171.29 2.65 2.46  28.7 -0.410 19.32 20.88 02a59757o0179c
59758.295740  17.926  0.106   245   26 c  0   1.48 211.41354  20.64121  7247.31  7236.13 2.74 2.51  30.9 -0.406 18.61 20.24 02a59758o0111c
59758.298914  18.099  0.090   209   19 c  0   1.21 211.41354  20.64121  7227.94  7198.47 2.66 2.44  33.2 -0.410 19.08 20.77 02a59758o0118c
59758.304065  18.215  0.102   188   19 c  0   0.94 211.41354  20.64121  7286.43  7277.75 3.08 2.96  37.7 -0.390 18.94 20.90 02a59758o0129c
59758.313810  17.991  0.053   231   12 c  0   1.19 211.41354  20.64121  7305.51  7162.04 2.68 2.44  32.0 -0.405 19.51 21.25 02a59758o0150c
59759.302266  18.211  0.068   189   13 o  0   1.31 211.41354  20.64121  1324.09  3507.75 3.13 2.92 -50.6 -0.467 19.38 21.16 01a59759o0140o
59759.305461  18.214  0.070   188   13 o  0   1.06 211.41354  20.64121  1343.43  3546.20 2.97 2.80 -53.5 -0.474 19.39 21.19 01a59759o0147o
59759.311898  17.989  0.123   232   28 o  0   1.38 211.41354  20.64121  1283.25  3469.44 3.18 2.94 -44.7 -0.457 19.04 20.50 01a59759o0161o
59759.322042  18.131  0.090   203   18 o  0   1.26 211.41354  20.64121  1268.45  3588.29 3.00 2.83 -43.3 -0.476 19.14 21.21 01a59759o0183o
59760.321084  18.044  0.071   220   16 o  0   0.95 211.41354  20.64121  3698.64 10082.77 2.83 2.63 -41.6 -0.471 19.32 20.92 01a59760o0106o
59760.323824  18.168  0.073   196   14 o  0   0.91 211.41354  20.64121  3720.02 10122.09 2.85 2.63 -41.1 -0.469 19.40 20.99 01a59760o0112o
59760.330692  18.210  0.082   189   16 o  0   0.85 211.41354  20.64121  3659.45 10045.79 2.88 2.70 -44.1 -0.461 19.37 20.99 01a59760o0127o
59760.340366  18.015  0.071   226   16 o  0   0.76 211.41354  20.64121  3642.04 10163.89 2.88 2.60 -40.1 -0.468 19.33 20.90 01a59760o0148o
59763.274464  18.172  0.064   196   12 o  0   1.34 211.41354  20.64121  3682.27 10079.24 3.26 3.07 -31.5 -0.423 19.34 21.17 01a59763o0073o
59763.277653  18.128  0.064   204   13 o  0   1.26 211.41354  20.64121  3703.41 10118.31 2.97 2.80 -39.9 -0.434 19.28 20.95 01a59763o0080o
59763.290450  18.047  0.057   220   12 o  0   1.34 211.41354  20.64121  3644.33 10042.29 3.05 2.86 -44.4 -0.433 19.38 21.13 01a59763o0107o
59763.295954  18.270  0.086   179   15 o  0   0.87 211.41354  20.64121  3628.41 10161.33 2.96 2.81 -37.6 -0.432 19.43 21.11 01a59763o0119o
59764.274038  18.216  0.073   188   14 o  0   1.42 211.41354  20.64121  3682.57 10077.37 2.78 2.65 -42.7 -0.465 19.37 20.69 01a59764o0068o
59764.277245  18.258  0.074   181   13 o  0   1.24 211.41354  20.64121  3704.86 10116.44 2.73 2.60 -39.2 -0.472 19.37 20.73 01a59764o0075o
59764.287304  18.313  0.081   172   14 o  0   1.24 211.41354  20.64121  3644.87 10040.77 2.73 2.62 -88.6 -0.464 19.37 20.72 01a59764o0096o
59764.293270  18.310  0.082   172   14 o  0   0.99 211.41354  20.64121  3629.42 10159.16 2.70 2.57 -41.6 -0.479 19.35 20.69 01a59764o0109o
59765.274889  18.274  0.067   178   12 o  0   1.08 211.41354  20.64121  7349.83  2690.32 2.08 2.03  35.8 -0.426 19.49 20.56 02a59765o0069o
59765.278549  18.254  0.073   181   13 o  0   0.84 211.41354  20.64121  7330.87  2651.14 2.04 2.01  57.0 -0.431 19.49 20.54 02a59765o0077o
59765.287168  18.242  0.072   183   13 o  0   0.92 211.41354  20.64121  7388.82  2730.07 2.11 2.05  34.6 -0.430 19.46 20.58 02a59765o0096o
59765.297316  18.424  0.088   155   14 o  0   1.34 211.41354  20.64121  7410.15  2616.11 2.20 2.13  20.6 -0.427 19.28 20.34 02a59765o0118o
59766.270938  18.162  0.080   197   16 o  0   1.01 211.41354  20.64121  7351.06  2692.54 2.19 2.14  54.1 -0.423 19.20 20.08 02a59766o0061o
59766.275022  18.309  0.103   172   18 o  0   1.01 211.41354  20.64121  7331.63  2652.80 2.21 2.15  51.3 -0.413 19.11 19.92 02a59766o0070o
59766.280456  18.361  0.091   164   15 o  0   1.30 211.41354  20.64121  7390.46  2731.59 2.10 2.00  35.4 -0.430 19.18 19.95 02a59766o0082o
59766.291429  18.361  0.085   164   14 o  0   0.84 211.41354  20.64121  7411.88  2615.86 2.07 2.00  23.3 -0.423 19.35 20.30 02a59766o0106o
59767.279280  18.263  0.198   180   36 o  0   1.21 211.41354  20.64121  3683.83 10077.20 2.68 2.59 -88.2 -0.473 18.21 18.74 01a59767o0087o
59767.282055  18.054  0.207   218   45 o  0   1.30 211.41354  20.64121  3706.05 10115.20 2.63 2.56 -47.0 -0.489 18.13 18.75 01a59767o0093o
59767.287514  18.385  0.125   161   20 o  0   1.07 211.41354  20.64121  3645.35 10037.96 2.69 2.60 -42.2 -0.480 19.06 20.08 01a59767o0105o
59767.298459  18.385  0.115   161   18 o  0   0.96 211.41354  20.64121  3629.74 10157.02 2.82 2.68 -54.8 -0.464 19.13 20.21 01a59767o0128o
59768.332017  18.404  0.144   158   23 o  0   0.76 211.41354  20.64121  5456.90  3733.03 2.75 2.60  38.9 -0.472 18.85 19.70 01a59768o0091o
59768.336120  18.572  0.122   135   16 o  0   1.55 211.41354  20.64121  5478.30  3771.76 2.57 2.56   8.3 -0.490 18.93 19.76 01a59768o0100o
59768.342502  18.116  0.095   206   20 o  0   1.03 211.41354  20.64121  5419.87  3697.66 2.61 2.58 -57.7 -0.490 18.93 19.74 01a59768o0114o
59768.362170  18.202  0.094   190   18 o  0   1.33 211.41354  20.64121  5405.67  3815.42 2.72 2.62  34.0 -0.469 18.84 19.70 01a59768o0157o
59769.263600  18.705  0.208   120   25 o  0   0.94 211.41354  20.64121  7352.15  2692.78 1.98 1.89  32.0 -0.439 18.78 19.11 02a59769o0045o
59769.268728  18.250  0.094   182   17 o  0   1.02 211.41354  20.64121  7333.12  2653.47 1.98 1.93  34.2 -0.434 18.97 19.45 02a59769o0056o
59769.272830  18.339  0.086   168   14 o  0   1.15 211.41354  20.64121  7391.43  2731.09 1.99 1.87  34.4 -0.436 19.14 19.75 02a59769o0065o
59769.284095  18.359  0.105   165   17 o  0   0.90 211.41354  20.64121  7411.14  2617.35 2.01 1.87  35.7 -0.436 19.07 19.60 02a59769o0088o
59770.307435  18.686  0.152   122   19 o  0   1.17 211.41354  20.64121  5115.13  8786.16 2.25 2.12  35.1 -0.431 19.02 19.59 02a59770o0144o
59770.311066  18.356  0.109   165   18 o  0   1.42 211.41354  20.64121  5095.76  8747.00 2.26 2.09  32.4 -0.428 19.01 19.58 02a59770o0152o
59770.317418  18.417  0.132   156   20 o  0   1.27 211.41354  20.64121  5153.27  8824.78 2.27 2.12  36.1 -0.430 19.00 19.57 02a59770o0166o
59770.327393  18.325  0.112   170   19 o  0   1.17 211.41354  20.64121  5173.32  8708.42 2.38 2.20  37.0 -0.417 18.95 19.54 02a59770o0188o
59771.309998  18.976  0.333    93   31 o  0   1.71 211.41354  20.64121  5458.36  3733.43 2.84 2.77 -55.7 -0.455 18.20 18.74 01a59771o0146o
59771.316475  18.133  0.153   203   31 o  0   1.23 211.41354  20.64121  5480.27  3772.60 2.77 2.73  38.4 -0.466 18.32 18.90 01a59771o0160o
59771.323309  18.076  0.154   214   33 o  0   0.89 211.41354  20.64121  5422.04  3697.34 2.66 2.65 -72.3 -0.477 18.41 18.92 01a59771o0175o
59771.335165  18.318  0.259   171   44 o  0   1.07 211.41354  20.64121  5406.56  3815.01 2.86 2.78  43.7 -0.455 18.01 18.42 01a59771o0201o
59772.261203  18.428  0.142   154   22 o  0   1.03 211.41354  20.64121  5444.94  3728.16 2.55 2.46 -55.4 -0.505 18.88 19.76 01a59772o0041o
59772.266675  18.499  0.128   145   18 o  0   1.13 211.41354  20.64121  5466.81  3767.61 2.49 2.45 -90.0 -0.501 18.91 19.75 01a59772o0053o
59772.271322  18.491  0.135   146   20 o  0   1.23 211.41354  20.64121  5408.25  3690.74 2.51 2.44 -53.7 -0.511 18.92 19.74 01a59772o0063o
59772.283285  18.390  0.116   160   19 o  0   1.29 211.41354  20.64121  5395.49  3808.43 2.52 2.50  47.2 -0.502 18.88 19.68 01a59772o0089o
59774.262544  18.453  0.118   151   18 o  0   1.35 211.41354  20.64121  5116.14  8782.81 2.19 2.15  17.2 -0.434 19.06 19.59 02a59774o0039o
59774.265709  18.499  0.132   145   19 o  0   1.57 211.41354  20.64121  5098.22  8744.78 2.15 2.12 -55.9 -0.433 19.03 19.57 02a59774o0046o
59774.275759  18.516  0.128   142   18 o  0   1.57 211.41354  20.64121  5155.84  8824.27 2.06 2.04  17.8 -0.445 18.99 19.49 02a59774o0068o
59774.282570  18.271  0.112   179   20 o  0   1.45 211.41354  20.64121  5174.56  8705.74 2.08 2.04  29.5 -0.441 19.04 19.44 02a59774o0083o
59775.253858  18.379  0.126   162   20 o  0   0.82 211.41354  20.64121  5443.67  3726.06 3.35 3.28  58.6 -0.437 19.01 20.68 01a59775o0024o
59775.257115  18.326  0.110   170   19 o  0   1.10 211.41354  20.64121  5465.65  3765.02 4.09 4.03 -73.4 -0.414 18.86 20.86 01a59775o0031o
59775.262630  18.412  0.088   157   14 o  0   1.01 211.41354  20.64121  5409.23  3690.01 2.75 2.67 -52.8 -0.473 19.38 20.97 01a59775o0043o
59775.276986  18.597  0.116   132   15 o  0   1.09 211.41354  20.64121  5392.41  3810.65 2.74 2.70  42.9 -0.465 19.19 20.41 01a59775o0074o
59778.297854  18.473  0.072   148   11 c  0   1.06 211.41354  20.64121  1206.38  2506.64 2.36 2.26 -79.8 -0.436 19.59 21.24 02a59778o0116c
59778.301480  18.469  0.071   149   11 c  0   1.23 211.41354  20.64121  1186.73  2467.85 2.35 2.29  89.5 -0.434 19.60 21.22 02a59778o0124c
59778.306906  18.464  0.075   149   11 c  0   1.12 211.41354  20.64121  1248.48  2544.40 2.43 2.28 -68.6 -0.438 19.57 21.18 02a59778o0136c
59778.322316  18.540  0.085   139   12 c  0   0.89 211.41354  20.64121  1269.93  2426.37 2.40 2.29 -71.7 -0.435 19.54 21.13 02a59778o0170c
59779.317731  18.548  0.110   138   15 o  0   0.84 211.41354  20.64121  9328.46  6038.30 2.73 2.66 -76.9 -0.464 19.41 20.85 01a59779o0171o
59779.320927  18.389  0.079   160   13 o  0   1.03 211.41354  20.64121  9348.98  6077.10 2.76 2.64  42.0 -0.448 19.39 20.83 01a59779o0178o
59779.327770  18.473  0.097   148   14 o  0   1.23 211.41354  20.64121  9288.71  6003.70 2.72 2.67  70.7 -0.458 19.34 20.73 01a59779o0193o
59779.341444  18.292  0.091   175   16 o  0   1.13 211.41354  20.64121  9273.05  6124.78 2.97 2.77  40.8 -0.418 19.27 20.64 01a59779o0223o
59780.252851  18.451  0.126   151   19 o  0   1.41 211.41354  20.64121  9319.19  6028.31 2.81 2.55 -69.0 -0.486 19.03 19.95 01a59780o0034o
59780.258387  18.268  0.096   179   17 o  0   0.80 211.41354  20.64121  9342.18  6066.77 2.78 2.48 -64.5 -0.497 19.23 20.46 01a59780o0046o
59780.278570  18.560  0.097   137   13 o  0   1.12 211.41354  20.64121  9284.78  5994.35 2.75 2.66  65.6 -0.462 19.42 20.83 01a59780o0090o
59780.294411  18.210  0.081   189   15 o  0   1.03 211.41354  20.64121  9267.22  6114.91 2.80 2.51 -67.5 -0.495 19.45 20.83 01a59780o0124o
59781.299553  18.531  0.073   140   10 c  0   1.24 211.41354  20.64121  1203.41  2505.31 2.44 2.26 -63.5 -0.435 19.58 21.20 02a59781o0128c
59781.302727  18.656  0.089   125   11 c  0   0.93 211.41354  20.64121  1184.59  2465.45 2.37 2.25 -75.1 -0.442 19.58 21.18 02a59781o0135c
59781.308614  18.457  0.062   150    9 c  0   1.37 211.41354  20.64121  1246.20  2542.55 2.41 2.25 -69.4 -0.437 19.58 21.17 02a59781o0148c
59781.321766  18.535  0.077   140   11 c  0   1.04 211.41354  20.64121  1268.31  2424.21 2.49 2.34 -60.1 -0.434 19.47 21.09 02a59781o0177c
59782.308287  18.511  0.074   143   11 c  0   1.39 211.41354  20.64121  1205.35  2508.40 2.38 2.28 -79.6 -0.438 19.61 21.28 02a59782o0076c
59782.311451  18.531  0.086   140   12 c  0   0.66 211.41354  20.64121  1186.84  2468.62 2.42 2.21 -67.3 -0.445 19.62 21.27 02a59782o0083c
59782.317352  18.518  0.078   142   11 c  0   1.09 211.41354  20.64121  1247.06  2545.41 2.42 2.25 -68.7 -0.437 19.61 21.26 02a59782o0096c
59782.327787  18.391  0.078   160   12 c  0   0.93 211.41354  20.64121  1267.21  2427.42 2.41 2.24 -68.8 -0.439 19.56 21.20 02a59782o0119c
59785.327281  18.637  0.086   127   11 c  0   1.00 211.41354  20.64121  1207.09  2508.51 2.36 2.26 -77.7 -0.439 19.49 20.98 02a59785o0018c
59785.330454  18.509  0.074   143   11 c  0   1.15 211.41354  20.64121  1186.55  2469.73 2.47 2.35 -71.0 -0.430 19.40 20.97 02a59785o0025c
59785.336787  18.548  0.084   138   12 c  0   1.04 211.41354  20.64121  1246.55  2546.11 2.42 2.32 -76.2 -0.427 19.47 20.96 02a59785o0039c
59785.346746  18.788  0.118   111   13 c  0   0.86 211.41354  20.64121  1264.76  2429.47 2.43 2.33 -74.3 -0.436 19.39 20.89 02a59785o0061c
59786.320968  18.695  0.109   121   13 c  0   1.16 211.41354  20.64121  9280.49  9125.10 2.78 2.69 -16.7 -0.383 19.52 21.06 02a59786o0178c
59786.324164  18.760  0.110   114   12 c  0   1.41 211.41354  20.64121  9261.08  9086.17 2.83 2.67  15.7 -0.382 19.53 21.08 02a59786o0185c
59786.341897  18.507  0.099   144   14 c  0   1.03 211.41354  20.64121  9318.58  9166.46 2.91 2.77  10.0 -0.374 19.48 21.11 02a59786o0224c
59786.349632  18.561  0.098   137   14 c  0   0.96 211.41354  20.64121  9334.88  9052.56 2.85 2.64  15.3 -0.385 19.49 21.11 02a59786o0241c
59787.281160  18.569  0.106   136   14 o  0   1.22 211.41354  20.64121  1351.03  9729.84 2.90 2.60 -44.2 -0.505 19.34 20.86 01a59787o0100o
59787.284348  18.416  0.106   156   17 o  0   1.01 211.41354  20.64121  1373.11  9768.87 3.16 2.76 -44.8 -0.568 19.29 20.85 01a59787o0107o
59787.290727  18.480  0.093   147   14 o  0   1.69 211.41354  20.64121  1309.86  9692.86 2.81 2.49 -44.1 -0.525 19.39 20.82 01a59787o0121o
59787.301198  18.647  0.105   126   13 o  0   1.56 211.41354  20.64121  1291.01  9812.98 2.73 2.39 -48.9 -0.541 19.39 20.78 01a59787o0144o
59788.247664  18.751  0.260   115   30 o  0   0.97 211.41354  20.64121  1334.21  9728.81 2.69 2.40 -52.4 -0.536 18.66 19.34 01a59788o0027o
59788.250849  18.642  0.141   127   18 o  0   1.43 211.41354  20.64121  1355.48  9770.52 2.65 2.37 -55.6 -0.538 19.06 19.99 01a59788o0034o
59788.258399  18.597  0.107   132   14 o  0   1.20 211.41354  20.64121  1297.46  9694.48 2.74 2.33 -48.6 -0.540 19.36 20.73 01a59788o0050o
59788.275307  18.683  0.133   122   16 o  0   0.79 211.41354  20.64121  1279.98  9812.54 2.77 2.39 -46.7 -0.526 19.42 20.92 01a59788o0086o
59790.250769  18.956  0.224    95   21 c  0   0.90 211.41354  20.64121  9286.19  9125.70 2.71 2.58  15.6 -0.391 19.10 20.25 02a59790o0029c
59790.253932  18.508  0.110   144   16 c  0   0.96 211.41354  20.64121  9266.19  9085.75 2.69 2.59  17.1 -0.389 19.38 20.71 02a59790o0036c
59790.260267  18.841  0.215   106   23 c  0   0.96 211.41354  20.64121  9323.36  9165.63 2.70 2.60  -5.5 -0.385 19.43 20.92 02a59790o0050c
59790.270299  18.817  0.110   108   12 c  0   1.35 211.41354  20.64121  9339.44  9048.57 2.67 2.57  -1.1 -0.390 19.61 21.18 02a59790o0072c
59791.246452  18.639  0.122   127   16 o  0   1.26 211.41354  20.64121  1332.20  9726.77 2.58 2.32 -56.8 -0.543 19.21 20.23 01a59791o0017o
59791.249640  18.659  0.124   125   15 o  0   0.95 211.41354  20.64121  1354.00  9766.23 2.61 2.27 -53.2 -0.542 19.34 20.51 01a59791o0024o
59791.256188  18.535  0.107   140   15 o  0   0.82 211.41354  20.64121  1294.46  9689.05 2.56 2.25 -50.9 -0.553 19.43 20.73 01a59791o0038o
59791.280150  18.473  0.086   148   13 o  0   1.40 211.41354  20.64121  1279.14  9809.26 2.81 2.45 -52.5 -0.513 19.34 20.79 01a59791o0089o
59792.250728  18.454  0.102   151   15 o  0   1.14 211.41354  20.64121  7170.95  7651.55 2.69 2.63 -85.5 -0.475 19.19 20.26 01a59792o0026o
59792.268491  18.550  0.104   138   14 o  0   0.92 211.41354  20.64121  7194.82  7691.11 2.75 2.66  76.7 -0.466 19.35 20.74 01a59792o0064o
59792.272736  18.632  0.123   128   16 o  0   0.91 211.41354  20.64121  7133.62  7616.69 2.74 2.64 -67.0 -0.474 19.35 20.73 01a59792o0073o
59793.248594  18.837  0.297   106   32 c  0   1.10 211.41354  20.64121  9293.70  9134.44 2.83 2.74 -60.0 -0.372 18.72 19.81 02a59793o0023c
59793.251758  18.917  0.221    98   22 c  0   0.88 211.41354  20.64121  9274.88  9091.92 2.94 2.75 -58.5 -0.377 19.08 20.32 02a59793o0030c
59793.258097  18.884  0.141   101   14 c  0   0.94 211.41354  20.64121  9334.14  9170.70 2.88 2.66 -56.8 -0.378 19.40 20.80 02a59793o0044c
59793.269700  18.585  0.109   134   14 c  0   1.10 211.41354  20.64121  9350.99  9051.99 2.91 2.75 -50.9 -0.380 19.42 20.86 02a59793o0069c
59795.334662  18.656  0.184   125   23 o  0   1.15 211.41354  20.64121  7175.75  7669.39 3.04 2.88  84.1 -0.438 18.80 19.83 01a59795o0039o
59795.338331  18.382  0.154   161   25 o  0   1.15 211.41354  20.64121  7199.98  7708.03 3.36 3.02  52.5 -0.408 18.71 19.80 01a59795o0047o
59795.344776  18.801  0.271   110   30 o  0   1.02 211.41354  20.64121  7136.22  7636.10 3.65 3.48 -80.7 -0.400 18.50 19.75 01a59795o0061o
59795.354840  18.454  0.190   151   29 o  0   1.10 211.41354  20.64121  7118.29  7756.16 3.38 3.25  78.2 -0.411 18.53 19.67 01a59795o0083o
59797.279760  18.671  0.137   124   17 o  0   1.15 211.41354  20.64121  5475.99  4722.76 2.34 2.03  35.4 -0.448 19.09 19.92 02a59797o0098o
59797.283842  18.734  0.175   116   20 o  0   0.89 211.41354  20.64121  5456.67  4683.19 2.63 2.11  34.5 -0.428 19.04 19.90 02a59797o0107o
59797.290247  18.666  0.147   124   18 o  0   1.08 211.41354  20.64121  5515.06  4759.96 2.41 2.05  34.9 -0.437 19.08 19.88 02a59797o0121o
59800.298044  18.617  0.181   130   24 o  0   0.96 211.41354  20.64121  3112.66  1453.28 2.67 2.49 -38.5 -0.546 18.77 19.55 01a59800o0137o
59800.300835  19.010  0.237    90   22 o  0   1.24 211.41354  20.64121  3133.28  1492.28 2.62 2.48 -37.5 -0.537 18.75 19.52 01a59800o0143o
59800.309149  18.504  0.194   144   28 o  0   1.16 211.41354  20.64121  3075.35  1415.25 2.78 2.55 -30.8 -0.522 18.68 19.42 01a59800o0161o
59800.343713  18.199  0.178   191   34 o  0   0.98 211.41354  20.64121  3065.96  1535.50 2.81 2.62 -44.5 -0.518 18.33 18.96 01a59800o0235o
59805.268469  18.705  0.112   120   13 o  0   1.26 211.41354  20.64121  7423.36  4633.90 2.24 1.97  32.0 -0.436 19.41 20.41 02a59805o0085o
59805.271636  18.600  0.112   132   15 o  0   1.02 211.41354  20.64121  7404.26  4594.91 2.27 1.99  33.1 -0.433 19.37 20.33 02a59805o0092o
59805.278484  18.756  0.146   114   17 o  0   1.00 211.41354  20.64121  7463.55  4670.24 2.05 2.05 -80.3 -0.441 19.18 20.12 02a59805o0107o
59805.289002  18.661  0.144   125   18 o  0   1.37 211.41354  20.64121  7481.78  4555.49 2.29 1.97  30.3 -0.428 18.99 19.57 02a59805o0130o
59808.291169  18.665  0.128   124   16 o  0   1.26 211.41354  20.64121  7031.07  5736.92 2.72 2.62  50.0 -0.456 19.16 20.26 01a59808o0054o
59808.296634  18.438  0.112   153   17 o  0   1.09 211.41354  20.64121  7052.11  5776.15 2.88 2.71  47.5 -0.437 19.09 20.24 01a59808o0066o
59808.299826  18.695  0.118   121   14 o  0   1.64 211.41354  20.64121  6991.49  5702.00 2.79 2.71  59.4 -0.444 19.11 20.23 01a59808o0073o
59810.260578  19.155  0.162    79   13 c  0   0.94 211.41354  20.64121  9316.88  2613.82 2.47 2.37  -7.7 -0.407 19.49 21.24 02a59810o0067c
59810.265123  19.087  0.138    84   12 c  0   1.11 211.41354  20.64121  9297.78  2572.77 2.48 2.30 -48.3 -0.411 19.51 21.25 02a59810o0077c
59810.270590  18.800  0.112   110   12 c  0   1.11 211.41354  20.64121  9357.30  2651.13 2.49 2.34 -38.0 -0.409 19.50 21.24 02a59810o0089c
59810.282890  19.237  0.205    73   15 c  0   0.80 211.41354  20.64121  9377.98  2533.42 2.47 2.27 -42.7 -0.420 19.47 21.20 02a59810o0116c
59811.265436  18.928  0.171    98   17 o  0   1.13 211.41354  20.64121  7031.09  5733.18 2.98 2.73  47.3 -0.431 19.11 20.25 01a59811o0089o
59811.268623  18.588  0.124   133   16 o  0   1.29 211.41354  20.64121  7051.73  5771.59 2.98 2.78  48.8 -0.424 19.07 20.21 01a59811o0096o
59811.288745  18.683  0.164   122   20 o  0   0.82 211.41354  20.64121  6990.76  5701.47 2.93 2.82  53.1 -0.444 19.00 20.05 01a59811o0140o
59812.254774  18.851  0.156   105   16 o  0   1.02 211.41354  20.64121  7030.56  5730.37 3.10 2.77  46.7 -0.459 19.15 20.41 01a59812o0069o
59812.264830  18.656  0.121   125   15 o  0   1.27 211.41354  20.64121  7053.55  5771.34 3.02 2.72  47.1 -0.421 19.18 20.39 01a59812o0091o
59812.268019  18.951  0.170    95   16 o  0   1.11 211.41354  20.64121  6993.04  5695.90 2.81 2.65  52.1 -0.454 19.22 20.38 01a59812o0098o
59812.273948  19.131  0.193    81   16 o  0   1.01 211.41354  20.64121  6977.94  5813.45 2.97 2.71  46.4 -0.429 19.12 20.35 01a59812o0111o
59813.245036  18.943  0.186    96   18 c  0   1.18 211.41354  20.64121  9323.79  2615.70 2.76 2.59 -47.7 -0.395 19.11 20.56 02a59813o0039c
59813.248665  20.052  0.432    35   15 c  0   0.93 211.41354  20.64121  9304.55  2576.21 3.00 2.78 -38.3 -0.400 19.16 20.87 02a59813o0047c
59813.254090  19.256  0.179    72   13 c  0   1.29 211.41354  20.64121  9364.39  2654.35 2.74 2.64 -39.2 -0.397 19.29 21.01 02a59813o0059c
59813.265953  19.403  0.239    63   15 c  0   1.04 211.41354  20.64121  9386.88  2536.12 3.06 2.88 -38.0 -0.393 19.19 21.00 02a59813o0085c
59815.248647  19.710  0.837    47   40 o  0   1.26 211.41354  20.64121  7027.85  5729.71 3.45 2.96  46.1 -0.375 18.05 19.18 01a59815o0110o
59815.255489  18.778  0.178   112   20 o  0   1.12 211.41354  20.64121  7048.04  5768.63 3.41 3.02  41.7 -0.379 18.87 20.16 01a59815o0125o
59815.259136  18.784  0.164   111   18 o  0   1.10 211.41354  20.64121  6989.64  5694.11 3.23 2.91  40.0 -0.402 18.90 20.09 01a59815o0133o
59815.271896  18.951  0.200    95   19 o  0   1.09 211.41354  20.64121  6971.98  5814.89 3.12 2.89  48.1 -0.414 18.92 20.11 01a59815o0161o
59816.240067  18.540  0.180   139   25 o  0   1.11 211.41354  20.64121  5647.14  9941.53 3.35 2.79  58.1 -0.423 18.68 19.52 01a59816o0020o
59816.244166  19.012  0.271    90   24 o  0   0.94 211.41354  20.64121  5668.00  9980.32 3.43 3.05  54.6 -0.407 18.75 19.87 01a59816o0029o
59816.250547  18.906  0.223    99   22 o  0   1.02 211.41354  20.64121  5608.90  9904.86 3.23 2.88  60.7 -0.447 18.91 20.06 01a59816o0043o
59816.263341  18.926  0.207    98   20 o  0   1.11 211.41354  20.64121  5592.51 10025.75 3.04 2.79  61.7 -0.462 18.96 20.06 01a59816o0071o
59819.237130  18.945  0.318    96   31 o  0   1.08 211.41354  20.64121  5647.46  9942.52 4.07 3.72  58.1 -0.331 18.38 19.54 01a59819o0039o
59819.240317  19.056  0.341    87   30 o  0   1.09 211.41354  20.64121  5669.15  9980.90 4.37 4.07  45.7 -0.365 18.42 19.84 01a59819o0046o
59819.245780  19.277  0.261    71   18 o  0   1.24 211.41354  20.64121  5607.31  9905.85 3.51 3.24  59.0 -0.402 18.99 20.47 01a59819o0058o
59819.257673  18.884  0.181   102   18 o  0   0.92 211.41354  20.64121  5589.67 10026.24 3.43 3.06  57.8 -0.430 19.08 20.60 01a59819o0084o
59821.239099  19.262  0.252    72   18 c  0   1.25 211.41354  20.64121  3157.02  6951.07 2.65 2.44  37.2 -0.392 18.84 20.11 02a59821o0035c
59821.242263  19.583  0.327    53   17 c  0   0.93 211.41354  20.64121  3135.32  6910.90 2.68 2.50  41.0 -0.385 19.07 20.43 02a59821o0042c
59821.247691  19.961  0.351    38   13 c  0   1.09 211.41354  20.64121  3193.62  6989.53 2.51 2.46  54.0 -0.399 19.20 20.63 02a59821o0054c
59821.260385  19.307  0.211    69   14 c  0   1.15 211.41354  20.64121  3216.56  6872.04 2.46 2.41 -75.0 -0.411 19.20 20.67 02a59821o0082c
59824.243853  19.358  0.341    66   22 o  0   1.33 211.41354  20.64121  1200.68  6133.45 2.74 2.72  80.3 -0.473 18.80 19.81 01a59824o0061o
59824.247959  18.720  0.165   118   20 o  0   1.45 211.41354  20.64121  1221.97  6172.47 2.60 2.54 -73.5 -0.495 18.93 19.82 01a59824o0070o
59824.254792  18.829  0.215   107   23 o  0   1.23 211.41354  20.64121  1161.89  6095.95 2.61 2.54 -55.2 -0.498 18.86 19.77 01a59824o0085o
59824.264813  19.156  0.365    79   29 o  0   0.79 211.41354  20.64121  1144.74  6213.18 2.84 2.64 -44.9 -0.487 18.80 19.69 01a59824o0107o
59827.245348  18.794  0.220   110   24 o  0   0.95 211.41354  20.64121  1196.10  6134.54 2.78 2.69 -48.2 -0.473 18.75 19.62 01a59827o0069o
59827.254956  19.115  0.316    82   26 o  0   1.39 211.41354  20.64121  1218.70  6172.36 2.83 2.76 -43.7 -0.469 18.69 19.58 01a59827o0090o
59827.258170  19.572  0.498    54   27 o  0   0.96 211.41354  20.64121  1158.17  6095.90 2.75 2.60 -49.6 -0.499 18.76 19.55 01a59827o0097o
59835.221419  20.977  5.357    15   79 o  0   0.79 211.41354  20.64121  9501.26  9815.39 2.89 2.13 -53.8 -0.471 17.58 17.03 01a59835o0027o
59835.224649  18.824  0.431   107   46 o  0   1.16 211.41354  20.64121  9519.06  9855.16 3.12 2.06 -52.0 -0.470 18.29 18.05 01a59835o0034o
59835.231582  19.146  0.287    80   23 o  0   0.89 211.41354  20.64121  9455.68  9780.04 2.99 2.08 -51.9 -0.651 18.94 19.33 01a59835o0049o
59835.241752  18.778  0.206   112   23 o  0   1.02 211.41354  20.64121  9434.85  9904.23 3.22 2.13 -50.2 -0.484 19.10 19.73 01a59835o0071o
59957.645083 -22.103  2.786    -5   15 o  0   1.08 211.41354  20.64121  3314.88  3336.97 2.41 1.89  35.4 -0.448 19.12 19.97 02a59957o0926o
59957.647894  22.484  4.200     4   16 o  0   1.33 211.41354  20.64121  3333.34  3375.77 2.38 1.90  36.8 -0.449 19.18 20.04 02a59957o0932o
59957.657810  20.580  0.674    21   14 o  0   1.02 211.41354  20.64121  3259.10  3414.71 2.32 1.86  35.1 -0.458 19.20 19.97 02a59957o0953o
59966.588667  20.322  0.464    27   12 o  0   1.04 211.41354  20.64121  3223.67  7887.34 2.45 2.06  37.8 -0.405 19.46 20.78 02a59966o0814o
59966.590927  20.329  0.433    27   12 o  0   1.14 211.41354  20.64121  3242.74  7928.13 2.40 2.07  36.2 -0.409 19.47 20.79 02a59966o0819o
59966.595450  21.019  0.800    14   11 o  0   1.34 211.41354  20.64121  3182.39  7850.67 2.42 2.05  36.3 -0.410 19.45 20.82 02a59966o0829o
59966.605427  21.105  0.804    13   10 o  0   1.19 211.41354  20.64121  3162.90  7966.22 2.29 1.95  35.2 -0.418 19.51 20.83 02a59966o0850o
59969.615592  21.511  1.276     9   12 o  0   1.01 211.41354  20.64121  3220.16  7891.18 2.29 1.97  33.1 -0.417 19.53 20.91 02a59969o0630o
59969.617550  20.794  0.634    18   11 o  0   1.58 211.41354  20.64121  3239.26  7931.45 2.24 1.93  33.8 -0.421 19.54 20.93 02a59969o0634o
59969.627718  20.437  0.396    24   10 o  0   1.51 211.41354  20.64121  3174.22  7856.16 2.19 1.96  33.9 -0.425 19.57 20.92 02a59969o0654o
59969.630881  20.632  0.514    20   10 o  0   0.97 211.41354  20.64121  3156.79  7973.44 2.22 1.91  31.7 -0.414 19.57 20.91 02a59969o0661o
59985.302755 -20.378  2.469   -26   63 o  0   0.79 211.41354  20.64121  7288.86  7276.99 2.39 2.22 -35.9 -0.380 17.75 17.65 04a59985o0640o
59985.304556  20.398  2.172    25   55 o  0   1.21 211.41354  20.64121  7268.93  7238.59 2.74 2.46 -67.7 -0.375 17.67 17.70 04a59985o0644o
59985.316816  18.650  0.418   126   53 o  0   0.79 211.41354  20.64121  7325.85  7316.46 2.29 2.10 -37.3 -0.404 17.85 17.72 04a59985o0671o
59985.323134  19.562  0.963    54   52 o  0   1.10 211.41354  20.64121  7344.53  7200.94 2.40 2.14 -27.6 -0.387 17.84 17.74 04a59985o0685o
59988.022166 -20.163  0.815   -31   26 o  0   1.17 211.41354  20.64121  9179.23  6492.78 2.71 2.21 -56.9 -0.368 18.50 19.08 03a59988o0580o
59988.025346  21.051  1.861    14   26 o  0   1.31 211.41354  20.64121  9151.72  6457.53 2.77 2.37 -54.3 -0.368 18.47 19.12 03a59988o0587o
59988.042059  20.932  1.517    15   23 o  0   1.34 211.41354  20.64121  9183.84  6558.98 2.69 2.28 -51.4 -0.435 18.58 19.20 03a59988o0624o
59988.048365  22.720  8.412     3   25 o  0   0.91 211.41354  20.64121  9197.49  6453.08 2.68 2.32 -50.0 -0.372 18.61 19.27 03a59988o0638o
59989.306454 -23.054  7.812    -2   17 o  0   1.53 211.41354  20.64121  7283.81  7277.33 1.99 1.90 -49.6 -0.458 18.81 19.70 04a59989o0646o
59989.308256 -21.778  2.982    -7   21 o  0   1.02 211.41354  20.64121  7263.22  7238.41 2.10 1.87 -20.6 -0.434 18.94 19.82 04a59989o0650o
59989.311559  20.856  1.059    16   18 o  0   1.37 211.41354  20.64121  7320.82  7316.39 2.06 1.84 -26.7 -0.438 18.96 19.83 04a59989o0657o
59989.320575 -22.547  5.357    -4   19 o  0   1.30 211.41354  20.64121  7340.81  7200.57 1.93 1.84 -58.3 -0.448 18.87 19.81 04a59989o0677o
59993.351107  22.221  2.435     5   11 c  0   1.53 211.41354  20.64121  7366.95  2741.57 2.79 2.50 -23.2 -0.350 19.34 21.16 04a59993o0750c
59993.352910  22.857  4.000     3   10 c  0   1.40 211.41354  20.64121  7347.68  2702.00 2.56 2.15 -17.4 -0.372 19.42 21.17 04a59993o0754c
59993.356064  20.895  0.653    16   10 c  0   1.33 211.41354  20.64121  7406.62  2778.89 2.56 2.15 -18.3 -0.369 19.42 21.20 04a59993o0761c
59993.370090  21.251  0.972    12   11 c  0   1.18 211.41354  20.64121  7431.26  2661.00 2.54 2.12 -22.6 -0.368 19.49 21.22 04a59993o0791c
59997.330744  20.372  0.434    26   11 c  0   1.33 211.41354  20.64121  7359.80  2741.07 2.59 2.20 -16.0 -0.363 19.35 21.06 04a59997o0492c
59997.333448  20.954  0.758    15   11 c  0   1.13 211.41354  20.64121  7341.91  2702.31 2.59 2.18 -17.1 -0.373 19.42 21.16 04a59997o0498c
59997.336605 -20.814  0.649   -17   11 c  0   1.18 211.41354  20.64121  7401.48  2779.58 2.64 2.25 -19.0 -0.370 19.37 21.12 04a59997o0505c
59997.341632 -22.211  2.920    -5   14 c  0   0.82 211.41354  20.64121  7422.93  2662.71 2.74 2.37 -24.0 -0.363 19.39 21.20 04a59997o0516c
59998.535426 -23.399  6.889    -2   11 c  0   0.95 211.41354  20.64121 10209.89  2863.44 2.69 2.63 -33.8 -0.412 19.50 21.66 02a59998o0506c
59998.537700 -21.591  1.500    -8   13 c  0   0.84 211.41354  20.64121 10228.33  2901.03 2.66 2.59 -24.3 -0.413 19.50 21.65 02a59998o0511c
59998.543284  21.651  1.239     8   10 c  0   1.32 211.41354  20.64121 10168.17  2826.38 2.64 2.59 -42.5 -0.405 19.50 21.65 02a59998o0523c
59998.548254  20.301  0.338    28    9 c  0   1.23 211.41354  20.64121 10146.84  2944.53 2.70 2.56 -50.3 -0.413 19.50 21.65 02a59998o0534c
59998.558710  21.682  1.022     8    8 c  0   1.52 211.41354  20.64121   119.17  2856.87 2.61 2.59  49.3 -0.397 19.51 21.66 02a59998o0552c
59998.560519  21.825  1.093     7    7 c  0   2.31 211.41354  20.64121   139.14  2896.77 2.53 2.49  49.8 -0.405 19.52 21.65 02a59998o0556c
59998.565943  20.921  0.742    16   12 c  0   0.99 211.41354  20.64121    81.16  2814.17 2.53 2.49  40.8 -0.413 19.52 21.65 02a59998o0567c
59998.575716  22.568  3.500     3   12 c  0   0.95 211.41354  20.64121    62.32  2935.74 2.56 2.37  34.5 -0.419 19.44 21.73 02a59998o0587c
60001.275191  22.609  4.450     3   15 c  0   0.65 211.41354  20.64121  5155.84  8830.16 2.78 2.00 -67.6 -0.394 19.30 20.93 04a60001o0540c
60001.276993  23.997 13.200     1   12 c  0   1.37 211.41354  20.64121  5137.96  8791.46 2.88 2.12 -65.0 -0.398 19.27 20.92 04a60001o0544c
60001.304053  21.701  1.500     8   11 c  0   1.05 211.41354  20.64121  5196.98  8869.08 2.81 1.98 -68.2 -0.413 19.38 21.08 04a60001o0603c
60001.309506 -21.947  1.744    -6   10 c  0   1.16 211.41354  20.64121  5216.83  8751.18 2.74 1.94 -68.4 -0.404 19.43 21.16 04a60001o0615c
60001.560017 -21.972  1.829    -6   11 c  0   1.13 211.41354  20.64121  5128.56  5863.64 2.76 2.49  31.2 -0.386 19.52 21.51 02a60001o0367c
60001.561827 -21.276  1.000   -11   11 c  0   0.92 211.41354  20.64121  5148.58  5903.02 2.71 2.42  33.5 -0.397 19.54 21.51 02a60001o0371c
60001.564991 -21.206  0.809   -12   10 c  0   1.34 211.41354  20.64121  5090.62  5826.99 2.80 2.55  29.4 -0.387 19.51 21.49 02a60001o0378c
60001.570417 -21.716  1.302    -8   10 c  0   1.38 211.41354  20.64121  5071.67  5943.70 2.78 2.55  25.1 -0.391 19.46 21.49 02a60001o0390c
60004.056969  22.699  5.842     3   18 o  0   1.00 211.41354  20.64121  1150.86   738.97 2.55 2.25 -64.0 -0.422 19.19 20.36 03a60004o0678o
60004.060595  20.916  0.990    16   16 o  0   1.09 211.41354  20.64121  1132.20   699.15 2.58 2.26 -64.9 -0.416 19.19 20.36 03a60004o0686o
60004.063768  20.968  1.116    15   17 o  0   1.03 211.41354  20.64121  1191.15   778.26 2.69 2.35 -63.0 -0.412 19.14 20.37 03a60004o0693o
60004.073748 -23.818 14.000    -1   15 o  0   0.91 211.41354  20.64121  1217.04   660.77 2.37 2.05 -53.8 -0.431 19.29 20.39 03a60004o0714o
60005.309950  22.384  2.783     4   11 c  0   1.37 211.41354  20.64121  5161.29  8828.88 2.89 2.08 -67.3 -0.416 19.30 21.01 04a60005o0670c
60005.311751  20.679  0.620    19   12 c  0   1.23 211.41354  20.64121  5142.34  8789.80 2.96 2.11 -67.8 -0.402 19.36 21.03 04a60005o0674c
60005.316824  20.970  0.769    15   11 c  0   1.45 211.41354  20.64121  5201.87  8866.25 2.74 2.02 -67.7 -0.429 19.39 21.07 04a60005o0684c
60005.324485 -22.222  2.552    -5   12 c  0   0.88 211.41354  20.64121  5223.04  8748.31 2.80 2.02 -70.2 -0.402 19.37 21.13 04a60005o0701c
60008.016017 -20.633  1.556   -20   32 o  0   1.19 211.41354  20.64121  1182.41  6945.65 2.54 2.31 -52.8 -0.384 18.42 18.83 03a60008o0266o
60008.017836  19.743  0.723    46   33 o  0   1.10 211.41354  20.64121  1163.65  6906.69 2.49 2.26 -56.0 -0.387 18.42 18.82 03a60008o0270o
60008.020992  20.045  0.745    35   26 o  0   1.82 211.41354  20.64121  1220.41  6984.10 2.51 2.25 -50.2 -0.376 18.41 18.82 03a60008o0277o
60008.026156 -20.521  1.538   -22   35 o  0   0.90 211.41354  20.64121  1242.94  6867.19 2.50 2.24 -54.2 -0.400 18.45 18.82 03a60008o0288o
60009.210259 -21.849  7.091    -7   47 o  0   0.86 211.41354  20.64121  1220.41  2581.26 2.20 2.14  25.3 -0.399 17.92 18.12 04a60009o0475o
60009.212069  20.943  3.288    15   50 o  0   0.88 211.41354  20.64121  1200.13  2542.68 2.19 2.16   5.8 -0.367 17.96 18.14 04a60009o0479o
60009.218803  19.651  0.738    50   37 o  0   1.27 211.41354  20.64121  1259.36  2621.11 2.17 1.97  41.4 -0.437 18.09 18.20 04a60009o0493o
60009.226059  22.772 12.950     3   37 o  0   1.40 211.41354  20.64121  1276.07  2504.10 2.17 2.11  23.9 -0.377 18.03 18.22 04a60009o0509o
60009.438540  19.828  0.586    42   25 o  0   1.42 211.41354  20.64121  2281.73  5621.83 2.48 2.12  32.4 -0.410 18.49 19.07 02a60009o0414o
60009.447126  20.431  1.154    24   28 o  0   0.78 211.41354  20.64121  2306.74  5661.78 2.39 1.94  30.4 -0.423 18.65 19.09 02a60009o0432o
60009.454674  20.525  1.435    22   32 o  0   1.12 211.41354  20.64121  2252.93  5582.16 2.93 2.64  31.9 -0.371 18.27 19.11 02a60009o0448o
60009.458166  22.442  8.591     4   33 o  0   1.03 211.41354  20.64121  2234.99  5700.22 2.75 2.44  29.8 -0.391 18.41 19.13 02a60009o0455o
60016.022635  19.746  0.595    46   27 o  0   0.91 211.41354  20.64121  7200.41  7241.99 2.92 2.79 -43.9 -0.388 18.61 19.46 03a60016o0627o
60016.024438  20.635  1.176    20   24 o  0   0.97 211.41354  20.64121  7182.18  7202.57 2.55 2.30 -45.4 -0.415 18.78 19.46 03a60016o0631o
60016.027592  19.792  0.590    44   26 o  0   0.92 211.41354  20.64121  7238.27  7281.69 2.74 2.38 -44.4 -0.392 18.74 19.42 03a60016o0638o
60016.033003  21.344  2.303    10   24 o  0   1.04 211.41354  20.64121  7260.46  7166.45 2.55 2.32 -45.6 -0.399 18.77 19.43 03a60016o0650o
60017.283652  22.197  4.143     5   20 o  0   1.18 211.41354  20.64121  9321.26  9147.27 1.84 1.60 -76.5 -0.539 18.88 19.72 04a60017o0621o
60017.285599 -20.366  0.806   -26   21 o  0   1.23 211.41354  20.64121  9300.95  9108.18 1.82 1.73  -3.5 -0.554 18.95 19.75 04a60017o0625o
60017.288751  20.037  0.710    35   25 o  0   0.74 211.41354  20.64121  9360.39  9187.05 2.33 1.99  -2.8 -0.422 18.99 19.83 04a60017o0632o
60017.293746 -20.664  0.889   -20   18 o  0   1.89 211.41354  20.64121  9380.55  9070.12 1.84 1.78 -30.2 -0.529 18.94 19.76 04a60017o0642o
60018.511568   0.000 20.243     0   29 o  0   0.89 211.41354  20.64121  7039.94  7030.52 2.81 2.09  34.8 -0.413 18.44 19.61 02a60018o0628o
60018.538652  17.208  6.909   475 3282 o  0   1.77 211.41354  20.64121  3605.30 10356.13 3.00 2.23  32.7 -0.262 13.60 14.31 02a60018o0681o
60018.544064 -18.594  0.651  -133   86 o  0   0.67 211.41354  20.64121  3626.44 10235.11 2.13 2.01  27.6 -0.385 17.46 18.19 02a60018o0690o
60020.076686  20.691  0.638    19   12 o  0   0.95 211.41354  20.64121  3377.07  3315.81 2.16 1.91 -58.1 -0.431 19.36 20.54 03a60020o0273o
60020.083262  23.313  6.286     2   11 o  0   1.81 211.41354  20.64121  3396.41  3355.61 2.18 1.91 -59.7 -0.440 19.39 20.53 03a60020o0287o
60020.086876  21.144  0.845    13   11 o  0   1.59 211.41354  20.64121  3339.58  3276.67 2.18 1.92 -59.4 -0.431 19.37 20.50 03a60020o0295o
60020.100024 -20.972  0.929   -15   14 o  0   1.09 211.41354  20.64121  3319.58  3392.50 2.25 2.03 -57.3 -0.420 19.28 20.46 03a60020o0324o
60021.272440  20.963  0.833    15   12 o  0   1.26 211.41354  20.64121  9321.17  9147.40 2.00 1.80 -14.3 -0.493 19.34 20.70 04a60021o0604o
60021.274244 -22.196  2.421    -5   12 o  0   1.97 211.41354  20.64121  9301.04  9107.92 2.06 1.80  -9.1 -0.477 19.35 20.71 04a60021o0608o
60021.277484  20.257  0.466    29   13 o  0   1.23 211.41354  20.64121  9361.12  9186.66 2.18 1.95 -12.9 -0.455 19.31 20.73 04a60021o0615o
60021.284498  20.098  0.366    33   12 o  0   1.28 211.41354  20.64121  9381.31  9069.34 2.16 1.91 -14.6 -0.446 19.35 20.75 04a60021o0630o
60021.488759  20.983  0.655    15   10 o  0   1.46 211.41354  20.64121  7013.01  6991.48 2.38 1.86  35.7 -0.440 19.56 20.83 02a60021o0579o
60021.490568  23.223  6.714     2   12 o  0   1.08 211.41354  20.64121  7032.89  7029.44 2.35 1.86  37.3 -0.442 19.46 20.74 02a60021o0583o
60021.493313  22.138  2.175     5   11 o  0   1.57 211.41354  20.64121  6975.39  6952.12 2.37 1.86  35.6 -0.439 19.55 20.85 02a60021o0589o
60021.512798  20.837  0.838    17   14 o  0   1.21 211.41354  20.64121  6959.91  7071.17 2.46 1.88  31.6 -0.444 19.34 20.62 02a60021o0631o
60022.460399  21.185  1.021    12   12 o  0   1.17 211.41354  20.64121  7009.60  6989.63 2.43 1.95  35.7 -0.444 19.55 20.82 02a60022o0510o
60022.462207  22.270  2.389     4   11 o  0   1.15 211.41354  20.64121  7029.94  7027.89 2.36 1.94  35.8 -0.440 19.58 20.82 02a60022o0514o
60022.465109  20.031  0.330    35   12 o  0   1.32 211.41354  20.64121  6972.63  6950.74 2.46 1.95  34.2 -0.432 19.55 20.84 02a60022o0520o
60022.470536  24.656 20.500     0   10 o  0   1.78 211.41354  20.64121  6954.58  7067.81 2.39 1.92  35.4 -0.444 19.59 20.84 02a60022o0532o
60025.259637  19.742  0.283    46   13 o  0   1.29 211.41354  20.64121  5497.91  4770.54 2.23 1.97 -29.7 -0.501 19.24 20.69 04a60025o0570o
60025.261439  20.826  0.740    17   13 o  0   1.26 211.41354  20.64121  5478.15  4731.56 2.04 1.94 -33.2 -0.445 19.29 21.07 04a60025o0574o
60025.264628  20.984  0.893    15   13 o  0   1.04 211.41354  20.64121  5537.79  4808.61 2.06 1.89 -39.3 -0.464 19.29 21.25 04a60025o0581o
60025.286029  21.336  1.124    11   12 o  0   1.02 211.41354  20.64121  5003.79  5938.33 1.97 1.86 -49.5 -0.444 19.36 20.68 04a60025o0622o
60029.202182  20.275  0.557    28   16 o  0   1.12 211.41354  20.64121  5488.59  4776.61 2.06 1.92 -31.4 -0.489 19.17 20.92 04a60029o0483o
60029.217495  20.952  0.915    15   14 o  0   1.00 211.41354  20.64121  5468.70  4736.92 1.99 1.86 -39.8 -0.465 19.21 20.95 04a60029o0516o
60029.241986  20.788  0.675    18   12 o  0   1.21 211.41354  20.64121  5533.49  4813.95 2.13 1.95 -41.6 -0.481 19.23 21.21 04a60029o0568o
60029.245200  20.790  0.902    18   16 o  0   1.11 211.41354  20.64121  5555.30  4696.62 2.20 2.00 -26.6 -0.526 19.16 21.23 04a60029o0575o
60029.396771  22.186  2.000     5   10 o  0   2.47 211.41354  20.64121  7500.23  9090.33 2.35 2.02  34.2 -0.438 19.38 20.55 02a60029o0369o
60029.399944 -20.936  0.896   -15   14 o  0   1.23 211.41354  20.64121  7526.18  9129.39 2.10 2.06  41.0 -0.451 19.45 20.57 02a60029o0376o
60029.405922  22.513  4.000     4   14 o  0   0.85 211.41354  20.64121  7468.33  9052.85 2.17 2.11  39.0 -0.444 19.43 20.53 02a60029o0389o
60029.412324  20.083  0.355    34   12 o  0   1.44 211.41354  20.64121  7449.10  9169.91 2.36 2.02  35.4 -0.438 19.40 20.59 02a60029o0403o
60030.465108  22.432  2.857     4   11 o  0   1.47 211.41354  20.64121  7530.62  9089.53 2.29 2.20  57.7 -0.437 19.51 20.88 02a60030o0489o
60030.466917  20.993  0.721    15   10 o  0   1.53 211.41354  20.64121  7550.79  9128.40 2.23 2.11  45.4 -0.446 19.52 20.88 02a60030o0493o
60030.470081  20.906  0.884    16   14 o  0   0.93 211.41354  20.64121  7490.25  9051.60 2.37 2.15  40.8 -0.446 19.47 20.89 02a60030o0500o
60030.477966  22.380  3.345     4   14 o  0   0.89 211.41354  20.64121  7472.21  9170.22 2.32 2.15  42.4 -0.441 19.50 20.89 02a60030o0517o
60032.038326  21.157  0.765    12   10 c  0   1.60 211.41354  20.64121  5543.67  1829.92 2.54 2.33 -63.6 -0.396 19.50 21.24 03a60032o0219c
60032.042003 -21.096  0.761   -13   10 c  0   1.23 211.41354  20.64121  5562.43  1869.71 2.52 2.28 -63.6 -0.396 19.50 21.23 03a60032o0227c
60032.047532  25.174 35.000     0   11 c  0   0.89 211.41354  20.64121  5507.31  1790.91 2.56 2.29 -64.8 -0.401 19.48 21.22 03a60032o0239c
60032.058490  21.136  1.229    13   16 c  0   1.02 211.41354  20.64121  5486.97  1907.01 2.54 2.28 -63.4 -0.396 19.46 21.16 03a60032o0263c
60033.242444  20.073  0.434    34   15 o  0   0.91 211.41354  20.64121  7431.29  4674.56 2.23 2.02 -34.0 -0.419 19.33 20.71 04a60033o0581o
60033.253064  21.687  1.654     8   13 o  0   1.42 211.41354  20.64121  7417.47  4635.32 2.29 2.05 -23.6 -0.442 19.31 20.65 04a60033o0604o
60033.257304  20.934  0.759    15   12 o  0   2.02 211.41354  20.64121  7478.40  4712.29 2.67 2.45 -30.5 -0.393 19.14 20.73 04a60033o0613o
60033.265400  21.273  1.123    11   13 o  0   1.10 211.41354  20.64121  3055.09  6028.13 2.56 2.31 -76.2 -0.391 19.08 20.66 04a60033o0630o
60033.434935  20.227  0.578    30   17 o  0   1.30 211.41354  20.64121  7310.48  9839.61 2.10 2.01  46.2 -0.449 19.06 19.88 02a60033o0412o
60033.438518  21.303  1.286    11   14 o  0   1.26 211.41354  20.64121  7335.79  9878.07 2.25 2.10  42.9 -0.442 19.29 20.32 02a60033o0419o
60033.442335  21.205  1.237    12   15 o  0   1.33 211.41354  20.64121  7277.86  9800.25 2.23 2.08  41.6 -0.436 19.30 20.32 02a60033o0427o
60033.447708  20.834  0.833    17   14 o  0   1.13 211.41354  20.64121  7260.61  9917.83 2.20 2.11  56.6 -0.429 19.33 20.34 02a60033o0438o
60034.456658  24.888 29.000     0   12 o  0   1.67 211.41354  20.64121  9080.05  1564.11 2.06 1.71 -56.8 -0.493 19.19 20.08 02a60034o0471o
60034.481834 -22.476  3.500    -4   13 o  0   1.19 211.41354  20.64121  1510.84  8961.62 2.04 1.94 -14.6 -0.455 19.24 20.11 02a60034o0518o
60034.510528  23.622 12.800     1   16 o  0   0.87 211.41354  20.64121  1560.44  9036.37 2.23 2.16   3.6 -0.403 19.19 20.23 02a60034o0577o
60034.513616  19.463  0.225    60   13 o  0   1.15 211.41354  20.64121  1581.73  8916.98 2.02 1.91  20.3 -0.457 19.29 20.25 02a60034o0581o
60035.434598 -20.076  1.406   -34   48 o  0   1.18 211.41354  20.64121  9074.83  1560.74 2.00 1.75 -56.0 -0.514 17.75 18.09 02a60035o0425o
60035.437308  21.393  2.628    10   26 o  0   1.22 211.41354  20.64121  9094.84  1599.56 2.02 1.73 -58.3 -0.508 18.50 18.94 02a60035o0431o
60035.450167  19.801  0.742    44   32 o  0   0.71 211.41354  20.64121  9038.02  1526.54 2.04 1.80 -58.8 -0.489 18.36 19.15 02a60035o0452o
60035.454687  20.303  1.193    28   33 o  0   0.86 211.41354  20.64121  9018.01  1645.02 2.13 1.88 -56.5 -0.470 18.05 18.62 02a60035o0462o
60037.935500  19.440  0.496    61   30 o  0   1.01 211.41354  20.64121  5036.14  8736.59 2.61 2.22 -35.8 -0.368 18.30 18.53 03a60038o0397o
60037.946362 -20.780  1.708   -18   30 o  0   1.29 211.41354  20.64121  5020.83  8696.28 2.62 2.27 -34.8 -0.362 18.38 18.63 03a60038o0419o
60037.950537 -22.672 10.389    -3   32 o  0   0.93 211.41354  20.64121  5075.43  8775.13 2.79 2.37 -35.7 -0.354 18.34 18.66 03a60038o0428o
60037.956074  20.341  1.223    26   32 o  0   1.08 211.41354  20.64121  5096.93  8658.65 2.56 2.17 -33.2 -0.380 18.43 18.68 03a60038o0440o
60038.144403  18.263  0.988   180  178 o  0   1.62 211.41354  20.64121  7425.92  4677.01 2.49 2.42 -40.2 -0.387 16.31 16.44 04a60038o0383o
60038.149015  19.166  2.271    78  178 o  0   1.57 211.41354  20.64121  7407.34  4638.96 2.31 2.23 -41.0 -0.380 16.12 16.48 04a60038o0393o
60038.154142 -20.296  5.878   -28  163 o  0   1.61 211.41354  20.64121  7465.44  4716.58 2.49 2.44 -35.8 -0.401 16.43 16.58 04a60038o0404o
60038.159647 -18.918  1.756   -98  173 o  0   0.70 211.41354  20.64121  7482.67  4601.50 2.59 2.33 -14.2 -0.358 16.51 16.59 04a60038o0416o
60039.160931  21.264  6.032    11   68 o  0   1.23 211.41354  20.64121  6978.14   604.42 2.53 2.32 -11.4 -0.387 17.46 17.64 04a60039o0421o
60039.163739 -20.743  3.843   -18   70 o  0   1.19 211.41354  20.64121  6958.52   564.92 2.28 2.24 -11.6 -0.440 17.57 17.69 04a60039o0427o
60039.173438  19.156  0.983    79   78 o  0   0.74 211.41354  20.64121  7018.15   643.32 2.16 2.08 -19.8 -0.456 17.61 17.71 04a60039o0448o
60039.185830  23.352 35.500     2   59 o  0   1.42 211.41354  20.64121  7039.86   525.72 2.29 2.21 -28.8 -0.445 17.71 17.84 04a60039o0475o
60042.242658 -20.691  1.940   -19   37 o  0   1.47 211.41354  20.64121  9279.25  6112.82 2.44 1.87  -9.0 -0.453 18.15 18.45 04a60042o0604o
60042.270595  18.670  0.272   124   34 o  0   1.82 211.41354  20.64121  9323.85  6126.83 2.38 1.89 -11.8 -0.452 18.13 18.43 04a60042o0663o
60042.273431  19.400  0.849    63   54 o  0   0.68 211.41354  20.64121  9266.80  6048.79 2.45 1.90  -9.6 -0.444 18.14 18.42 04a60042o0669o
60042.301788  23.414 24.364     2   38 o  0   1.20 211.41354  20.64121  9268.04  6148.75 2.40 1.89 -11.3 -0.432 18.05 18.33 04a60042o0730o
60043.504322 -20.541  0.830   -22   18 o  0   0.85 211.41354  20.64121  1504.23  4434.86 2.19 1.82  32.1 -0.452 18.99 19.63 02a60043o0535o
60043.507935  23.900 18.889     1   19 o  0   0.76 211.41354  20.64121  1486.26  4395.56 2.22 1.82  31.2 -0.455 19.04 19.63 02a60043o0543o
60043.527411  20.206  0.564    30   17 o  0   1.08 211.41354  20.64121  1548.65  4468.99 2.17 1.82  34.0 -0.457 19.01 19.59 02a60043o0581o
60043.535277  20.100  0.703    33   23 o  0   0.58 211.41354  20.64121  1571.10  4352.03 2.18 1.81  34.3 -0.453 18.95 19.56 02a60043o0597o
60044.275929 -19.850  0.609   -42   25 o  0   0.91 211.41354  20.64121  1249.58  9593.22 2.61 1.86 -75.8 -0.391 18.73 19.35 04a60044o0663o
60044.278729  20.647  1.260    20   25 o  0   1.31 211.41354  20.64121  1271.24  9630.00 2.67 1.91 -77.9 -0.378 18.75 19.34 04a60044o0669o
60044.300490  20.682  1.602    19   31 o  0   0.92 211.41354  20.64121  1227.93  9537.55 2.83 2.04 -82.5 -0.367 18.67 19.28 04a60044o0714o
60044.305666 -21.140  2.125   -13   27 o  0   1.19 211.41354  20.64121  1209.63  9652.55 2.82 2.12 -81.2 -0.363 18.62 19.26 04a60044o0725o
60047.471913  19.483  1.512    58   88 c  0   1.53 211.41354  20.64121  3689.37  2868.56 2.63 2.42  30.0 -0.403 16.96 18.51 02a60047o0292c
60047.475079  18.621  1.000   129  129 c  0   1.12 211.41354  20.64121  3669.27  2829.00 2.54 2.33  27.3 -0.407 16.67 18.17 02a60047o0299c
60047.478242 -18.992  0.939   -92   86 c  0   1.12 211.41354  20.64121  3727.35  2904.99 2.56 2.37  34.3 -0.406 17.17 18.70 02a60047o0306c
60047.484456 -19.231  0.634   -74   47 c  0   1.00 211.41354  20.64121  3746.30  2788.11 2.58 2.37  23.1 -0.401 17.73 19.24 02a60047o0318c
60049.415500 -22.911  4.000    -2   10 c  0   0.76 211.41354  20.64121  2994.29  1389.08 2.37 2.21  62.7 -0.438 19.59 21.46 02a60049o0398c
60049.418210  23.063  4.188     2    9 c  0   1.17 211.41354  20.64121  3014.50  1429.67 2.32 2.21  61.9 -0.440 19.58 21.47 02a60049o0404c
60049.421378 -24.550 15.500    -0    8 c  0   1.25 211.41354  20.64121  2956.28  1352.54 2.36 2.22  58.4 -0.444 19.55 21.47 02a60049o0411c
60049.456852  22.565  2.571     3    9 c  0   1.34 211.41354  20.64121  7660.12  9101.53 2.63 2.44  29.9 -0.414 19.62 21.47 02a60049o0479c
60050.184756 -22.477  3.240    -4   12 c  0   1.00 211.41354  20.64121  3555.31  4880.95 2.34 2.15 -79.0 -0.363 19.28 21.03 04a60050o0485c
60050.186648  21.617  1.222     8   10 c  0   1.23 211.41354  20.64121  3534.45  4841.86 2.20 2.01 -83.3 -0.365 19.33 21.04 04a60050o0489c
60050.209945 -21.400  1.000   -10   10 c  0   1.24 211.41354  20.64121  3599.29  4914.78 2.10 1.92 -88.9 -0.372 19.38 21.09 04a60050o0538c
60050.238203  21.936  1.800     6   11 c  0   1.26 211.41354  20.64121  6961.01  5812.76 2.41 2.14 -36.2 -0.375 19.30 21.04 04a60050o0599c
60051.461682  21.579  1.086     8    9 c  0   1.17 211.41354  20.64121  3785.75  4806.51 2.57 2.24  34.5 -0.406 19.57 21.42 02a60051o0447c
60051.464848  24.490 18.500     1   11 c  0   0.92 211.41354  20.64121  3766.77  4768.97 2.55 2.25  35.3 -0.400 19.58 21.40 02a60051o0454c
60051.470121  20.616  0.422    21    9 c  0   1.58 211.41354  20.64121  3825.04  4847.04 2.64 2.27  35.1 -0.398 19.55 21.37 02a60051o0465c
60051.502435  21.190  0.866    12   10 c  0   1.02 211.41354  20.64121  3842.17  4725.92 2.54 2.27  37.4 -0.400 19.49 21.23 02a60051o0532c
60055.456983  21.798  1.750     7   12 c  0   0.89 211.41354  20.64121  9617.06  4545.61 2.51 2.46  25.4 -0.404 19.52 21.28 02a60055o0496c
60055.460148 -22.085  2.371    -5   13 c  0   0.62 211.41354  20.64121  9597.75  4506.97 2.47 2.42  -0.4 -0.409 19.54 21.29 02a60055o0503c
60055.493275 -21.730  1.659    -7   12 c  0   0.95 211.41354  20.64121  9654.37  4582.34 2.59 2.48  14.6 -0.399 19.48 21.23 02a60055o0571c
60055.532084  20.316  0.392    27   11 c  0   0.97 211.41354  20.64121  9681.10  4465.47 2.54 2.44  16.5 -0.401 19.43 21.08 02a60055o0594c
60056.233361 -21.455  1.732   -10   16 c  0   0.66 211.41354  20.64121  9521.65  9682.87 2.87 2.58 -38.8 -0.387 19.22 20.98 04a60056o0597c
60056.237055 -22.298  2.850    -4   12 c  0   1.73 211.41354  20.64121  9543.99  9719.53 2.84 2.41 -39.8 -0.405 19.26 20.95 04a60056o0605c
60056.242158 -21.611  1.806    -8   15 c  0   0.88 211.41354  20.64121  9486.84  9638.50 2.92 2.51 -50.2 -0.376 19.18 20.96 04a60056o0616c
60056.277563  20.482  0.680    23   16 c  0   1.24 211.41354  20.64121  9490.93  9737.62 2.91 2.52 -49.5 -0.389 19.11 20.75 04a60056o0692c
60057.375972 -23.574  9.375    -1   13 c  0   0.63 211.41354  20.64121  9308.84  9731.34 2.66 2.56  18.5 -0.380 19.60 21.39 02a60057o0320c
60057.379238  22.267  3.148     4   14 c  0   0.84 211.41354  20.64121  9327.88  9773.16 2.61 2.57 -35.4 -0.386 19.59 21.39 02a60057o0327c
60057.384781  22.534  3.429     4   12 c  0   0.91 211.41354  20.64121  9267.82  9695.83 2.61 2.58 -32.0 -0.389 19.58 21.41 02a60057o0339c
60057.390230  20.816  0.691    17   12 c  0   1.01 211.41354  20.64121  9249.42  9812.63 2.71 2.61  22.1 -0.386 19.60 21.45 02a60057o0351c
60059.449193 -21.697  1.558    -8   12 c  0   1.33 211.41354  20.64121  1463.09  7054.41 2.41 2.27  27.7 -0.424 19.42 21.09 02a60059o0457c
60059.451968  22.616  3.545     3   12 c  0   1.07 211.41354  20.64121  1444.72  7019.21 2.45 2.27  15.2 -0.421 19.45 21.11 02a60059o0462c
60059.457520  21.277  0.831    11    9 c  0   1.48 211.41354  20.64121  1503.00  7091.61 2.40 2.28  25.2 -0.415 19.47 21.10 02a60059o0472c
60059.493548  21.287  1.160    11   13 c  0   1.02 211.41354  20.64121  1524.21  6974.40 2.42 2.24  29.0 -0.413 19.39 20.97 02a60059o0546c
60062.150970  20.704  0.824    19   16 o  0   0.86 211.41354  20.64121  7348.30  2745.57 2.21 1.89 -19.0 -0.435 19.06 20.10 04a60062o0313o
60062.153230 -21.498  2.060    -9   19 o  0   1.32 211.41354  20.64121  7330.35  2706.63 2.33 2.16 -15.9 -0.490 18.95 20.02 04a60062o0318o
60062.156391 -23.840 14.857    -1   16 o  0   1.65 211.41354  20.64121  7389.40  2783.63 2.31 2.04 -16.4 -0.429 19.04 20.12 04a60062o0325o
60062.162753 -21.810  2.640    -7   18 o  0   0.77 211.41354  20.64121  7406.42  2666.59 2.32 1.91 -19.7 -0.403 19.07 20.14 04a60062o0338o
60069.494224 -18.996  0.943   -92   86 o  0   1.03 211.41354  20.64121  9512.24  9101.58 2.29 2.16 -48.8 -0.481 18.13 18.20 02a60069o0553o
60069.529113  18.456  0.735   150  111 o  0   1.02 211.41354  20.64121  9505.50  9061.75 2.26 2.13 -42.5 -0.487 18.10 18.05 02a60069o0626o
60069.555420  19.181  1.532    77  118 o  0   1.23 211.41354  20.64121  9576.91  9140.80 2.34 2.21 -39.9 -0.438 17.97 17.91 02a60069o0681o
60069.580647 -19.249  2.728   -72  198 o  0   0.90 211.41354  20.64121  9609.65  9025.57 2.51 2.22 -46.5 -0.481 17.79 17.74 02a60069o0733o
60071.408417  19.637  0.637    51   32 o  0   1.03 211.41354  20.64121  5695.61  4701.84 2.58 1.83  33.2 -0.425 18.37 18.65 02a60071o0380o
60071.411288  17.901  0.746   251  187 o  0   1.11 211.41354  20.64121  5675.37  4661.60 2.64 1.87  32.9 -0.421 16.80 17.33 02a60071o0385o
60071.441744  19.958  0.690    38   26 o  0   0.91 211.41354  20.64121  5733.91  4737.10 2.50 1.91  33.1 -0.418 18.73 19.13 02a60071o0448o
60071.448217 -24.063 30.571    -1   26 o  0   0.89 211.41354  20.64121  5756.18  4620.17 2.52 1.84  35.2 -0.425 18.73 18.97 02a60071o0462o
60074.172832  20.860  0.955    16   16 o  0   1.66 211.41354  20.64121  1239.11  7950.81 2.42 1.97 -83.5 -0.383 18.83 19.64 04a60074o0445o
60074.176003 -20.498  0.710   -23   16 o  0   1.65 211.41354  20.64121  1261.84  7986.97 2.30 1.86 -77.5 -0.380 18.88 19.62 04a60074o0452o
60074.185130  20.079  0.567    34   19 o  0   1.24 211.41354  20.64121  1211.14  7900.80 2.37 1.89 -86.1 -0.373 18.87 19.62 04a60074o0471o
60074.197531  20.328  0.754    27   20 o  0   0.93 211.41354  20.64121  1200.38  8007.88 2.39 1.87 -84.3 -0.365 18.87 19.57 04a60074o0497o
60077.400611 -22.038  1.558    -6    9 c  0   1.47 211.41354  20.64121  3363.87  6929.17 2.42 2.20  32.7 -0.402 19.62 21.36 02a60077o0364c
60077.404082  21.908  1.620     6   10 c  0   1.27 211.41354  20.64121  3345.16  6891.21 2.35 2.17  31.5 -0.408 19.65 21.35 02a60077o0371c
60077.409215  23.980  9.857     1    9 c  0   1.08 211.41354  20.64121  3403.92  6970.63 2.49 2.21  30.2 -0.400 19.63 21.35 02a60077o0382c
60077.441538  22.089  1.816     5   10 c  0   1.51 211.41354  20.64121  3425.09  6846.78 2.53 2.26  36.7 -0.398 19.62 21.33 02a60077o0451c
60079.378779  26.122 87.000     0   11 c  0   1.05 211.41354  20.64121  3262.50   723.31 2.34 2.18  79.9 -0.435 19.60 21.27 02a60079o0313c
60079.381943  23.541  6.727     1    9 c  0   1.27 211.41354  20.64121  3242.35   685.23 2.32 2.17  73.1 -0.428 19.61 21.27 02a60079o0320c
60079.392021  21.088  0.723    13   10 c  0   1.65 211.41354  20.64121  3302.10   762.34 2.39 2.20  73.5 -0.431 19.53 21.18 02a60079o0339c
60079.397460  21.587  1.273     8   11 c  0   0.98 211.41354  20.64121  3320.95   643.71 2.32 2.17  80.0 -0.439 19.55 21.19 02a60079o0351c
60080.135155  21.137  1.319    13   17 o  0   1.08 211.41354  20.64121  9267.78  1554.77 2.53 2.31 -25.3 -0.397 19.16 20.32 04a60080o0411o
60080.139820  21.323  1.704    11   18 o  0   1.01 211.41354  20.64121  9291.41  1589.12 2.76 2.34 -21.1 -0.380 19.12 20.37 04a60080o0421o
60085.361343  20.804  0.647    17   11 o  0   0.94 211.41354  20.64121  5617.68  2765.26 2.08 1.85  30.0 -0.448 19.54 20.76 02a60085o0249o
60085.366726  21.394  1.031    10   10 o  0   0.90 211.41354  20.64121  5596.79  2727.18 2.09 1.84  35.4 -0.453 19.57 20.72 02a60085o0258o
60085.369890  21.417  1.072    10   11 o  0   0.92 211.41354  20.64121  5655.03  2805.27 2.10 1.80  38.4 -0.455 19.55 20.71 02a60085o0265o
60085.400908  21.144  0.975    13   12 o  0   0.67 211.41354  20.64121  5670.31  2684.20 2.10 1.88  37.3 -0.450 19.56 20.79 02a60085o0329o
60089.351809  20.427  0.512    24   12 o  0   1.14 211.41354  20.64121  6998.10   530.24 2.56 2.17 -55.3 -0.424 19.29 20.58 02a60089o0248o
60089.355150 -20.825  0.660   -17   11 o  0   1.25 211.41354  20.64121  6979.43   491.10 2.13 1.87 -52.8 -0.458 19.42 20.57 02a60089o0255o
60089.360584  20.873  0.615    16   10 o  0   2.14 211.41354  20.64121  7039.19   569.38 2.04 1.81 -58.0 -0.470 19.44 20.62 02a60089o0267o
60091.375060  21.059  1.000    14   14 o  0   0.85 211.41354  20.64121  5076.97  6829.38 2.33 1.88  35.4 -0.440 19.36 20.33 02a60091o0289o
60091.378231 -21.194  1.073   -12   13 o  0   1.26 211.41354  20.64121  5059.06  6789.01 2.25 1.82  36.0 -0.435 19.38 20.33 02a60091o0296o
60091.399893  20.652  0.632    20   13 o  0   1.39 211.41354  20.64121  5123.40  6868.66 2.41 1.89  34.3 -0.428 19.35 20.30 02a60091o0337o
60091.405837  23.801 12.000     1   13 o  0   0.95 211.41354  20.64121  5146.90  6750.38 2.27 1.77  34.3 -0.441 19.36 20.27 02a60091o0349o
60093.356882  23.266  8.294     2   15 o  0   1.10 211.41354  20.64121  1266.49  4436.40 2.13 1.82  31.4 -0.451 19.10 19.80 02a60093o0260o
60093.359813  21.649  1.915     8   15 o  0   1.20 211.41354  20.64121  1247.49  4397.50 2.22 1.85  30.9 -0.452 19.12 19.86 02a60093o0266o
60093.366464  24.202 22.857     1   17 o  0   0.92 211.41354  20.64121  1307.69  4473.77 2.15 1.86  28.1 -0.450 19.14 19.86 02a60093o0280o
60093.377017  22.602  4.194     3   14 o  0   1.54 211.41354  20.64121  1329.58  4357.16 2.14 1.83  32.5 -0.452 19.17 19.82 02a60093o0302o
60095.372730  20.544  0.713    22   16 o  0   1.62 211.41354  20.64121  9341.17   934.23 2.05 1.56 -62.1 -0.526 18.89 19.37 02a60095o0198o
60095.375588  20.581  1.081    21   23 o  0   1.04 211.41354  20.64121  9323.01   896.69 2.01 1.54 -65.0 -0.544 18.92 19.42 02a60095o0204o
60095.381160  19.738  0.437    46   20 o  0   1.31 211.41354  20.64121  9382.94   975.36 2.10 1.60 -57.9 -0.531 18.88 19.46 02a60095o0216o
60095.394223 -21.461  2.264   -10   21 o  0   1.24 211.41354  20.64121  9406.57   860.67 2.00 1.54 -58.7 -0.530 18.89 19.47 02a60095o0243o
60096.090605  20.075  1.520    34   52 o  0   1.10 211.41354  20.64121  7091.48  7679.59 2.26 2.12 -39.6 -0.411 17.87 18.75 04a60096o0278o
60096.123077  20.810  2.496    17   43 o  0   0.82 211.41354  20.64121  7142.90  7689.10 2.21 2.00 -27.5 -0.370 17.87 18.25 04a60096o0346o
60101.353209 -19.448  1.938   -60  117 o  0   1.24 211.41354  20.64121  3559.69  4809.61 2.54 2.02  35.6 -0.429 16.96 17.10 02a60101o0247o
60101.356397  19.536  1.918    56  107 o  0   1.37 211.41354  20.64121  3541.79  4771.59 2.53 2.00  36.2 -0.432 16.93 17.05 02a60101o0254o
60101.361987 -18.855  0.802  -104   84 o  0   1.33 211.41354  20.64121  3602.14  4849.10 2.58 2.14  32.6 -0.442 17.26 17.41 02a60101o0266o
60101.371623  19.780  1.315    44   58 o  0   1.29 211.41354  20.64121  3624.80  4733.08 2.51 1.91  33.9 -0.442 17.77 17.96 02a60101o0287o
60103.337936 -23.105  5.045    -2   10 o  0   1.16 211.41354  20.64121  5039.41   632.27 2.01 1.75 -65.5 -0.477 19.67 21.17 02a60103o0211o
60103.341292  22.052  2.136     6   12 o  0   1.02 211.41354  20.64121  5020.49   592.27 2.00 1.74 -66.5 -0.472 19.69 21.16 02a60103o0218o
60103.346906  21.760  1.775     7   13 o  0   0.42 211.41354  20.64121  5082.02   674.70 1.90 1.73 -67.4 -0.474 19.70 21.12 02a60103o0230o
60103.356878  21.541  1.086     9   10 o  0   1.08 211.41354  20.64121  5105.92   556.25 1.98 1.80 -64.7 -0.457 19.66 21.06 02a60103o0251o
60105.347106  21.887  1.738     6   11 c  0   0.86 211.41354  20.64121  9385.15  4545.67 2.55 2.50  14.8 -0.399 19.59 21.44 02a60105o0222c
60105.352310  20.708  0.488    19    9 c  0   1.29 211.41354  20.64121  9367.26  4505.69 2.53 2.49  -2.4 -0.399 19.56 21.42 02a60105o0233c
60105.355497 -21.260  0.906   -11   10 c  0   1.19 211.41354  20.64121  9426.69  4584.61 2.76 2.71   5.6 -0.401 19.51 21.44 02a60105o0240c
60105.368790  25.053 31.500     0   11 c  0   0.89 211.41354  20.64121  9451.46  4468.28 2.70 2.67 -32.5 -0.396 19.56 21.50 02a60105o0268c
60107.320165 -21.718  1.356    -8   10 c  0   0.83 211.41354  20.64121  1074.38   840.98 2.67 2.42 -71.9 -0.438 19.62 21.63 02a60107o0174c
60107.325195  22.386  2.727     4   11 c  0   0.89 211.41354  20.64121  1055.13   800.96 2.82 2.57 -66.2 -0.431 19.55 21.65 02a60107o0185c
60107.328823  21.875  1.636     6   11 c  0   0.95 211.41354  20.64121  1116.77   879.34 2.91 2.63 -69.9 -0.430 19.52 21.66 02a60107o0193c
60107.342272  22.830  4.364     3   12 c  0   0.96 211.41354  20.64121  1140.15   760.98 3.24 3.04 -73.0 -0.442 19.40 21.61 02a60107o0221c
60109.325224  21.281  0.976    11   11 c  0   0.76 211.41354  20.64121  1229.42  7057.32 2.30 2.26  10.0 -0.441 19.65 21.49 02a60109o0177c
60109.330373  21.356  1.076    10   11 c  0   0.77 211.41354  20.64121  1211.80  7018.46 2.31 2.27  11.5 -0.442 19.64 21.49 02a60109o0188c
60109.336471  20.436  0.369    24    9 c  0   1.94 211.41354  20.64121  1271.23  7094.72 2.37 2.34 -43.3 -0.431 19.64 21.52 02a60109o0201c
60110.109498  20.884  0.759    16   12 c  0   0.89 211.41354  20.64121  3321.93  3293.79 2.19 1.98  57.1 -0.389 19.37 21.21 04a60110o0371c
60110.112670  21.514  1.246     9   11 c  0   1.30 211.41354  20.64121  3345.98  3331.65 2.21 2.01  62.7 -0.389 19.33 21.17 04a60110o0378c
60110.122843 -22.219  2.719    -5   13 c  0   0.97 211.41354  20.64121  3292.73  3248.51 2.20 2.00  55.9 -0.388 19.33 21.18 04a60110o0399c
60110.131963  20.915  0.901    16   14 c  0   1.05 211.41354  20.64121  3276.51  3360.31 2.28 2.04  60.4 -0.377 19.26 21.16 04a60110o0419c
60111.316501 -22.247  2.452    -5   11 c  0   0.80 211.41354  20.64121  7271.22  7231.23 2.48 2.37  42.2 -0.423 19.65 21.54 02a60111o0159c
60111.319468 -21.783  1.292    -7    9 c  0   1.29 211.41354  20.64121  7252.09  7192.99 2.51 2.35  42.3 -0.420 19.66 21.51 02a60111o0165c
60111.324918 -24.066 10.333    -1    9 c  0   1.01 211.41354  20.64121  7310.55  7272.01 2.43 2.36  48.8 -0.420 19.71 21.52 02a60111o0177c
60111.334937  22.106  1.861     5   10 c  0   1.09 211.41354  20.64121  7331.23  7156.77 2.45 2.39  47.1 -0.423 19.70 21.56 02a60111o0198c
60113.322820 -21.911  1.600    -6   10 c  0   0.89 211.41354  20.64121  7375.13  2683.31 2.34 2.20 -73.9 -0.404 19.67 21.32 02a60113o0172c
60113.332998  21.358  0.819    10    8 c  0   1.16 211.41354  20.64121  7356.37  2643.23 2.33 2.21 -71.1 -0.407 19.61 21.28 02a60113o0193c
60113.336164  24.202 13.500     1   10 c  0   1.28 211.41354  20.64121  7415.49  2720.17 2.35 2.21 -67.0 -0.402 19.61 21.27 02a60113o0200c
60113.347985 -21.745  1.456    -7   11 c  0   0.89 211.41354  20.64121  7437.76  2605.26 2.36 2.21 -69.7 -0.406 19.61 21.24 02a60113o0225c
60115.307891  21.132  0.865    13   11 c  0   0.82 211.41354  20.64121  5133.93  8774.18 2.44 2.37 -56.4 -0.420 19.68 21.58 02a60115o0139c
60115.310794 -22.878  3.778    -3   10 c  0   1.05 211.41354  20.64121  5118.00  8736.49 2.42 2.36 -69.9 -0.422 19.69 21.60 02a60115o0145c
60115.315772  21.633  1.085     8    9 c  0   1.94 211.41354  20.64121  5178.46  8814.30 2.36 2.32 -63.1 -0.429 19.70 21.58 02a60115o0156c
60115.325979 -21.707  1.364    -8   10 c  0   0.88 211.41354  20.64121  5199.56  8695.04 2.37 2.32 -53.8 -0.425 19.72 21.56 02a60115o0177c
60117.291692  21.096  0.780    13   10 c  0   1.18 211.41354  20.64121  1227.63  2499.08 2.46 2.41 -80.3 -0.424 19.58 21.40 02a60117o0102c
60117.294595 -20.738  0.591   -18   11 c  0   1.04 211.41354  20.64121  1209.47  2459.33 2.46 2.42  77.7 -0.416 19.62 21.42 02a60117o0108c
60117.299584 -24.005 11.500    -1   10 c  0   0.82 211.41354  20.64121  1271.42  2535.02 2.53 2.44 -78.1 -0.421 19.62 21.44 02a60117o0119c
60117.310930  23.097  4.714     2   10 c  0   0.96 211.41354  20.64121  1295.32  2417.16 2.51 2.42  89.2 -0.421 19.63 21.47 02a60117o0142c
60122.067857  20.154  0.909    32   29 o  0   1.03 211.41354  20.64121  3156.75  5903.86 2.44 2.15 -84.5 -0.385 18.61 19.57 04a60122o0125o
60122.070571 -21.006  1.884   -14   27 o  0   1.09 211.41354  20.64121  3178.11  5940.45 2.41 2.13 -87.3 -0.384 18.57 19.46 04a60122o0131o
60122.076564  21.220  2.071    12   24 o  0   1.09 211.41354  20.64121  3123.77  5860.44 2.43 2.16 -89.3 -0.381 18.61 19.64 04a60122o0144o
60122.087434  22.446  7.591     4   29 o  0   0.83 211.41354  20.64121  3110.93  5970.34 2.45 2.22 -87.4 -0.379 18.61 19.63 04a60122o0168o
60123.336098 -21.704  2.361    -8   18 o  0   0.99 211.41354  20.64121  2540.51  1650.43 2.21 2.14  59.8 -0.449 19.03 19.84 02a60123o0200o
60123.339261  22.423  5.172     4   20 o  0   0.72 211.41354  20.64121  2521.38  1611.51 2.30 2.21  66.0 -0.450 19.02 19.82 02a60123o0207o
60123.355751  20.848  1.089    17   18 o  0   1.30 211.41354  20.64121  2582.10  1688.76 2.29 2.24  74.8 -0.436 18.97 19.80 02a60123o0242o
60123.365066  20.031  0.586    35   21 o  0   0.64 211.41354  20.64121  2601.29  1573.87 2.28 2.21  59.4 -0.439 18.97 19.69 02a60123o0262o
60125.312647  21.247  1.325    12   15 o  0   2.03 211.41354  20.64121  9640.81  2578.85 2.18 1.72 -55.0 -0.477 19.10 19.58 02a60125o0153o
60125.315361  21.533  1.607     9   14 o  0   1.65 211.41354  20.64121  9622.08  2540.16 2.14 1.70 -55.4 -0.484 19.08 19.57 02a60125o0159o
60125.321745  19.882  0.445    40   18 o  0   1.42 211.41354  20.64121  9681.23  2619.42 2.14 1.72 -55.5 -0.492 19.04 19.55 02a60125o0173o
60125.333137  20.288  0.771    28   22 o  0   0.62 211.41354  20.64121  9699.29  2501.61 2.18 1.69 -53.7 -0.501 19.02 19.51 02a60125o0198o
60128.034018  21.183  3.250    12   40 o  0   1.01 211.41354  20.64121  7521.91  9784.90 2.69 2.33 -64.6 -0.355 18.08 18.47 04a60128o0206o
60128.043567 -20.533  2.074   -22   46 o  0   0.92 211.41354  20.64121  7548.72  9816.80 2.67 2.31 -61.9 -0.367 17.97 18.35 04a60128o0227o
60128.046779  18.888  0.409   101   41 o  0   1.35 211.41354  20.64121  7485.44  9734.56 2.70 2.45 -64.0 -0.315 17.91 18.26 04a60128o0234o
60128.063482 -20.469  1.609   -24   38 o  0   1.60 211.41354  20.64121  7482.55  9844.38 2.63 2.28 -60.1 -0.359 17.89 18.20 04a60128o0269o
60133.307273 -21.685  1.388    -8   11 c  0   1.01 211.41354  20.64121  7961.58  5955.59 2.53 2.51 -57.0 -0.412 19.60 21.39 02a60133o0134c
60133.309985  23.785  9.714     1   11 c  0   1.09 211.41354  20.64121  7945.25  5916.75 2.57 2.49 -57.9 -0.413 19.57 21.38 02a60133o0140c
60133.326026  21.862  1.317     6    9 c  0   1.54 211.41354  20.64121  8003.18  5992.51 2.57 2.49 -44.0 -0.413 19.61 21.38 02a60133o0175c
60133.332373  25.172 38.500     0   12 c  0   0.72 211.41354  20.64121  8023.98  5877.10 2.51 2.43 -50.5 -0.417 19.62 21.39 02a60133o0189c
60134.006558  20.789  1.300    18   23 o  0   0.98 211.41354  20.64121  5156.96  7763.28 2.78 2.47 -76.8 -0.402 18.59 19.80 04a60134o0142o
60134.013396  21.159  2.620    12   33 o  0   0.95 211.41354  20.64121  5181.12  7795.38 2.55 2.33 -67.4 -0.409 18.53 19.74 04a60134o0157o
60134.016558  23.794 22.400     1   25 o  0   1.13 211.41354  20.64121  5125.21  7715.90 2.55 2.20 -66.6 -0.424 18.34 19.54 04a60134o0164o
60134.027462  19.770  0.653    45   29 o  0   1.00 211.41354  20.64121  5114.40  7824.70 2.45 2.10 -62.9 -0.441 18.58 19.63 04a60134o0188o
60137.308836  21.502  1.117     9   10 c  0   0.90 211.41354  20.64121  4048.25  4196.98 2.48 2.46 -58.2 -0.414 19.54 21.40 02a60137o0140c
60137.312578  21.307  1.000    11   11 c  0   0.89 211.41354  20.64121  4029.17  4158.11 2.74 2.55  43.6 -0.395 19.53 21.40 02a60137o0148c
60137.318044 -21.802  1.405    -7   10 c  0   1.32 211.41354  20.64121  4087.64  4234.50 2.58 2.53  54.6 -0.421 19.51 21.38 02a60137o0160c
60137.330039 -23.328  8.500    -2   14 c  0   1.11 211.41354  20.64121  4110.12  4117.83 2.50 2.48 -68.1 -0.402 19.09 20.84 02a60137o0186c
60139.285175 -20.980  1.086   -15   16 c  0   1.21 211.41354  20.64121    46.25  7863.66 2.95 2.64 -58.0 -0.378 19.41 21.35 02a60139o0087c
60139.285628  20.900  0.890    16   14 c  0   0.66 211.41354  20.64121  9937.71  7821.36 3.09 2.87 -63.1 -0.406 19.50 21.41 02a60139o0088c
60139.289027 -24.241 20.000    -1   15 c  0   1.33 211.41354  20.64121  9917.93  7783.25 3.87 3.72 -65.6 -0.444 19.19 21.41 02a60139o0095c
60139.296363 -20.916  0.836   -16   13 c  0   1.01 211.41354  20.64121  9977.56  7862.15 3.54 3.40 -59.8 -0.371 19.29 21.41 02a60139o0111c
60139.298707 -24.637 27.333    -0   14 c  0   0.97 211.41354  20.64121    69.50  7745.65 2.77 2.53 -52.0 -0.382 19.43 21.34 02a60139o0116c
60139.306900 -21.841  2.095    -7   14 c  0   1.08 211.41354  20.64121  9999.00  7746.07 3.75 3.52 -68.0 -0.383 19.26 21.39 02a60139o0134c
60140.049271  22.028  2.341     6   13 o  0   1.51 211.41354  20.64121  5514.23  3670.33 2.17 2.05 -22.7 -0.454 19.26 21.24 04a60140o0230o
60140.052443  20.982  0.806    15   12 o  0   2.07 211.41354  20.64121  5535.12  3708.31 2.18 2.02 -24.8 -0.459 19.27 20.75 04a60140o0237o
60140.067161  20.831  0.820    17   14 o  0   1.23 211.41354  20.64121  5483.24  3627.65 2.18 2.02 -27.5 -0.425 19.20 20.64 04a60140o0268o
60140.078965  22.502  4.462     4   16 o  0   1.04 211.41354  20.64121  5466.90  3743.41 2.19 1.98 -27.5 -0.457 19.20 20.50 04a60140o0294o
60141.282427  22.407  2.680     4   11 c  0   1.01 211.41354  20.64121  5092.22  6837.34 2.64 2.46  34.2 -0.402 19.54 21.36 02a60141o0079c
60141.285599  20.784  0.615    18   11 c  0   0.75 211.41354  20.64121  5075.78  6798.77 2.66 2.49  33.4 -0.404 19.54 21.38 02a60141o0086c
60141.290728 -21.771  1.233    -7    9 c  0   1.69 211.41354  20.64121  5135.07  6876.56 2.66 2.52  33.4 -0.408 19.55 21.39 02a60141o0097c
60141.300913 -22.166  1.719    -5    8 c  0   1.47 211.41354  20.64121  5162.00  6763.71 2.58 2.42  37.5 -0.406 19.58 21.39 02a60141o0119c
60146.049122 -19.311  2.408   -68  165 o  0   0.76 211.41354  20.64121  7090.49  7693.89 2.41 2.18 -41.1 -0.423 16.56 17.78 04a60146o0024o
60147.254566  23.074  7.769     2   17 c  0   1.08 211.41354  20.64121  3461.97  2880.00 2.64 2.55 -72.2 -0.410 18.99 20.31 02a60147o0025c
60147.257732  23.405  8.900     2   14 c  0   1.17 211.41354  20.64121  3443.69  2840.74 2.60 2.47 -80.2 -0.416 19.27 20.72 02a60147o0032c
60147.264663  22.307  2.654     4   12 c  0   1.19 211.41354  20.64121  3507.09  2917.17 2.69 2.51 -61.8 -0.421 19.41 21.13 02a60147o0047c
60147.274546  25.741 70.000     0   13 c  0   0.83 211.41354  20.64121  3530.89  2799.71 2.85 2.63 -57.8 -0.406 19.37 21.22 02a60147o0068c
60149.265802  24.184 22.800     1   18 o  0   0.70 211.41354  20.64121  7383.42  9185.88 2.46 2.30 -66.5 -0.444 19.18 20.11 02a60149o0057o
60149.268973 -20.918  1.101   -16   17 o  0   1.18 211.41354  20.64121  7366.16  9146.91 2.53 2.31 -60.0 -0.440 19.16 20.13 02a60149o0064o
60149.275080  20.641  0.724    20   15 o  0   1.65 211.41354  20.64121  7426.62  9225.29 2.67 2.41 -55.3 -0.435 19.14 20.17 02a60149o0077o
60149.285158  22.258  3.828     4   17 o  0   1.24 211.41354  20.64121  7448.56  9109.58 2.53 2.26 -55.1 -0.442 19.16 20.15 02a60149o0099o
60151.255643  22.406  4.500     4   18 o  0   1.04 211.41354  20.64121  3563.63  4818.40 2.41 2.06  33.3 -0.441 19.05 19.83 02a60151o0026o
60151.258837  21.392  1.319    10   13 o  0   1.75 211.41354  20.64121  3547.53  4779.78 2.44 2.14  32.3 -0.451 19.06 19.98 02a60151o0033o
60151.264293  21.396  1.549    10   16 o  0   0.97 211.41354  20.64121  3609.30  4856.30 2.27 2.01  35.1 -0.447 19.20 20.06 02a60151o0045o
60151.276192  20.465  0.657    24   16 o  0   1.04 211.41354  20.64121  3635.52  4738.58 2.19 1.98  38.4 -0.449 19.19 20.05 02a60151o0071o
60151.999395  17.630  1.068   322  344 o  0   0.81 211.41354  20.64121  5566.15  9870.60 2.31 1.94 -60.8 -0.413 15.51 15.67 04a60152o0100o
60152.002128 -16.414  1.306  -987 1289 o  0   1.40 211.41354  20.64121  5586.47  9908.52 2.09 1.89 -31.6 -0.404 14.75 14.59 04a60152o0106o
60152.009360  17.245  1.051   459  482 o  0   1.20 211.41354  20.64121  5530.73  9826.40 2.22 1.92 -66.7 -0.423 15.51 15.53 04a60152o0122o
60152.023666  14.474  0.423  5892 2492 o  0   0.70 211.41354  20.64121  5517.26  9938.83 2.20 1.95 -39.2 -0.410 13.95 13.82 04a60152o0153o
60153.258164 -22.535  4.562    -4   16 o  0   1.01 211.41354  20.64121  5044.82   636.63 2.19 1.83 -58.4 -0.469 19.17 19.93 02a60153o0043o
60153.262266  24.336 22.500     1   15 o  0   0.91 211.41354  20.64121  5027.50   597.77 2.19 1.87 -61.5 -0.464 19.17 19.98 02a60153o0052o
60153.268192 -25.107 51.000    -0   17 o  0   1.14 211.41354  20.64121  5091.30   675.94 2.17 1.83 -59.4 -0.473 19.23 19.98 02a60153o0065o
60153.278472  20.913  0.844    16   13 o  0   1.49 211.41354  20.64121  5116.72   557.52 2.18 1.85 -58.8 -0.465 19.15 19.94 02a60153o0087o
60155.256540 -21.099  1.436   -13   19 o  0   1.29 211.41354  20.64121  9399.53  4558.22 2.36 2.05 -61.7 -0.451 19.03 19.63 02a60155o0040o
60155.260174  20.500  0.811    23   19 o  0   1.24 211.41354  20.64121  9382.85  4518.44 2.29 2.12 -53.4 -0.457 19.06 19.72 02a60155o0048o
60155.265608 -20.257  0.579   -29   17 o  0   1.41 211.41354  20.64121  9444.83  4596.33 2.39 2.07 -61.8 -0.452 19.04 19.74 02a60155o0060o
