MJD          m      dm   uJy   duJy F err chi/N     RA       Dec        x        y     maj  min   phi  apfit mag5sig Sky   Obs
59853.098890  19.902  0.416    40   16 c  0   1.24 108.17421   7.31665  2541.43  3484.72 2.40 2.22 -43.6 -0.396 18.75 20.13 03a59853o0811c
59853.130758  19.589  0.750    53   40 c  0   0.97 108.17421   7.31665  2519.25  3442.81 2.40 2.22 -49.4 -0.400 17.99 19.20 03a59853o0823c
59853.134048  19.999  1.761    36   64 c  0   1.18 108.17421   7.31665  2575.56  3522.02 2.36 2.15 -43.3 -0.396 17.92 18.92 03a59853o0830c
59853.136854 -21.682  5.148    -8   40 c  0   0.97 108.17421   7.31665  2596.91  3407.13 2.43 2.22 -43.0 -0.396 18.13 19.06 03a59853o0836c
59857.071161  19.941  0.364    38   14 c  0   0.91 108.17421   7.31665  2683.75  9286.21 2.82 2.47 -44.5 -0.377 19.41 20.99 03a59857o0745c
59857.074314  20.302  0.456    28   12 c  0   1.05 108.17421   7.31665  2664.93  9247.09 2.87 2.51 -40.5 -0.382 19.46 21.06 03a59857o0752c
59857.080174  19.947  0.313    38   12 c  0   1.25 108.17421   7.31665  2719.79  9325.91 2.76 2.40 -47.2 -0.385 19.49 21.12 03a59857o0765c
59857.095577  19.485  0.201    58   12 c  0   1.16 108.17421   7.31665  2737.37  9210.21 2.77 2.42 -43.7 -0.379 19.50 21.17 03a59857o0799c
59859.298868  19.300  0.362    69   25 o  0   1.21 108.17421   7.31665  4578.47  5470.65 2.02 1.83 -82.1 -0.400 18.44 18.90 04a59859o0618o
59859.302034  19.983  0.662    37   24 o  0   1.41 108.17421   7.31665  4557.83  5432.17 2.07 1.84 -79.9 -0.399 18.46 18.93 04a59859o0625o
59859.308087  19.906  0.535    40   21 o  0   1.03 108.17421   7.31665  4614.47  5509.44 1.99 1.77 -79.3 -0.392 18.51 19.02 04a59859o0638o
59859.323439  19.397  0.380    63   24 o  0   1.07 108.17421   7.31665  4630.20  5394.07 2.06 1.93 -69.8 -0.412 18.61 19.15 04a59859o0672o
59860.595810  20.196  1.085    30   33 o  0   1.19 108.17421   7.31665  8123.56  8911.29 2.20 2.05  40.2 -0.446 18.78 19.30 02a59860o0824o
59860.601235  19.627  0.515    51   26 o  0   1.07 108.17421   7.31665  8143.43  8950.89 2.21 2.06  34.5 -0.444 18.87 19.41 02a59860o0836o
59860.604405  19.354  0.491    66   32 o  0   1.07 108.17421   7.31665  8084.98  8872.50 2.23 2.04  34.8 -0.443 18.83 19.39 02a59860o0843o
59860.622880  19.191  0.261    76   20 o  0   1.04 108.17421   7.31665  8067.32  8989.60 2.21 2.02  44.0 -0.443 19.08 19.77 02a59860o0883o
59861.098913 -19.074  2.126   -85  181 o  0   0.84 108.17421   7.31665  2661.61  9284.48 2.65 2.36 -41.0 -0.374 16.63 16.45 03a59861o0808o
59861.104319  19.193  0.515    76   39 o  0   1.36 108.17421   7.31665  2641.75  9245.18 2.60 2.33 -48.2 -0.377 18.15 18.24 03a59861o0819o
59861.115623  20.379  1.203    26   31 o  0   1.61 108.17421   7.31665  2694.97  9324.52 2.60 2.33 -44.4 -0.378 18.28 18.52 03a59861o0843o
59861.118778 -20.372  1.264   -26   33 o  0   1.23 108.17421   7.31665  2716.89  9207.81 2.42 2.22 -39.1 -0.385 18.35 18.49 03a59861o0850o
59862.548332  19.938  0.566    38   22 o  0   1.02 108.17421   7.31665  2998.79  7476.12 2.54 2.36  51.3 -0.409 18.79 19.16 01a59862o0570o
59862.552034  19.184  0.273    77   21 o  0   0.96 108.17421   7.31665  2980.22  7436.20 2.46 2.35  46.2 -0.420 18.82 19.19 01a59862o0578o
59862.557579  20.117  0.705    33   23 o  0   0.73 108.17421   7.31665  3039.50  7513.03 2.91 2.45  48.9 -0.351 18.76 19.22 01a59862o0590o
59862.568206  21.221  1.818    12   21 o  0   0.69 108.17421   7.31665  3063.08  7396.39 2.53 2.33  48.9 -0.404 18.84 19.26 01a59862o0613o
59862.619872  18.963  0.365    94   34 o  0   0.95 108.17421   7.31665  8128.52  8908.90 2.33 2.07  38.4 -0.434 18.82 19.34 02a59862o0655o
59862.635961  19.026  0.345    89   31 o  0   1.15 108.17421   7.31665  8148.96  8953.61 2.34 2.07  35.7 -0.431 18.77 19.28 02a59862o0689o
59862.642337  20.132  1.873    32   60 o  0   0.83 108.17421   7.31665  8092.00  8874.64 2.40 2.16  30.3 -0.433 18.43 18.83 02a59862o0701o
59864.584117  19.407  0.236    63   15 o  0   1.24 108.17421   7.31665  6237.46  3417.84 2.46 2.28  38.9 -0.399 19.04 19.67 01a59864o0817o
59864.586895  19.342  0.255    67   17 o  0   0.88 108.17421   7.31665  6217.67  3378.00 2.44 2.27  37.3 -0.399 19.08 19.68 01a59864o0823o
59864.589665  19.861  0.318    41   13 o  0   1.57 108.17421   7.31665  6275.88  3455.58 2.49 2.28  37.5 -0.394 19.08 19.69 01a59864o0829o
59864.601919  19.251  0.226    72   16 o  0   0.87 108.17421   7.31665  6298.55  3336.55 2.42 2.25  39.6 -0.400 19.14 19.73 01a59864o0854o
59864.644070  20.417  1.280    25   32 o  0   1.21 108.17421   7.31665  6261.48  3385.35 2.56 2.30  40.5 -0.402 18.28 18.13 01a59864o0939o
59868.612117  19.188  0.234    77   18 o  0   1.20 108.17421   7.31665  2145.32  5293.82 2.48 1.83  26.6 -0.451 19.01 19.68 02a59868o0907o
59868.614988  18.942  0.186    96   18 o  0   0.99 108.17421   7.31665  2165.90  5332.45 2.37 1.85  27.9 -0.453 18.99 19.69 02a59868o0913o
59868.625007  20.257  0.481    29   14 o  0   1.91 108.17421   7.31665  2106.50  5254.59 2.36 1.85  26.8 -0.447 19.03 19.69 02a59868o0935o
59868.635090  19.972  0.506    37   19 o  0   1.20 108.17421   7.31665  2089.52  5370.72 2.42 1.87  25.6 -0.450 19.00 19.63 02a59868o0957o
59870.565981  19.771  0.276    45   12 o  0   1.01 108.17421   7.31665  6214.83  3417.42 2.36 2.22  34.7 -0.405 19.36 20.28 01a59870o0736o
59870.568753  19.598  0.215    53   11 o  0   1.51 108.17421   7.31665  6197.77  3381.77 2.43 2.21  37.4 -0.395 19.40 20.29 01a59870o0742o
59870.575224  19.179  0.134    77   10 o  0   1.40 108.17421   7.31665  6255.36  3458.77 2.39 2.22  35.0 -0.399 19.41 20.31 01a59870o0756o
59870.596073  20.315  0.451    27   12 o  0   1.25 108.17421   7.31665  6277.86  3336.86 2.51 2.32  39.2 -0.394 19.38 20.38 01a59870o0800o
59871.302080  19.552  0.259    55   14 o  0   1.69 108.17421   7.31665  4482.69  3542.95 2.45 2.41   4.8 -0.377 18.90 20.08 04a59871o0682o
59871.305248  19.310  0.234    68   16 o  0   0.94 108.17421   7.31665  4462.59  3504.25 2.14 2.13  76.2 -0.414 18.95 20.11 04a59871o0689o
59871.325776  19.396  0.258    63   16 o  0   0.93 108.17421   7.31665  4517.77  3579.24 2.16 2.12  72.3 -0.409 19.02 20.09 04a59871o0734o
59871.331630  19.447  0.238    60   14 o  0   1.28 108.17421   7.31665  4537.35  3463.32 2.30 2.25  43.6 -0.403 18.97 20.11 04a59871o0747o
59872.592255  19.396  0.194    63   12 o  0   1.11 108.17421   7.31665  2146.64  5293.98 2.29 1.85  26.8 -0.460 19.45 20.48 02a59872o0874o
59872.595482  19.421  0.188    62   12 o  0   1.30 108.17421   7.31665  2165.89  5332.46 2.32 1.85  26.8 -0.455 19.44 20.50 02a59872o0881o
59872.600908  19.424  0.195    62   12 o  0   1.08 108.17421   7.31665  2108.49  5255.13 2.33 1.85  28.0 -0.453 19.46 20.50 02a59872o0893o
59872.622250  19.128  0.150    81   12 o  0   1.02 108.17421   7.31665  2088.66  5373.61 2.29 1.82  27.5 -0.455 19.45 20.50 02a59872o0939o
59873.092256  19.825  0.353    43   15 o  0   0.97 108.17421   7.31665  6472.05  7236.83 2.42 2.11 -40.8 -0.410 19.15 20.22 03a59873o0771o
59873.095906  19.197  0.243    76   18 o  0   0.72 108.17421   7.31665  6451.81  7198.53 2.39 2.07 -37.1 -0.417 19.16 20.21 03a59873o0779o
59876.610154  18.859  0.096   104   10 c  0   1.27 108.17421   7.31665  2284.98  9180.95 2.47 2.37 -14.6 -0.437 19.51 21.24 02a59876o0872c
59876.614272  19.158  0.155    79   12 c  0   1.03 108.17421   7.31665  2305.22  9217.19 2.50 2.40  -5.4 -0.432 19.51 21.23 02a59876o0881c
59876.630267  19.292  0.167    70   12 c  0   1.07 108.17421   7.31665  2247.94  9142.04 2.63 2.51 -23.5 -0.429 19.49 21.25 02a59876o0915c
59876.640812  19.069  0.157    86   13 c  0   0.89 108.17421   7.31665  2228.51  9258.02 2.47 2.39 -35.2 -0.441 19.44 20.94 02a59876o0938c
59878.619950  19.379  0.192    64   12 o  0   1.02 108.17421   7.31665  8499.71  7283.20 2.57 2.49 -54.1 -0.438 19.52 20.78 01a59878o0924o
59878.637842  19.383  0.199    64   13 o  0   1.17 108.17421   7.31665  8482.92  7239.44 2.65 2.56  40.3 -0.426 19.35 20.47 01a59878o0960o
59878.640689  19.057  0.156    86   14 o  0   1.17 108.17421   7.31665  8541.00  7317.27 2.53 2.50  46.0 -0.437 19.25 20.14 01a59878o0966o
59878.645808  19.097  0.288    83   24 o  0   1.23 108.17421   7.31665  8560.60  7199.29 2.64 2.63  50.0 -0.433 18.62 18.92 01a59878o0976o
59879.336833  19.171  0.113    78    9 c  0   1.27 108.17421   7.31665  6410.18  3442.12 2.25 2.00 -17.6 -0.389 19.55 21.27 04a59879o0761c
59879.339998  19.242  0.133    73   10 c  0   1.20 108.17421   7.31665  6391.47  3403.09 2.32 2.01 -17.6 -0.385 19.52 21.25 04a59879o0768c
59879.361467  19.204  0.117    76    9 c  0   1.49 108.17421   7.31665  6456.71  3477.67 2.29 2.01 -23.4 -0.388 19.52 21.16 04a59879o0815c
59879.365521  19.052  0.110    87   10 c  0   1.58 108.17421   7.31665  6477.97  3361.24 2.27 1.96 -19.7 -0.383 19.45 20.89 04a59879o0824c
59881.024233  18.935  0.328    97   32 o  0   1.21 108.17421   7.31665  6364.70  1437.74 2.12 1.92 -46.6 -0.444 18.14 19.25 03a59881o0619o
59881.027400  18.323  0.468   170   80 o  0   0.93 108.17421   7.31665  6346.21  1397.53 2.10 1.89 -51.0 -0.448 17.86 19.01 03a59881o0626o
59881.032825 -15.706  1.000 -1896 1896 o  0   1.30 108.17421   7.31665  6401.66  1476.16 2.15 1.92 -57.1 -0.415 14.55 15.76 03a59881o0638o
59881.042785  18.956  0.199    95   19 o  0   1.91 108.17421   7.31665  6423.84  1359.28 2.08 1.92 -36.6 -0.446 18.55 19.61 03a59881o0660o
59882.572765  19.027  0.129    89   12 o  0   0.83 108.17421   7.31665  2528.06  3678.47 2.41 2.22  38.6 -0.431 19.57 20.78 01a59882o0786o
59882.574614  19.136  0.108    80    9 o  0   1.51 108.17421   7.31665  2509.22  3639.01 2.40 2.17  37.9 -0.431 19.59 20.78 01a59882o0790o
59882.579692  19.223  0.131    74   10 o  0   1.43 108.17421   7.31665  2568.03  3715.37 2.42 2.17  34.7 -0.431 19.60 20.79 01a59882o0801o
59882.597327  18.994  0.143    92   13 o  0   0.82 108.17421   7.31665  2587.41  3595.10 2.71 2.55  46.3 -0.412 19.48 20.86 01a59882o0838o
59883.303920  18.968  0.121    94   11 c  0   0.71 108.17421   7.31665  2718.86  7503.64 2.51 2.04 -77.5 -0.366 19.51 21.20 04a59883o0680c
59883.307075  19.172  0.143    78   11 c  0   1.14 108.17421   7.31665  2700.03  7464.37 2.54 2.08 -80.5 -0.365 19.49 21.24 04a59883o0687c
59883.312487  19.076  0.140    85   12 c  0   0.77 108.17421   7.31665  2757.71  7541.70 2.66 2.18 -76.3 -0.360 19.52 21.25 04a59883o0699c
59883.321508  19.316  0.148    68   10 c  0   0.90 108.17421   7.31665  2778.62  7424.75 2.64 2.12 -79.5 -0.362 19.50 21.29 04a59883o0719c
59884.564676  18.999  0.122    91   11 c  0   1.15 108.17421   7.31665  1985.65  1407.97 2.39 2.26  56.7 -0.437 19.54 21.11 02a59884o0808c
59884.566487  18.960  0.107    95   10 c  0   1.07 108.17421   7.31665  2004.85  1447.15 2.41 2.26  57.7 -0.435 19.52 21.11 02a59884o0812c
59884.571725  19.322  0.150    68   10 c  0   1.17 108.17421   7.31665  1943.83  1370.19 2.40 2.26  53.7 -0.445 19.52 21.13 02a59884o0823c
59884.577149  19.079  0.133    85   11 c  0   0.77 108.17421   7.31665  1923.41  1486.97 2.37 2.25  54.5 -0.436 19.55 21.13 02a59884o0835c
59887.278921  19.700  0.395    48   19 o  0   0.85 108.17421   7.31665  2716.96  7503.70 2.32 1.86 -78.1 -0.393 18.97 19.72 04a59887o0625o
59887.282083  19.335  0.215    67   14 o  0   1.67 108.17421   7.31665  2697.81  7464.35 2.27 1.82 -78.6 -0.393 18.99 19.76 04a59887o0632o
59887.287580  19.488  0.272    58   16 o  0   1.10 108.17421   7.31665  2756.63  7540.70 2.30 1.85 -80.6 -0.387 18.99 19.81 04a59887o0644o
59887.299723  19.057  0.181    86   16 o  0   0.80 108.17421   7.31665  2774.67  7424.01 2.33 1.86 -82.0 -0.384 19.09 19.95 04a59887o0669o
59890.532125  19.330  0.260    67   18 o  0   1.09 108.17421   7.31665  2768.73  9507.15 2.48 2.33  58.9 -0.408 18.99 19.51 01a59890o0745o
59890.534434  19.055  0.191    87   17 o  0   1.42 108.17421   7.31665  2749.45  9467.37 2.49 2.33  76.0 -0.411 19.00 19.52 01a59890o0750o
59890.537208  19.563  0.336    54   18 o  0   0.93 108.17421   7.31665  2808.11  9545.15 2.50 2.35  68.7 -0.406 18.98 19.49 01a59890o0756o
59890.542288  19.021  0.204    90   18 o  0   1.03 108.17421   7.31665  2830.42  9427.25 2.49 2.32  62.9 -0.410 19.01 19.51 01a59890o0767o
59890.581460  18.600  0.158   132   21 o  0   0.84 108.17421   7.31665  9873.57  4894.36 2.35 2.10  18.0 -0.420 18.80 19.34 02a59890o0759o
59890.584205  18.695  0.162   121   20 o  0   1.59 108.17421   7.31665  9857.34  5009.23 2.33 2.05  15.4 -0.427 18.87 19.38 02a59890o0765o
59891.235086  18.570  0.667   136   90 o  0   1.48 108.17421   7.31665  2431.79  1697.91 2.20 1.83  48.1 -0.438 17.02 16.56 04a59891o0474o
59891.238700  18.097  0.534   210  112 o  0   1.33 108.17421   7.31665  2411.30  1658.84 2.21 1.85  46.7 -0.449 16.75 16.30 04a59891o0482o
59891.243664  18.642  0.717   127   91 o  0   1.43 108.17421   7.31665  2471.27  1736.46 2.16 1.82  49.0 -0.448 16.82 16.31 04a59891o0493o
59891.256310 -20.420  6.576   -25  162 o  0   1.02 108.17421   7.31665  2491.04  1618.73 2.04 1.85  50.3 -0.466 16.57 16.01 04a59891o0521o
59892.478381  19.005  0.234    91   21 o  0   1.14 108.17421   7.31665  2757.95  9518.47 2.51 2.28  69.3 -0.402 18.76 19.06 01a59892o0616o
59892.554089  19.183  0.289    77   22 o  0   0.77 108.17421   7.31665  9912.17  4929.49 2.55 2.49   0.2 -0.417 18.68 19.26 02a59892o0673o
59892.555897  19.425  0.381    62   24 o  0   0.84 108.17421   7.31665  9930.66  4967.98 2.36 2.23  12.3 -0.421 18.76 19.27 02a59892o0677o
59892.559059  19.109  0.255    82   21 o  0   1.17 108.17421   7.31665  9872.85  4890.66 2.32 2.19  14.9 -0.422 18.80 19.28 02a59892o0684o
59892.564488  18.976  0.260    93   24 o  0   0.93 108.17421   7.31665  9853.39  5007.45 2.38 2.18  20.8 -0.420 18.78 19.29 02a59892o0696o
59893.016596  18.242  0.185   183   34 o  0   0.89 108.17421   7.31665  4514.30  5350.10 2.57 2.31 -48.6 -0.374 18.24 18.45 03a59893o0590o
59893.019299  20.792  1.881    18   33 o  0   0.94 108.17421   7.31665  4495.39  5311.26 2.53 2.28 -51.5 -0.378 18.24 18.49 03a59893o0596o
59893.024564  20.215  1.478    30   44 o  0   1.03 108.17421   7.31665  4547.41  5389.34 2.56 2.34 -47.7 -0.379 17.97 18.05 03a59893o0607o
59893.040384 -17.364  1.192  -411  490 o  0   1.46 108.17421   7.31665  4571.10  5274.28 2.58 2.40 -47.8 -0.371 15.35 14.73 03a59893o0641o
59893.505114  18.922  0.240    98   24 o  0   1.51 108.17421   7.31665  9901.47  4928.13 2.50 2.24  18.8 -0.417 18.60 19.03 02a59893o0698o
59893.506940  19.150  0.334    80   26 o  0   1.49 108.17421   7.31665  9920.51  4967.34 2.66 2.43  17.2 -0.408 18.55 19.03 02a59893o0702o
59893.519598  19.276  0.346    71   24 o  0   1.37 108.17421   7.31665  9862.39  4890.77 2.50 2.25  14.0 -0.413 18.61 19.06 02a59893o0730o
59893.529884  18.899  0.225   100   22 o  0   1.12 108.17421   7.31665  9844.90  5007.70 2.33 2.13  20.9 -0.417 18.68 19.09 02a59893o0752o
59894.456068  18.627  0.189   129   24 o  0   1.64 108.17421   7.31665  2757.89  9520.57 2.98 2.64  63.4 -0.361 18.53 18.95 01a59894o0593o
59894.466238  18.742  0.240   116   28 o  0   0.87 108.17421   7.31665  2742.08  9479.96 2.96 2.64  64.5 -0.356 18.58 18.99 01a59894o0615o
59894.494443  18.864  0.245   103   25 o  0   0.92 108.17421   7.31665  2805.74  9548.54 2.72 2.66  88.6 -0.391 18.68 19.10 01a59894o0674o
59894.498986  18.942  0.207    96   20 o  0   1.64 108.17421   7.31665  2825.19  9432.25 2.66 2.56  65.5 -0.387 18.67 19.12 01a59894o0683o
59897.508009  18.784  0.143   111   16 o  0   1.64 108.17421   7.31665  9915.08  4927.92 2.34 2.14  21.3 -0.425 18.92 19.60 02a59897o0698o
59897.509816  19.088  0.238    84   20 o  0   0.64 108.17421   7.31665  9934.53  4966.95 2.31 2.15  15.6 -0.427 18.97 19.60 02a59897o0702o
59898.526286  19.109  0.165    82   14 o  0   1.41 108.17421   7.31665  4711.73  9412.26 2.56 2.36  60.0 -0.388 19.22 20.05 01a59898o0738o
59898.529134  18.979  0.141    93   13 o  0   1.43 108.17421   7.31665  4689.83  9370.66 2.53 2.42  63.6 -0.393 19.24 20.06 01a59898o0744o
59898.557942  19.101  0.189    83   16 o  0   1.01 108.17421   7.31665  4750.23  9440.19 2.51 2.41  59.1 -0.397 19.27 20.10 01a59898o0805o
59898.562150  19.149  0.184    80   15 o  0   1.15 108.17421   7.31665  4770.87  9322.09 2.60 2.54  60.0 -0.396 19.21 20.11 01a59898o0814o
59899.295973  18.354  0.111   165   18 o  0   1.51 108.17421   7.31665  8430.51  5278.86 2.28 1.83 -22.1 -0.433 18.85 19.47 04a59899o0644o
59899.302895  19.332  0.259    67   17 o  0   1.27 108.17421   7.31665  8412.77  5239.17 2.30 1.85 -19.5 -0.444 19.05 19.82 04a59899o0659o
59899.305599  19.023  0.186    89   17 o  0   1.03 108.17421   7.31665  8472.23  5316.28 2.32 1.89 -24.4 -0.437 18.91 20.00 04a59899o0665o
59899.316986  19.195  0.206    76   16 o  0   1.09 108.17421   7.31665  8496.16  5198.81 2.33 1.92 -23.2 -0.423 19.10 19.93 04a59899o0690o
59901.026953  19.018  0.174    90   16 o  0   0.98 108.17421   7.31665  4462.19  3418.13 2.24 2.07 -51.7 -0.419 19.30 20.37 03a59901o0582o
59901.028759  18.753  0.129   114   15 o  0   1.06 108.17421   7.31665  4443.54  3379.06 2.26 2.06 -46.9 -0.422 19.25 20.33 03a59901o0586o
59901.035154  19.077  0.162    85   14 o  0   1.27 108.17421   7.31665  4496.46  3458.51 2.21 2.00 -49.0 -0.412 19.26 20.36 03a59901o0600o
59901.045972  18.938  0.181    97   18 o  0   1.13 108.17421   7.31665  4516.98  3343.97 2.19 2.00 -46.9 -0.431 19.06 20.08 03a59901o0624o
59903.280190  19.027  0.164    89   15 o  0   1.08 108.17421   7.31665  8429.24  5279.97 2.35 1.94 -24.5 -0.429 19.32 20.39 04a59903o0605o
59903.281995  19.070  0.169    86   14 o  0   0.84 108.17421   7.31665  8410.20  5241.28 2.29 1.90 -24.3 -0.437 19.33 20.44 04a59903o0609o
59903.285147  18.977  0.150    93   14 o  0   0.90 108.17421   7.31665  8469.31  5318.42 2.35 1.92 -24.6 -0.432 19.36 20.47 04a59903o0616o
59903.300582  18.523  0.114   142   16 o  0   0.81 108.17421   7.31665  8496.11  5201.02 2.32 1.89 -24.7 -0.433 19.35 20.49 04a59903o0649o
59906.536968  18.917  0.082    98    8 c  0   1.11 108.17421   7.31665  6560.80  7368.95 3.17 2.97  37.5 -0.313 19.64 21.57 01a59906o0759c
59906.540323  18.790  0.075   111    8 c  0   1.03 108.17421   7.31665  6541.66  7327.82 3.25 3.04  38.0 -0.309 19.60 21.55 01a59906o0766c
59906.582748  18.883  0.101   102   10 c  0   0.86 108.17421   7.31665  3910.18  3453.58 3.41 3.18  37.5 -0.310 19.56 21.57 01a59906o0856c
59907.260146  18.868  0.137   103   14 o  0   1.30 108.17421   7.31665  8279.64  1401.74 2.37 2.05 -23.5 -0.425 19.33 20.58 04a59907o0558o
59907.291904  18.620  0.104   129   14 o  0   1.19 108.17421   7.31665  8270.92  1359.86 2.56 2.15 -20.0 -0.400 19.36 20.68 04a59907o0624o
59907.298241  19.018  0.168    90   15 o  0   0.88 108.17421   7.31665  8332.31  1437.23 2.47 2.03 -23.1 -0.417 19.35 20.66 04a59907o0638o
59907.301845  19.122  0.149    82   12 o  0   1.25 108.17421   7.31665  8353.39  1319.40 2.46 2.07 -21.5 -0.407 19.37 20.68 04a59907o0646o
59908.512880  18.784  0.127   111   14 o  0   0.71 108.17421   7.31665 10008.94  6872.05 2.47 2.03 -66.1 -0.469 19.56 20.80 02a59908o0715o
59908.514688  18.718  0.101   118   12 o  0   1.20 108.17421   7.31665 10028.23  6910.88 2.48 2.08 -64.1 -0.468 19.57 20.79 02a59908o0719o
59908.518764  18.936  0.159    97   15 o  0   0.85 108.17421   7.31665  9968.67  6833.84 2.54 2.15 -65.1 -0.458 19.49 20.81 02a59908o0728o
59908.524195  19.140  0.165    80   13 o  0   1.31 108.17421   7.31665  9949.53  6950.06 2.53 2.11 -64.2 -0.458 19.52 20.83 02a59908o0740o
59909.067113  19.364  1.429    65   93 c  0   0.99 108.17421   7.31665  4068.87  7117.25 3.02 2.71 -50.0 -0.350 17.13 19.04 03a59909o0435c
59909.070331  19.211  0.204    75   15 c  0   1.36 108.17421   7.31665  4084.66  7157.08 2.93 2.69 -51.4 -0.361 18.92 20.91 03a59909o0442c
59909.075770 -19.046  2.500   -87  218 c  0   0.94 108.17421   7.31665  4026.35  7079.99 2.92 2.64 -51.1 -0.355 16.19 18.05 03a59909o0454c
59909.091050 -17.840  2.394  -266  636 c  0   0.94 108.17421   7.31665  3994.42  7195.45 2.86 2.55 -50.0 -0.365 14.95 16.42 03a59909o0487c
59910.525526  18.924  0.092    98    9 c  0   1.20 108.17421   7.31665  6593.91  7402.26 3.51 3.31  35.3 -0.285 19.47 21.50 01a59910o0734c
59910.530621  18.962  0.110    94   10 c  0   1.09 108.17421   7.31665  6614.66  7285.53 3.59 3.37  37.6 -0.279 19.39 21.42 01a59910o0745c
59911.290323  19.090  0.149    84   12 o  0   0.93 108.17421   7.31665  8293.57  1397.87 2.49 2.05 -18.4 -0.412 19.41 20.90 04a59911o0549o
59911.292127  18.924  0.136    98   13 o  0   0.70 108.17421   7.31665  8276.58  1357.82 2.54 2.07 -24.4 -0.418 19.44 20.91 04a59911o0553o
59911.327416  18.834  0.120   106   13 o  0   1.08 108.17421   7.31665  2244.40  9167.36 2.91 2.31 -81.7 -0.352 19.36 20.96 04a59911o0629o
59911.338719  18.695  0.112   121   14 o  0   0.82 108.17421   7.31665  2230.52  9271.22 2.66 2.01 -78.8 -0.389 19.43 20.95 04a59911o0653o
59911.351455  18.899  0.123   100   12 o  0   1.58 108.17421   7.31665  2279.17  9200.30 2.55 1.91 -76.9 -0.391 19.16 20.21 04a59911o0680o
59912.887315  18.493  0.189   146   28 o  0   1.20 108.17421   7.31665  2600.07  7304.28 3.19 2.79 -44.2 -0.348 18.56 19.57 03a59913o0283o
59912.892774  19.019  0.302    90   27 o  0   0.92 108.17421   7.31665  2655.73  7381.12 3.07 2.69 -32.3 -0.349 18.62 19.66 03a59913o0295o
59912.903713  18.769  0.196   113   22 o  0   1.11 108.17421   7.31665  2675.08  7263.77 2.97 2.62 -49.1 -0.355 18.70 19.75 03a59913o0319o
59915.211535  18.768  0.137   113   16 o  0   1.74 108.17421   7.31665  8604.63  9160.52 2.36 2.24 -31.3 -0.401 19.10 19.97 04a59915o0426o
59915.213338  18.795  0.172   110   19 o  0   1.13 108.17421   7.31665  8584.61  9121.45 2.33 2.15 -33.7 -0.429 19.08 19.96 04a59915o0430o
59915.219954  19.453  0.328    60   20 o  0   0.92 108.17421   7.31665  8643.19  9200.27 2.43 2.27 -29.8 -0.409 19.10 20.03 04a59915o0444o
59915.240311  18.941  0.149    96   14 o  0   1.89 108.17421   7.31665  8664.47  9084.03 2.46 2.31 -41.7 -0.396 19.22 20.25 04a59915o0488o
59916.632340  19.203  0.129    76   10 o  0   2.43 108.17421   7.31665   811.26  9532.84 2.04 1.95 -35.6 -0.521 19.44 20.66 02a59916o0533o
59916.650717  19.074  0.157    85   13 o  0   1.18 108.17421   7.31665   796.62  9494.31 2.05 1.92 -52.8 -0.516 19.33 20.45 02a59916o0573o
59916.659553  19.752  0.497    46   23 o  0   1.09 108.17421   7.31665   855.68  9572.39 2.08 2.03 -69.8 -0.528 18.79 19.52 02a59916o0591o
59916.663283  18.843  0.371   105   39 o  0   1.10 108.17421   7.31665   876.41  9454.68 2.05 2.03 -61.1 -0.527 18.27 18.62 02a59916o0599o
59919.230472  19.378  0.481    64   31 o  0   1.06 108.17421   7.31665  8600.01  9156.93 2.40 2.21 -43.3 -0.409 18.68 19.10 04a59919o0471o
59919.233629  18.827  0.278   107   30 o  0   0.81 108.17421   7.31665  8580.86  9117.27 2.41 2.19 -36.3 -0.407 18.65 19.11 04a59919o0478o
59919.253513  18.747  0.230   115   26 o  0   1.57 108.17421   7.31665  8646.42  9193.50 2.40 2.15 -47.1 -0.415 18.70 19.18 04a59919o0521o
59919.258924  19.224  0.380    74   28 o  0   0.99 108.17421   7.31665  8666.66  9076.29 2.47 2.18 -52.7 -0.397 18.73 19.20 04a59919o0533o
59920.918483  18.448  0.286   152   43 o  0   1.14 108.17421   7.31665  2465.02  1529.06 2.48 2.26 -62.6 -0.395 17.96 17.97 03a59921o0341o
59920.920285  18.781  0.301   112   34 o  0   1.55 108.17421   7.31665  2446.05  1489.41 2.36 2.17 -67.1 -0.398 18.03 17.99 03a59921o0345o
59920.923438  18.879  0.398   102   41 o  0   1.06 108.17421   7.31665  2502.87  1568.16 2.37 2.18 -63.9 -0.391 18.07 18.01 03a59921o0352o
59920.933515  19.021  0.436    89   39 o  0   1.13 108.17421   7.31665  2527.39  1449.57 2.43 2.22 -53.4 -0.392 18.04 18.05 03a59921o0373o
59927.289286  19.044  0.203    88   18 o  0   1.41 108.17421   7.31665  9912.01  4933.62 2.81 2.06 -16.2 -0.399 18.90 19.73 04a59927o0584o
59927.303154  19.306  0.336    69   23 o  0   1.05 108.17421   7.31665  9939.14  4960.18 2.73 1.98 -17.3 -0.416 18.94 19.70 04a59927o0614o
59927.323230  19.131  0.262    81   21 o  0   1.33 108.17421   7.31665  9890.54  4869.62 2.79 1.97 -17.9 -0.415 18.94 19.68 04a59927o0654o
59927.332915  18.825  0.251   107   27 o  0   1.12 108.17421   7.31665  9874.67  4981.18 2.66 1.93 -17.5 -0.423 18.92 19.60 04a59927o0675o
59927.353637  18.423  0.300   155   46 o  0   1.37 108.17421   7.31665  9921.24  4914.94 2.75 1.93 -16.6 -0.412 18.23 18.36 04a59927o0719o
59928.546325  18.984  0.131    92   12 o  0   1.19 108.17421   7.31665  6472.48  5359.04 2.49 1.95  40.2 -0.448 19.36 20.46 02a59928o0786o
59928.549488  19.293  0.189    70   13 o  0   1.08 108.17421   7.31665  6453.51  5320.27 2.50 1.96  38.8 -0.449 19.36 20.45 02a59928o0793o
59928.584309  19.336  0.225    67   15 o  0   1.13 108.17421   7.31665  6510.80  5397.18 2.58 1.97  36.4 -0.446 19.35 20.35 02a59928o0868o
59928.600866  19.556  0.254    55   14 o  0   0.94 108.17421   7.31665  6539.38  5285.19 2.45 1.93  37.6 -0.441 19.36 20.29 02a59928o0902o
59931.202481  19.161  0.138    79   11 c  0   1.12 108.17421   7.31665   774.36  7608.15 2.74 2.22 -88.2 -0.362 19.60 21.53 04a59931o0404c
59931.205475  19.002  0.114    91   10 c  0   1.18 108.17421   7.31665   755.36  7568.72 2.83 2.30  87.4 -0.355 19.56 21.51 04a59931o0410c
59931.208628  19.264  0.137    72   10 c  0   1.10 108.17421   7.31665   814.30  7645.88 2.69 2.17  88.4 -0.369 19.63 21.53 04a59931o0417c
59931.214042  19.310  0.132    68    9 c  0   1.67 108.17421   7.31665   836.93  7528.12 2.76 2.21 -88.7 -0.364 19.62 21.54 04a59931o0429c
59933.038831  20.058  5.562    34  191 o  0   0.96 108.17421   7.31665  6164.45  1337.52 2.39 2.06 -56.4 -0.433 17.88 19.21 03a59933o0459o
59933.050613  18.934  0.132    97   13 o  0   1.46 108.17421   7.31665  2105.18  5282.32 2.47 2.19 -59.0 -0.413 19.26 20.65 03a59933o0483o
59933.059176  19.534  0.218    56   12 o  0   1.10 108.17421   7.31665  2046.31  5203.90 2.34 2.04 -55.5 -0.415 19.43 20.76 03a59933o0502o
59933.062334  18.933  0.106    97   10 o  0   1.20 108.17421   7.31665  2023.06  5319.40 2.34 2.05 -55.7 -0.412 19.47 20.76 03a59933o0509o
59935.288179  19.424  0.165    62   10 c  0   1.33 108.17421   7.31665  9839.90  2979.76 3.21 2.11 -19.9 -0.374 19.62 21.51 04a59935o0586c
59935.299597  19.076  0.125    85   11 c  0   1.38 108.17421   7.31665  9865.63  3010.99 3.17 2.09 -21.3 -0.385 19.63 21.50 04a59935o0611c
59935.303652  19.318  0.159    68   11 c  0   1.12 108.17421   7.31665  9810.09  2931.47 3.17 2.09 -20.1 -0.368 19.63 21.49 04a59935o0620c
59935.329198  19.433  0.186    61   11 c  0   0.97 108.17421   7.31665  9798.64  3036.06 3.09 2.11 -18.9 -0.375 19.61 21.38 04a59935o0676c
59935.356629  19.823  0.602    43   26 c  0   0.76 108.17421   7.31665  9841.66  2970.63 3.07 2.03 -24.8 -0.359 18.78 19.64 04a59935o0736c
59939.199621  19.370  0.168    65   11 c  0   0.85 108.17421   7.31665   588.31  3728.38 2.83 2.38  54.8 -0.341 19.49 21.51 04a59939o0391c
59939.201422  19.295  0.148    70   10 c  0   1.05 108.17421   7.31665   569.49  3688.82 2.85 2.20  54.3 -0.351 19.54 21.52 04a59939o0395c
59939.204575  19.235  0.139    74   10 c  0   1.30 108.17421   7.31665   629.52  3765.79 3.05 2.42  46.5 -0.345 19.43 21.51 04a59939o0402c
59940.989561  19.358  0.133    66    9 o  0   1.72 108.17421   7.31665  6229.80  5279.28 2.29 1.96 -61.5 -0.429 19.63 21.23 03a59941o0474o
59940.996539  19.510  0.167    57   10 o  0   1.23 108.17421   7.31665  6247.77  5299.66 2.29 1.99 -60.0 -0.437 19.62 21.18 03a59941o0489o
59941.000401  19.568  0.188    54   10 o  0   0.83 108.17421   7.31665  6192.39  5212.03 2.32 2.05 -61.7 -0.436 19.59 21.18 03a59941o0497o
59941.024301  19.259  0.141    72   10 o  0   1.01 108.17421   7.31665  6171.78  5263.73 2.25 1.95 -54.5 -0.437 19.57 21.11 03a59941o0548o
59943.257090  19.575  0.191    54   10 c  0   1.07 108.17421   7.31665 10014.57  6861.07 2.88 2.13 -18.6 -0.426 19.57 21.42 04a59943o0499c
59943.260694  19.149  0.124    80   10 c  0   1.43 108.17421   7.31665 10035.80  6896.90 2.82 2.06 -17.9 -0.442 19.60 21.42 04a59943o0507c
59943.294371  19.459  0.228    60   14 c  0   0.81 108.17421   7.31665  9995.73  6800.34 2.81 2.06 -22.7 -0.450 19.58 21.38 04a59943o0581c
59943.300600  19.341  0.177    67   12 c  0   1.11 108.17421   7.31665  9976.45  6913.05 2.78 2.12 -19.4 -0.434 19.52 21.34 04a59943o0594c
59944.874810  19.164  0.234    78   18 o  0   0.82 108.17421   7.31665  4402.63  4746.45 2.53 2.36 -36.5 -0.374 18.95 20.05 03a59945o0218o
59944.882869  19.284  0.235    70   16 o  0   1.28 108.17421   7.31665  4379.54  4719.89 2.50 2.27 -56.6 -0.398 19.06 20.07 03a59945o0235o
59944.884676  19.763  0.411    45   19 o  0   0.92 108.17421   7.31665  4433.54  4801.56 2.61 2.40 -60.8 -0.392 19.01 20.07 03a59945o0239o
59944.899629  19.181  0.212    77   16 o  0   0.91 108.17421   7.31665  4443.38  4714.05 2.56 2.28 -54.8 -0.390 19.04 20.14 03a59945o0272o
59947.152222  18.645  0.235   126   30 o  0   0.97 108.17421   7.31665   854.06  9557.40 3.22 2.34 -76.5 -0.344 18.49 19.12 04a59947o0252o
59947.154024  19.894  0.827    40   33 o  0   0.97 108.17421   7.31665   834.86  9518.71 3.24 2.41 -80.5 -0.345 18.52 19.14 04a59947o0256o
59947.157178  18.897  0.266   100   27 o  0   1.42 108.17421   7.31665   894.06  9596.17 3.12 2.21 -76.7 -0.361 18.61 19.16 04a59947o0263o
59947.164839  18.939  0.333    96   32 o  0   0.84 108.17421   7.31665   917.52  9477.64 3.32 2.24 -76.4 -0.361 18.53 19.20 04a59947o0280o
59955.215322  19.771  0.404    45   18 o  0   1.03 108.17421   7.31665  4093.97  5225.27 1.83 1.74 -65.7 -0.409 18.83 19.43 04a59955o0424o
59955.218475  19.674  0.322    49   16 o  0   1.34 108.17421   7.31665  4115.37  5260.83 1.87 1.75 -66.4 -0.403 18.84 19.41 04a59955o0431o
59955.223446  19.197  0.221    76   17 o  0   0.99 108.17421   7.31665  4060.07  5179.57 1.87 1.77 -60.4 -0.404 18.80 19.41 04a59955o0442o
59955.236125  19.883  0.434    40   18 o  0   1.00 108.17421   7.31665  4047.72  5285.54 1.95 1.82 -60.8 -0.405 18.76 19.35 04a59955o0470o
59956.979068  19.392  0.279    64   18 o  0   1.00 108.17421   7.31665  3749.18   882.67 2.37 2.07 -60.6 -0.373 18.97 19.76 03a59957o0443o
59956.982226  19.266  0.219    71   16 o  0   1.24 108.17421   7.31665  3767.83   913.53 2.32 2.03 -64.5 -0.378 18.95 19.75 03a59957o0450o
59956.988723  19.148  0.224    80   18 o  0   0.88 108.17421   7.31665  3711.02   815.88 2.35 2.05 -66.7 -0.375 18.93 19.73 03a59957o0464o
59956.998652  19.089  0.208    84   18 o  0   1.46 108.17421   7.31665  3690.15   905.97 2.32 2.01 -64.5 -0.376 18.98 19.74 03a59957o0486o
59957.440585  19.310  0.175    68   12 o  0   1.24 108.17421   7.31665   460.09  1743.97 2.02 1.93 -52.7 -0.472 19.40 20.46 02a59957o0502o
59957.443467  19.434  0.195    61   12 o  0   1.02 108.17421   7.31665   441.16  1704.92 2.00 1.93 -62.4 -0.471 19.38 20.46 02a59957o0508o
59957.462068  19.439  0.235    61   14 o  0   0.49 108.17421   7.31665   521.10  1667.39 1.94 1.88 -72.1 -0.489 19.34 20.42 02a59957o0546o
59959.179325  19.343  0.167    66   11 o  0   0.81 108.17421   7.31665  4071.14  5243.45 1.85 1.83 -75.5 -0.406 19.32 20.69 04a59959o0343o
59959.182028  19.565  0.185    54   10 o  0   1.07 108.17421   7.31665  4092.82  5279.21 1.84 1.81 -63.3 -0.408 19.34 20.66 04a59959o0349o
59959.188344  19.647  0.189    50   10 o  0   1.62 108.17421   7.31665  4040.40  5195.86 1.82 1.79 -66.7 -0.411 19.33 20.59 04a59959o0363o
59959.199204  19.403  0.172    63   11 o  0   1.61 108.17421   7.31665  4028.69  5301.53 1.99 1.87 -55.1 -0.399 19.28 20.57 04a59959o0387o
59960.977175  17.999  0.352   229   81 o  0   1.24 108.17421   7.31665  3464.04  9067.47 2.91 2.44 -32.1 -0.360 17.12 18.41 03a59961o0394o
59960.980344  17.813  4.905   272 1334 o  0   0.73 108.17421   7.31665  3482.64  9098.29 2.80 2.29 -47.4 -0.370 14.94 16.10 03a59961o0401o
59963.176235  19.689  0.238    48   12 o  0   1.44 108.17421   7.31665  3917.44  1363.45 2.28 2.07  40.0 -0.433 19.41 20.83 04a59963o0339o
59963.179838  19.658  0.250    50   12 o  0   1.07 108.17421   7.31665  3940.12  1399.19 2.26 2.05  45.4 -0.429 19.45 20.85 04a59963o0347o
59963.211427  19.914  0.293    39   12 o  0   1.03 108.17421   7.31665  3904.97  1291.05 2.34 2.04  39.4 -0.422 19.40 20.87 04a59963o0416o
59963.217734  19.435  0.196    61   12 o  0   1.00 108.17421   7.31665  3887.76  1401.97 2.28 2.05  41.7 -0.430 19.35 20.82 04a59963o0430o
59964.242116  18.827  0.288   107   31 o  0   1.08 108.17421   7.31665  8637.95 10061.39 3.09 2.25 -56.6 -0.413 18.50 20.31 02a59964o0075o
59964.461219  19.774  0.286    45   13 o  0   0.84 108.17421   7.31665  4965.21  7729.14 2.49 2.11  43.3 -0.434 19.46 20.87 02a59964o0503o
59964.465314  19.660  0.226    50   11 o  0   1.41 108.17421   7.31665  4946.16  7691.00 2.40 2.04  42.5 -0.437 19.48 20.86 02a59964o0512o
59964.470908  19.657  0.241    50   12 o  0   1.39 108.17421   7.31665  5003.34  7766.77 2.57 2.29  46.3 -0.427 19.36 20.83 02a59964o0524o
59964.487557  19.770  0.291    45   13 o  0   1.04 108.17421   7.31665  5023.95  7650.46 2.53 2.12  43.8 -0.437 19.42 20.76 02a59964o0560o
59964.933852  20.618  0.373    21    8 c  0   1.47 108.17421   7.31665  9841.30  3103.88 2.61 2.21 -59.1 -0.373 19.69 21.53 03a59965o0359c
59964.961177  20.227  0.271    30    8 c  0   1.30 108.17421   7.31665  9862.52  3144.73 2.48 2.06 -58.1 -0.381 19.72 21.49 03a59965o0418c
59964.964827  20.134  0.251    32    8 c  0   0.95 108.17421   7.31665  9805.45  3066.24 2.51 2.08 -59.9 -0.380 19.70 21.48 03a59965o0426c
59964.970235  19.799  0.203    44    9 c  0   0.94 108.17421   7.31665  9782.48  3181.25 2.61 2.18 -60.4 -0.375 19.66 21.47 03a59965o0438c
59968.423242  19.307  0.196    69   14 o  0   0.76 108.17421   7.31665  4622.43  7356.97 2.55 1.96  41.4 -0.431 19.45 20.68 02a59968o0491o
59968.426411  19.606  0.206    52   11 o  0   1.55 108.17421   7.31665  4603.69  7318.39 2.57 2.01  39.7 -0.424 19.42 20.66 02a59968o0498o
59968.433196  20.107  0.376    33   12 o  0   1.09 108.17421   7.31665  4661.18  7397.78 2.41 1.96  39.9 -0.435 19.42 20.63 02a59968o0513o
59968.468517 -19.894  0.375   -40   15 o  0  27.24 108.17421   7.31665  4674.61  7282.18 2.43 1.96  41.5 -0.432 19.39 20.51 02a59968o0590o
59968.861226  20.244  0.300    29    9 c  0   1.34 108.17421   7.31665   615.49  3585.84 2.43 2.24 -54.3 -0.395 19.65 21.47 03a59969o0201c
59968.865285  20.419  0.424    25   10 c  0   0.81 108.17421   7.31665   596.67  3545.45 2.61 2.36 -57.6 -0.388 19.61 21.47 03a59969o0210c
59968.871159  20.327  0.332    27    9 c  0   1.19 108.17421   7.31665   656.60  3625.54 2.50 2.28 -57.3 -0.392 19.65 21.49 03a59969o0223c
59968.893512  19.778  0.209    44    9 c  0   1.20 108.17421   7.31665  9875.64  7052.39 2.76 2.21 -57.7 -0.395 19.66 21.54 03a59969o0271c
59971.148738  19.593  0.170    53    9 o  0   1.44 108.17421   7.31665  7952.07  5047.13 2.30 1.78 -17.7 -0.426 19.46 20.90 04a59971o0287o
59971.151898  19.553  0.195    55   11 o  0   1.34 108.17421   7.31665  7974.10  5082.45 2.37 1.84 -15.9 -0.428 19.42 20.89 04a59971o0294o
59971.157322  20.285  0.358    28   10 o  0   1.41 108.17421   7.31665  7919.74  5000.43 2.31 1.79 -17.7 -0.432 19.46 20.88 04a59971o0306o
59971.189598  20.553  0.603    22   13 o  0   0.86 108.17421   7.31665  7923.74  5087.62 2.28 1.83 -19.1 -0.434 19.45 20.96 04a59971o0376o
59975.151590  19.415  0.327    62   20 o  0   1.35 108.17421   7.31665  7963.01  5034.25 2.49 1.99 -20.4 -0.399 18.68 19.47 04a59975o0295o
59975.155223  19.683  0.419    49   20 o  0   1.27 108.17421   7.31665  7985.16  5069.29 2.53 1.97 -16.2 -0.393 18.69 19.50 04a59975o0303o
59975.161531  19.101  0.268    83   22 o  0   0.77 108.17421   7.31665  7931.18  4985.77 2.45 1.92 -14.8 -0.405 18.74 19.51 04a59975o0317o
59975.187264  19.209  0.307    75   23 o  0   1.17 108.17421   7.31665  7932.51  5085.51 2.56 2.09 -14.0 -0.393 18.68 19.54 04a59975o0372o
59983.200423  19.013  0.374    90   34 o  0   1.09 108.17421   7.31665  6225.56  8954.37 2.51 2.00 -67.8 -0.393 18.26 18.49 04a59983o0415o
59983.204027  19.568  0.660    54   36 o  0   1.22 108.17421   7.31665  6245.84  8992.11 2.57 2.07 -69.0 -0.385 18.22 18.47 04a59983o0423o
59983.214072  19.580  0.619    53   33 o  0   1.13 108.17421   7.31665  6189.02  8911.89 2.53 1.96 -66.4 -0.388 18.19 18.35 04a59983o0445o
59983.220376  19.394  0.569    63   36 o  0   1.36 108.17421   7.31665  6169.77  9027.72 2.59 2.01 -68.1 -0.381 18.14 18.29 04a59983o0459o
59984.900817  19.543  0.255    55   14 o  0   1.58 108.17421   7.31665  8104.13  1276.18 2.56 2.16 -64.4 -0.406 19.03 19.98 03a59985o0311o
59984.903974  19.879  0.382    41   16 o  0   1.00 108.17421   7.31665  8123.55  1306.91 2.60 2.16 -64.3 -0.415 18.99 19.97 03a59985o0318o
59984.910286  19.955  0.464    38   18 o  0   0.99 108.17421   7.31665  8067.23  1211.16 2.51 2.22 -66.1 -0.399 18.88 19.84 03a59985o0332o
59984.933473  19.807  0.403    43   18 o  0   1.58 108.17421   7.31665  8048.15  1265.55 2.65 2.30 -67.7 -0.380 18.94 19.86 03a59985o0383o
59985.142384  19.972  0.684    37   26 o  0   0.95 108.17421   7.31665 10124.15  8801.44 2.68 2.29 -12.1 -0.434 18.90 19.69 04a59985o0288o
59985.146001  21.345  2.154    10   23 o  0   1.15 108.17421   7.31665 10147.31  8838.26 2.96 2.41  -5.3 -0.386 18.83 19.67 04a59985o0296o
59985.151404  19.477  0.395    59   23 o  0   0.88 108.17421   7.31665 10090.17  8755.60 2.63 2.35 -22.4 -0.421 18.87 19.68 04a59985o0308o
59985.163372  19.363  0.400    65   26 o  0   0.85 108.17421   7.31665 10078.09  8864.42 2.73 2.36 -16.3 -0.434 18.80 19.61 04a59985o0334o
59986.155359 -21.548  2.952    -9   26 o  0   1.14 108.17421   7.31665 10127.45  8784.11 2.75 2.36  -7.7 -0.410 18.82 19.72 04a59986o0309o
59986.158514 -21.929  3.833    -6   24 o  0   0.82 108.17421   7.31665 10148.76  8821.99 2.75 2.27  -8.4 -0.437 18.77 19.71 04a59986o0316o
59986.163624  19.720  0.564    47   26 o  0   1.03 108.17421   7.31665 10090.98  8741.16 2.82 2.35  -9.1 -0.417 18.77 19.69 04a59986o0327o
59986.177675  19.540  0.516    56   29 o  0   1.23 108.17421   7.31665 10077.03  8851.81 2.71 2.44 -12.3 -0.423 18.72 19.60 04a59986o0358o
59987.886260  20.381  0.573    26   15 o  0   0.78 108.17421   7.31665  8105.18  1297.00 2.35 2.08 -56.0 -0.427 19.38 20.66 03a59988o0284o
59987.889031  19.695  0.272    48   13 o  0   1.16 108.17421   7.31665  8123.95  1328.83 2.47 2.17 -58.5 -0.416 19.30 20.61 03a59988o0290o
59987.896844  19.960  0.384    38   14 o  0   0.95 108.17421   7.31665  8067.92  1228.40 2.52 2.31 -59.9 -0.422 19.21 20.53 03a59988o0307o
59987.919057  20.414  0.571    25   14 o  0   0.91 108.17421   7.31665  8047.18  1285.47 2.59 2.22 -66.4 -0.401 19.14 20.36 03a59988o0356o
59988.862010  20.011  0.322    36   12 o  0   0.88 108.17421   7.31665  8100.55  1352.09 2.28 1.96 -62.6 -0.427 19.47 20.76 03a59989o0230o
59988.865164  20.228  0.391    29   12 o  0   0.91 108.17421   7.31665  8118.99  1383.45 2.31 1.94 -62.3 -0.426 19.47 20.77 03a59989o0237o
59988.874261  20.539  0.478    22   11 o  0   1.14 108.17421   7.31665  8063.37  1280.80 2.37 2.00 -58.4 -0.420 19.46 20.79 03a59989o0256o
59988.884624  20.796  0.729    17   13 o  0   0.61 108.17421   7.31665  8038.91  1369.10 2.32 1.98 -63.3 -0.419 19.42 20.81 03a59989o0279o
59989.121416  19.966  0.348    38   13 c  0   1.27 108.17421   7.31665 10118.69  8810.92 2.97 2.42 -14.9 -0.410 19.48 21.26 04a59989o0250c
59989.124568  21.102  0.953    13   12 c  0   1.10 108.17421   7.31665 10140.00  8848.34 2.95 2.44 -19.0 -0.415 19.50 21.27 04a59989o0257c
59989.131775  19.989  0.335    37   12 c  0   1.08 108.17421   7.31665 10085.34  8763.96 2.86 2.38 -17.4 -0.425 19.49 21.23 04a59989o0273c
59989.144407  20.493  0.611    23   14 c  0   0.87 108.17421   7.31665 10071.93  8873.54 2.95 2.41 -19.2 -0.417 19.48 21.21 04a59989o0301c
59990.103722  22.452  3.278     4   12 c  0   1.32 108.17421   7.31665 10097.74  8820.46 3.07 2.51  -7.9 -0.392 19.45 21.20 04a59990o0211c
59990.107325  20.801  0.747    17   13 c  0   1.02 108.17421   7.31665 10120.62  8856.49 3.07 2.47  -8.4 -0.394 19.49 21.19 04a59990o0219c
59990.112729  21.322  1.189    11   13 c  0   1.00 108.17421   7.31665 10064.49  8773.22 3.02 2.43 -15.3 -0.397 19.46 21.21 04a59990o0231c
59990.123546  20.326  0.478    27   13 c  0   1.06 108.17421   7.31665 10051.66  8880.87 2.95 2.39 -13.1 -0.414 19.46 21.21 04a59990o0255c
59993.117774  20.498  0.428    23   10 c  0   1.06 108.17421   7.31665  5961.30  3192.89 2.35 2.10 -10.1 -0.384 19.44 21.18 04a59993o0247c
59993.120927  20.123  0.296    32   10 c  0   1.54 108.17421   7.31665  5981.48  3229.12 2.41 2.13 -14.9 -0.382 19.43 21.20 04a59993o0254c
59993.148459 -23.636  8.875    -1   11 c  0   1.00 108.17421   7.31665  5940.94  3129.61 2.46 2.28 -16.3 -0.392 19.41 21.10 04a59993o0310c
59993.157025  20.776  0.698    18   12 c  0   0.77 108.17421   7.31665  5925.13  3241.25 2.34 2.06 -13.5 -0.390 19.41 21.07 04a59993o0329c
59994.102002  20.643  0.482    20   10 c  0   1.15 108.17421   7.31665  5940.09  3197.61 2.47 2.15  -9.3 -0.378 19.41 21.17 04a59994o0215c
59994.105158  20.506  0.541    23   12 c  0   0.88 108.17421   7.31665  5961.33  3233.64 2.45 2.17  -4.4 -0.382 19.41 21.18 04a59994o0222c
59994.111469  20.031  0.266    35    9 c  0   1.43 108.17421   7.31665  5908.14  3151.33 2.43 2.14 -11.5 -0.385 19.41 21.19 04a59994o0236c
59994.123229  20.280  0.411    28   12 c  0   1.15 108.17421   7.31665  5895.81  3257.45 2.52 2.21  -8.4 -0.376 19.39 21.17 04a59994o0262c
59996.863865  20.074  0.343    34   12 o  0   0.86 108.17421   7.31665  4016.87  1330.74 2.22 2.02 -55.5 -0.412 19.56 21.03 03a59997o0250o
59996.867021  20.045  0.293    35   10 o  0   1.09 108.17421   7.31665  4035.80  1370.52 2.24 2.03 -56.2 -0.414 19.56 21.00 03a59997o0257o
59996.872446  19.600  0.236    52   12 o  0   1.01 108.17421   7.31665  3979.85  1291.34 2.21 1.99 -52.7 -0.416 19.55 20.98 03a59997o0269o
59996.882554  20.303  0.402    28   11 o  0   0.88 108.17421   7.31665  3958.67  1408.37 2.21 2.02 -46.8 -0.413 19.53 20.93 03a59997o0291o
59998.098388  20.724  0.541    19   10 c  0   0.88 108.17421   7.31665  5944.78  3189.23 2.26 1.99 -13.6 -0.399 19.54 21.41 04a59998o0214c
59998.101550  21.964  1.578     6    9 c  0   1.33 108.17421   7.31665  5965.61  3225.23 2.34 2.02 -15.7 -0.393 19.51 21.39 04a59998o0221c
59998.106964  21.307  0.795    11    9 c  0   1.41 108.17421   7.31665  5911.40  3143.92 2.30 2.04  -9.3 -0.395 19.54 21.32 04a59998o0233c
59998.118718  20.609  0.552    21   11 c  0   0.61 108.17421   7.31665  5899.04  3251.72 2.35 2.06 -16.6 -0.385 19.49 21.35 04a59998o0259c
60000.320366  21.205  1.196    12   14 o  0   1.22 108.17421   7.31665  2763.14  9419.52 2.16 2.13 -65.1 -0.437 19.33 20.61 02a60000o0228o
60000.329889  20.090  0.433    33   14 o  0   1.24 108.17421   7.31665  2743.04  9378.81 2.15 2.11 -71.4 -0.434 19.35 20.61 02a60000o0248o
60000.333054  19.918  0.455    39   18 o  0   1.06 108.17421   7.31665  2801.34  9456.44 2.37 2.33  83.2 -0.423 19.24 20.58 02a60000o0255o
60000.343751  20.006  0.380    36   14 o  0   1.55 108.17421   7.31665  2823.62  9338.22 2.43 2.37 -68.9 -0.424 19.24 20.57 02a60000o0278o
60001.175283  20.310  0.322    27    9 c  0   1.77 108.17421   7.31665  2273.92  7194.75 2.42 1.97 -80.4 -0.368 19.46 21.27 04a60001o0322c
60001.195782  22.276  2.419     4   11 c  0   0.88 108.17421   7.31665  2290.28  7234.08 2.48 2.03 -84.6 -0.362 19.36 21.09 04a60001o0367c
60001.212211  21.640  1.245     8   10 c  0   1.52 108.17421   7.31665  2228.56  7157.76 2.49 2.18  83.6 -0.360 19.27 20.97 04a60001o0403c
60001.216268  21.373  1.262    10   13 c  0   0.94 108.17421   7.31665  2206.95  7274.75 2.52 2.06 -88.1 -0.354 19.27 20.88 04a60001o0412c
60002.093063  20.284  0.510    28   14 o  0   0.89 108.17421   7.31665  2226.78  7232.83 2.24 1.91 -79.9 -0.389 19.19 20.26 04a60002o0209o
60002.124897  19.639  0.273    51   14 o  0   1.26 108.17421   7.31665  2269.53  7248.32 2.30 1.87 -79.5 -0.389 19.25 20.37 04a60002o0278o
60002.141262  19.891  0.342    40   14 o  0   0.78 108.17421   7.31665  2219.13  7161.73 2.29 1.86 -80.2 -0.389 19.30 20.50 04a60002o0305o
60002.145263  20.544  0.621    22   14 o  0   1.03 108.17421   7.31665  2200.78  7275.68 2.30 1.97 -75.5 -0.398 19.25 20.55 04a60002o0311o
60003.831424  19.854  0.538    42   22 o  0   1.15 108.17421   7.31665  1808.60   983.60 2.50 2.22 -66.9 -0.395 18.86 19.59 03a60004o0190o
60003.834593  22.261  4.581     4   21 o  0   0.96 108.17421   7.31665  1827.12  1014.97 2.54 2.26 -73.1 -0.394 18.82 19.58 03a60004o0197o
60003.840542  20.663  1.316    20   26 o  0   0.76 108.17421   7.31665  1768.63   918.30 2.78 2.45 -80.5 -0.375 18.73 19.64 03a60004o0209o
60003.851408  22.795  9.800     3   27 o  0   1.58 108.17421   7.31665  1747.60  1005.89 2.68 2.38 -66.3 -0.392 18.67 19.59 03a60004o0233o
60009.083804  19.864  0.713    41   29 o  0   1.14 108.17421   7.31665  2099.30  3360.41 2.31 2.04  51.2 -0.398 18.31 18.57 04a60009o0200o
60009.104621  18.947  0.293    96   28 o  0   1.54 108.17421   7.31665  2131.60  3383.77 2.27 2.08  49.3 -0.391 18.35 18.62 04a60009o0244o
60009.109913 -20.371  1.054   -26   27 o  0   1.25 108.17421   7.31665  2076.20  3302.56 2.22 2.03  40.5 -0.408 18.34 18.63 04a60009o0255o
60009.113518 -19.945  0.760   -38   29 o  0   1.13 108.17421   7.31665  2057.57  3416.03 2.14 1.95  56.2 -0.413 18.38 18.61 04a60009o0263o
60009.343384  22.245  6.800     5   31 o  0   1.28 108.17421   7.31665  5611.18  8990.77 2.36 2.15  43.4 -0.426 18.62 19.19 02a60009o0271o
60009.346397  19.536  0.673    56   38 o  0   0.96 108.17421   7.31665  5593.46  8953.14 2.37 2.15  42.8 -0.425 18.60 19.18 02a60009o0277o
60009.352156  19.116  0.459    82   38 o  0   0.86 108.17421   7.31665  5652.08  9029.37 2.46 2.29  48.6 -0.428 18.48 19.13 02a60009o0289o
60010.124521  20.019  0.926    36   33 o  0   1.09 108.17421   7.31665  2115.20  3328.04 2.25 2.03  51.9 -0.411 18.20 18.35 04a60010o0156o
60010.127674  20.652  2.305    20   46 o  0   0.77 108.17421   7.31665  2135.31  3365.98 2.41 2.19  40.7 -0.428 18.11 18.35 04a60010o0163o
60010.132823 -20.743  2.124   -18   39 o  0   1.03 108.17421   7.31665  2078.04  3286.96 2.42 2.19  46.0 -0.395 18.13 18.32 04a60010o0174o
60010.146823  20.292  1.475    28   41 o  0   0.93 108.17421   7.31665  2060.50  3399.54 2.41 2.25  50.3 -0.389 18.01 18.17 04a60010o0205o
60011.833032  21.355  2.547    10   26 o  0   0.77 108.17421   7.31665  6100.47  9028.42 2.88 2.23 -36.1 -0.392 18.72 19.35 03a60012o0209o
60011.851853  19.152  0.304    79   24 o  0   1.29 108.17421   7.31665  6122.03  9067.67 2.93 2.26 -36.9 -0.385 18.70 19.27 03a60012o0250o
60011.864996  19.192  0.310    76   24 o  0   1.28 108.17421   7.31665  6067.62  8986.95 2.95 2.31 -32.8 -0.368 18.63 19.22 03a60012o0279o
60011.868153 -20.884  1.293   -16   21 o  0   1.46 108.17421   7.31665  6046.82  9104.86 2.85 2.23 -34.8 -0.380 18.66 19.22 03a60012o0286o
60012.854282  21.860  2.942     6   19 o  0   1.05 108.17421   7.31665  6104.27  9031.60 2.41 2.01 -38.9 -0.400 18.90 19.58 03a60013o0260o
60012.857439  20.586  0.795    21   17 o  0   1.29 108.17421   7.31665  6121.89  9069.68 2.49 2.03 -38.0 -0.400 18.91 19.57 03a60013o0267o
60012.866921  19.989  0.522    37   19 o  0   1.05 108.17421   7.31665  6067.31  8991.28 2.54 2.03 -38.1 -0.399 18.91 19.54 03a60013o0288o
60012.886044  20.165  0.639    31   20 o  0   1.17 108.17421   7.31665  6047.77  9107.22 2.53 2.07 -39.1 -0.396 18.82 19.42 03a60013o0330o
60013.089386 -20.947  1.125   -15   17 o  0   1.49 108.17421   7.31665  2106.46  3346.94 2.16 2.00  52.8 -0.428 18.83 19.56 04a60013o0202o
60013.092107  22.146  4.128     5   21 o  0   0.96 108.17421   7.31665  2126.59  3384.83 2.17 2.02  45.4 -0.431 18.79 19.53 04a60013o0207o
60013.112363  20.673  0.987    20   19 o  0   1.27 108.17421   7.31665  2079.67  3294.25 2.20 1.99  47.7 -0.417 18.74 19.50 04a60013o0245o
60013.128424  20.844  1.550    17   26 o  0   1.00 108.17421   7.31665  2064.85  3404.91 2.29 2.05  53.4 -0.420 18.70 19.41 04a60013o0274o
60014.128985  19.702  0.429    48   20 o  0   1.29 108.17421   7.31665  2118.95  3322.95 2.31 2.02  49.2 -0.425 18.74 19.57 04a60014o0186o
60014.131689  21.504  2.367     9   22 o  0   1.29 108.17421   7.31665  2138.51  3361.21 2.35 2.10  52.1 -0.418 18.68 19.56 04a60014o0192o
60014.141252  20.164  0.602    31   19 o  0   1.15 108.17421   7.31665  2081.63  3281.54 2.19 1.93  53.5 -0.433 18.72 19.52 04a60014o0213o
60014.152498  20.687  1.104    19   21 o  0   1.39 108.17421   7.31665  2062.28  3396.84 2.28 2.03  52.4 -0.405 18.67 19.44 04a60014o0237o
60014.315640   0.000  0.000     0    0 o  0  -0.00 108.17421   7.31665  7142.19   465.19 2.34 2.02 -76.5 -0.430 17.16 17.99 02a60014o0074o
60014.318804   0.000  0.000     0    0 o  0  -0.00 108.17421   7.31665  7123.75   425.57 2.33 1.81 -78.0 -0.437 16.95 17.72 02a60014o0081o
60014.343364  18.006  0.583   228  133 o  0   0.74 108.17421   7.31665  7189.93   500.78 2.41 2.13 -24.0 -0.435 16.05 16.79 02a60014o0133o
60014.349243  20.638  3.000    20   60 o  0   1.10 108.17421   7.31665  7212.36   385.71 2.39 2.05 -30.2 -0.449 17.33 18.12 02a60014o0146o
60015.816733 -20.611  0.472   -21   10 c  0   1.05 108.17421   7.31665 10006.61  8939.37 2.90 2.30 -57.1 -0.413 19.52 21.23 03a60016o0182c
60015.819929 -25.179 38.500    -0   12 c  0   0.95 108.17421   7.31665 10026.49  8979.73 2.74 2.23 -56.7 -0.412 19.52 21.14 03a60016o0189c
60015.823214 -23.694  9.000    -1   11 c  0   1.03 108.17421   7.31665  9969.00  8900.29 2.70 2.25 -55.3 -0.401 19.47 21.02 03a60016o0196c
60015.826410  19.899  0.293    40   12 c  0   1.01 108.17421   7.31665  9947.24  9017.01 2.84 2.32 -55.6 -0.401 19.38 20.90 03a60016o0203c
60016.809401 -20.894  0.596   -16   10 c  0   1.03 108.17421   7.31665  9998.88  8939.66 2.78 2.27 -60.7 -0.429 19.63 21.48 03a60017o0166c
60016.812558  20.542  0.457    22   10 c  0   0.75 108.17421   7.31665 10018.44  8979.22 2.81 2.24 -59.8 -0.424 19.66 21.48 03a60017o0173c
60016.817996  21.272  0.767    11    9 c  0   1.55 108.17421   7.31665  9961.03  8899.84 2.76 2.19 -59.9 -0.429 19.67 21.50 03a60017o0185c
60016.830646  20.722  0.504    19    9 c  0   0.99 108.17421   7.31665  9939.50  9016.45 2.80 2.25 -60.8 -0.431 19.66 21.51 03a60017o0213c
60017.048643  19.789  0.341    44   15 o  0   0.94 108.17421   7.31665  8062.19  6955.41 2.60 2.27 -27.6 -0.414 19.14 20.58 04a60017o0131o
60017.052255  20.187  0.517    31   16 o  0   0.87 108.17421   7.31665  8083.93  6991.54 2.56 2.24 -27.9 -0.420 19.16 20.61 04a60017o0139o
60017.057488  20.583  0.702    21   15 o  0   1.39 108.17421   7.31665  8027.78  6910.86 2.55 2.30 -29.8 -0.419 19.13 20.58 04a60017o0149o
60017.068793  22.652  5.053     3   16 o  0   0.92 108.17421   7.31665  8014.37  7018.55 2.54 2.18 -25.5 -0.421 19.10 20.48 04a60017o0173o
60018.054658  19.820  0.368    43   16 o  0   1.59 108.17421   7.31665  8056.10  6943.80 2.55 2.14 -22.5 -0.416 19.10 20.33 04a60018o0153o
60018.057813  21.077  1.167    14   16 o  0   1.19 108.17421   7.31665  8077.53  6980.34 2.49 2.10 -22.9 -0.426 19.09 20.32 04a60018o0160o
60018.063220  20.303  0.623    28   17 o  0   0.98 108.17421   7.31665  8021.81  6898.75 2.46 2.08 -23.6 -0.430 19.06 20.29 04a60018o0172o
60018.073182  21.576  1.625     8   14 o  0   0.99 108.17421   7.31665  8008.42  7008.64 2.41 2.06 -24.0 -0.432 19.15 20.38 04a60018o0194o
60020.294912  20.198  1.378    30   42 o  0   0.80 108.17421   7.31665  6784.16  4843.91 2.23 1.91  39.0 -0.447 18.04 18.98 02a60020o0169o
60020.298529  19.370  0.359    65   23 o  0   1.04 108.17421   7.31665  6765.39  4805.09 2.23 1.89  39.2 -0.451 18.72 19.74 02a60020o0177o
60020.303661  20.330  0.612    27   16 o  0   1.13 108.17421   7.31665  6824.52  4881.77 2.18 1.87  39.2 -0.451 19.04 20.12 02a60020o0188o
60020.317523  20.149  0.953    32   30 o  0   0.85 108.17421   7.31665  6850.29  4763.45 2.24 1.90  41.5 -0.446 18.65 19.70 02a60020o0218o
60020.787531  20.285  0.389    28   11 c  0   0.93 108.17421   7.31665 10000.54  8940.86 2.92 2.34 -57.7 -0.418 19.59 21.43 03a60021o0127c
60020.790687  20.545  0.404    22    9 c  0   1.45 108.17421   7.31665 10019.48  8980.26 2.81 2.28 -57.5 -0.417 19.61 21.42 03a60021o0134c
60020.797027  19.972  0.290    37   11 c  0   1.15 108.17421   7.31665  9961.65  8900.19 3.13 2.59 -59.4 -0.396 19.48 21.42 03a60021o0148c
60020.807602  21.361  1.078    10   11 c  0   1.09 108.17421   7.31665  9941.01  9017.67 3.14 2.62 -54.6 -0.394 19.47 21.41 03a60021o0171c
60021.031145  20.067  0.417    34   14 o  0   1.56 108.17421   7.31665  8056.52  6960.53 2.62 2.35 -33.7 -0.429 19.02 20.33 04a60021o0104o
60021.034305  21.147  1.375    13   17 o  0   1.12 108.17421   7.31665  8077.81  6996.98 2.54 2.31 -34.0 -0.433 19.09 20.32 04a60021o0111o
60021.042032  20.038  0.459    35   16 o  0   0.88 108.17421   7.31665  8024.49  6913.11 2.54 2.25 -34.9 -0.433 19.09 20.29 04a60021o0128o
60021.051634  20.183  0.466    31   14 o  0   1.95 108.17421   7.31665  8009.96  7022.99 2.48 2.18 -29.0 -0.430 19.10 20.29 04a60021o0147o
60022.144366  20.333  0.693    27   18 o  0   0.78 108.17421   7.31665  8079.83  6916.64 2.29 2.05 -27.0 -0.437 19.03 20.22 04a60022o0354o
60022.165440  19.971  0.432    37   16 o  0   1.18 108.17421   7.31665  8096.28  6957.49 2.27 2.04 -31.1 -0.428 18.96 20.08 04a60022o0400o
60022.167787  19.800  0.486    44   21 o  0   0.87 108.17421   7.31665  8032.68  6882.45 2.36 2.11 -22.5 -0.425 18.90 20.10 04a60022o0404o
60023.802575  20.318  0.469    27   13 c  0   0.88 108.17421   7.31665  5988.15  3235.37 2.88 2.63 -44.0 -0.377 19.37 21.35 03a60024o0102c
60023.806190 -22.068  1.893    -5   10 c  0   0.93 108.17421   7.31665  6007.06  3274.52 2.93 2.68 -31.7 -0.372 19.40 21.34 03a60024o0110c
60023.811701 -22.509  2.778    -4   10 c  0   1.17 108.17421   7.31665  5953.22  3196.73 2.95 2.75 -44.9 -0.377 19.38 21.35 03a60024o0122c
60023.823066  20.418  0.489    25   12 c  0   1.34 108.17421   7.31665  5931.48  3311.11 3.70 3.23 -44.6 -0.336 19.13 21.32 03a60024o0147c
60024.272247  20.707  0.606    19   12 o  0   0.94 108.17421   7.31665  6784.34  4845.00 2.24 1.89  36.9 -0.452 19.41 20.62 02a60024o0112o
60024.275870  20.881  0.821    16   13 o  0   0.88 108.17421   7.31665  6764.76  4802.35 2.35 1.95  36.2 -0.443 19.33 20.50 02a60024o0120o
60024.281867  20.580  0.561    21   12 o  0   1.33 108.17421   7.31665  6823.13  4882.58 2.41 2.01  38.0 -0.441 19.32 20.52 02a60024o0133o
60024.293289  23.018  9.182     2   21 o  0   0.93 108.17421   7.31665  6845.67  4765.52 2.30 1.96  37.8 -0.444 18.79 19.87 02a60024o0158o
60024.787507  21.163  0.633    12    8 c  0   1.72 108.17421   7.31665  5982.06  3231.68 2.38 2.15 -58.7 -0.399 19.59 21.35 03a60025o0132c
60024.790664  23.162  4.333     2    9 c  0   1.50 108.17421   7.31665  6000.00  3270.54 2.46 2.16 -62.4 -0.398 19.61 21.36 03a60025o0139c
60024.797959  21.904  1.224     6    8 c  0   1.49 108.17421   7.31665  5944.93  3192.69 2.41 2.14 -55.9 -0.401 19.62 21.38 03a60025o0155c
60024.810676  21.713  1.281     8   10 c  0   0.89 108.17421   7.31665  5923.79  3308.33 2.44 2.15 -58.9 -0.404 19.61 21.40 03a60025o0183c
60026.038936   0.000 20.695    -0   19 o  0   1.14 108.17421   7.31665  7807.41  1130.98 3.04 2.57 -26.3 -0.366 18.99 20.41 04a60026o0133o
60026.042604  20.213  0.603    30   18 o  0   1.01 108.17421   7.31665  7828.06  1166.89 3.02 2.52 -23.3 -0.365 18.97 20.37 04a60026o0141o
60026.048145  20.561  0.853    22   18 o  0   0.89 108.17421   7.31665  7773.64  1085.47 2.97 2.48 -23.2 -0.361 18.98 20.36 04a60026o0153o
60026.063919  20.122  0.580    32   19 o  0   0.96 108.17421   7.31665  7759.77  1194.53 2.87 2.40 -20.9 -0.366 19.05 20.35 04a60026o0187o
60028.259494  20.445  0.480    24   12 o  0   1.39 108.17421   7.31665  4584.31  4698.73 2.38 2.11  36.7 -0.459 19.26 20.46 02a60028o0088o
60028.265271  19.876  0.330    41   13 o  0   1.13 108.17421   7.31665  4565.47  4662.22 2.35 2.08  38.8 -0.461 19.30 20.46 02a60028o0100o
60028.268453  21.061  1.138    14   16 o  0   0.67 108.17421   7.31665  4623.32  4740.28 2.43 2.16  35.6 -0.456 19.22 20.44 02a60028o0107o
60028.278872  20.227  0.558    30   16 o  0   0.85 108.17421   7.31665  4644.09  4622.84 2.32 2.07  37.9 -0.458 19.22 20.33 02a60028o0130o
60030.040885  22.404  5.632     4   22 o  0   0.90 108.17421   7.31665  7814.16  1121.35 2.99 2.35 -24.9 -0.364 18.83 19.94 04a60030o0144o
60030.044069  21.110  1.491    13   20 o  0   1.50 108.17421   7.31665  7834.51  1158.97 3.17 2.53 -19.6 -0.354 18.73 19.95 04a60030o0151o
60030.054099 -20.653  1.097   -20   22 o  0   0.83 108.17421   7.31665  7780.65  1076.44 2.83 2.26 -23.8 -0.377 18.86 19.99 04a60030o0173o
60030.060046  20.675  1.157    20   23 o  0   0.76 108.17421   7.31665  7763.49  1190.63 2.78 2.27 -23.8 -0.384 18.88 19.98 04a60030o0186o
60032.260721  18.445  0.581   152   88 o  0   1.16 108.17421   7.31665  4593.19  4698.96 2.25 1.98  36.3 -0.479 17.11 17.34 02a60032o0090o
60032.264023  19.008  0.870    90   79 o  0   1.65 108.17421   7.31665  4575.23  4663.39 2.24 1.96  36.5 -0.470 17.09 17.28 02a60032o0097o
60032.270464 -18.227  1.648  -186  306 o  0   0.95 108.17421   7.31665  4634.79  4740.10 2.30 2.07  39.3 -0.464 15.78 15.91 02a60032o0111o
60032.285193  17.417  3.841   392 1505 o  0   1.09 108.17421   7.31665  4657.49  4619.79 2.21 2.07  48.6 -0.457 13.96 13.96 02a60032o0143o
60032.779117  15.285  0.595  2792 1662 o  0   0.80 108.17421   7.31665  2183.13  7181.80 2.75 2.44 -63.6 -0.372 14.56 14.50 03a60033o0110o
60032.782346 -15.509  1.302 -2271 2958 o  0   1.05 108.17421   7.31665  2201.48  7220.20 2.69 2.37 -63.4 -0.420 13.66 13.69 03a60033o0117o
60032.794748 -16.893  0.267  -635  170 o  0   1.04 108.17421   7.31665  2147.72  7140.70 2.94 2.59 -58.4 -0.387 16.49 16.51 03a60033o0144o
60032.800696 -18.826  0.576  -107   62 o  0   1.24 108.17421   7.31665  2126.06  7257.30 2.71 2.37 -58.0 -0.401 17.46 17.65 03a60033o0157o
60033.016647  19.486  0.536    58   31 o  0   1.09 108.17421   7.31665  5874.25  1238.15 2.63 2.42   0.7 -0.420 18.41 19.03 04a60033o0097o
60033.021863  21.474  3.490     9   33 o  0   1.07 108.17421   7.31665  5895.81  1273.47 2.51 2.40   0.7 -0.436 18.42 19.03 04a60033o0108o
60033.025061  20.506  1.405    23   32 o  0   1.07 108.17421   7.31665  5839.19  1193.14 2.50 2.32  -6.7 -0.422 18.39 19.03 04a60033o0115o
60033.060560  19.419  0.433    62   27 o  0   1.46 108.17421   7.31665  5834.10  1287.98 2.37 2.25 -22.3 -0.410 18.38 19.02 04a60033o0191o
60034.037290 -20.968  2.294   -15   34 o  0   0.99 108.17421   7.31665  5878.82  1219.15 2.57 2.34 -16.3 -0.396 18.32 18.91 04a60034o0144o
60034.040485  19.651  0.618    50   31 o  0   0.94 108.17421   7.31665  5899.01  1256.62 2.47 2.24 -17.1 -0.403 18.35 18.90 04a60034o0151o
60034.045967  24.119 35.400     1   29 o  0   1.33 108.17421   7.31665  5844.02  1175.57 2.46 2.24 -17.5 -0.411 18.43 19.00 04a60034o0163o
60034.058333 -24.101 42.400    -1   35 o  0   1.17 108.17421   7.31665  5826.92  1287.46 2.52 2.24 -18.3 -0.402 18.28 18.84 04a60034o0190o
60034.291186  20.987  1.605    15   24 o  0   1.39 108.17421   7.31665  4734.76  3498.33 2.14 1.92  40.6 -0.449 18.61 19.04 02a60034o0146o
60034.298391  21.893  4.278     6   27 o  0   1.01 108.17421   7.31665  4719.91  3458.73 2.12 1.92  44.7 -0.446 18.56 18.95 02a60034o0161o
60034.302009 -20.912  1.800   -16   28 o  0   0.92 108.17421   7.31665  4780.01  3536.74 2.12 1.91  42.6 -0.448 18.55 18.93 02a60034o0169o
60034.312165 -19.174  3.062   -78  238 o  0   1.24 108.17421   7.31665  4805.11  3419.14 2.17 1.89  40.8 -0.463 16.51 16.65 02a60034o0190o
60034.792771  20.358  1.055    26   28 o  0   0.92 108.17421   7.31665  2187.43  7182.99 2.69 2.35 -54.7 -0.378 18.51 19.01 03a60035o0165o
60034.796008  20.966  1.938    15   29 o  0   0.91 108.17421   7.31665  2206.58  7222.45 2.59 2.29 -56.2 -0.398 18.49 18.98 03a60035o0172o
60034.802463 -22.295  6.000    -4   26 o  0   1.20 108.17421   7.31665  2151.73  7143.30 2.64 2.31 -56.4 -0.385 18.50 18.96 03a60035o0186o
60034.820852  20.167  0.884    31   28 o  0   1.10 108.17421   7.31665  2130.31  7258.65 2.65 2.29 -56.0 -0.385 18.48 18.91 03a60035o0226o
60035.337429  18.616  1.152   130  150 o  0   1.08 108.17421   7.31665  4759.39  3494.45 2.22 1.87  38.4 -0.459 16.82 16.82 02a60035o0236o
60035.341305 -21.066  6.575   -14   89 o  0   0.98 108.17421   7.31665  4742.03  3454.75 2.25 1.89  35.3 -0.464 17.35 17.45 02a60035o0243o
60035.371773 -19.537  4.619   -56  257 o  0   1.63 108.17421   7.31665  4822.12  3530.40 2.84 2.17  36.1 -0.427 15.96 16.00 02a60035o0306o
60035.377105 -17.185  1.289  -485  626 o  0   0.78 108.17421   7.31665  4848.17  3418.82 2.32 2.02  34.1 -0.442 15.22 15.11 02a60035o0315o
60036.026140  19.211  0.429    75   32 o  0   1.25 108.17421   7.31665  5876.99  1222.50 2.56 2.36 -11.5 -0.406 18.36 19.05 04a60036o0123o
60036.029342  19.707  0.646    48   31 o  0   1.22 108.17421   7.31665  5897.34  1259.68 2.60 2.37 -13.0 -0.399 18.35 19.03 04a60036o0130o
60036.035744  20.622  1.341    20   28 o  0   1.20 108.17421   7.31665  5842.10  1177.43 2.43 2.23  -9.6 -0.413 18.43 19.03 04a60036o0144o
60036.049930 -25.779 169.000    -0   30 o  0   1.23 108.17421   7.31665  5826.44  1287.76 2.53 2.33 -14.6 -0.405 18.33 18.97 04a60036o0175o
60037.822856  19.815  0.602    43   26 o  0   1.11 108.17421   7.31665  2200.30  7188.97 2.64 2.35 -48.3 -0.386 18.52 18.96 03a60038o0152o
60037.833412 -21.272  2.486   -11   28 o  0   0.87 108.17421   7.31665  2221.76  7228.19 2.59 2.35 -49.8 -0.385 18.44 18.89 03a60038o0175o
60037.842107  19.135  0.335    80   27 o  0   1.05 108.17421   7.31665  2168.00  7149.78 2.61 2.34 -50.2 -0.375 18.43 18.83 03a60038o0194o
60037.846666  23.108 14.615     2   30 o  0   1.14 108.17421   7.31665  2146.29  7264.10 2.57 2.32 -51.2 -0.378 18.42 18.79 03a60038o0204o
60038.046282 -18.556  0.585  -137   80 o  0   1.31 108.17421   7.31665  5897.16  1214.31 2.46 2.28 -21.3 -0.407 17.32 17.64 04a60038o0171o
60038.050457  18.236  0.708   184  130 o  0   1.09 108.17421   7.31665  5917.06  1252.50 2.38 2.24 -16.6 -0.435 16.90 17.07 04a60038o0180o
60038.059643  20.348  5.829    26  154 o  0   0.76 108.17421   7.31665  5861.28  1170.58 2.44 2.21 -13.0 -0.408 16.80 16.90 04a60038o0200o
60038.072556 -18.356  0.892  -165  147 o  0   0.98 108.17421   7.31665  5842.15  1285.64 2.34 2.18 -23.9 -0.418 16.77 16.86 04a60038o0228o
60039.077301  23.140 15.462     2   31 o  0   1.20 108.17421   7.31665  2199.04  5258.48 2.40 2.14  80.1 -0.391 18.22 18.72 04a60039o0240o
60039.086853 -20.640  1.923   -20   39 o  0   0.94 108.17421   7.31665  2216.22  5297.40 2.28 2.02  81.3 -0.398 18.19 18.65 04a60039o0261o
60039.108122  20.224  1.335    30   39 o  0   0.93 108.17421   7.31665  2154.97  5221.99 2.30 2.01  75.5 -0.396 18.09 18.48 04a60039o0307o
60039.120638  19.704  0.801    48   38 o  0   1.44 108.17421   7.31665  2131.97  5341.59 2.41 2.10  71.9 -0.394 17.95 18.37 04a60039o0334o
60040.837673 -20.338  1.185   -27   32 o  0   1.03 108.17421   7.31665  2220.58  9124.55 2.68 2.31 -37.0 -0.378 18.32 18.60 03a60041o0154o
60040.840588  19.463  0.550    60   33 o  0   1.39 108.17421   7.31665  2239.44  9162.86 2.64 2.28 -38.7 -0.382 18.32 18.56 03a60041o0160o
60040.847363  19.457  0.613    60   37 o  0   1.10 108.17421   7.31665  2185.58  9082.52 2.84 2.34 -30.2 -0.366 18.19 18.47 03a60041o0174o
60040.857279  19.462  0.723    60   43 o  0   1.00 108.17421   7.31665  2165.09  9198.31 2.98 2.42 -18.2 -0.359 18.09 18.37 03a60041o0194o
60042.029527  20.180  0.881    31   27 o  0   1.18 108.17421   7.31665  2019.71  1391.48 2.57 2.00  46.1 -0.447 18.59 19.32 04a60042o0142o
60042.034100  24.396 44.000     1   28 o  0   1.14 108.17421   7.31665  2040.99  1427.91 2.55 2.00  48.1 -0.449 18.60 19.30 04a60042o0152o
60042.053569  20.531  1.336    22   30 o  0   1.22 108.17421   7.31665  1989.81  1342.93 2.37 2.01  44.0 -0.471 18.52 19.22 04a60042o0194o
60042.058691  20.685  1.354    19   26 o  0   1.37 108.17421   7.31665  1970.13  1458.76 2.48 1.96  45.5 -0.451 18.53 19.21 04a60042o0205o
60043.756781  20.074  0.411    34   14 o  0   1.07 108.17421   7.31665  9904.11  5063.12 2.72 2.23 -61.3 -0.386 19.19 20.44 03a60044o0100o
60043.759620  20.440  0.595    24   14 o  0   1.19 108.17421   7.31665  9922.70  5102.33 2.74 2.13 -62.2 -0.381 19.20 20.41 03a60044o0106o
60043.772752 -21.382  1.709   -10   17 o  0   0.90 108.17421   7.31665  9869.42  5023.92 3.18 2.33 -63.9 -0.364 18.92 20.03 03a60044o0133o
60043.783654  23.965 23.000     1   22 o  0   1.14 108.17421   7.31665  9848.67  5138.33 3.62 2.64 -62.8 -0.350 18.68 19.82 03a60044o0155o
60045.010607  20.209  0.548    30   16 c  0   1.08 108.17421   7.31665  9932.41  4896.53 3.41 2.38 -19.7 -0.384 19.10 20.83 04a60045o0103c
60045.013770  21.468  1.700     9   16 c  0   0.97 108.17421   7.31665  9952.74  4933.41 3.35 2.35 -18.3 -0.383 19.15 20.82 04a60045o0110c
60045.019279 -25.488 75.000    -0   17 c  0   0.76 108.17421   7.31665  9895.96  4853.95 3.29 2.35 -22.2 -0.386 19.12 20.85 04a60045o0122c
60045.030303  22.938  6.200     2   15 c  0   1.39 108.17421   7.31665  9878.78  4966.81 3.42 2.36 -19.9 -0.379 19.11 20.81 04a60045o0146c
60046.735735  15.481  0.864  2330 2014 o  0   1.50 108.17421   7.31665  9874.99  3163.43 2.34 1.91 -65.0 -0.390 15.34 16.44 03a60047o0063o
60048.004113  22.983  6.667     2   16 c  0   1.24 108.17421   7.31665 10026.25  6833.34 3.34 2.62 -17.5 -0.385 19.09 20.79 04a60048o0092c
60048.015680   0.000 20.827     0   17 c  0   1.13 108.17421   7.31665 10049.55  6866.88 3.27 2.55 -19.6 -0.391 19.08 20.76 04a60048o0117c
60048.018879 -22.565  5.000    -3   17 c  0   0.91 108.17421   7.31665  9991.37  6788.14 3.31 2.46 -20.4 -0.391 19.07 20.75 04a60048o0124c
60048.025346  20.499  0.753    23   17 c  0   1.22 108.17421   7.31665  9972.39  6902.96 3.18 2.47 -21.5 -0.389 19.09 20.73 04a60048o0138c
60049.769761 -22.645  4.667    -3   15 o  0   0.87 108.17421   7.31665  9834.76  1178.57 2.57 2.20 -64.1 -0.415 19.14 20.25 03a60050o0139o
60049.772989  20.560  0.667    22   14 o  0   1.05 108.17421   7.31665  9853.34  1217.78 2.54 2.20 -63.6 -0.420 19.13 20.29 03a60050o0146o
60049.783509 -21.537  1.891    -9   17 o  0   0.81 108.17421   7.31665  9798.38  1137.88 2.59 2.28 -62.0 -0.422 19.13 20.30 03a60050o0168o
60049.788844 -22.470  3.720    -4   14 o  0   1.35 108.17421   7.31665  9775.52  1254.56 2.47 2.23 -61.3 -0.421 19.13 20.33 03a60050o0179o
60050.995414 -21.704  2.160    -8   16 c  0   1.48 108.17421   7.31665  9772.81  1008.21 4.01 2.75 -30.3 -0.311 19.18 20.90 04a60051o0080c
60051.002272  21.180  1.357    12   17 c  0   1.06 108.17421   7.31665  9794.08  1043.77 3.90 2.70 -29.2 -0.314 19.17 20.88 04a60051o0095c
60051.005509  20.955  1.157    15   17 c  0   1.02 108.17421   7.31665  9736.49   964.58 3.91 2.72 -29.3 -0.317 19.17 20.87 04a60051o0102c
60051.021111  20.313  0.641    27   18 c  0   1.10 108.17421   7.31665  9720.62  1076.74 3.93 2.67 -30.8 -0.316 19.10 20.76 04a60051o0136c
60052.727384 -23.924 18.500    -1   18 o  0   1.64 108.17421   7.31665  4086.15  5208.31 2.18 1.95 -57.9 -0.409 18.88 19.88 03a60053o0055o
60052.730224  19.237  0.885    73   65 o  0   0.99 108.17421   7.31665  4104.65  5247.53 2.17 1.89 -57.7 -0.407 17.95 18.93 03a60053o0061o
60052.737002  22.580  3.793     3   13 o  0   0.92 108.17421   7.31665  4048.97  5168.12 2.21 1.94 -55.9 -0.408 19.29 20.33 03a60053o0075o
60054.011044 -23.656 10.714    -1   13 c  0   1.46 108.17421   7.31665  3959.79  1302.91 2.64 2.26  45.5 -0.391 19.19 20.84 04a60054o0119c
60054.014711  20.984  0.987    15   14 c  0   1.09 108.17421   7.31665  3980.04  1341.38 2.66 2.32  43.7 -0.394 19.19 20.85 04a60054o0127c
60054.021218  20.551  0.645    22   14 c  0   0.81 108.17421   7.31665  3923.67  1261.60 2.64 2.27  42.2 -0.387 19.19 20.84 04a60054o0141c
60054.035558  21.123  1.162    13   15 c  0   0.95 108.17421   7.31665  3905.70  1375.85 2.56 2.21  40.3 -0.394 19.19 20.80 04a60054o0172c
60056.984199  20.264  0.609    28   17 c  0   0.98 108.17421   7.31665  7982.45  4993.60 2.99 2.65 -19.6 -0.349 18.97 20.74 04a60057o0003c
60056.987367  21.100  1.211    13   16 c  0   1.17 108.17421   7.31665  8003.23  5030.94 2.93 2.49 -17.0 -0.362 19.01 20.72 04a60057o0010c
60056.992807  20.217  0.557    30   17 c  0   1.22 108.17421   7.31665  7947.40  4951.77 2.91 2.45 -18.7 -0.361 19.01 20.72 04a60057o0022c
60057.010518  21.989  2.909     6   17 c  0   1.06 108.17421   7.31665  7931.57  5061.35 3.10 2.62 -23.2 -0.357 18.94 20.77 04a60057o0061c
60059.236436  20.850  1.558    17   26 o  0   0.86 108.17421   7.31665  4675.51  1564.38 2.00 1.90  55.1 -0.456 18.75 19.23 02a60059o0017o
60059.239598 -20.294  0.637   -28   18 o  0   1.44 108.17421   7.31665  4659.20  1524.73 2.00 1.91  75.4 -0.450 18.86 19.46 02a60059o0024o
60059.257123  20.881  0.914    16   15 o  0   2.22 108.17421   7.31665  4725.55  1601.75 2.04 1.93 -87.8 -0.448 18.91 19.69 02a60059o0062o
60062.970006  21.074  2.074    14   28 o  0   1.61 108.17421   7.31665  5968.50  3158.15 2.65 2.40 -22.2 -0.416 18.24 18.91 04a60063o0044o
60062.973620 -20.433  1.133   -24   28 o  0   1.09 108.17421   7.31665  5988.42  3194.75 2.54 2.26 -22.1 -0.425 18.38 19.17 04a60063o0052o
60062.981885  20.255  0.779    29   22 o  0   1.51 108.17421   7.31665  5933.19  3113.44 2.49 2.23 -22.1 -0.430 18.50 19.33 04a60063o0070o
60062.991898  20.104  0.788    33   26 o  0   0.88 108.17421   7.31665  5915.54  3226.23 2.43 2.17 -22.1 -0.429 18.52 19.35 04a60063o0092o
60064.706419  20.587  2.403    21   51 o  0   0.98 108.17421   7.31665  2184.16  7183.85 2.57 2.29 -59.3 -0.380 17.94 17.87 03a60065o0029o
60064.709676  20.423  1.120    25   28 o  0   1.71 108.17421   7.31665  2202.35  7223.62 2.51 2.22 -56.3 -0.384 18.39 18.55 03a60065o0036o
60064.715025  21.359  2.224    10   23 o  0   1.10 108.17421   7.31665  2146.96  7145.25 2.46 2.18 -57.8 -0.392 18.70 19.17 03a60065o0047o
60064.725302 -23.557 14.900    -1   20 o  0   1.15 108.17421   7.31665  2126.36  7261.59 2.47 2.16 -56.6 -0.397 18.80 19.37 03a60065o0068o
60065.984659  20.636  1.241    20   25 o  0   1.03 108.17421   7.31665  2112.00  3324.80 2.48 2.26  56.1 -0.416 18.52 19.29 04a60066o0080o
60065.987872  20.960  1.890    15   28 o  0   1.19 108.17421   7.31665  2131.76  3362.78 2.57 2.29  52.6 -0.419 18.53 19.29 04a60066o0087o
60066.008626 -20.365  0.947   -26   25 o  0   1.28 108.17421   7.31665  2075.32  3282.36 2.45 2.21  50.9 -0.424 18.48 19.20 04a60066o0132o
60066.015048 -23.120 14.667    -2   30 o  0   0.89 108.17421   7.31665  2054.73  3398.07 2.47 2.19  49.1 -0.415 18.47 19.15 04a60066o0146o
60067.726316  21.203  1.849    12   22 o  0   1.30 108.17421   7.31665  8007.03  7053.90 2.70 2.37 -50.6 -0.383 18.57 19.19 03a60068o0076o
60067.731420  22.808  8.333     3   23 o  0   1.19 108.17421   7.31665  8025.64  7092.37 2.59 2.24 -56.6 -0.396 18.59 19.17 03a60068o0087o
60067.736483  19.747  0.537    46   25 o  0   0.87 108.17421   7.31665  7970.72  7014.11 2.54 2.20 -54.5 -0.398 18.57 19.14 03a60068o0098o
60067.746969  20.104  0.725    33   24 o  0   1.10 108.17421   7.31665  7950.02  7128.40 2.41 2.12 -48.2 -0.408 18.57 19.05 03a60068o0121o
60068.961160 -19.421  1.136   -62   70 o  0   1.06 108.17421   7.31665  8076.12  6924.81 2.95 2.65 -33.9 -0.387 17.41 17.60 04a60069o0032o
60068.964331  19.417  0.896    62   56 o  0   0.99 108.17421   7.31665  8094.96  6960.98 2.88 2.50 -43.0 -0.394 17.82 18.19 04a60069o0039o
60068.973417 -21.404  4.051   -10   40 o  0   1.13 108.17421   7.31665  8038.80  6879.54 3.10 2.66 -49.6 -0.382 18.09 18.77 04a60069o0059o
60068.983898 -19.889  1.012   -40   41 o  0   0.93 108.17421   7.31665  8020.09  6993.34 2.95 2.63 -36.4 -0.389 18.08 18.80 04a60069o0082o
60070.704863  20.739  2.765    18   51 o  0   0.73 108.17421   7.31665  7887.04  1246.37 2.61 2.30 -59.0 -0.412 17.93 18.00 03a60071o0033o
60070.708047 -20.152  1.161   -32   37 o  0   0.74 108.17421   7.31665  7906.06  1285.22 2.49 2.23 -53.7 -0.417 18.24 18.52 03a60071o0040o
60070.714424  21.266  2.149    11   24 o  0   1.23 108.17421   7.31665  7850.86  1206.40 2.56 2.29 -58.8 -0.412 18.45 18.97 03a60071o0054o
60070.732732 -22.803  9.700    -3   27 o  0   0.99 108.17421   7.31665  7831.66  1320.85 2.39 2.13 -57.1 -0.432 18.51 18.96 03a60071o0094o
60071.972173 -20.922  1.430   -16   22 o  0   0.91 108.17421   7.31665  5889.53  1206.50 2.42 2.30  -9.6 -0.441 18.77 19.76 04a60072o0060o
60071.975387  20.285  0.829    28   23 o  0   1.23 108.17421   7.31665  5907.13  1244.74 2.47 2.31 -14.8 -0.433 18.76 19.77 04a60072o0067o
60071.982742 -20.678  1.048   -20   20 o  0   1.21 108.17421   7.31665  5849.31  1165.87 2.48 2.35 -15.5 -0.426 18.69 19.65 04a60072o0083o
60072.004023  20.097  0.952    33   32 o  0   1.21 108.17421   7.31665  5830.19  1283.47 2.59 2.39 -11.0 -0.417 18.38 19.15 04a60072o0129o
60073.702539 -20.040  0.587   -35   20 o  0   1.31 108.17421   7.31665  4062.33  3286.16 2.29 2.03 -60.9 -0.409 18.64 19.08 03a60074o0027o
60073.705717  21.241  1.969    12   23 o  0   0.75 108.17421   7.31665  4081.09  3325.00 2.27 2.02 -56.9 -0.414 18.88 19.53 03a60074o0034o
60073.713489  20.133  0.488    32   16 o  0   1.29 108.17421   7.31665  4026.28  3245.19 2.31 2.08 -57.1 -0.415 19.11 19.99 03a60074o0051o
60073.723573 -22.948  6.316    -2   15 o  0   1.19 108.17421   7.31665  4006.27  3362.38 2.29 2.07 -57.6 -0.417 19.13 20.09 03a60074o0073o
60074.970226  18.531  1.435   140  202 o  0   1.33 108.17421   7.31665  4043.19  3236.95 2.20 2.14 -64.7 -0.465 16.18 17.12 04a60075o0055o
60074.973419 -20.663 12.077   -20  238 o  0   0.99 108.17421   7.31665  4061.41  3273.97 2.07 2.04 -78.1 -0.454 16.20 17.15 04a60075o0062o
60074.981280 -20.338 19.750   -27  525 o  0   0.65 108.17421   7.31665  4005.12  3195.80 2.10 2.04 -65.3 -0.467 15.47 16.38 04a60075o0079o
60074.993340 -20.873 21.600   -16  351 o  0   1.62 108.17421   7.31665  3982.24  3312.58 2.12 2.11  87.7 -0.440 15.45 16.43 04a60075o0105o
60079.988671  19.778  0.737    45   33 o  0   0.71 108.17421   7.31665  6138.75  7010.87 2.73 2.48 -66.4 -0.391 18.52 19.60 04a60080o0102o
60079.991871 -21.330  2.180   -11   23 o  0   1.19 108.17421   7.31665  6154.87  7048.93 2.71 2.31 -62.6 -0.409 18.53 19.58 04a60080o0109o
60079.998779  19.698  0.645    48   31 o  0   1.04 108.17421   7.31665  6095.36  6972.97 2.88 2.63 -60.2 -0.392 18.39 19.49 04a60080o0124o
