MJD          m      dm   uJy   duJy F err chi/N     RA       Dec        x        y     maj  min   phi  apfit mag5sig Sky   Obs
59657.387696 -20.397  1.236   -25   31 o  0   1.59 153.45096  18.12732  5761.83  8074.97 2.43 1.89  35.2 -0.437 18.77 19.08 02a59657o0385o
59657.390904  20.309  1.260    27   34 o  0   1.23 153.45096  18.12732  5742.44  8036.40 2.43 1.90  35.3 -0.440 18.77 19.06 02a59657o0392o
59657.398692  19.740  0.770    46   36 o  0   1.25 153.45096  18.12732  5799.44  8114.34 2.47 1.92  35.2 -0.436 18.77 19.06 02a59657o0409o
59657.410729 -19.854  0.951   -42   40 o  0   0.88 153.45096  18.12732  5819.62  8000.76 2.46 1.91  39.3 -0.426 18.76 19.04 02a59657o0435o
59658.398777  21.497  1.929     9   18 o  0   1.48 153.45096  18.12732  5510.88  2262.03 2.23 1.93  39.6 -0.440 18.91 19.49 02a59658o0410o
59658.402473  20.144  0.647    32   21 o  0   0.90 153.45096  18.12732  5491.78  2223.13 2.34 1.95  43.2 -0.424 18.97 19.47 02a59658o0418o
59658.407996  20.868  1.432    16   23 o  0   0.88 153.45096  18.12732  5549.81  2300.74 2.29 1.91  42.4 -0.439 18.91 19.43 02a59658o0430o
59658.419183 -20.070  0.591   -34   20 o  0   1.10 153.45096  18.12732  5571.03  2186.60 2.24 1.85  43.0 -0.438 18.91 19.41 02a59658o0454o
59658.423146 -22.381  5.435    -4   22 o  0   1.25 153.45096  18.12732  2818.11  2650.53 2.79 2.59 -48.9 -0.504 18.77 19.55 01a59658o0430o
59658.427257 -21.426  2.370   -10   23 o  0   1.32 153.45096  18.12732  2840.06  2689.11 2.83 2.65 -49.2 -0.493 18.76 19.53 01a59658o0439o
59658.432760  19.821  0.545    43   23 o  0   1.25 153.45096  18.12732  2781.37  2612.37 2.85 2.67 -49.2 -0.493 18.73 19.50 01a59658o0451o
59658.443265 -19.549  0.432   -55   24 o  0   0.89 153.45096  18.12732  2767.83  2729.96 2.82 2.67 -51.6 -0.487 18.70 19.49 01a59658o0474o
59659.195828 -24.697 48.250    -0   23 o  0   1.30 153.45096  18.12732  2966.06  4482.38 2.01 1.94  81.7 -0.427 18.68 19.30 04a59659o0479o
59659.198983  23.253 12.733     2   23 o  0   1.59 153.45096  18.12732  2987.21  4519.96 2.01 1.97  79.1 -0.419 18.67 19.29 04a59659o0486o
59659.204981  21.213  1.408    12   17 o  0   1.92 153.45096  18.12732  2932.21  4438.86 2.05 1.89  81.3 -0.393 18.62 19.25 04a59659o0499o
59659.215529 -20.694  1.145   -19   22 o  0   1.06 153.45096  18.12732  2917.73  4551.02 2.03 1.90  77.2 -0.397 18.57 19.24 04a59659o0522o
59659.416211  20.574  0.909    21   20 o  0   1.05 153.45096  18.12732  2817.10  2651.46 2.81 2.62 -44.5 -0.492 19.03 20.04 01a59659o0447o
59659.423794  20.174  0.626    31   19 o  0   1.56 153.45096  18.12732  2840.51  2691.18 3.03 2.83 -54.6 -0.455 18.93 20.01 01a59659o0463o
59659.442817  21.977  3.793     6   22 o  0   1.18 153.45096  18.12732  2785.91  2615.27 3.01 2.83 -46.2 -0.474 18.89 19.94 01a59659o0503o
59659.458054  20.853  1.241    17   20 o  0   1.30 153.45096  18.12732  2773.04  2733.46 3.00 2.78 -50.4 -0.474 18.87 19.88 01a59659o0535o
59660.364285  21.341  1.469    11   16 o  0   1.51 153.45096  18.12732  2803.16  2649.04 2.69 2.54 -44.5 -0.501 19.19 20.26 01a59660o0290o
59660.367585  21.577  1.776     8   15 o  0   1.90 153.45096  18.12732  2825.26  2688.94 2.75 2.60 -52.5 -0.499 19.17 20.26 01a59660o0297o
59660.391884 -20.772  0.975   -18   17 o  0   1.40 153.45096  18.12732  5512.69  2260.54 2.08 1.88  44.1 -0.445 19.00 19.66 02a59660o0344o
59660.395148  21.391  1.701    10   17 o  0   1.23 153.45096  18.12732  5494.43  2224.62 2.17 1.89  47.9 -0.452 19.01 19.71 02a59660o0351o
59660.398207  20.971  1.115    15   16 o  0   1.14 153.45096  18.12732  2773.40  2612.94 2.73 2.59 -45.1 -0.500 19.18 20.23 01a59660o0362o
59660.401587 -21.131  1.101   -13   14 o  0   1.60 153.45096  18.12732  5551.93  2300.30 2.16 1.94  43.5 -0.449 19.29 20.18 02a59660o0365o
59660.412124 -20.943  0.876   -15   13 o  0   1.68 153.45096  18.12732  5571.21  2185.36 2.14 1.91  43.3 -0.449 19.35 20.20 02a59660o0388o
59660.423493 -21.629  2.818    -8   23 o  0   1.13 153.45096  18.12732  2761.69  2731.96 2.92 2.71 -47.9 -0.474 18.89 20.03 01a59660o0416o
59661.395294 -22.030  1.647    -6    9 o  0   1.69 153.45096  18.12732  5514.99  2263.83 2.26 1.89  41.2 -0.443 19.60 20.93 02a59661o0396o
59661.398493 -21.589  1.122    -8    9 o  0   2.25 153.45096  18.12732  5495.97  2224.91 2.24 1.88  38.2 -0.441 19.55 20.81 02a59661o0403o
59661.405817 -20.683  0.549   -19   11 o  0   1.48 153.45096  18.12732  5555.17  2302.01 2.11 1.80  41.5 -0.450 19.60 20.77 02a59661o0419o
59661.415869 -22.553  3.121    -4   11 o  0   1.68 153.45096  18.12732  5575.69  2186.11 2.20 1.85  43.3 -0.443 19.50 20.67 02a59661o0441o
59662.388768 -19.638  1.320   -51   67 c  0   0.93 153.45096  18.12732  5513.72  2264.87 2.55 2.28  46.4 -0.409 16.55 18.60 02a59662o0124c
59662.392099 -19.682 25.538   -49 1243 c  0   1.40 153.45096  18.12732  5494.46  2227.15 2.53 2.31  50.9 -0.415 15.99 17.98 02a59662o0131c
59662.397584 -18.509  0.478  -143   68 c  0   2.01 153.45096  18.12732  5552.71  2304.77 2.60 2.32  46.3 -0.400 17.22 19.22 02a59662o0143c
59662.408134 -19.857  0.719   -41   30 c  0   1.26 153.45096  18.12732  5572.99  2188.05 2.60 2.36  48.1 -0.401 17.85 19.93 02a59662o0165c
59662.457009  21.287  1.404    11   16 o  0   1.15 153.45096  18.12732  2826.42  2647.60 2.97 2.69 -51.7 -0.471 19.20 20.52 01a59662o0172o
59662.459779  20.885  0.904    16   14 o  0   1.56 153.45096  18.12732  2845.99  2686.40 2.96 2.70 -43.9 -0.472 19.20 20.50 01a59662o0178o
59662.465410  19.701  0.335    48   16 o  0   1.17 153.45096  18.12732  2787.50  2610.32 2.89 2.74 -51.4 -0.465 19.15 20.46 01a59662o0189o
59662.476860 -21.376  1.679   -10   17 o  0   0.98 153.45096  18.12732  2773.61  2727.95 2.93 2.70 -48.2 -0.471 19.13 20.34 01a59662o0213o
59663.134402 -21.451  0.925   -10    9 o  0   2.25 153.45096  18.12732  2924.05  4519.80 1.97 1.78  80.0 -0.415 19.36 20.65 04a59663o0311o
59663.137562 -21.967  2.345    -6   14 o  0   0.91 153.45096  18.12732  2945.77  4555.36 1.98 1.78  87.4 -0.414 19.34 20.67 04a59663o0318o
59663.160918  20.507  0.550    23   12 o  0   1.20 153.45096  18.12732  2908.55  4458.15 1.98 1.81  80.2 -0.410 19.30 20.51 04a59663o0367o
59663.165874 -22.032  2.510    -6   14 o  0   1.21 153.45096  18.12732  2891.53  4570.21 2.05 1.91 -85.4 -0.416 19.27 20.51 04a59663o0378o
59663.354865 -20.310  0.428   -27   12 o  0   1.78 153.45096  18.12732  2800.98  2645.13 2.65 2.52 -49.8 -0.504 19.43 20.93 01a59663o0305o
59663.357690  24.131 15.200     1   12 o  0   1.47 153.45096  18.12732  2822.72  2684.28 2.61 2.48 -54.2 -0.509 19.45 20.92 01a59663o0311o
59664.306392  18.807  0.109   109   12 c  0   1.43 153.45096  18.12732  5082.20  8319.04 2.53 2.46  42.0 -0.422 19.56 21.68 02a59664o0198c
59664.310057  18.650  0.100   126   13 c  0   1.49 153.45096  18.12732  5101.63  8359.23 2.94 2.89  35.7 -0.400 19.41 21.69 02a59664o0206c
59664.312849  18.640  0.107   127   14 c  0   1.03 153.45096  18.12732  5043.46  8281.53 2.59 2.47  39.8 -0.409 19.55 21.69 02a59664o0212c
59664.388940  18.515  0.102   143   15 o  0   1.31 153.45096  18.12732  9212.68  6564.24 2.88 2.65 -76.1 -0.467 19.42 21.14 01a59664o0387o
59664.392180  19.073  0.148    85   13 o  0   1.77 153.45096  18.12732  9234.62  6603.07 2.93 2.68 -74.2 -0.465 19.39 21.11 01a59664o0394o
59664.397706  18.763  0.134   114   15 o  0   1.00 153.45096  18.12732  9175.75  6528.43 2.91 2.71 -79.8 -0.462 19.38 21.11 01a59664o0406o
59664.409462  18.516  0.094   142   13 o  0   1.48 153.45096  18.12732  9161.90  6646.63 2.92 2.66 -65.4 -0.461 19.38 20.95 01a59664o0431o
59664.457725  18.237  0.070   184   13 c  0   1.44 153.45096  18.12732  5564.22  2189.85 2.88 2.62  52.2 -0.391 19.36 21.54 02a59664o0287c
59665.349247  17.110  0.024   520   12 c  0   2.31 153.45096  18.12732  5517.21  2261.67 2.40 2.26  50.7 -0.414 19.62 21.60 02a59665o0294c
59665.352200  17.132  0.022   510   11 c  0   3.27 153.45096  18.12732  5497.93  2221.66 2.38 2.24  48.4 -0.413 19.63 21.60 02a59665o0300c
59665.384651  17.154  0.025   499   12 c  0   2.42 153.45096  18.12732  5546.77  2301.16 2.42 2.28  51.4 -0.413 19.58 21.59 02a59665o0370c
59665.390605  17.010  0.022   570   12 c  0   2.27 153.45096  18.12732  5569.32  2184.33 2.44 2.27  45.3 -0.405 19.60 21.57 02a59665o0383c
59666.369245  16.531  0.017   886   15 c  0   2.23 153.45096  18.12732  1430.40  5857.39 2.39 2.24  31.3 -0.439 19.62 21.67 02a59666o0339c
59666.373357  16.548  0.017   872   15 c  0   2.27 153.45096  18.12732  1411.11  5818.48 2.40 2.25  29.1 -0.434 19.65 21.66 02a59666o0348c
59666.379358  16.504  0.015   909   14 c  0   3.01 153.45096  18.12732  1468.24  5893.59 2.38 2.23  28.7 -0.435 19.67 21.65 02a59666o0361c
59666.389443  16.561  0.018   862   15 c  0   2.62 153.45096  18.12732  1488.74  5776.96 2.39 2.28  33.6 -0.426 19.61 21.65 02a59666o0383c
59666.390269  16.704  0.023   756   18 o  0   1.76 153.45096  18.12732  9213.23  6557.41 2.94 2.69 -64.3 -0.463 19.36 20.77 01a59666o0090o
59666.395477  16.761  0.026   717   19 o  0   0.99 153.45096  18.12732  9234.47  6596.12 2.99 2.77 -67.6 -0.454 19.31 20.77 01a59666o0101o
59666.398762  16.743  0.022   729   16 o  0   1.23 153.45096  18.12732  9174.42  6520.54 2.87 2.73 -77.1 -0.455 19.38 20.79 01a59666o0108o
59666.421240  16.711  0.023   751   17 o  0   1.67 153.45096  18.12732  9162.32  6640.56 2.84 2.60 -63.6 -0.474 19.35 20.70 01a59666o0157o
59667.114095  16.474  0.017   934   16 o  0   3.55 153.45096  18.12732  2985.13  6460.23 2.16 1.91 -85.9 -0.407 19.33 20.87 04a59667o0318o
59667.116795  16.586  0.020   843   17 o  0   1.99 153.45096  18.12732  3007.03  6496.18 2.11 1.90 -83.8 -0.408 19.36 20.87 04a59667o0324o
59667.121761  16.529  0.020   888   18 o  0   1.30 153.45096  18.12732  2954.13  6413.75 2.17 1.95 -83.6 -0.408 19.34 20.87 04a59667o0335o
59667.142554  16.560  0.021   863   18 o  0   1.59 153.45096  18.12732  2954.99  6511.29 2.20 1.88 -87.6 -0.394 19.34 20.82 04a59667o0378o
59667.377474  16.453  0.030   953   29 o  0   1.67 153.45096  18.12732  9209.87  6559.51 2.79 2.76  47.6 -0.451 18.62 19.89 01a59667o0361o
59667.380682  16.503  0.044   910   40 o  0   1.05 153.45096  18.12732  9231.59  6598.48 2.83 2.73  70.7 -0.456 18.26 19.64 01a59667o0368o
59667.390735  16.471  0.030   937   28 o  0   1.52 153.45096  18.12732  9173.14  6524.48 2.87 2.74  70.0 -0.452 18.68 20.10 01a59667o0390o
59667.397434  16.538  0.024   881   21 o  0   1.51 153.45096  18.12732  9158.75  6641.78 2.79 2.71 -88.1 -0.459 19.03 20.30 01a59667o0404o
59668.299136  16.036  0.030  1398   42 c  0   1.55 153.45096  18.12732  9164.03  4724.48 2.55 2.32  26.3 -0.399 18.14 20.01 02a59668o0185c
59668.301951  16.115  0.019  1301   25 c  0   1.25 153.45096  18.12732  9182.65  4765.11 2.55 2.36  24.9 -0.403 19.12 21.04 02a59668o0191c
59668.305610  16.130  0.014  1282   17 c  0   2.59 153.45096  18.12732  9125.68  4688.28 2.60 2.38  29.7 -0.396 19.34 21.39 02a59668o0199c
59668.315662  16.158  0.035  1250   44 c  0   1.51 153.45096  18.12732  9107.79  4806.26 2.56 2.34  28.4 -0.397 18.11 20.01 02a59668o0221c
59668.877694  17.247  0.589   459  270 c  0   0.96 153.45096  18.12732  7016.53   781.45 2.87 2.21 -58.9 -0.384 16.10 17.95 03a59669o0364c
59669.358216  16.023  0.014  1415   19 c  0   2.85 153.45096  18.12732  1425.05  5850.30 2.44 2.24  40.5 -0.432 19.59 21.62 02a59669o0314c
59669.362360  16.044  0.012  1388   16 c  0   4.14 153.45096  18.12732  1405.46  5813.31 2.35 2.28  22.3 -0.434 19.62 21.66 02a59669o0323c
59669.367903  16.031  0.013  1404   18 c  0   2.33 153.45096  18.12732  1463.31  5888.43 2.43 2.25  30.2 -0.430 19.66 21.66 02a59669o0335c
59669.379889  16.015  0.012  1425   17 c  0   2.90 153.45096  18.12732  1483.93  5775.03 2.45 2.25  34.1 -0.428 19.59 21.65 02a59669o0361c
59670.301302  16.139  0.015  1272   20 o  0   1.54 153.45096  18.12732  1340.74  3990.44 2.77 2.50 -45.9 -0.516 19.41 20.84 01a59670o0195o
59670.303126  16.127  0.015  1286   20 o  0   2.64 153.45096  18.12732  1321.95  3951.72 2.82 2.50 -52.6 -0.522 19.40 20.83 01a59670o0199o
59670.305863  16.149  0.015  1261   19 o  0   2.04 153.45096  18.12732  1382.62  4027.43 2.77 2.51 -49.0 -0.511 19.45 20.84 01a59670o0205o
59670.326063  16.189  0.014  1215   17 o  0   2.70 153.45096  18.12732  1397.16  3909.19 2.79 2.55 -47.1 -0.509 19.40 20.85 01a59670o0249o
59670.343699  15.978  0.014  1474   21 c  0   1.53 153.45096  18.12732  1434.91  5857.00 3.57 3.48   7.3 -0.363 19.21 21.63 02a59670o0036c
59670.352010  15.955  0.013  1507   19 c  0   1.86 153.45096  18.12732  1414.77  5819.77 3.00 2.99   6.4 -0.398 19.36 21.62 02a59670o0054c
59670.356129  15.987  0.013  1463   20 c  0   2.14 153.45096  18.12732  1473.82  5897.94 3.83 3.73 -20.0 -0.367 19.16 21.65 02a59670o0063c
59670.367707  15.979  0.012  1473   18 c  0   3.52 153.45096  18.12732  1493.64  5778.61 3.23 3.18 -24.3 -0.399 19.29 21.63 02a59670o0087c
59671.339597  16.099  0.014  1320   18 o  0   2.28 153.45096  18.12732  9200.68  6561.23 2.98 2.77 -64.2 -0.455 19.38 20.81 01a59671o0275o
59671.346065  16.134  0.017  1278   22 o  0   1.59 153.45096  18.12732  9222.38  6599.21 2.98 2.76 -58.5 -0.458 19.21 20.66 01a59671o0289o
59671.350166  16.120  0.014  1294   18 o  0   2.34 153.45096  18.12732  9162.60  6523.82 3.05 2.84 -53.8 -0.446 19.33 20.86 01a59671o0298o
59671.383913  16.107  0.015  1310   19 o  0   2.43 153.45096  18.12732  9153.67  6643.66 2.94 2.67 -73.3 -0.460 19.33 21.00 01a59671o0369o
59672.330556  16.069  0.014  1356   19 o  0   1.66 153.45096  18.12732  9011.74  2684.30 2.87 2.64 -59.8 -0.490 19.33 20.71 01a59672o0252o
59672.337577  16.050  0.015  1381   21 o  0   1.46 153.45096  18.12732  9032.31  2722.61 2.86 2.65 -58.3 -0.498 19.29 20.66 01a59672o0266o
59672.346269  16.051  0.014  1379   19 o  0   2.54 153.45096  18.12732  8976.58  2647.19 2.87 2.67 -59.1 -0.497 19.27 20.63 01a59672o0285o
59672.351542  16.044  0.015  1389   21 o  0   1.55 153.45096  18.12732  8960.83  2764.93 2.93 2.66 -62.2 -0.496 19.27 20.64 01a59672o0296o
59672.812125  15.869  0.011  1631   18 c  0   3.15 153.45096  18.12732  9516.25  7996.29 2.87 2.58 -69.2 -0.368 19.54 21.41 03a59673o0216c
59672.813491  15.891  0.010  1599   17 c  0   4.44 153.45096  18.12732  9497.27  7957.09 2.83 2.54 -71.3 -0.372 19.56 21.41 03a59673o0219c
59672.817133  15.882  0.011  1611   17 c  0   2.68 153.45096  18.12732  9553.01  8037.83 2.77 2.55 -74.7 -0.366 19.56 21.43 03a59673o0227c
59672.827157  15.878  0.010  1618   17 c  0   6.08 153.45096  18.12732  9573.61  7925.16 2.83 2.52 -69.5 -0.375 19.57 21.43 03a59673o0249c
59673.328232  16.376  0.160  1023  163 c  0   1.29 153.45096  18.12732  1438.33  5854.55 2.69 2.54  23.4 -0.395 16.85 18.75 02a59673o0245c
59673.336949  16.086  0.130  1335  173 c  0   2.06 153.45096  18.12732  1418.35  5816.85 2.57 2.40  22.1 -0.405 16.31 18.16 02a59673o0264c
59673.340233  15.874  0.079  1623  128 c  0   1.92 153.45096  18.12732  1476.41  5896.17 2.59 2.42  21.1 -0.405 16.79 18.64 02a59673o0271c
59675.055531  15.945  0.014  1521   21 o  0   3.78 153.45096  18.12732  9471.14  4051.00 2.79 2.21 -22.0 -0.398 19.16 20.66 04a59675o0214o
59675.056883  15.913  0.015  1566   23 o  0   3.07 153.45096  18.12732  9451.65  4012.25 2.65 2.38  -7.8 -0.403 19.13 20.56 04a59675o0217o
59675.062334  15.968  0.016  1489   24 o  0   1.94 153.45096  18.12732  9512.24  4089.78 2.87 2.29 -22.5 -0.387 19.12 20.65 04a59675o0229o
59675.071819  15.977  0.013  1476   20 o  0   5.80 153.45096  18.12732  9534.31  3973.13 2.64 2.18 -21.7 -0.409 19.18 20.65 04a59675o0250o
59676.248718  15.802  0.012  1734   21 c  0   2.40 153.45096  18.12732  9269.83  8608.97 2.62 2.58  73.9 -0.404 19.29 21.09 02a59676o0074c
59676.251473  15.759  0.012  1804   21 c  0   3.62 153.45096  18.12732  9289.78  8648.70 2.66 2.63  83.8 -0.393 19.31 21.10 02a59676o0080c
59676.257950  15.822  0.013  1703   22 c  0   2.54 153.45096  18.12732  9230.86  8571.47 2.76 2.72  55.4 -0.390 19.28 21.16 02a59676o0094c
59676.264454  15.850  0.012  1660   20 c  0   2.79 153.45096  18.12732  9211.65  8688.22 2.67 2.58 -53.7 -0.397 19.37 21.19 02a59676o0108c
59676.834403  15.549  0.015  2191   32 c  0   4.46 153.45096  18.12732  1017.18  2555.94 3.82 3.15  15.8 -0.449 18.89 20.92 03a59677o0274c
59676.868791  15.808  0.011  1724   20 c  0   2.98 153.45096  18.12732  1019.66  2598.55 4.25 3.88  88.7 -0.314 19.20 21.62 03a59677o0347c
59676.871524  15.843  0.014  1670   24 c  0   2.59 153.45096  18.12732   961.47  2519.49 3.30 3.10   5.3 -0.398 19.12 21.30 03a59677o0353c
59676.877544  15.798  0.011  1742   19 c  0   3.21 153.45096  18.12732   936.77  2636.45 4.00 3.57  84.2 -0.328 19.25 21.60 03a59677o0366c
59677.309165  15.817  0.011  1711   19 c  0   3.43 153.45096  18.12732  1336.45  1973.76 2.39 2.30 -65.3 -0.430 19.23 20.99 02a59677o0197c
59677.343259  15.833  0.012  1685   21 c  0   3.24 153.45096  18.12732  1307.10  1932.61 2.38 2.28 -87.5 -0.439 19.19 20.90 02a59677o0267c
59677.346349  15.844  0.012  1668   20 c  0   2.00 153.45096  18.12732  1367.81  2011.34 2.49 2.41 -82.7 -0.424 19.17 20.95 02a59677o0273c
59677.352811  15.801  0.012  1736   21 c  0   3.35 153.45096  18.12732  1388.46  1895.01 2.38 2.35  81.3 -0.426 19.22 20.95 02a59677o0287c
59678.246506  15.787  0.016  1759   27 c  0   2.99 153.45096  18.12732  9272.14  8615.96 2.59 2.41  27.5 -0.394 18.95 20.52 02a59678o0063c
59678.249866  15.794  0.017  1747   29 c  0   2.00 153.45096  18.12732  9292.69  8654.10 2.76 2.51  28.7 -0.389 18.85 20.51 02a59678o0070c
59678.254453  15.746  0.014  1826   26 c  0   2.60 153.45096  18.12732  9232.84  8575.90 2.78 2.44  27.5 -0.396 18.89 20.53 02a59678o0080c
59678.259500  15.772  0.015  1784   27 c  0   2.61 153.45096  18.12732  9213.43  8692.30 2.89 2.58  35.0 -0.396 18.97 20.63 02a59678o0091c
59684.324433  15.664  0.023  1970   45 o  0   1.33 153.45096  18.12732  4981.04  6376.16 2.66 2.62 -64.1 -0.474 18.44 19.01 01a59684o0173o
59684.338124  15.727  0.022  1859   40 o  0   1.61 153.45096  18.12732  5006.60  6416.39 2.74 2.65 -52.9 -0.472 18.45 19.10 01a59684o0202o
59684.341323  15.713  0.024  1882   46 o  0   1.24 153.45096  18.12732  4946.68  6340.29 2.69 2.61 -30.9 -0.474 18.48 19.10 01a59684o0209o
59684.347679  15.750  0.025  1820   45 o  0   0.91 153.45096  18.12732  4930.50  6456.03 2.62 2.56 -44.2 -0.489 18.50 19.10 01a59684o0222o
59684.409165  15.675  0.020  1950   39 o  0   1.75 153.45096  18.12732  7383.40  9754.57 2.37 2.13  34.7 -0.433 18.39 18.62 02a59684o0376o
59684.412445  15.682  0.018  1936   35 o  0   2.55 153.45096  18.12732  7364.61  9714.78 2.57 2.15  34.6 -0.411 18.32 18.60 02a59684o0383o
59684.440880  15.707  0.023  1893   44 o  0   2.15 153.45096  18.12732  7417.66  9794.28 2.57 2.20  32.8 -0.405 18.24 18.45 02a59684o0444o
59684.467006  15.705  0.026  1897   48 o  0   2.39 153.45096  18.12732  7433.12  9678.36 2.78 2.32  31.2 -0.389 18.04 18.25 02a59684o0500o
59687.122318  15.646  0.015  2002   29 o  0   2.50 153.45096  18.12732  4820.95  2464.78 1.93 1.82 -17.5 -0.441 18.59 19.07 04a59687o0362o
59687.125052  15.664  0.016  1970   32 o  0   2.11 153.45096  18.12732  4841.03  2502.20 1.91 1.84 -12.4 -0.447 18.59 19.06 04a59687o0368o
59687.135508  15.642  0.014  2010   27 o  0   3.95 153.45096  18.12732  4788.74  2419.64 1.93 1.85  -5.8 -0.448 18.56 19.01 04a59687o0391o
59687.140534  15.611  0.015  2068   30 o  0   2.77 153.45096  18.12732  4771.02  2534.16 1.91 1.84  -9.4 -0.441 18.54 18.99 04a59687o0402o
59689.311587  15.625  0.011  2042   23 o  0   4.46 153.45096  18.12732  7394.90  9754.36 2.23 2.15  42.6 -0.450 19.26 20.39 02a59689o0183o
59689.314891  15.613  0.011  2064   23 o  0   2.92 153.45096  18.12732  7375.66  9718.45 2.28 2.15  45.8 -0.446 19.38 20.50 02a59689o0190o
59689.321360  15.636  0.010  2021   20 o  0   4.02 153.45096  18.12732  7432.67  9797.75 2.30 2.21  62.5 -0.441 19.38 20.50 02a59689o0204o
59689.331879  15.614  0.010  2063   21 o  0   3.55 153.45096  18.12732  7450.15  9680.74 2.15 2.09  56.1 -0.448 19.42 20.51 02a59689o0226o
59690.331360  15.626  0.010  2040   20 c  0   3.69 153.45096  18.12732  3745.92  6240.79 2.47 2.24  36.3 -0.406 19.44 21.31 02a59690o0231c
59690.334557  15.638  0.014  2018   29 c  0   1.26 153.45096  18.12732  3728.70  6203.40 2.48 2.23  36.5 -0.406 19.14 20.98 02a59690o0238c
59690.340057  15.627  0.009  2037   18 c  0   8.21 153.45096  18.12732  3786.48  6279.36 2.55 2.29  36.5 -0.402 19.54 21.44 02a59690o0250c
59690.352154  15.648  0.009  1999   19 c  0   5.02 153.45096  18.12732  3807.05  6163.36 2.48 2.26  35.7 -0.406 19.56 21.45 02a59690o0276c
59692.307940  15.642  0.017  2009   35 o  0   2.51 153.45096  18.12732  8814.77   436.71 2.68 2.49 -51.5 -0.497 18.50 19.71 01a59692o0183o
59692.326208  15.653  0.011  1990   22 o  0   5.50 153.45096  18.12732  8838.07   477.95 2.72 2.47 -55.1 -0.492 19.28 20.55 01a59692o0222o
59692.340742  15.646  0.013  2002   25 o  0   3.78 153.45096  18.12732  8781.92   403.10 2.79 2.54 -55.4 -0.500 19.19 20.49 01a59692o0252o
59692.346957  15.595  0.022  2098   46 o  0   1.63 153.45096  18.12732  8763.02   522.82 2.81 2.57 -54.2 -0.500 18.19 19.48 01a59692o0264o
59693.327149  15.701  0.014  1904   27 c  0   2.50 153.45096  18.12732  3745.84  6238.67 2.53 2.30  35.1 -0.403 18.92 20.79 02a59693o0221c
59693.330818  15.669  0.011  1961   21 c  0   5.05 153.45096  18.12732  3727.50  6199.72 2.54 2.27  37.6 -0.407 19.33 21.19 02a59693o0229c
59693.338113  15.710  0.020  1889   37 c  0   1.20 153.45096  18.12732  3786.32  6276.23 2.65 2.41  38.8 -0.396 18.64 20.46 02a59693o0244c
59693.357512  15.636  0.033  2021   67 c  0   1.25 153.45096  18.12732  3807.67  6160.79 2.74 2.48  36.6 -0.391 17.78 19.52 02a59693o0286c
59694.285953  15.701  0.010  1903   20 c  0   2.99 153.45096  18.12732  3753.76  6238.31 2.84 2.55  15.4 -0.388 19.41 21.39 02a59694o0128c
59694.289150  15.716  0.011  1877   20 c  0   2.03 153.45096  18.12732  3734.24  6199.18 2.89 2.57   5.5 -0.394 19.37 21.39 02a59694o0135c
59694.295115  15.677  0.010  1946   19 c  0   3.69 153.45096  18.12732  3792.09  6277.14 2.57 2.33  28.5 -0.404 19.52 21.39 02a59694o0148c
59694.306879  15.658  0.010  1980   19 c  0   3.17 153.45096  18.12732  3811.03  6161.63 2.70 2.51  13.6 -0.387 19.47 21.38 02a59694o0173c
59695.301299  15.648  0.011  2000   22 o  0   3.19 153.45096  18.12732  8815.44   436.41 2.81 2.60 -54.2 -0.506 19.24 20.57 01a59695o0163o
59695.316309  15.689  0.013  1926   24 o  0   2.87 153.45096  18.12732  8837.90   476.35 2.78 2.53 -54.5 -0.506 19.27 20.55 01a59695o0195o
59695.335014  15.685  0.012  1931   24 o  0   2.53 153.45096  18.12732  8782.30   404.24 2.72 2.50 -53.9 -0.504 19.27 20.52 01a59695o0234o
59695.347253  15.664  0.011  1970   22 o  0   3.34 153.45096  18.12732  8768.06   525.32 2.75 2.55 -53.7 -0.505 19.20 20.47 01a59695o0259o
59696.349598  15.707  0.011  1892   21 o  0   3.02 153.45096  18.12732  6904.99   609.78 2.60 2.48 -59.3 -0.532 19.32 20.63 01a59696o0270o
59696.352817  15.734  0.011  1846   21 o  0   2.99 153.45096  18.12732  6925.01   648.57 2.66 2.50 -52.2 -0.528 19.32 20.61 01a59696o0277o
59696.372363  15.751  0.012  1817   22 o  0   2.06 153.45096  18.12732  6869.69   574.53 2.65 2.54 -55.5 -0.522 19.26 20.54 01a59696o0319o
59696.378350  15.704  0.011  1898   22 o  0   3.06 153.45096  18.12732  6851.92   694.06 2.64 2.53 -47.9 -0.527 19.24 20.52 01a59696o0332o
59697.281962  15.809  0.016  1723   28 c  0   2.39 153.45096  18.12732  3751.13  6239.42 2.48 2.23  36.0 -0.407 18.87 20.27 02a59697o0116c
59697.285163  15.820  0.022  1706   38 c  0   1.43 153.45096  18.12732  3732.38  6202.36 2.49 2.22  32.6 -0.407 18.48 19.87 02a59697o0123c
59697.291607  15.785  0.016  1762   28 c  0   2.08 153.45096  18.12732  3790.87  6281.10 2.47 2.21  33.3 -0.408 18.73 20.11 02a59697o0137c
59697.302235  15.700  0.073  1906  140 c  0   0.79 153.45096  18.12732  3809.46  6163.14 2.55 2.27  34.1 -0.407 16.89 18.23 02a59697o0159c
59698.347819  15.814  0.010  1715   18 c  0   2.43 153.45096  18.12732  3827.99  8176.96 2.50 2.33  40.7 -0.402 19.58 21.22 02a59698o0215c
59698.357882  15.860  0.011  1645   19 c  0   3.32 153.45096  18.12732  3808.56  8138.22 2.50 2.33  36.2 -0.397 19.42 20.99 02a59698o0237c
59698.361114  15.823  0.010  1702   18 c  0   3.89 153.45096  18.12732  3865.57  8215.49 2.50 2.33  38.3 -0.400 19.46 21.09 02a59698o0244c
59698.367528  15.853  0.012  1655   21 c  0   1.82 153.45096  18.12732  3885.32  8100.05 2.51 2.35  35.8 -0.402 19.35 20.92 02a59698o0258c
59699.330368  15.761  0.024  1802   43 o  0   1.49 153.45096  18.12732  6896.68   604.76 2.57 2.40 -52.3 -0.549 18.26 19.36 01a59699o0234o
59699.333609  15.842  0.040  1672   66 o  0   1.22 153.45096  18.12732  6917.36   643.90 2.56 2.48 -60.1 -0.523 17.69 18.78 01a59699o0241o
59699.340978  15.822  0.040  1703   68 o  0   1.04 153.45096  18.12732  6860.66   568.34 2.53 2.40 -51.2 -0.546 17.69 18.74 01a59699o0257o
59699.351166  15.882  0.074  1612  119 o  0   1.52 153.45096  18.12732  6846.67   687.82 2.57 2.52 -73.1 -0.519 16.94 18.00 01a59699o0279o
59705.276482  16.400  0.265  1000  265 o  0   2.14 153.45096  18.12732  3839.15  8182.21 2.51 1.99  33.0 -0.414 16.96 17.77 02a59705o0084o
59705.280718  15.909  0.022  1572   34 o  0   2.02 153.45096  18.12732  3820.00  8142.76 2.50 2.01  34.0 -0.407 18.61 19.53 02a59705o0093o
59705.286020  15.895  0.012  1592   20 o  0   2.40 153.45096  18.12732  3877.02  8223.18 2.38 1.99  34.3 -0.416 19.37 20.39 02a59705o0104o
59705.309205  15.885  0.022  1607   36 o  0   2.08 153.45096  18.12732  3900.04  8107.86 2.32 2.04  34.2 -0.414 18.36 19.16 02a59705o0154o
59711.280785  16.010  0.021  1432   30 o  0   1.47 153.45096  18.12732   871.30  2751.66 2.64 2.46 -35.5 -0.542 18.60 19.36 01a59711o0103o
59711.283778  16.048  0.021  1383   29 o  0   1.51 153.45096  18.12732   893.00  2791.50 2.55 2.39 -45.6 -0.564 18.71 19.23 01a59711o0109o
59711.289339  16.047  0.019  1384   27 o  0   2.50 153.45096  18.12732   834.50  2713.61 2.62 2.41 -49.5 -0.566 18.67 19.19 01a59711o0121o
59711.308455  16.065  0.026  1362   36 o  0   1.04 153.45096  18.12732   822.09  2832.89 2.71 2.48 -50.9 -0.558 18.56 19.08 01a59711o0161o
59712.303534  15.997  0.027  1449   40 o  0   2.66 153.45096  18.12732  1201.47  8579.51 2.74 2.36 -46.6 -0.490 18.67 19.21 01a59712o0166o
59712.309067  16.062  0.028  1365   39 o  0   1.11 153.45096  18.12732  1222.97  8617.95 2.65 2.39 -54.7 -0.484 18.55 19.05 01a59712o0178o
59712.315975  16.045  0.027  1386   37 o  0   1.79 153.45096  18.12732  1164.96  8541.05 2.75 2.34 -44.0 -0.497 18.69 19.30 01a59712o0193o
59712.327028  16.087  0.028  1334   37 o  0   1.71 153.45096  18.12732  1146.99  8659.62 2.72 2.40 -47.4 -0.489 18.51 18.96 01a59712o0217o
59713.044544  16.057  0.025  1371   34 o  0   1.26 153.45096  18.12732  3190.58   802.56 2.63 2.22  56.4 -0.399 18.34 18.82 04a59713o0220o
59713.047790  16.077  0.027  1346   37 o  0   1.02 153.45096  18.12732  3212.17   840.32 2.58 2.20  52.5 -0.395 18.36 18.80 04a59713o0227o
59713.053306  16.055  0.022  1374   31 o  0   2.50 153.45096  18.12732  3157.37   759.29 2.55 2.15  48.8 -0.400 18.37 18.77 04a59713o0239o
59713.065141  16.136  0.031  1275   40 o  0   1.31 153.45096  18.12732  3143.60   870.53 2.75 2.29  54.8 -0.379 18.26 18.67 04a59713o0264o
59714.317477  16.049  0.023  1382   31 o  0   1.58 153.45096  18.12732  9653.28 10200.22 2.66 2.11 -52.2 -0.407 18.72 18.98 02a59714o0186o
59714.321148  16.049  0.017  1382   23 o  0   2.79 153.45096  18.12732  9633.01 10160.63 2.52 2.10 -50.4 -0.406 18.72 19.00 02a59714o0194o
59714.326631  16.038  0.022  1396   30 o  0   1.60 153.45096  18.12732  9692.90 10239.88 2.72 2.06 -52.4 -0.410 18.74 18.99 02a59714o0206o
59714.337159  15.995  0.022  1452   32 o  0   1.68 153.45096  18.12732  9710.55 10122.51 2.63 2.06 -52.9 -0.423 18.63 19.02 02a59714o0229o
59715.035089  16.150  0.033  1259   42 o  0   1.15 153.45096  18.12732  3176.35   800.51 2.61 2.26  58.5 -0.390 18.16 18.48 04a59715o0207o
59715.040095  16.129  0.031  1284   39 o  0   1.28 153.45096  18.12732  3198.56   837.34 2.46 2.09  51.1 -0.416 18.20 18.44 04a59715o0218o
59715.042798  16.104  0.028  1313   37 o  0   1.48 153.45096  18.12732  3142.32   757.42 2.53 2.20  57.2 -0.395 18.17 18.40 04a59715o0224o
59715.053665  16.136  0.033  1275   42 o  0   1.22 153.45096  18.12732  3128.97   870.11 2.53 2.19  53.7 -0.386 18.14 18.38 04a59715o0248o
59715.302589  16.106  0.036  1311   47 o  0   2.99 153.45096  18.12732  1202.43  8580.35 2.71 2.34 -46.2 -0.497 18.61 19.16 01a59715o0159o
59715.306272  16.094  0.028  1325   38 o  0   1.69 153.45096  18.12732  1223.73  8620.12 2.69 2.34 -47.0 -0.499 18.60 19.09 01a59715o0167o
59715.314136  16.110  0.033  1306   43 o  0   1.86 153.45096  18.12732  1163.68  8543.59 2.59 2.33 -51.2 -0.494 18.56 19.21 01a59715o0184o
59715.327987  16.061  0.032  1367   43 o  0   1.25 153.45096  18.12732  1146.71  8661.68 2.61 2.37 -51.2 -0.498 18.52 18.90 01a59715o0214o
59716.259591  16.139  0.019  1272   24 o  0   1.36 153.45096  18.12732  1191.17  8575.79 2.59 2.43 -62.1 -0.484 18.99 20.14 01a59716o0017o
59716.262915  16.165  0.017  1241   21 o  0   1.70 153.45096  18.12732  1213.59  8615.41 2.60 2.43 -78.7 -0.477 19.02 20.12 01a59716o0024o
59716.268020  16.136  0.019  1275   24 o  0   1.85 153.45096  18.12732  1154.11  8537.31 2.62 2.34 -52.7 -0.491 19.00 19.93 01a59716o0035o
59716.278090  16.096  0.019  1323   26 o  0   1.61 153.45096  18.12732  1136.41  8654.95 2.68 2.41 -48.6 -0.489 18.88 19.65 01a59716o0056o
59717.308412  16.125  0.017  1288   22 o  0   2.23 153.45096  18.12732  9650.72 10199.68 2.30 2.06 -47.4 -0.440 19.26 19.98 02a59717o0158o
59717.312987  16.165  0.018  1242   22 o  0   1.60 153.45096  18.12732  9630.93 10160.05 2.35 2.18 -41.8 -0.426 19.17 19.90 02a59717o0168o
59717.318506  16.119  0.018  1296   24 o  0   2.52 153.45096  18.12732  9690.17 10239.90 2.35 1.99 -52.9 -0.446 19.16 19.89 02a59717o0180o
59717.328569  16.164  0.019  1243   23 o  0   2.33 153.45096  18.12732  9708.49 10122.04 2.39 2.02 -50.7 -0.431 19.05 19.78 02a59717o0202o
59719.266666  16.212  0.017  1189   20 o  0   1.59 153.45096  18.12732  1194.01  8578.46 2.64 2.43 -58.1 -0.476 19.36 20.68 01a59719o0008o
59719.269437  16.168  0.014  1238   18 o  0   2.36 153.45096  18.12732  1215.14  8616.64 2.55 2.38 -59.2 -0.482 19.34 20.66 01a59719o0014o
59719.294364  16.201  0.017  1201   21 o  0   1.31 153.45096  18.12732  1161.58  8539.97 2.75 2.51 -48.7 -0.471 19.28 20.64 01a59719o0067o
59719.303778  16.199  0.015  1203   18 o  0   2.43 153.45096  18.12732  1143.96  8656.24 2.74 2.54 -58.7 -0.468 19.27 20.66 01a59719o0087o
59720.299696  16.259  0.102  1138  116 o  0   1.68 153.45096  18.12732  2936.17  4578.41 3.43 3.06  42.6 -0.368 17.16 18.66 01a59720o0002o
59720.302937  16.215  0.018  1186   21 o  0   2.01 153.45096  18.12732  2958.72  4617.34 2.85 2.68  48.9 -0.444 19.02 20.33 01a59720o0009o
59720.310307  16.172  0.015  1234   18 o  0   2.46 153.45096  18.12732  2901.94  4541.38 2.54 2.53  67.0 -0.480 19.24 20.44 01a59720o0025o
59720.320440  16.216  0.016  1185   19 o  0   1.22 153.45096  18.12732  2887.89  4658.56 2.77 2.60  43.1 -0.455 19.16 20.43 01a59720o0047o
59721.271446  16.487  0.019   923   18 c  0   1.83 153.45096  18.12732  9650.69 10197.37 2.76 2.67 -36.8 -0.379 19.54 20.91 02a59721o0080c
59721.274645  16.500  0.018   912   17 c  0   1.68 153.45096  18.12732  9631.77 10158.54 2.80 2.64 -46.8 -0.380 19.51 20.90 02a59721o0087c
59721.280585  16.469  0.019   939   18 c  0   1.95 153.45096  18.12732  9692.53 10240.63 2.84 2.61 -47.2 -0.383 19.48 20.85 02a59721o0100c
59721.304194  16.165  0.152  1241  189 c  0   7.94 153.45096  18.12732  9710.11 10121.02 2.80 2.63 -39.6 -0.539 17.08 18.39 02a59721o0151c
59722.300663  16.516  0.016   899   15 c  0   2.13 153.45096  18.12732  9550.83  6002.80 2.67 2.46  20.6 -0.410 19.49 20.94 02a59722o0142c
59722.304317  16.535  0.018   883   16 c  0   2.34 153.45096  18.12732  9531.80  5963.44 2.69 2.50  18.4 -0.407 19.47 20.96 02a59722o0150c
59722.313922  16.470  0.017   937   16 c  0   2.19 153.45096  18.12732  9591.48  6041.57 2.74 2.62   8.7 -0.410 19.42 20.98 02a59722o0171c
59722.325830  16.502  0.018   911   16 c  0   1.86 153.45096  18.12732  9611.60  5927.32 2.65 2.46  17.4 -0.412 19.46 20.88 02a59722o0197c
59723.289597  16.302  0.020  1094   21 o  0   1.29 153.45096  18.12732  2936.83  4578.35 2.60 2.47 -50.2 -0.502 19.30 20.42 01a59723o0125o
59723.293279  16.282  0.018  1114   20 o  0   1.39 153.45096  18.12732  2958.29  4616.35 2.64 2.48 -49.2 -0.501 19.28 20.42 01a59723o0133o
59723.300641  16.241  0.018  1157   20 o  0   1.40 153.45096  18.12732  2899.56  4539.55 2.60 2.55 -54.8 -0.495 19.26 20.41 01a59723o0149o
59723.314919  16.279  0.018  1118   20 o  0   1.64 153.45096  18.12732  2885.75  4659.81 2.62 2.61 -71.8 -0.487 19.20 20.35 01a59723o0180o
59724.304277  16.347  0.017  1050   18 o  0   1.68 153.45096  18.12732  2941.25  4579.11 2.56 2.46 -43.9 -0.507 19.34 20.54 01a59724o0157o
59724.316035  16.315  0.019  1081   21 o  0   1.19 153.45096  18.12732  2961.15  4619.24 2.64 2.57 -50.8 -0.486 19.30 20.53 01a59724o0182o
59724.319257  16.302  0.018  1095   19 o  0   1.35 153.45096  18.12732  2899.24  4542.33 2.75 2.49 -43.4 -0.499 19.25 20.49 01a59724o0189o
59724.334016  16.260  0.018  1137   20 o  0   1.86 153.45096  18.12732  2884.55  4659.52 2.75 2.56 -49.0 -0.494 19.17 20.35 01a59724o0221o
59725.290988  16.634  0.020   806   16 c  0   2.16 153.45096  18.12732  9555.25  6005.72 2.66 2.46  18.0 -0.408 19.46 20.84 02a59725o0112c
59725.294669  16.641  0.021   801   17 c  0   1.59 153.45096  18.12732  9535.86  5965.84 2.80 2.50  22.8 -0.400 19.38 20.78 02a59725o0120c
59725.301538  16.586  0.017   843   15 c  0   2.89 153.45096  18.12732  9594.61  6045.33 2.76 2.51  16.9 -0.405 19.38 20.82 02a59725o0135c
59725.312545  16.560  0.018   863   16 c  0   2.22 153.45096  18.12732  9614.60  5928.38 2.71 2.50  12.9 -0.408 19.41 20.83 02a59725o0159c
59726.301033  16.607  0.018   827   15 c  0   2.05 153.45096  18.12732  9554.65  6007.35 2.80 2.50  24.4 -0.401 19.47 20.92 02a59726o0141c
59726.304696  16.644  0.020   799   16 c  0   1.58 153.45096  18.12732  9535.70  5967.49 2.73 2.46  21.8 -0.406 19.48 20.92 02a59726o0149c
59726.315211  16.596  0.019   834   16 c  0   2.37 153.45096  18.12732  9594.28  6045.19 2.74 2.47  21.2 -0.407 19.45 20.90 02a59726o0172c
59726.320708  16.600  0.019   832   16 c  0   1.56 153.45096  18.12732  9614.20  5928.49 2.68 2.50  17.1 -0.408 19.41 20.87 02a59726o0184c
59727.273379 -16.388  0.642 -1011  649 o  0   1.24 153.45096  18.12732  2933.37  4577.63 2.77 2.62  48.1 -0.461 15.14 16.55 01a59727o0016o
59727.282452 -17.446  1.262  -382  481 o  0   1.13 153.45096  18.12732  2895.52  4539.33 2.60 2.55  53.6 -0.483 15.47 16.82 01a59727o0035o
59727.296670 -15.948  0.542 -1517  822 o  0   1.07 153.45096  18.12732  2881.79  4657.62 2.63 2.53 -48.0 -0.490 14.83 16.14 01a59727o0065o
59728.284145  16.566  0.299   858  257 o  0   0.85 153.45096  18.12732  3056.54  6513.13 2.62 2.55 -48.7 -0.475 16.38 17.63 01a59728o0103o
59728.287365  15.858  0.258  1647  426 o  0   1.37 153.45096  18.12732  3077.11  6553.74 2.62 2.46 -46.3 -0.489 15.68 16.91 01a59728o0110o
59729.254768  16.529  0.136   888  121 c  0   1.29 153.45096  18.12732  9564.34  6005.76 2.75 2.50  24.1 -0.451 17.23 18.44 02a59729o0036c
59729.274442  16.687  0.059   768   46 c  0   1.67 153.45096  18.12732  9625.54  5931.47 2.81 2.68  13.8 -0.401 17.96 19.37 02a59729o0079c
59730.285224  16.885  0.128   640   82 c  0   1.00 153.45096  18.12732  5468.68  9845.68 2.91 2.85  89.0 -0.382 17.66 19.01 02a59730o0102c
59730.288424  16.566  0.095   858   82 c  0   1.30 153.45096  18.12732  5449.29  9806.32 2.67 2.57  42.7 -0.384 17.22 18.46 02a59730o0109c
59730.304434  16.899  0.323   631  204 c  0   1.09 153.45096  18.12732  5525.33  9767.72 2.93 2.80  34.1 -0.384 17.13 18.56 02a59730o0144c
59731.247406  16.482  0.032   927   30 o  0   2.18 153.45096  18.12732  3050.47  6513.17 2.79 2.45 -48.6 -0.498 18.44 19.16 01a59731o0030o
59731.250173  16.371  0.028  1028   29 o  0   1.31 153.45096  18.12732  3072.76  6550.90 2.67 2.44 -46.5 -0.504 18.79 19.58 01a59731o0036o
59731.257597 -17.419  0.049  -391   19 o  0  15.49 153.45096  18.12732  3014.62  6474.17 2.79 2.55 -47.1 -0.483 19.13 20.24 01a59731o0052o
59731.268861  16.428  0.019   975   19 o  0   1.51 153.45096  18.12732  2998.60  6591.28 2.68 2.54 -44.8 -0.484 19.28 20.48 01a59731o0076o
59732.247926  16.410  0.040   991   40 o  0   1.36 153.45096  18.12732  3052.52  6515.30 2.74 2.50 -47.5 -0.500 18.63 19.21 01a59732o0031o
59732.251148  16.413  0.025   988   25 o  0   1.36 153.45096  18.12732  3075.69  6554.11 2.73 2.48 -48.8 -0.504 18.91 19.75 01a59732o0038o
59732.260453  16.506  0.024   907   22 o  0   6.68 153.45096  18.12732  3017.54  6476.92 2.79 2.45 -46.2 -0.498 19.19 20.29 01a59732o0058o
59732.273250  16.453  0.021   953   20 o  0   1.50 153.45096  18.12732  2999.84  6592.86 2.82 2.54 -46.2 -0.489 19.19 20.38 01a59732o0085o
59733.250221  16.789  0.038   699   27 c  0   1.30 153.45096  18.12732  5477.81  9849.85 2.47 2.41  23.0 -0.424 18.77 19.67 02a59733o0025c
59733.253441  16.764  0.031   715   22 c  0   1.25 153.45096  18.12732  5460.54  9809.60 2.45 2.44  17.2 -0.416 19.12 20.17 02a59733o0032c
59733.260768  16.755  0.026   721   19 c  0   1.04 153.45096  18.12732  5520.65  9888.29 2.45 2.41   2.1 -0.430 19.46 20.70 02a59733o0048c
59733.281021  16.771  0.024   711   17 c  0   1.22 153.45096  18.12732  5539.09  9767.73 2.65 2.61  31.6 -0.406 19.31 20.87 02a59733o0092c
59734.248704  16.702  0.079   757   60 c  0   1.69 153.45096  18.12732  5482.45  9852.33 2.25 2.11 -13.9 -0.458 17.85 19.56 02a59734o0013c
59734.251917  16.840  0.057   667   38 c  0   1.37 153.45096  18.12732  5464.73  9812.01 2.24 2.17 -89.3 -0.455 18.29 20.04 02a59734o0020c
59734.262430  16.901  0.047   630   30 c  0   1.14 153.45096  18.12732  5522.60  9887.05 2.50 2.19  80.6 -0.453 18.67 20.67 02a59734o0043c
59734.280900  16.825  0.027   676   18 c  0   1.39 153.45096  18.12732  5539.56  9767.47 2.61 2.48  40.3 -0.405 19.26 20.50 02a59734o0083c
59739.278979  16.619  0.037   818   31 o  0   1.77 153.45096  18.12732  1110.85  6639.80 2.59 2.36 -47.9 -0.518 18.85 19.51 01a59739o0094o
59739.282664  16.618  0.036   818   30 o  0   1.68 153.45096  18.12732  1132.01  6678.57 2.65 2.47 -52.3 -0.501 18.74 19.48 01a59739o0102o
59739.288659  16.572  0.033   854   28 o  0   1.90 153.45096  18.12732  1072.15  6602.31 2.58 2.41 -50.8 -0.508 18.77 19.46 01a59739o0115o
59739.302475  16.584  0.038   844   32 o  0   1.59 153.45096  18.12732  1053.47  6719.04 2.83 2.48 -46.1 -0.498 18.71 19.39 01a59739o0145o
59741.267784  16.682  0.045   771   34 o  0   1.17 153.45096  18.12732  5685.58  6155.18 4.10 3.76  35.7 -0.362 18.29 19.33 02a59741o0063o
59741.270995  16.575  0.037   851   32 o  0   1.10 153.45096  18.12732  5665.67  6115.71 3.59 3.12  36.2 -0.368 18.43 19.35 02a59741o0070o
59741.278766  16.641  0.036   801   29 o  0   1.17 153.45096  18.12732  5722.20  6193.45 3.11 2.65  36.4 -0.402 18.65 19.34 02a59741o0087o
59741.290202  16.600  0.032   832   27 o  0   0.94 153.45096  18.12732  5743.34  6076.46 2.70 2.28  31.3 -0.414 18.75 19.29 02a59741o0112o
59744.266611  16.732  0.040   736   29 o  0   1.74 153.45096  18.12732  4750.95  2519.86 2.97 2.85  43.8 -0.453 18.35 18.91 01a59744o0064o
59744.270751  16.724  0.039   742   29 o  0   1.31 153.45096  18.12732  4773.30  2557.85 2.76 2.74  83.2 -0.483 18.40 18.88 01a59744o0073o
59744.276739  16.678  0.048   774   37 o  0   0.87 153.45096  18.12732  4711.80  2482.79 2.83 2.75 -13.7 -0.476 18.36 18.84 01a59744o0086o
59744.288254  16.826  0.057   675   39 o  0   0.90 153.45096  18.12732  4698.76  2601.42 2.86 2.80 -45.5 -0.469 18.26 18.75 01a59744o0111o
59746.268414  16.726  0.026   741   19 o  0   1.70 153.45096  18.12732  7480.54  2193.04 2.48 2.41  11.9 -0.400 19.07 20.08 02a59746o0062o
59746.271617  16.653  0.030   792   24 o  0   1.30 153.45096  18.12732  7460.63  2153.95 2.79 2.67  20.2 -0.387 18.88 20.03 02a59746o0069o
59746.278035  16.712  0.023   750   18 o  0   1.83 153.45096  18.12732  7519.12  2231.87 2.71 2.56  22.2 -0.398 19.02 20.15 02a59746o0083o
59746.288559  16.716  0.027   747   20 o  0   1.38 153.45096  18.12732  7541.14  2114.81 2.46 2.41 -39.5 -0.399 19.01 19.99 02a59746o0106o
59747.265677  16.797  0.026   694   18 o  0   1.33 153.45096  18.12732  4745.62  2516.95 2.64 2.58  42.2 -0.480 19.19 20.35 01a59747o0062o
59747.268898  16.800  0.024   692   17 o  0   1.75 153.45096  18.12732  4766.09  2554.95 2.76 2.66  37.9 -0.464 19.20 20.37 01a59747o0069o
59747.277653  16.789  0.026   699   18 o  0   1.39 153.45096  18.12732  4709.20  2480.57 2.66 2.62  52.3 -0.475 19.20 20.37 01a59747o0088o
59747.287789  16.843  0.028   665   19 o  0   1.38 153.45096  18.12732  4692.86  2600.21 2.63 2.54 -49.1 -0.490 19.21 20.33 01a59747o0110o
59749.261128  17.326  0.043   426   18 c  0   1.26 153.45096  18.12732  7475.57  2198.85 2.62 2.44 -59.1 -0.397 19.07 20.30 02a59749o0040c
59749.265240  17.359  0.044   414   18 c  0   1.12 153.45096  18.12732  7455.98  2159.90 2.62 2.45 -56.2 -0.392 19.18 20.57 02a59749o0049c
59749.271654  17.244  0.033   460   15 c  0   1.65 153.45096  18.12732  7513.95  2237.05 2.47 2.32 -59.1 -0.402 19.31 20.71 02a59749o0063c
59749.281716  17.183  0.033   486   16 c  0   1.41 153.45096  18.12732  7533.71  2120.19 2.87 2.78 -62.9 -0.376 19.14 20.70 02a59749o0085c
59752.264926  16.930  0.039   614   24 o  0   1.05 153.45096  18.12732  5128.58  8323.52 2.84 2.79 -81.7 -0.451 18.86 19.92 01a59752o0058o
59752.269070  16.934  0.041   612   25 o  0   0.84 153.45096  18.12732  5148.65  8362.99 2.86 2.76 -59.6 -0.453 18.87 19.97 01a59752o0067o
59752.274597  16.969  0.034   592   20 o  0   1.30 153.45096  18.12732  5089.47  8287.27 3.10 2.97  59.9 -0.417 18.92 20.13 01a59752o0079o
59752.287950  16.932  0.040   613   24 o  0   1.49 153.45096  18.12732  5070.24  8406.39 3.05 2.91 -54.9 -0.440 18.77 19.95 01a59752o0108o
59753.259521  17.489  0.065   367   24 c  0   0.77 153.45096  18.12732  7472.74  2197.68 2.39 2.22 -60.0 -0.401 18.88 19.92 02a59753o0031c
59753.263176  17.414  0.045   393   18 c  0   1.59 153.45096  18.12732  7453.21  2158.42 2.40 2.28 -58.5 -0.398 19.14 20.27 02a59753o0039c
59753.268660  17.461  0.050   376   19 c  0   1.09 153.45096  18.12732  7512.45  2235.00 2.40 2.27 -55.9 -0.405 19.19 20.43 02a59753o0051c
59753.280084  17.423  0.041   390   16 c  0   1.20 153.45096  18.12732  7531.97  2118.55 2.52 2.41 -55.6 -0.400 19.20 20.51 02a59753o0076c
59754.261451  17.502  0.046   362   17 c  0   2.37 153.45096  18.12732  3559.63  2372.64 2.37 2.29 -81.1 -0.418 18.88 19.94 02a59754o0039c
59754.265107  17.470  0.050   373   19 c  0   1.05 153.45096  18.12732  3539.91  2333.46 2.34 2.26  81.9 -0.415 19.11 20.24 02a59754o0047c
59754.270592  17.464  0.045   375   17 c  0   1.93 153.45096  18.12732  3598.56  2410.48 2.34 2.27 -85.8 -0.414 19.00 20.19 02a59754o0059c
59754.282017  17.415  0.044   393   17 c  0   0.86 153.45096  18.12732  3618.82  2292.24 2.42 2.34 -81.7 -0.413 19.13 20.38 02a59754o0084c
59755.263169  17.073  0.044   538   24 o  0   1.23 153.45096  18.12732  5122.54  8325.09 2.81 2.65  53.0 -0.459 18.89 19.87 01a59755o0002o
59755.266851  16.996  0.039   577   22 o  0   1.42 153.45096  18.12732  5144.58  8363.05 2.94 2.78  49.5 -0.436 18.94 19.97 01a59755o0010o
59755.273758  16.989  0.037   581   21 o  0   1.50 153.45096  18.12732  5086.99  8286.75 2.93 2.72  52.8 -0.436 18.94 20.01 01a59755o0025o
59755.283883  17.002  0.038   575   22 o  0   1.45 153.45096  18.12732  5072.48  8404.16 2.89 2.77  57.0 -0.445 18.93 19.99 01a59755o0047o
59756.279738  17.288  0.155   441   68 o  0   1.25 153.45096  18.12732  5121.72  8327.95 3.04 2.96  39.2 -0.442 17.56 18.71 01a59756o0005o
59756.282965  17.121  0.109   515   56 o  0   1.43 153.45096  18.12732  5142.37  8366.65 3.05 2.95  50.5 -0.426 17.54 18.70 01a59756o0012o
59756.290795  17.022  0.039   564   22 o  0   1.93 153.45096  18.12732  5081.40  8291.59 2.89 2.73  53.7 -0.442 18.77 19.80 01a59756o0029o
59756.303688  17.147  0.073   502   37 o  0   1.69 153.45096  18.12732  5063.50  8410.51 3.18 2.99  53.7 -0.378 17.90 19.03 01a59756o0057o
59760.273197  17.197  0.084   480   40 o  0   1.06 153.45096  18.12732  9069.15  4725.36 3.58 3.42 -69.9 -0.393 18.23 19.52 01a59760o0001o
59855.611302 -21.738  9.941    -7   73 c  0   1.22 153.45096  18.12732  2019.25  2463.72 3.23 2.89  36.7 -0.353 18.09 19.42 01a59855o0863c
59855.631194  20.622  1.165    20   24 c  0   1.38 153.45096  18.12732  2001.83  2423.91 3.41 2.97  39.4 -0.324 18.62 19.89 01a59855o0905c
59855.636774  20.449  0.983    24   24 c  0   1.43 153.45096  18.12732  2060.42  2500.08 3.29 2.94  39.0 -0.343 18.53 19.44 01a59855o0917c
59855.641897  19.119  0.665    82   54 c  0   1.20 153.45096  18.12732  2081.79  2385.31 3.37 2.96  40.4 -0.334 17.65 17.87 01a59855o0928c
59860.613329  19.376  1.827    64  118 o  0   1.24 153.45096  18.12732  6100.52  8102.73 2.64 2.41  40.3 -0.399 16.74 16.73 01a59860o0855o
59860.623860 -20.047  4.154   -35  144 o  0   1.23 153.45096  18.12732  6086.10  8059.80 2.94 2.53  44.0 -0.353 16.75 17.26 01a59860o0876o
59860.633131 -19.546  0.910   -55   50 o  0   1.36 153.45096  18.12732  6146.22  8136.54 2.75 2.39  42.0 -0.379 17.57 18.05 01a59860o0896o
59860.637288  19.531  1.037    56   58 o  0   1.01 153.45096  18.12732  6168.27  8019.45 2.56 2.37  42.5 -0.402 17.74 17.82 01a59860o0905o
59863.604699  19.260  0.470    72   34 o  0   1.49 153.45096  18.12732  6091.87  8102.99 2.72 2.40  44.2 -0.376 18.20 18.32 01a59863o0670o
59863.608396  19.067  0.719    86   62 o  0   1.52 153.45096  18.12732  6074.93  8060.10 2.43 2.34 -53.0 -0.427 17.99 18.02 01a59863o0678o
59863.626121  16.221  1.418  1180 1672 o  0   2.19 153.45096  18.12732  6139.28  8134.66 2.53 2.43  45.3 -0.454 13.96 13.76 01a59863o0716o
59863.637894  18.489  2.000   146  292 o  0   1.36 153.45096  18.12732  6164.02  8019.60 2.79 2.35  43.8 -0.390 16.25 15.97 01a59863o0741o
59868.607443  20.779  1.129    18   20 o  0   1.20 153.45096  18.12732  9380.13  4081.31 2.56 2.31 -64.6 -0.464 18.94 19.58 01a59868o0860o
59868.611142  19.812  0.498    43   22 o  0   0.75 153.45096  18.12732  9364.19  4045.90 2.58 2.44  23.2 -0.403 18.91 19.59 01a59868o0868o
59868.621338  20.408  0.651    25   16 o  0   1.24 153.45096  18.12732  9427.88  4121.65 2.60 2.38  21.3 -0.388 18.94 19.69 01a59868o0890o
59868.631531  23.733 17.000     1   20 o  0   1.19 153.45096  18.12732  9450.41  4001.71 2.80 2.58  25.9 -0.376 18.82 19.60 01a59868o0910o
59876.598037  20.034  0.439    35   15 o  0   0.97 153.45096  18.12732  1476.22  7896.43 2.80 2.65  64.6 -0.419 19.17 20.33 01a59876o0841o
59876.600810  19.275  0.205    71   14 o  0   1.46 153.45096  18.12732  1459.71  7862.21 2.88 2.68  55.9 -0.400 19.20 20.35 01a59876o0847o
59876.620036  19.882  0.423    40   17 o  0   1.19 153.45096  18.12732  1527.28  7938.50 3.06 2.77  58.3 -0.386 19.17 20.40 01a59876o0887o
59876.633518  19.473  0.257    59   15 o  0   1.40 153.45096  18.12732  1543.23  7816.13 2.67 2.48  61.5 -0.424 19.29 20.37 01a59876o0915o
59881.613714  20.961  0.826    15   12 c  0   1.48 153.45096  18.12732  9232.71  8584.92 2.66 2.48  27.8 -0.397 19.41 20.79 02a59881o0749c
59881.619178  19.573  0.277    54   15 c  0   1.39 153.45096  18.12732  9252.95  8625.07 2.70 2.52  29.8 -0.393 19.31 20.77 02a59881o0761c
59881.648204 -21.857  3.975    -7   26 c  0   1.54 153.45096  18.12732  9194.89  8547.54 2.80 2.47  30.8 -0.390 18.76 19.76 02a59881o0773c
59884.584744  19.665  0.548    49   27 o  0   1.18 153.45096  18.12732  5592.50  4310.64 2.71 2.46  34.1 -0.385 18.31 19.40 01a59884o0757o
59884.596004  20.643  0.659    20   13 o  0   1.29 153.45096  18.12732  5575.23  4267.71 2.92 2.46  39.7 -0.369 19.23 20.34 01a59884o0780o
59884.600162  19.793  0.369    44   16 o  0   1.53 153.45096  18.12732  5634.37  4346.34 2.60 2.25  39.2 -0.398 19.01 20.01 01a59884o0789o
59884.605740 -18.702  1.536  -120  184 o  0   0.93 153.45096  18.12732  5654.79  4228.11 2.72 2.38  40.1 -0.415 16.42 17.53 01a59884o0801o
59887.586882  19.368  0.263    65   17 o  0   1.15 153.45096  18.12732  5587.61  4309.37 3.19 3.04  42.3 -0.371 19.01 20.22 01a59887o0637o
59887.590119  23.211  6.357     2   12 o  0   1.82 153.45096  18.12732  5568.33  4270.10 2.65 2.45  37.2 -0.397 19.23 20.29 01a59887o0644o
59887.614652  19.740  0.266    46   12 o  0   1.30 153.45096  18.12732  5631.78  4340.89 2.63 2.45  48.8 -0.390 19.29 20.37 01a59887o0696o
59887.618397  20.231  0.440    29   13 o  0   1.31 153.45096  18.12732  5652.48  4225.16 2.61 2.43  39.1 -0.394 19.31 20.40 01a59887o0704o
59893.623808  20.536  0.912    22   20 o  0   1.18 153.45096  18.12732  6813.95  4328.06 2.78 2.16  28.9 -0.408 18.88 19.55 02a59893o0948o
59893.633959  19.419  0.307    62   19 o  0   1.22 153.45096  18.12732  6838.79  4367.21 2.68 2.06  29.1 -0.422 18.96 19.58 02a59893o0969o
59893.638992 -22.986  8.357    -2   19 o  0   1.38 153.45096  18.12732  6781.27  4290.83 2.91 2.28  30.4 -0.408 18.86 19.56 02a59893o0980o
59895.559653  19.738  0.446    46   21 o  0   1.27 153.45096  18.12732  1597.67 10138.29 2.50 2.33 -78.5 -0.452 18.91 19.45 01a59895o0789o
59895.569422  20.482  0.905    23   21 o  0   0.98 153.45096  18.12732  1583.36 10096.35 2.48 2.31 -81.9 -0.451 19.01 19.52 01a59895o0810o
59895.572660  19.040  0.229    88   20 o  0   1.04 153.45096  18.12732  1642.59 10176.64 2.43 2.25 -88.0 -0.456 19.00 19.54 01a59895o0817o
59895.587535  20.779  0.911    18   16 o  0   1.71 153.45096  18.12732  1671.82 10060.46 2.84 2.50  75.7 -0.405 18.91 19.60 01a59895o0848o
59897.561580 -20.812  1.524   -17   26 o  0   1.24 153.45096  18.12732  6840.87  4367.90 2.72 2.22  33.4 -0.410 18.56 19.07 02a59897o0811o
59897.583785  21.124  1.538    13   20 o  0   1.13 153.45096  18.12732  6763.72  4405.23 2.63 2.07  34.7 -0.427 18.88 19.39 02a59897o0857o
59902.575302  20.077  0.360    34   12 o  0   1.66 153.45096  18.12732  6727.64  2389.88 2.10 1.98  34.3 -0.430 19.34 20.35 02a59902o0831o
59902.578478  20.535  0.571    22   13 o  0   1.38 153.45096  18.12732  6746.51  2429.33 2.07 1.94  34.3 -0.430 19.36 20.37 02a59902o0838o
59902.584369  26.253 134.000     0   15 o  0   0.92 153.45096  18.12732  6688.14  2351.71 2.15 2.05  37.2 -0.427 19.33 20.38 02a59902o0851o
59902.608898  19.862  0.293    41   12 o  0   1.48 153.45096  18.12732  6671.14  2466.19 2.28 2.08  37.0 -0.420 19.35 20.46 02a59902o0894o
59904.648898 -21.128  1.056   -13   14 c  0   1.05 153.45096  18.12732  9679.55  7934.54 3.34 3.06  33.4 -0.349 19.27 20.74 01a59904o0786c
59906.615875  19.575  0.243    54   13 o  0   1.27 153.45096  18.12732  6922.50  6265.10 2.32 2.16  47.7 -0.439 19.40 20.59 02a59906o0940o
59906.636476  20.286  0.486    28   14 o  0   1.47 153.45096  18.12732  6882.28  6228.27 2.30 2.11  42.2 -0.439 19.42 20.57 02a59906o0980o
59906.643952  20.291  0.460    28   13 o  0   1.20 153.45096  18.12732  6865.40  6345.04 2.39 2.12  40.3 -0.442 19.37 20.52 02a59906o0996o
59908.604453  20.300  0.355    28   10 c  0   1.24 153.45096  18.12732  9616.90  8021.02 3.35 3.06  36.5 -0.352 19.55 21.43 01a59908o0820c
59908.607690  20.473  0.397    24    9 c  0   1.93 153.45096  18.12732  9598.47  7980.64 3.24 3.10  35.2 -0.364 19.58 21.43 01a59908o0827c
59908.612812  21.424  1.068    10   10 c  0   1.46 153.45096  18.12732  9657.32  8057.29 3.16 2.95  33.6 -0.366 19.64 21.46 01a59908o0838c
59908.630863  20.240  0.362    29   10 c  0   1.47 153.45096  18.12732  9680.79  7936.77 3.54 3.07  31.4 -0.341 19.50 21.49 01a59908o0877c
59909.609968  20.207  0.432    30   13 o  0   1.49 153.45096  18.12732  6921.51  6263.46 2.30 2.05  34.6 -0.445 19.46 20.64 02a59909o0780o
59909.612122  20.192  0.402    30   12 o  0   1.82 153.45096  18.12732  6940.47  6301.98 2.29 2.04  37.8 -0.440 19.45 20.60 02a59909o0784o
59909.615288  20.202  0.433    30   13 o  0   1.55 153.45096  18.12732  6882.34  6224.95 2.27 2.06  41.3 -0.447 19.47 20.62 02a59909o0791o
59909.621678  19.546  0.214    55   12 o  0   1.80 153.45096  18.12732  6862.31  6341.99 2.20 2.00  41.8 -0.446 19.47 20.62 02a59909o0805o
59913.573479  20.156  0.390    32   12 o  0   1.53 153.45096  18.12732  6917.34  6263.63 2.12 1.80  36.3 -0.450 19.54 20.59 02a59913o0765o
59914.616401  20.793  0.574    18   10 o  0   1.96 153.45096  18.12732   923.77   383.27 1.79 1.63  65.5 -0.524 19.53 20.93 02a59914o0936o
59914.619564  20.141  0.253    32    8 o  0   3.23 153.45096  18.12732   943.73   423.28 1.77 1.60  66.1 -0.535 19.56 20.93 02a59914o0943o
59914.622753  20.745  0.626    18   11 o  0   1.71 153.45096  18.12732   884.83   343.30 1.77 1.61  70.1 -0.475 19.54 20.95 02a59914o0950o
59914.628117  22.953  4.929     2   12 o  0   0.75 153.45096  18.12732   869.71   463.01 1.84 1.66  60.8 -0.503 19.55 20.94 02a59914o0961o
59941.074044  20.448  0.503    24   12 o  0   1.57 153.45096  18.12732  2814.60  7855.54 2.58 2.20 -46.1 -0.389 19.41 20.77 03a59941o0655o
59941.090287  22.051  2.590     6   14 o  0   1.58 153.45096  18.12732  2790.10  7855.29 2.58 2.12 -46.9 -0.375 19.10 19.98 03a59941o0690o
59941.096526  19.926  0.604    39   24 o  0   1.37 153.45096  18.12732  2844.55  7948.84 2.58 2.15 -55.7 -0.370 18.53 18.89 03a59941o0703o
59941.100426  19.645  0.798    50   40 o  0   1.21 153.45096  18.12732  2864.65  7843.31 2.63 2.20 -55.6 -0.358 18.05 17.95 03a59941o0711o
59957.558399  20.241  0.418    29   12 o  0   1.53 153.45096  18.12732  3543.70  2362.18 2.32 1.87  37.7 -0.448 19.25 20.10 02a59957o0748o
59957.561183  21.309  1.443    11   16 o  0   1.24 153.45096  18.12732  3525.57  2326.08 2.29 1.84  38.5 -0.447 19.23 20.03 02a59957o0754o
59957.570908  20.104  0.388    33   13 o  0   1.19 153.45096  18.12732  3585.95  2404.87 2.40 1.88  38.7 -0.450 19.27 20.17 02a59957o0774o
59957.594213 -21.617  1.849    -8   15 o  0   0.99 153.45096  18.12732  3603.28  2286.02 2.22 1.89  40.1 -0.450 19.21 20.07 02a59957o0823o
59958.476168  19.806  0.348    43   15 o  0   1.68 153.45096  18.12732  7026.33  8203.72 2.59 2.13  39.7 -0.419 19.20 20.13 02a59958o0609o
59958.477979  21.562  1.967     9   17 o  0   0.96 153.45096  18.12732  7045.93  8242.68 2.59 2.14  39.5 -0.417 19.20 20.14 02a59958o0613o
59958.484573  21.820  2.558     7   17 o  0   1.09 153.45096  18.12732  6983.90  8167.31 2.42 2.06  37.2 -0.426 19.24 20.13 02a59958o0625o
59958.489616  19.981  0.489    37   18 o  0   1.09 153.45096  18.12732  6965.95  8285.05 2.45 2.12  39.2 -0.423 19.20 20.13 02a59958o0636o
59966.473157 -21.364  1.115   -10   12 o  0   1.39 153.45096  18.12732  2897.08  2577.33 2.34 1.89  39.1 -0.447 19.48 20.67 02a59966o0577o
59966.475490  21.691  1.379     8   10 o  0   1.57 153.45096  18.12732  2917.22  2617.01 2.31 1.88  35.6 -0.441 19.48 20.67 02a59966o0582o
59966.478654  22.104  2.400     5   12 o  0   0.96 153.45096  18.12732  2858.52  2539.52 2.33 1.86  38.1 -0.444 19.50 20.69 02a59966o0589o
59966.503810 -22.419  3.242    -4   13 o  0   1.05 153.45096  18.12732  2840.66  2655.90 2.34 1.90  37.5 -0.440 19.46 20.69 02a59966o0639o
59969.462005 -21.403  1.172   -10   12 o  0   1.36 153.45096  18.12732  2893.06  2574.31 2.21 1.92  37.8 -0.446 19.51 20.72 02a59969o0411o
59969.463813  22.608  3.679     3   12 o  0   1.55 153.45096  18.12732  2911.58  2613.59 2.24 1.95  40.2 -0.435 19.46 20.73 02a59969o0415o
59969.466977  20.485  0.452    23   10 o  0   1.80 153.45096  18.12732  2853.49  2535.25 2.22 1.94  39.9 -0.446 19.51 20.76 02a59969o0422o
59969.472018  22.270  2.359     4   11 o  0   1.59 153.45096  18.12732  2833.58  2652.52 2.20 1.95  36.5 -0.441 19.50 20.78 02a59969o0433o
59970.567949 -23.134  5.437    -2   11 o  0   1.51 153.45096  18.12732  1366.26  3899.74 2.39 1.97  31.8 -0.436 19.54 21.08 02a59970o0458o
59970.573432  19.755  0.273    46   12 o  0   1.38 153.45096  18.12732  1345.59  3861.25 2.04 2.03  51.9 -0.456 19.46 20.94 02a59970o0470o
59970.576759 -22.701  4.591    -3   14 o  0   0.89 153.45096  18.12732  1404.73  3939.11 2.30 2.03  33.7 -0.439 19.41 20.93 02a59970o0477o
59970.591210  24.844 26.667     0   11 o  0   1.45 153.45096  18.12732  1423.63  3826.93 2.43 2.15  35.6 -0.426 19.45 21.08 02a59970o0508o
59985.238793  25.296 133.000     0   37 o  0   1.02 153.45096  18.12732  6992.29  8200.54 2.22 2.04 -28.0 -0.393 18.29 18.54 04a59985o0500o
59985.242848  21.448  3.000    10   29 o  0   1.60 153.45096  18.12732  7014.83  8234.48 2.22 1.90 -18.0 -0.397 18.30 18.60 04a59985o0509o
59985.252945  21.543  4.190     9   37 o  0   1.07 153.45096  18.12732  6965.56  8147.94 2.37 2.11 -43.1 -0.383 18.26 18.54 04a59985o0531o
59985.260159 -20.366  1.108   -26   29 o  0   1.74 153.45096  18.12732  6952.22  8259.02 2.12 1.86 -32.8 -0.400 18.32 18.51 04a59985o0547o
59987.947159  20.518  0.807    22   18 o  0   1.31 153.45096  18.12732  5504.57  1712.76 2.85 2.65 -52.0 -0.388 18.85 20.08 03a59988o0417o
59987.949866 -20.028  0.470   -35   17 o  0   1.26 153.45096  18.12732  5484.75  1680.03 2.75 2.56 -49.5 -0.396 18.88 20.07 03a59988o0423o
59987.955311  20.247  0.590    29   17 o  0   0.96 153.45096  18.12732  5537.90  1770.77 2.29 2.10 -42.5 -0.434 19.09 20.07 03a59988o0435o
59987.979102  20.266  0.577    28   16 o  0   1.26 153.45096  18.12732  4936.16   795.88 2.54 2.33 -63.2 -0.380 19.02 20.08 03a59988o0487o
59989.186780  20.239  0.422    29   12 o  0   1.71 153.45096  18.12732  3568.19  2426.40 2.04 1.91 -35.3 -0.422 19.16 20.34 04a59989o0381o
59989.188582  22.672  5.273     3   16 o  0   1.58 153.45096  18.12732  3549.12  2387.79 2.19 1.94 -23.9 -0.437 19.06 20.24 04a59989o0385o
59989.191743  21.206  1.229    12   15 o  0   1.16 153.45096  18.12732  3608.12  2464.59 1.97 1.86 -25.1 -0.422 19.16 20.33 04a59989o0392o
59989.198506  20.259  0.485    29   14 o  0   1.05 153.45096  18.12732  3629.52  2348.00 2.07 1.89 -27.7 -0.426 19.14 20.24 04a59989o0407o
59993.244789 -22.190  2.389    -5   12 c  0   1.39 153.45096  18.12732  2894.66  2564.31 2.28 2.01  47.7 -0.398 19.37 20.94 04a59993o0517c
59993.247941  20.598  0.595    21   12 c  0   1.73 153.45096  18.12732  2916.39  2600.62 2.26 2.01  44.6 -0.392 19.39 20.94 04a59993o0524c
59993.256058  21.542  1.486     9   13 c  0   1.44 153.45096  18.12732  2862.69  2515.28 2.20 1.94  53.8 -0.398 19.36 20.96 04a59993o0542c
59993.288724  21.367  1.438    10   15 c  0   1.07 153.45096  18.12732  2863.88  2612.17 2.30 2.02  46.4 -0.396 19.33 20.89 04a59993o0613c
59996.973125  21.422  1.215    10   12 o  0   1.64 153.45096  18.12732  5210.33   759.08 2.25 2.08 -46.4 -0.403 19.38 20.59 03a59997o0487o
59996.978573 -21.596  1.485    -8   12 o  0   1.72 153.45096  18.12732  5227.64   799.10 2.32 2.08 -56.5 -0.395 19.34 20.57 03a59997o0497o
59996.995300  22.410  3.194     4   13 o  0   1.57 153.45096  18.12732  5176.40   720.95 2.34 2.09 -55.6 -0.386 19.31 20.49 03a59997o0531o
59996.998458 -20.709  0.697   -19   13 o  0   1.46 153.45096  18.12732  5153.62   837.79 2.31 2.03 -53.2 -0.395 19.31 20.48 03a59997o0538o
59997.207709  20.716  0.907    19   17 c  0   1.80 153.45096  18.12732  2868.73  2588.63 2.30 2.03  47.3 -0.387 18.94 20.61 04a59997o0288c
59997.217679 -21.229  1.792   -12   21 c  0   1.17 153.45096  18.12732  2897.60  2617.89 2.28 2.04  52.2 -0.378 18.79 20.53 04a59997o0310c
59997.220948  21.122  1.680    13   22 c  0   1.12 153.45096  18.12732  2843.29  2537.06 2.35 2.09  47.4 -0.382 18.76 20.53 04a59997o0317c
59997.249397  20.257  0.463    29   13 c  0   1.48 153.45096  18.12732  2840.73  2626.33 2.43 2.24  42.2 -0.390 19.32 20.93 04a59997o0379c
59998.380254  21.444  1.288    10   12 c  0   1.76 153.45096  18.12732  5499.30  7757.94 2.75 2.50  35.9 -0.400 19.36 21.20 02a59998o0215c
59998.382515  20.775  0.667    18   12 c  0   1.45 153.45096  18.12732  5517.84  7797.82 2.75 2.46  33.6 -0.404 19.41 21.29 02a59998o0220c
59998.385226  19.838  0.275    42   12 c  0   1.67 153.45096  18.12732  5458.54  7720.34 2.71 2.42  35.8 -0.404 19.48 21.33 02a59998o0226c
59998.420445 -21.418  1.082   -10   11 c  0   1.70 153.45096  18.12732  5434.52  7839.48 2.79 2.41  37.0 -0.397 19.54 21.45 02a59998o0289c
59998.453770  20.504  0.556    23   13 c  0   1.07 153.45096  18.12732  6372.33  7057.27 2.88 2.43  37.8 -0.393 19.46 21.39 02a59998o0354c
59998.457178 -23.331  6.700    -2   11 c  0   1.30 153.45096  18.12732  6353.09  7019.57 2.86 2.39  36.9 -0.398 19.52 21.46 02a59998o0360c
59998.462783  21.847  1.436     7   10 c  0   1.42 153.45096  18.12732  6409.62  7098.97 2.88 2.42  35.8 -0.390 19.53 21.48 02a59998o0369c
59998.484026 -21.429  1.151   -10   11 c  0   1.78 153.45096  18.12732  6423.33  6985.31 2.94 2.51  38.3 -0.392 19.45 21.45 02a59998o0412c
60001.153017  21.658  1.290     8   10 c  0   1.15 153.45096  18.12732  1400.16  3993.84 2.20 2.02  49.8 -0.399 19.49 21.33 04a60001o0273c
60001.154820  22.367  2.344     4   10 c  0   1.32 153.45096  18.12732  1380.44  3955.36 2.27 2.00  49.1 -0.384 19.51 21.34 04a60001o0277c
60001.157976  20.553  0.539    22   12 c  0   1.04 153.45096  18.12732  1440.36  4032.27 2.30 2.02  50.3 -0.384 19.51 21.32 04a60001o0284c
60001.184886 -22.182  2.517    -5   12 c  0   1.58 153.45096  18.12732  9101.12  6724.51 2.67 2.19 -23.8 -0.413 19.52 21.38 04a60001o0343c
60001.477630 -21.922  1.900    -6   12 c  0   1.43 153.45096  18.12732  1621.34 10035.75 3.01 2.74 -55.4 -0.418 19.34 21.34 02a60001o0194c
60001.482853 -22.196  2.783    -5   13 c  0   1.33 153.45096  18.12732  1604.04  9995.91 3.05 2.78 -53.4 -0.415 19.37 21.33 02a60001o0205c
60001.486018  21.052  0.911    14   12 c  0   1.17 153.45096  18.12732  1661.91 10075.29 3.34 3.04 -53.7 -0.399 19.26 21.33 02a60001o0212c
60001.507552  20.622  0.544    20   11 c  0   1.47 153.45096  18.12732  1686.48  9954.44 2.80 2.54 -56.2 -0.427 19.42 21.32 02a60001o0258c
60003.977345  20.147  0.500    32   16 o  0   1.56 153.45096  18.12732  4926.24  4434.73 2.23 2.02 -50.7 -0.406 18.62 19.82 03a60004o0505o
60003.985925  18.458  0.331   150   50 o  0   1.35 153.45096  18.12732  4888.69  4394.64 2.48 2.23 -54.9 -0.387 17.85 19.09 03a60004o0524o
60003.996028  21.651  1.424     8   11 o  0   2.12 153.45096  18.12732  4865.30  4509.74 2.37 2.07 -57.0 -0.401 19.21 20.39 03a60004o0545o
60005.097230  20.479  1.110    23   26 o  0   1.11 153.45096  18.12732  1389.02  3997.84 2.17 1.95  63.1 -0.417 18.62 19.17 04a60005o0221o
60005.112259  21.552  2.769     9   24 o  0   1.21 153.45096  18.12732  1372.80  3958.16 2.30 1.98  56.5 -0.393 18.63 19.20 04a60005o0254o
60005.114062 -20.963  1.584   -15   24 o  0   1.43 153.45096  18.12732  1431.98  4035.05 2.19 1.98  65.9 -0.433 18.63 19.21 04a60005o0258o
60005.131361 -20.565  1.012   -22   22 o  0   0.95 153.45096  18.12732  1455.22  3916.25 2.26 2.02  65.0 -0.396 18.67 19.28 04a60005o0295o
60011.999672 -21.292  4.585   -11   51 o  0   1.14 153.45096  18.12732  3062.65  8339.51 3.65 3.01 -33.1 -0.308 17.81 18.11 03a60012o0573o
60012.007447 -23.452 26.625    -2   40 o  0   1.58 153.45096  18.12732  3082.42  8378.43 3.03 2.48 -21.1 -0.332 17.97 18.03 03a60012o0590o
60012.035775  18.974  0.722    93   68 o  0   1.80 153.45096  18.12732  3034.47  8299.82 3.67 3.00 -22.3 -0.286 17.63 17.82 03a60012o0651o
60012.038831 -18.538  0.419  -140   58 o  0   1.21 153.45096  18.12732  3014.30  8415.13 3.63 3.03 -17.3 -0.293 17.64 17.78 03a60012o0657o
60013.201736  19.488  0.502    58   29 o  0   1.13 153.45096  18.12732  9107.51  2729.79 2.59 2.39 -21.1 -0.366 18.52 18.84 04a60013o0408o
60013.204535 -19.756  0.688   -46   31 o  0   1.34 153.45096  18.12732  9128.36  2767.01 2.48 2.29  -3.2 -0.412 18.48 18.82 04a60013o0413o
60013.209373  21.935  5.111     6   31 o  0   1.29 153.45096  18.12732  9072.95  2687.36 2.51 2.22 -11.1 -0.392 18.50 18.81 04a60013o0422o
60013.227431  22.852 11.625     3   30 o  0   1.29 153.45096  18.12732  9061.03  2796.38 2.47 2.11 -15.1 -0.419 18.47 18.74 04a60013o0456o
60014.163808 -20.510  1.000   -23   23 o  0   1.16 153.45096  18.12732  9074.51  2754.26 2.63 2.10 -18.1 -0.390 18.71 19.29 04a60014o0262o
60014.181975 -21.316  2.156   -11   23 o  0   1.55 153.45096  18.12732  9109.41  2777.33 2.66 2.18 -18.6 -0.365 18.70 19.28 04a60014o0302o
60014.191976 -22.453  5.810    -4   22 o  0   1.66 153.45096  18.12732  9059.02  2693.14 2.73 2.23 -18.5 -0.374 18.64 19.23 04a60014o0324o
60014.203837 -20.722  1.352   -19   25 o  0   1.38 153.45096  18.12732  9046.52  2802.51 2.72 2.15 -20.1 -0.372 18.66 19.21 04a60014o0350o
60014.403184 -21.156  1.937   -12   24 o  0   0.86 153.45096  18.12732  4385.09  1070.36 2.44 2.25  36.3 -0.416 18.63 19.63 02a60014o0259o
60014.409523  20.311  0.612    27   17 o  0   1.46 153.45096  18.12732  4366.17  1029.55 2.16 1.94  44.0 -0.452 19.03 19.93 02a60014o0271o
60014.412431  20.584  0.706    21   15 o  0   1.84 153.45096  18.12732  4425.37  1107.96 2.39 2.08  17.1 -0.423 18.95 19.88 02a60014o0277o
60014.423685  21.562  6.278     9   54 o  0   1.09 153.45096  18.12732  4445.86   988.82 2.28 2.13  76.1 -0.425 17.23 18.29 02a60014o0301o
60015.904514  20.626  0.849    20   17 o  0   1.39 153.45096  18.12732  6955.87  8243.66 2.46 2.02 -44.6 -0.407 19.12 19.93 03a60016o0371o
60015.907679 -21.874  2.841    -6   18 o  0   0.97 153.45096  18.12732  6974.07  8283.20 2.58 2.12 -46.7 -0.403 19.07 19.94 03a60016o0378o
60015.914000 -23.809 14.625    -1   16 o  0   1.36 153.45096  18.12732  6917.47  8205.38 2.51 2.03 -45.0 -0.398 19.09 19.92 03a60016o0392o
60015.924848  19.647  0.304    50   15 o  0   1.74 153.45096  18.12732  6895.49  8322.15 2.47 2.02 -44.4 -0.407 19.08 19.91 03a60016o0416o
60017.176964  19.559  0.275    54   15 o  0   2.03 153.45096  18.12732  4979.20  6336.62 1.94 1.81 -46.5 -0.437 19.11 20.10 04a60017o0400o
60017.180570  21.356  1.608    10   17 o  0   1.26 153.45096  18.12732  5000.92  6372.56 1.94 1.78 -63.5 -0.426 19.09 20.14 04a60017o0408o
60017.187137  20.180  0.478    31   15 o  0   1.45 153.45096  18.12732  4947.11  6289.61 2.00 1.84 -56.0 -0.425 19.09 20.09 04a60017o0422o
60017.222293 -21.484  1.700    -9   16 o  0   1.83 153.45096  18.12732  4950.61  6385.21 1.94 1.82 -57.7 -0.435 19.01 19.94 04a60017o0495o
60017.432849  20.936  0.784    15   12 o  0   1.69 153.45096  18.12732  4393.33  1068.93 1.93 1.92  70.4 -0.461 19.48 20.78 02a60017o0034o
60017.436013  20.410  0.462    25   12 o  0   1.41 153.45096  18.12732  4374.36  1029.58 1.90 1.84 -80.0 -0.471 19.53 20.74 02a60017o0041o
60017.441981  21.184  0.905    12   11 o  0   1.24 153.45096  18.12732  4435.67  1106.66 1.94 1.94  -1.6 -0.459 19.43 20.66 02a60017o0054o
60017.451987  19.744  0.271    46   12 o  0   1.23 153.45096  18.12732  4458.35   987.28 1.92 1.83 -83.2 -0.466 19.39 20.54 02a60017o0076o
60018.412386 -21.540  1.825    -9   16 o  0   1.12 153.45096  18.12732  9870.36  5477.04 2.14 2.01  15.1 -0.446 19.17 20.37 02a60018o0423o
60018.417511  20.633  0.675    20   14 o  0   1.69 153.45096  18.12732  9850.79  5436.93 2.12 2.00  11.1 -0.456 19.32 20.55 02a60018o0434o
60018.420895 -20.110  0.918   -33   30 o  0   1.57 153.45096  18.12732  9910.39  5516.95 2.18 2.04  11.4 -0.455 18.44 19.59 02a60018o0441o
60018.432678  20.052  0.509    35   18 o  0   1.81 153.45096  18.12732  9932.34  5401.87 2.25 2.05  15.8 -0.435 18.84 20.05 02a60018o0467o
60019.967719  20.291  0.524    28   15 c  0   1.50 153.45096  18.12732  6976.69  8288.82 2.77 2.32 -53.5 -0.390 19.13 20.91 03a60020o0128c
60019.971014  20.057  0.475    34   16 c  0   0.90 153.45096  18.12732  6922.11  8210.59 2.54 2.22 -55.2 -0.392 19.11 20.81 03a60020o0135c
60019.977036  19.682  0.312    49   15 c  0   1.05 153.45096  18.12732  6900.75  8325.81 2.68 2.38 -54.9 -0.392 19.27 21.00 03a60020o0148c
60021.188008  20.379  0.583    26   15 o  0   0.95 153.45096  18.12732  4994.01  6321.80 1.98 1.82 -46.2 -0.425 19.26 20.47 04a60021o0433o
60021.216147 -21.424  1.432   -10   14 o  0   1.39 153.45096  18.12732  5029.36  6345.37 2.05 1.89 -51.1 -0.428 19.20 20.37 04a60021o0491o
60021.221605  19.776  0.252    45   11 o  0   2.63 153.45096  18.12732  4972.51  6267.42 2.02 1.89 -54.8 -0.434 19.18 20.37 04a60021o0503o
60021.226269  20.332  0.554    27   15 o  0   1.62 153.45096  18.12732  4954.81  6381.98 2.10 1.97 -55.1 -0.435 19.13 20.34 04a60021o0512o
60021.407505  22.017  2.375     6   14 o  0   0.88 153.45096  18.12732  9868.65  5475.85 2.09 2.04 -49.2 -0.464 19.54 20.76 02a60021o0407o
60021.410373  20.314  0.469    27   13 o  0   1.34 153.45096  18.12732  9849.50  5438.33 2.13 2.05 -50.8 -0.456 19.55 20.75 02a60021o0413o
60021.415812  22.880  4.476     3   12 o  0   1.89 153.45096  18.12732  9909.56  5515.18 2.16 2.07 -30.0 -0.453 19.53 20.74 02a60021o0425o
60021.427096  20.710  0.599    19   11 o  0   1.14 153.45096  18.12732  9930.48  5399.28 2.10 2.03 -44.4 -0.456 19.54 20.75 02a60021o0449o
60025.163631 -20.976  1.195   -15   18 o  0   1.48 153.45096  18.12732  8958.98   489.46 2.73 2.30 -25.9 -0.397 19.25 20.59 04a60025o0367o
60025.169169 -20.863  0.989   -16   16 o  0   0.99 153.45096  18.12732  8980.82   525.50 2.55 2.31 -35.7 -0.419 19.27 20.58 04a60025o0377o
60025.171803 -22.538  4.588    -4   16 o  0   1.64 153.45096  18.12732  8925.63   446.32 2.85 2.40 -28.4 -0.384 19.25 20.60 04a60025o0382o
60025.182287 -20.405  0.640   -25   16 o  0   1.50 153.45096  18.12732  8910.69   558.83 2.76 2.36 -29.2 -0.383 19.28 20.57 04a60025o0405o
60026.338687  25.474 46.000     0   11 o  0   1.35 153.45096  18.12732  2467.60  7872.97 2.14 2.02  15.3 -0.431 19.47 20.83 02a60026o0069o
60026.341850 -22.254  2.487    -5   11 o  0   1.73 153.45096  18.12732  2486.88  7912.13 2.17 1.98  22.1 -0.435 19.54 20.87 02a60026o0076o
60026.347277  22.018  1.615     6    9 o  0   2.55 153.45096  18.12732  2429.21  7835.49 2.09 1.92  19.1 -0.436 19.52 20.86 02a60026o0088o
60026.374250  20.907  0.850    16   13 o  0   1.33 153.45096  18.12732  7704.54  5238.36 2.47 1.98  34.2 -0.437 19.40 20.72 02a60026o0109o
60029.116560 -19.918  0.435   -39   17 o  0   1.40 153.45096  18.12732  8926.14   524.01 2.90 2.40 -28.2 -0.371 19.14 20.36 04a60029o0307o
60029.150561 -20.156  0.551   -32   17 o  0   1.18 153.45096  18.12732  8978.21   530.33 2.88 2.41 -26.3 -0.381 19.18 20.45 04a60029o0374o
60029.154234  20.807  0.963    17   17 o  0   1.64 153.45096  18.12732  8923.39   450.47 2.80 2.44 -27.6 -0.388 19.14 20.46 04a60029o0382o
60029.178901 -21.453  2.227   -10   21 o  0   0.97 153.45096  18.12732  8920.19   553.46 2.87 2.40 -27.0 -0.383 19.18 20.49 04a60029o0433o
60029.355624  20.739  0.772    18   14 o  0   1.25 153.45096  18.12732  7650.21  5318.37 2.38 1.98  29.6 -0.429 19.43 20.62 02a60029o0287o
60029.358496  20.915  0.623    16   10 o  0   3.40 153.45096  18.12732  7631.16  5280.16 2.26 1.94  35.7 -0.446 19.51 20.65 02a60029o0293o
60029.367853  21.998  2.125     6   12 o  0   1.96 153.45096  18.12732  7689.23  5356.43 2.30 1.92  32.8 -0.441 19.46 20.68 02a60029o0312o
60029.380118 -22.975  5.053    -2   12 o  0   1.54 153.45096  18.12732  7709.48  5240.21 2.37 1.93  33.2 -0.433 19.46 20.71 02a60029o0336o
60030.357940  20.302  0.425    28   12 o  0   1.67 153.45096  18.12732  7655.15  5325.63 2.30 1.99  38.2 -0.445 19.41 20.58 02a60030o0284o
60030.361288  20.604  0.629    21   13 o  0   1.33 153.45096  18.12732  7635.75  5286.27 2.19 1.92  39.0 -0.451 19.44 20.55 02a60030o0291o
60030.394024  21.629  1.743     8   14 o  0   1.06 153.45096  18.12732  7682.61  5354.05 2.19 1.92  41.4 -0.445 19.51 20.67 02a60030o0358o
60030.401265   0.000 21.244    -0   12 o  0   1.43 153.45096  18.12732  7704.76  5237.97 2.33 1.96  35.3 -0.433 19.47 20.70 02a60030o0374o
60031.939687  20.174  0.519    31   16 c  0   1.72 153.45096  18.12732  9169.54  6746.79 2.76 2.43 -60.3 -0.367 18.88 20.78 03a60032o0007c
60031.942897 -22.616  5.500    -3   18 c  0   1.88 153.45096  18.12732  9188.62  6786.06 2.64 2.33 -59.3 -0.374 18.72 20.53 03a60032o0014c
60031.957724  20.098  1.103    33   37 c  0   1.39 153.45096  18.12732  9134.70  6707.54 2.62 2.35 -55.5 -0.372 18.17 20.01 03a60032o0046c
60031.963340 -20.222  0.763   -30   23 c  0   2.16 153.45096  18.12732  9114.10  6821.63 2.74 2.38 -57.2 -0.364 18.35 20.16 03a60032o0056c
60033.120981  20.623  0.992    20   20 o  0   1.31 153.45096  18.12732  7009.71   629.26 2.43 2.29  -9.5 -0.394 18.96 19.86 04a60033o0321o
60033.124238  20.626  0.880    20   18 o  0   1.78 153.45096  18.12732  7030.37   664.95 2.45 2.26 -12.7 -0.399 18.93 19.87 04a60033o0328o
60033.159598  20.952  1.344    15   20 o  0   1.06 153.45096  18.12732  7000.07   561.27 2.39 2.25  -5.2 -0.416 18.99 19.97 04a60033o0404o
60033.165355 -20.355  0.722   -26   19 o  0   1.20 153.45096  18.12732  6983.89   676.42 2.41 2.31  11.8 -0.403 18.98 19.99 04a60033o0416o
60033.285358  18.217  0.648   188  122 o  0   1.35 153.45096  18.12732  2737.03  4505.43 2.41 2.04  34.6 -0.432 16.81 17.01 02a60033o0127o
60033.287167 -19.059  1.559   -86  135 o  0   0.92 153.45096  18.12732  2757.26  4546.16 2.33 1.97  35.5 -0.459 16.81 16.93 02a60033o0131o
60033.304870  21.643  5.044     8   40 o  0   1.17 153.45096  18.12732  2703.93  4466.72 2.29 1.92  32.4 -0.430 18.01 18.37 02a60033o0163o
60033.314030  19.320  1.794    68  122 o  0   0.93 153.45096  18.12732  2687.02  4582.38 2.45 2.03  36.2 -0.418 16.82 17.07 02a60033o0180o
60034.348397  19.967  2.643    37   99 o  0   1.16 153.45096  18.12732  7793.31  4122.24 2.17 1.91  33.0 -0.430 17.10 17.30 02a60034o0264o
60034.351910  18.776  0.438   112   49 o  0   1.28 153.45096  18.12732  7775.95  4086.11 2.18 1.90  33.8 -0.436 17.98 18.31 02a60034o0271o
60034.358313 -21.573  2.625    -8   22 o  0   1.20 153.45096  18.12732  7834.74  4164.18 2.11 1.86  35.3 -0.440 18.76 19.15 02a60034o0284o
60034.370257  20.819  2.039    17   35 o  0   1.76 153.45096  18.12732  7852.91  4044.75 2.16 1.85  37.4 -0.439 18.05 18.51 02a60034o0308o
60039.368492  18.147  0.831   200  166 o  0   1.01 153.45096  18.12732  1677.78  5852.50 2.22 1.90  30.9 -0.429 16.62 16.54 02a60039o0326o
60039.371424 -19.576  1.240   -54   66 o  0   1.17 153.45096  18.12732  1660.55  5810.43 2.20 1.95  35.7 -0.448 17.53 17.61 02a60039o0332o
60039.378046 -19.440  1.450   -61   88 o  0   1.63 153.45096  18.12732  1718.86  5887.00 2.19 1.90  34.4 -0.430 17.42 17.52 02a60039o0346o
60039.388187 -17.616  0.696  -326  227 o  0   1.09 153.45096  18.12732  1740.35  5769.18 2.27 1.96  35.9 -0.423 16.23 16.12 02a60039o0367o
60041.336891 -19.533  0.397   -56   22 o  0   1.02 153.45096  18.12732  1582.12  1976.85 2.09 2.04  53.1 -0.451 18.80 19.29 02a60041o0245o
60041.340510  20.167  0.716    31   22 o  0   1.37 153.45096  18.12732  1562.88  1936.35 2.09 2.01  48.4 -0.458 18.78 19.27 02a60041o0253o
60041.346632  19.983  0.581    37   21 o  0   1.11 153.45096  18.12732  1621.57  2012.72 2.13 2.00  41.2 -0.456 18.77 19.29 02a60041o0266o
60041.357881 -22.409  6.118    -4   24 o  0   0.99 153.45096  18.12732  1643.96  1893.86 2.10 1.98  45.2 -0.466 18.75 19.23 02a60041o0290o
60042.142913  19.928  0.742    39   29 o  0   1.03 153.45096  18.12732  3199.97   788.12 2.25 1.85  42.2 -0.438 18.58 19.08 04a60042o0388o
60042.146100  19.980  0.734    37   27 o  0   1.14 153.45096  18.12732  3220.62   826.26 2.38 1.92  43.7 -0.424 18.54 19.07 04a60042o0395o
60042.151615  20.112  0.753    33   25 o  0   1.23 153.45096  18.12732  3165.51   744.99 1.98 1.85  23.2 -0.451 18.52 19.02 04a60042o0407o
60042.166798  19.929  0.957    39   37 o  0  19.47 153.45096  18.12732  3153.79   856.02 1.92 1.84 -16.6 -0.459 18.50 18.94 04a60042o0440o
60043.342948 -20.460  0.918   -24   22 o  0   0.80 153.45096  18.12732  7635.03  9753.81 2.14 2.06 -83.5 -0.466 18.91 19.94 02a60043o0268o
60043.346607  21.928  2.560     6   16 o  0   1.56 153.45096  18.12732  7615.80  9716.14 2.11 2.03 -82.6 -0.460 19.17 20.11 02a60043o0276o
60043.351754  19.892  0.526    40   21 o  0   2.06 153.45096  18.12732  7674.12  9795.05 2.15 2.03 -65.4 -0.461 18.74 19.40 02a60043o0287o
60043.361946  21.973  3.977     6   24 o  0   0.81 153.45096  18.12732  7694.89  9676.67 2.10 2.03 -69.2 -0.462 18.74 19.39 02a60043o0309o
60044.102278  19.849  0.475    42   20 o  0   1.21 153.45096  18.12732  6825.74  4311.49 2.04 1.94 -29.8 -0.501 18.87 19.59 04a60044o0296o
60044.105546  20.110  0.586    33   19 o  0   1.11 153.45096  18.12732  6846.67  4347.54 2.06 1.76 -18.2 -0.431 18.92 19.69 04a60044o0303o
60044.111840  21.330  1.714    11   18 o  0   1.25 153.45096  18.12732  6791.01  4263.71 2.11 1.87 -11.4 -0.450 18.91 19.67 04a60044o0316o
60044.125679 -20.399  0.810   -25   20 o  0   0.85 153.45096  18.12732  6778.20  4368.79 2.09 1.76 -15.6 -0.422 18.84 19.66 04a60044o0345o
60045.369035  23.638 10.286     1   13 c  0   1.62 153.45096  18.12732  3997.18  6226.91 2.76 2.49  39.4 -0.380 19.40 21.22 02a60045o0236c
60045.372716  20.190  0.385    30   12 c  0   1.43 153.45096  18.12732  3978.34  6187.84 2.74 2.44  38.5 -0.385 19.49 21.31 02a60045o0244c
60045.383527  20.426  0.449    24   11 c  0   1.72 153.45096  18.12732  4036.66  6267.70 2.89 2.46  36.6 -0.373 19.42 21.26 02a60045o0267c
60045.397951 -21.219  1.049   -12   12 c  0   1.67 153.45096  18.12732  4061.46  6148.74 3.03 2.58  36.6 -0.365 19.31 21.08 02a60045o0298c
60047.404263  20.245  1.408    29   41 c  0   1.08 153.45096  18.12732  4096.85  8163.81 2.53 2.45  36.3 -0.410 17.78 19.28 02a60047o0147c
60047.407461 -20.714  1.344   -19   25 c  0   2.00 153.45096  18.12732  4079.38  8125.00 2.62 2.48  35.0 -0.392 17.84 19.38 02a60047o0154c
60047.428094  20.038  1.149    35   40 c  0   1.42 153.45096  18.12732  4150.82  8200.69 2.61 2.53  27.6 -0.390 18.06 19.52 02a60047o0199c
60047.433986 -21.272  9.556   -11  108 c  0   1.14 153.45096  18.12732  4173.38  8082.83 2.59 2.48  29.7 -0.395 16.91 18.26 02a60047o0212c
60049.340540  20.658  0.521    20   10 c  0   1.17 153.45096  18.12732  3902.97  4297.04 2.40 2.21  37.9 -0.413 19.56 21.32 02a60049o0246c
60049.343839  21.199  0.812    12   10 c  0   1.77 153.45096  18.12732  3886.26  4260.44 2.46 2.25  37.6 -0.409 19.56 21.32 02a60049o0253c
60049.349823  21.666  1.345     8   10 c  0   1.10 153.45096  18.12732  3945.41  4334.43 2.41 2.20  37.5 -0.410 19.54 21.30 02a60049o0265c
60049.374028  20.666  0.637    20   12 c  0   1.26 153.45096  18.12732  3966.49  4214.47 2.53 2.25  38.2 -0.402 19.52 21.28 02a60049o0314c
60050.068288 -20.440  0.623   -24   15 c  0   1.22 153.45096  18.12732   896.87   404.95 3.69 2.23  48.6 -0.329 19.22 20.84 04a60050o0237c
60050.078214 -24.282 22.333    -1   16 c  0   1.13 153.45096  18.12732   922.78   432.37 3.77 2.27  49.4 -0.315 19.22 20.86 04a60050o0258c
60050.084324 -20.837  0.925   -17   16 c  0   1.08 153.45096  18.12732   871.72   347.57 3.65 2.04  48.1 -0.346 19.29 20.86 04a60050o0271c
60050.087582 -21.381  1.420   -10   14 c  0   0.88 153.45096  18.12732   858.48   462.85 3.49 2.03  47.1 -0.365 19.24 20.85 04a60050o0278c
60051.353140  20.632  0.533    20   11 c  0   1.38 153.45096  18.12732  9905.08 10189.67 2.88 2.66 -50.4 -0.377 19.55 21.32 02a60051o0215c
60051.356309  20.303  0.418    28   12 c  0   1.71 153.45096  18.12732  9886.36 10150.37 2.88 2.65 -48.6 -0.386 19.54 21.33 02a60051o0222c
60051.362788 -21.313  0.946   -11   10 c  0   1.89 153.45096  18.12732  9947.20 10229.80 2.90 2.66 -46.4 -0.381 19.55 21.33 02a60051o0236c
60051.372927 -21.671  1.317    -8   10 c  0   1.94 153.45096  18.12732  9969.09 10111.30 2.82 2.69 -42.9 -0.385 19.56 21.31 02a60051o0258c
60055.326658  20.835  0.767    17   13 c  0   1.50 153.45096  18.12732  5714.03  9829.57 2.59 2.46  52.6 -0.406 19.49 21.11 02a60055o0220c
60055.329870  19.923  0.318    39   12 c  0   1.15 153.45096  18.12732  5695.47  9790.25 2.58 2.43  52.7 -0.401 19.50 21.11 02a60055o0227c
60055.335347  21.919  2.051     6   13 c  0   1.23 153.45096  18.12732  5754.76  9867.97 2.53 2.44  50.9 -0.409 19.50 21.11 02a60055o0239c
60055.346269  20.617  0.608    21   12 c  0   1.65 153.45096  18.12732  5778.14  9749.62 2.58 2.50  50.1 -0.403 19.48 21.10 02a60055o0263c
60056.080703  22.317  2.933     4   13 c  0   1.50 153.45096  18.12732  4902.76  4401.10 2.22 2.15 -29.6 -0.372 19.23 20.88 04a60056o0271c
60056.083467  21.892  2.184     6   14 c  0   1.42 153.45096  18.12732  4923.05  4437.56 2.40 2.34 -33.6 -0.358 19.18 20.87 04a60056o0277c
60056.094547 -21.948  1.789    -6   11 c  0   1.61 153.45096  18.12732  4870.33  4352.28 2.32 2.27 -43.0 -0.365 19.16 20.89 04a60056o0300c
60056.105440 -21.931  2.000    -6   12 c  0   1.42 153.45096  18.12732  4859.32  4463.07 2.43 2.38 -52.3 -0.361 19.11 20.89 04a60056o0324c
60057.303847  21.342  1.096    11   12 c  0   1.12 153.45096  18.12732  5929.95  6144.92 2.56 2.21  35.5 -0.407 19.52 21.14 02a60057o0165c
60057.307154  21.866  1.659     6   11 c  0   1.63 153.45096  18.12732  5911.20  6104.73 2.61 2.23  34.0 -0.402 19.52 21.12 02a60057o0172c
60057.313506  20.217  0.418    30   12 c  0   1.02 153.45096  18.12732  5969.27  6181.43 2.67 2.28  34.8 -0.399 19.50 21.12 02a60057o0186c
60057.325105 -21.811  1.936    -7   13 c  0   1.04 153.45096  18.12732  5990.25  6064.08 2.58 2.23  33.8 -0.403 19.51 21.14 02a60057o0211c
60059.305495  20.193  0.437    30   13 o  0   1.31 153.45096  18.12732  7736.14  2185.15 1.93 1.91  36.2 -0.448 19.39 20.35 02a60059o0166o
60059.308449  21.014  0.964    14   14 o  0   0.95 153.45096  18.12732  7717.00  2147.33 1.92 1.88 -50.1 -0.448 19.33 20.36 02a60059o0172o
60059.314436  20.782  0.762    18   14 o  0   1.24 153.45096  18.12732  7775.32  2224.22 1.92 1.91  87.8 -0.442 19.36 20.38 02a60059o0185o
60059.325436 -21.040  0.899   -14   12 o  0   1.72 153.45096  18.12732  7798.53  2108.30 1.99 1.95 -47.8 -0.441 19.33 20.40 02a60059o0209o
60062.061125  20.271  0.837    28   24 o  0   1.54 153.45096  18.12732  2884.35  2549.55 2.34 2.10  58.3 -0.399 18.53 19.37 04a60062o0126o
60062.064798  20.604  1.160    21   24 o  0   1.25 153.45096  18.12732  2906.83  2585.77 2.28 1.99  52.7 -0.408 18.74 19.55 04a60062o0134o
60062.074742 -19.897  0.553   -40   22 o  0   1.33 153.45096  18.12732  2862.46  2503.42 2.19 1.97  44.9 -0.439 18.76 19.53 04a60062o0153o
60062.081089 -22.010  4.079    -6   23 o  0   1.02 153.45096  18.12732  2846.37  2615.35 2.35 2.07  51.6 -0.407 18.69 19.57 04a60062o0167o
60067.298150 -22.717  7.800    -3   23 o  0   1.14 153.45096  18.12732  1698.42  7786.12 1.95 1.91  36.1 -0.450 18.75 19.03 02a60067o0143o
60067.301314  22.953  9.800     2   24 o  0   1.00 153.45096  18.12732  1680.34  7746.70 1.90 1.88  50.3 -0.460 18.83 19.03 02a60067o0150o
60067.308757  20.966  1.681    15   25 o  0   1.15 153.45096  18.12732  1738.45  7823.87 2.08 1.91  35.1 -0.434 18.77 19.03 02a60067o0166o
60067.323906 -23.749 18.364    -1   21 o  0   1.44 153.45096  18.12732  1766.18  7705.49 2.04 1.92  26.1 -0.444 18.71 18.99 02a60067o0199o
60068.075299  19.967  1.053    37   39 o  0   1.36 153.45096  18.12732  4999.14  6310.61 2.80 2.56 -66.6 -0.363 18.02 18.54 04a60068o0270o
60068.090793  19.517  0.729    57   41 o  0   0.95 153.45096  18.12732  5024.40  6343.21 2.42 2.21 -60.4 -0.404 18.12 18.49 04a60068o0303o
60068.094024  20.352  1.433    26   38 o  0   1.06 153.45096  18.12732  4967.37  6264.84 2.40 2.18 -68.3 -0.402 18.10 18.47 04a60068o0310o
60068.110673  18.745  0.330   115   38 o  0   1.04 153.45096  18.12732  4956.04  6378.58 2.40 2.16 -66.9 -0.398 18.07 18.38 04a60068o0346o
60069.068137 -20.256  1.286   -29   37 o  0   1.18 153.45096  18.12732  4992.97  6313.51 2.33 2.16 -58.1 -0.395 18.16 18.51 04a60069o0265o
60069.071301 -20.955  2.396   -15   36 o  0   1.17 153.45096  18.12732  5013.80  6351.01 2.41 2.17 -62.3 -0.406 18.17 18.51 04a60069o0272o
60069.082771 -19.817  0.975   -43   42 o  0   0.91 153.45096  18.12732  4961.73  6268.72 2.31 2.13 -74.9 -0.379 18.09 18.46 04a60069o0297o
60069.088236  19.589  0.614    53   33 o  0   1.41 153.45096  18.12732  4944.20  6382.53 2.34 2.14 -62.8 -0.384 18.07 18.43 04a60069o0309o
60071.308170 -24.573 32.800    -0   18 o  0   1.43 153.45096  18.12732  1848.35 10030.23 2.08 1.82 -52.6 -0.495 19.02 19.57 02a60071o0165o
60071.311081  21.962  3.518     6   21 o  0   1.29 153.45096  18.12732  1830.40  9991.09 2.07 1.79 -54.5 -0.492 19.05 19.55 02a60071o0171o
60071.316514  25.577 88.500     0   19 o  0   1.32 153.45096  18.12732  1891.40 10070.13 2.07 1.76 -50.8 -0.500 18.97 19.52 02a60071o0183o
60071.338920  21.065  1.299    14   18 o  0   1.47 153.45096  18.12732  1922.73  9947.54 2.17 1.91 -54.1 -0.486 18.89 19.40 02a60071o0231o
60074.062411  19.696  0.436    48   21 o  0   1.07 153.45096  18.12732   973.22  2598.64 2.21 1.92  46.8 -0.455 19.06 20.14 04a60074o0209o
60074.075000 -22.266  4.321    -4   20 o  0   1.75 153.45096  18.12732   999.01  2632.91 2.46 2.00  49.8 -0.425 18.88 19.87 04a60074o0236o
60074.078651  24.413 37.250     1   23 o  0   1.13 153.45096  18.12732   942.94  2553.58 2.47 1.90  48.2 -0.440 18.87 19.81 04a60074o0244o
60074.088662 -21.344  3.547   -10   37 o  0   0.86 153.45096  18.12732   926.03  2666.18 2.15 1.90  49.6 -0.454 18.39 19.06 04a60074o0265o
60077.271195 -21.054  0.800   -14   11 c  0   1.67 153.45096  18.12732  9676.72  2095.87 2.55 2.15 -61.6 -0.433 19.51 21.03 02a60077o0084c
60077.274977  20.189  0.386    30   12 c  0   1.56 153.45096  18.12732  9657.84  2053.84 2.56 2.16 -59.8 -0.434 19.52 21.03 02a60077o0092c
60077.280528  20.654  0.527    20   10 c  0   1.14 153.45096  18.12732  9715.99  2132.68 2.52 2.15 -59.5 -0.430 19.50 21.03 02a60077o0104c
60077.290599  21.670  1.224     8   10 c  0   1.79 153.45096  18.12732  9738.28  2015.26 2.49 2.15 -54.9 -0.432 19.50 21.04 02a60077o0126c
60079.264122  21.873  1.976     6   13 c  0   1.08 153.45096  18.12732  7834.90  6049.49 2.58 2.46  40.8 -0.410 19.47 21.00 02a60079o0066c
60079.267374  22.480  3.240     4   12 c  0   1.17 153.45096  18.12732  7816.43  6010.77 2.50 2.37  39.5 -0.412 19.53 21.00 02a60079o0073c
60079.272852 -20.862  0.750   -16   12 c  0   1.27 153.45096  18.12732  7875.92  6089.21 2.49 2.36  44.2 -0.413 19.53 20.98 02a60079o0085c
60079.286424 -21.493  1.158    -9   11 c  0   1.74 153.45096  18.12732  7896.30  5972.47 2.81 2.37  32.3 -0.386 19.48 21.01 02a60079o0114c
60080.082574  20.542  1.366    22   30 o  0   1.00 153.45096  18.12732  3069.77  6384.82 2.33 2.08 -78.4 -0.403 18.48 19.48 04a60080o0299o
60080.100882  20.343  0.724    26   19 o  0   1.19 153.45096  18.12732  3092.99  6424.93 2.34 2.10 -79.2 -0.395 18.71 19.73 04a60080o0338o
60080.105829  19.821  0.475    43   20 o  0   1.44 153.45096  18.12732  3033.22  6346.74 2.30 2.05 -85.0 -0.403 18.75 19.73 04a60080o0347o
60080.116843 -21.527  2.841    -9   25 o  0   0.91 153.45096  18.12732  3012.77  6465.09 2.60 2.31  86.0 -0.356 18.58 19.74 04a60080o0371o
60085.259034  22.995  6.350     2   15 o  0   1.05 153.45096  18.12732  5988.79  8069.12 2.19 1.95  40.8 -0.456 19.47 20.47 02a60085o0033o
60085.262197 -23.480  7.615    -2   11 o  0   1.49 153.45096  18.12732  5970.71  8029.56 2.15 1.96  44.7 -0.455 19.50 20.46 02a60085o0040o
60085.270035  20.629  0.705    20   14 o  0   1.39 153.45096  18.12732  6028.05  8106.28 2.17 1.97  43.8 -0.457 19.48 20.44 02a60085o0057o
60085.280045 -21.725  1.621    -7   12 o  0   1.51 153.45096  18.12732  6050.82  7990.91 2.11 1.95  45.2 -0.461 19.47 20.46 02a60085o0079o
60089.248553 -22.634  6.760    -3   22 o  0   1.11 153.45096  18.12732  1460.61  5865.18 2.27 2.11 -58.0 -0.451 18.96 19.58 02a60089o0026o
60089.251719  21.414  1.870    10   18 o  0   1.09 153.45096  18.12732  1444.97  5825.01 2.41 2.23 -63.7 -0.441 19.02 19.82 02a60089o0033o
60089.262314 -21.712  2.288    -8   17 o  0   1.10 153.45096  18.12732  1509.91  5902.15 2.23 2.10 -63.2 -0.460 19.18 19.99 02a60089o0056o
60089.267468  22.895  7.056     2   18 o  0   1.02 153.45096  18.12732  1531.48  5784.11 2.39 2.19 -62.1 -0.448 19.10 20.02 02a60089o0067o
60093.293317  20.024  0.783    36   28 o  0   0.92 153.45096  18.12732  7428.82  9749.01 2.16 2.10 -46.4 -0.443 18.72 19.06 02a60093o0125o
60093.296029 -20.171  0.742   -31   23 o  0   1.90 153.45096  18.12732  7410.66  9709.80 2.15 2.10  32.6 -0.447 18.75 19.10 02a60093o0131o
60093.303741  20.077  0.712    34   24 o  0   1.61 153.45096  18.12732  7473.99  9789.51 2.16 2.10 -43.2 -0.451 18.73 19.09 02a60093o0147o
60093.317836 -21.004  1.814   -14   26 o  0   1.76 153.45096  18.12732  7502.00  9671.69 2.14 2.07 -34.9 -0.455 18.68 18.97 02a60093o0177o
60095.291062  20.040  0.653    35   23 o  0   0.92 153.45096  18.12732  3856.70  6155.97 2.57 1.90  33.0 -0.408 18.72 19.28 02a60095o0024o
60097.988961 -19.732  0.721   -46   34 o  0   0.97 153.45096  18.12732  6927.59  6209.13 2.56 2.25 -43.3 -0.416 18.26 18.85 04a60098o0112o
60098.996705 -18.198  1.145  -191  218 o  0   1.21 153.45096  18.12732  6928.62  6203.90 2.68 2.37 -38.2 -0.400 16.11 16.09 04a60099o0130o
60099.002658  18.250  0.405   182   74 o  0   1.14 153.45096  18.12732  6950.33  6240.26 2.75 2.50 -33.9 -0.391 17.35 17.68 04a60099o0143o
60099.005360  20.038  1.514    35   53 o  0   1.64 153.45096  18.12732  6892.99  6162.27 2.79 2.50 -31.8 -0.397 17.71 18.18 04a60099o0149o
60099.014937 -20.654  4.029   -20   80 o  0   1.24 153.45096  18.12732  6876.66  6276.16 2.61 2.35 -38.2 -0.413 17.19 17.37 04a60099o0170o
60101.264349  19.941  1.129    38   43 o  0   1.16 153.45096  18.12732  9702.58 10191.97 2.71 2.01 -52.7 -0.416 17.99 18.94 02a60101o0056o
60101.269319  19.665  0.973    49   48 o  0   0.93 153.45096  18.12732  9686.28 10151.39 2.80 2.13 -55.1 -0.414 17.66 18.76 02a60101o0067o
60101.272937 -17.577  2.556  -338  864 o  0   0.78 153.45096  18.12732  9747.43 10231.63 3.10 2.09 -53.7 -0.599 16.07 17.06 02a60101o0075o
60101.283767  20.609  2.806    21   58 o  0   1.10 153.45096  18.12732  9771.54 10113.96 3.13 2.57 -54.7 -0.389 17.93 19.04 02a60101o0098o
60103.263812  23.468  9.500     2   14 o  0   1.26 153.45096  18.12732  9609.41  5995.35 2.16 2.04 -52.4 -0.463 19.38 20.42 02a60103o0050o
60103.267883  21.861  2.278     6   15 o  0   0.90 153.45096  18.12732  9593.03  5955.62 2.15 1.99 -54.3 -0.469 19.41 20.48 02a60103o0059o
60103.274231 -20.878  0.813   -16   13 o  0   0.94 153.45096  18.12732  9654.51  6033.85 2.13 1.99 -48.5 -0.467 19.44 20.53 02a60103o0073o
60103.290093  21.024  0.919    14   13 o  0   1.81 153.45096  18.12732  9683.83  5916.99 2.21 1.99 -52.6 -0.471 19.42 20.59 02a60103o0108o
60105.265393 -20.867  0.989   -16   16 c  0   1.20 153.45096  18.12732  5523.56  9832.31 2.86 2.79  43.0 -0.386 19.20 20.67 02a60105o0047c
60105.269214  20.107  0.457    33   15 c  0   1.54 153.45096  18.12732  5507.34  9792.71 2.76 2.67  23.8 -0.395 19.25 20.69 02a60105o0055c
60105.276153  21.057  1.266    14   17 c  0   1.12 153.45096  18.12732  5568.26  9871.32 2.79 2.64  33.4 -0.389 19.25 20.70 02a60105o0070c
60105.287471 -21.119  1.082   -13   14 c  0   1.49 153.45096  18.12732  5594.73  9753.57 2.80 2.64  28.2 -0.389 19.25 20.67 02a60105o0094c
60107.257511 -20.736  1.073   -18   20 c  0   1.14 153.45096  18.12732  5734.09  6143.06 2.86 2.72  26.3 -0.392 18.95 20.26 02a60107o0036c
60107.260677  20.232  0.600    29   18 c  0   0.94 153.45096  18.12732  5717.30  6104.92 2.88 2.75  31.4 -0.390 19.09 20.51 02a60107o0043c
60107.265745  20.039  0.447    35   16 c  0   1.17 153.45096  18.12732  5779.04  6181.18 2.84 2.75  26.1 -0.384 19.14 20.77 02a60107o0054c
60107.276639  20.462  0.578    24   14 c  0   1.98 153.45096  18.12732  5805.40  6064.98 2.92 2.80  23.8 -0.389 19.12 20.81 02a60107o0078c
60109.258371 -18.426  0.099  -155   15 c  0   5.81 153.45096  18.12732  7534.04  2183.39 2.72 2.42 -62.4 -0.388 19.03 20.35 02a60109o0032c
60109.261996  21.459  1.518    10   14 c  0   1.12 153.45096  18.12732  7516.69  2143.48 2.74 2.46 -63.3 -0.396 19.17 20.59 02a60109o0040c
60109.268784  19.975  0.324    37   12 c  0   1.91 153.45096  18.12732  7579.39  2221.23 2.64 2.31 -59.6 -0.393 19.29 20.76 02a60109o0054c
60109.284557  20.253  0.455    29   13 c  0   1.91 153.45096  18.12732  7609.06  2103.03 2.52 2.22 -53.1 -0.414 19.29 20.87 02a60109o0088c
60109.955568   0.000 19.743    -0   46 c  0   1.20 153.45096  18.12732  7020.28  8147.28 2.69 2.30 -56.1 -0.400 18.01 19.46 04a60110o0036c
60109.959192  19.591  1.766    53   94 c  0   1.58 153.45096  18.12732  7041.83  8184.46 2.81 2.41 -56.3 -0.412 17.03 18.36 04a60110o0044c
60109.964171  19.051  0.856    87   74 c  0   1.71 153.45096  18.12732  6985.31  8103.96 2.74 2.28 -54.7 -0.364 17.23 18.74 04a60110o0055c
60111.256876  20.033  0.610    35   22 c  0   0.88 153.45096  18.12732  3629.08  2363.32 2.31 2.20 -72.9 -0.419 18.91 19.93 02a60111o0029c
60111.260708  20.764  0.724    18   13 c  0   2.00 153.45096  18.12732  3611.93  2323.45 2.35 2.20 -71.0 -0.423 19.19 20.36 02a60111o0037c
60111.267211  20.011  0.285    36   10 c  0   2.60 153.45096  18.12732  3673.58  2400.17 2.37 2.19 -66.6 -0.420 19.35 20.63 02a60111o0051c
60111.277944 -20.834  0.863   -17   14 c  0   1.12 153.45096  18.12732  3698.39  2282.38 2.40 2.20 -68.2 -0.416 19.29 20.75 02a60111o0074c
60113.258743  21.687  2.894     8   22 c  0   1.37 153.45096  18.12732  7750.03  8001.93 2.54 2.49 -43.1 -0.423 18.99 20.09 02a60113o0031c
60113.262365 -20.988  1.225   -15   18 c  0   1.33 153.45096  18.12732  7731.47  7961.24 2.54 2.50 -37.4 -0.419 19.16 20.37 02a60113o0039c
60113.267438 -19.990  0.455   -37   17 c  0   1.31 153.45096  18.12732  7791.79  8039.33 2.57 2.44 -54.4 -0.422 19.17 20.64 02a60113o0050c
60113.279229  22.565  4.000     3   14 c  0   1.81 153.45096  18.12732  7816.95  7921.45 2.56 2.40 -50.0 -0.425 19.21 20.69 02a60113o0076c
60123.257223 -18.526  0.234  -141   33 o  0   1.46 153.45096  18.12732  8489.11  6957.00 2.47 2.39 -71.9 -0.416 18.38 18.71 02a60123o0030o
60123.262377 -20.256  0.882   -29   25 o  0   1.31 153.45096  18.12732  8547.20  7036.53 2.40 2.36 -75.1 -0.419 18.66 19.11 02a60123o0041o
60123.277269  23.202 17.444     2   33 o  0   1.00 153.45096  18.12732  8568.52  6919.85 2.79 2.76  64.5 -0.418 18.54 19.23 02a60123o0073o
60125.256021 -19.238  0.885   -73   65 o  0   2.41 153.45096  18.12732  9935.11  7879.25 2.48 1.97 -55.1 -0.491 18.22 18.15 02a60125o0029o
60125.263631  19.731  0.943    46   44 o  0   1.58 153.45096  18.12732  9995.30  7957.78 2.52 1.93 -56.2 -0.453 18.65 18.87 02a60125o0045o
60125.273252  20.823  1.856    17   32 o  0   1.46 153.45096  18.12732 10016.11  7839.93 2.58 1.98 -55.1 -0.456 18.64 19.10 02a60125o0066o
60127.962200  18.819  1.070   108  115 o  0   1.14 153.45096  18.12732  3011.33  4491.17 2.86 2.68  66.5 -0.400 16.93 17.18 04a60128o0048o
60127.967617 -19.721  1.742   -47   82 o  0   1.30 153.45096  18.12732  2953.06  4412.72 2.80 2.60  71.5 -0.389 17.28 17.67 04a60128o0060o
