MJD          m      dm   uJy   duJy F err chi/N     RA       Dec        x        y     maj  min   phi  apfit mag5sig Sky   Obs
59454.504447  23.469 10.364     2   15 o  0   1.43  24.44238  -1.25494 10422.67  9578.07 2.83 1.88 -57.7 -0.436 19.14 19.71 02a59454o0602o
59454.511188  20.715  0.931    19   18 o  0   1.48  24.44238  -1.25494   231.22  9552.53 2.52 1.46 -49.5 -0.405 19.06 19.50 02a59454o0616o
59454.511645  20.945  1.055    15   16 o  0   1.89  24.44238  -1.25494 10437.28  9620.10 2.99 1.85 -53.2 -0.414 19.15 19.70 02a59454o0617o
59454.514410 -20.210  0.694   -30   21 o  0   1.03  24.44238  -1.25494   254.69  9590.27 2.17 1.47 -49.4 -0.498 19.07 19.52 02a59454o0623o
59454.516702  20.531  0.812    22   18 o  0   1.34  24.44238  -1.25494 10377.92  9538.75 2.73 1.88 -54.7 -0.448 19.19 19.68 02a59454o0628o
59454.520835 -22.270  3.816    -4   17 o  0   1.48  24.44238  -1.25494   193.48  9511.74 2.41 1.44 -51.8 -0.481 19.07 19.49 02a59454o0637o
59454.522664 -20.220  0.551   -30   16 o  0   1.38  24.44238  -1.25494 10360.08  9656.57 2.59 1.93 -55.3 -0.441 19.17 19.65 02a59454o0641o
59454.526347  22.243  4.283     5   20 o  0   1.22  24.44238  -1.25494   172.22  9629.76 2.29 1.42 -52.5 -0.508 19.06 19.49 02a59454o0649o
59456.511817 -20.938  0.604   -15    9 o  0   1.06  24.44238  -1.25494  2112.57   922.01 2.06 1.86  14.3 -0.440 19.64 20.66 01a59456o0633o
59456.513659 -20.833  0.557   -17    9 o  0   1.00  24.44238  -1.25494  2092.58   882.62 2.12 1.92  24.3 -0.437 19.61 20.67 01a59456o0637o
59456.534711 -22.001  1.937    -6   11 o  0   0.88  24.44238  -1.25494  2153.60   961.85 2.18 1.95  27.7 -0.432 19.61 20.74 01a59456o0681o
59456.542587  21.411  1.000    10   10 o  0   1.10  24.44238  -1.25494  2172.42   845.47 2.08 1.91  39.7 -0.443 19.64 20.76 01a59456o0698o
59458.499665 -24.309 37.500    -1   26 o  0   1.01  24.44238  -1.25494   569.33  5162.86 2.06 1.92 -37.0 -0.422 17.83 18.83 02a59458o0598o
59458.502867 -22.856  5.950    -3   16 o  0   0.80  24.44238  -1.25494   588.39  5201.79 2.09 1.90 -34.0 -0.417 19.11 20.23 02a59458o0605o
59458.505621  20.311  0.642    27   18 o  0   1.12  24.44238  -1.25494   529.65  5123.67 2.08 1.89 -35.2 -0.408 19.10 20.24 02a59458o0611o
59458.512043  21.046  2.214    14   31 o  0   0.84  24.44238  -1.25494   508.94  5240.25 2.00 1.83 -34.2 -0.415 18.22 19.34 02a59458o0625o
59460.484294  21.956  1.778     6   11 o  0   1.31  24.44238  -1.25494  2114.15   919.98 3.04 2.17   7.5 -0.389 19.43 20.87 01a59460o0576o
59460.507060  20.911  0.574    16    9 o  0   1.17  24.44238  -1.25494  2090.01   875.63 2.22 1.99  11.9 -0.428 19.67 20.91 01a59460o0624o
59460.510295  23.568  6.438     1    9 o  0   1.26  24.44238  -1.25494  2149.90   958.05 2.09 1.90  17.7 -0.435 19.72 20.91 01a59460o0631o
59460.515367 -21.732  1.151    -7    8 o  0   1.37  24.44238  -1.25494  2169.91   842.08 2.39 1.99   5.6 -0.436 19.65 21.00 01a59460o0642o
59462.496800 -21.401  0.814   -10    8 c  0   0.91  24.44238  -1.25494   561.65  5166.14 2.30 2.23 -29.3 -0.400 19.73 21.52 02a59462o0513c
59462.503248  21.243  0.728    12    8 c  0   0.90  24.44238  -1.25494   587.17  5203.45 2.27 2.16 -44.4 -0.413 19.78 21.54 02a59462o0527c
59462.506472  22.484  2.406     4    9 c  0   1.10  24.44238  -1.25494   528.03  5125.49 2.30 2.19 -35.7 -0.401 19.73 21.54 02a59462o0534c
59462.518610  21.236  0.720    12    8 c  0   1.03  24.44238  -1.25494   507.94  5243.34 2.34 2.21 -41.4 -0.396 19.72 21.56 02a59462o0560c
59464.486269  20.047  0.258    35    9 o  0   1.10  24.44238  -1.25494  5810.13  7035.15 2.10 2.01 -36.6 -0.414 19.68 20.83 01a59464o0568o
59464.489500  21.019  0.514    14    7 o  0   2.18  24.44238  -1.25494  5789.74  6996.27 2.03 1.91 -31.6 -0.410 19.74 20.83 01a59464o0575o
59464.510421  20.140  0.276    32    9 o  0   1.10  24.44238  -1.25494  5850.47  7072.76 1.90 1.81 -23.7 -0.416 19.78 20.89 01a59464o0619o
59464.513647  20.123  0.290    32    9 o  0   1.01  24.44238  -1.25494  5869.78  6956.69 1.96 1.86 -20.2 -0.418 19.75 20.87 01a59464o0626o
59466.447075  19.853  0.253    42   10 c  0   0.89  24.44238  -1.25494  4677.87  1582.03 2.36 2.28 -77.9 -0.405 19.71 21.50 02a59466o0500c
59466.453950  19.543  0.180    55   10 c  0   0.78  24.44238  -1.25494  4698.02  1620.39 2.34 2.27 -68.7 -0.404 19.70 21.52 02a59466o0515c
59466.472625  19.406  0.122    63    8 c  0   1.25  24.44238  -1.25494  4640.24  1539.66 2.34 2.26 -74.6 -0.404 19.73 21.56 02a59466o0554c
59466.475845  19.993  0.225    37    8 c  0   1.25  24.44238  -1.25494  4620.62  1657.67 2.38 2.30 -75.5 -0.400 19.74 21.58 02a59466o0561c
59470.479543  19.481  0.171    58   10 c  0   0.62  24.44238  -1.25494  4677.20  1579.86 2.34 2.26 -78.9 -0.403 19.68 21.47 02a59470o0573c
59470.483240  20.208  0.270    30    8 c  0   1.15  24.44238  -1.25494  4697.07  1620.38 2.30 2.26  88.2 -0.405 19.68 21.46 02a59470o0581c
59470.485988  19.370  0.120    65    8 c  0   1.23  24.44238  -1.25494  4639.67  1541.86 2.31 2.26 -82.5 -0.403 19.71 21.46 02a59470o0587c
59470.491475  19.651  0.146    50    7 c  0   1.52  24.44238  -1.25494  4620.79  1658.25 2.34 2.29  69.6 -0.401 19.71 21.44 02a59470o0599c
59474.473288  19.547  0.305    55   17 o  0   0.86  24.44238  -1.25494  4877.44  5456.39 2.20 1.76  34.1 -0.440 19.04 19.51 02a59474o0341o
59474.476527  19.499  0.258    58   15 o  0   1.78  24.44238  -1.25494  4897.60  5494.38 2.21 1.74  34.4 -0.437 19.01 19.48 02a59474o0348o
59474.504516  20.278  0.525    28   15 o  0   1.16  24.44238  -1.25494  4841.53  5419.28 2.23 1.77  33.4 -0.433 19.20 19.87 02a59474o0408o
59474.507836  19.970  0.357    37   13 o  0   1.03  24.44238  -1.25494  4823.14  5533.75 2.14 1.75  34.4 -0.438 19.24 19.91 02a59474o0415o
59484.466196  20.378  0.585    26   15 o  0   1.60  24.44238  -1.25494 10103.72  7239.34 3.15 2.69 -66.9 -0.450 19.13 20.33 01a59484o0286o
59484.468036  20.156  0.570    31   18 o  0   0.94  24.44238  -1.25494 10081.88  7200.65 3.20 2.65 -66.7 -0.457 19.15 20.32 01a59484o0290o
59484.476341  20.732  0.865    18   16 o  0   1.12  24.44238  -1.25494 10143.78  7277.92 3.31 2.72 -66.2 -0.445 19.09 20.32 01a59484o0308o
59484.481434  20.224  0.524    30   16 o  0   1.34  24.44238  -1.25494 10160.09  7159.87 3.25 2.70 -65.8 -0.458 19.12 20.32 01a59484o0319o
59484.501579  20.924  1.189    16   18 o  0   1.21  24.44238  -1.25494 10481.22  3114.89 3.24 2.68 -61.3 -0.513 19.06 20.26 01a59484o0362o
59484.504868  20.161  0.684    31   21 o  0   0.86  24.44238  -1.25494 10501.88  3151.36 3.19 2.65 -60.7 -0.509 19.11 20.24 01a59484o0369o
59484.538837  20.877  1.063    16   17 o  0   1.02  24.44238  -1.25494 10448.90  3070.30 3.11 2.72 -68.4 -0.491 19.08 20.29 01a59484o0439o
59484.543946  20.413  0.746    25   18 o  0   0.94  24.44238  -1.25494 10431.53  3186.51 2.88 2.44 -65.8 -0.514 19.17 20.27 01a59484o0450o
59486.437556  20.232  0.459    29   14 o  0   0.73  24.44238  -1.25494  3893.15  7875.05 2.27 1.98  30.6 -0.402 19.44 20.56 02a59486o0521o
59486.439386  20.572  0.625    21   13 o  0   1.02  24.44238  -1.25494  3912.30  7914.64 2.30 1.99  28.6 -0.409 19.47 20.58 02a59486o0525o
59486.449516  20.894  0.818    16   13 o  0   0.88  24.44238  -1.25494  3853.26  7837.33 2.32 2.05  33.1 -0.408 19.50 20.64 02a59486o0546o
59486.452274  20.445  0.425    24   10 o  0   1.22  24.44238  -1.25494  3836.41  7953.47 2.30 2.02  29.5 -0.409 19.44 20.64 02a59486o0552o
59488.536640  20.722  0.865    19   16 o  0   0.94  24.44238  -1.25494  9737.93  7502.65 3.15 2.89 -67.8 -0.419 19.22 20.71 01a59488o0710o
59488.541859  20.865  0.889    16   14 o  0   1.23  24.44238  -1.25494  9757.31  7540.41 3.08 2.83 -73.3 -0.427 19.24 20.64 01a59488o0721o
59488.547060  20.329  0.583    27   16 o  0   0.87  24.44238  -1.25494  9698.80  7462.80 3.13 2.92 -74.1 -0.420 19.19 20.61 01a59488o0732o
59488.582486  21.163  1.304    12   16 o  0   1.14  24.44238  -1.25494  9690.06  7583.25 3.24 2.96 -69.4 -0.410 19.06 20.38 01a59488o0808o
59490.492964  20.841  0.659    17   11 o  0   1.47  24.44238  -1.25494  8248.02  9380.21 2.39 2.17  53.2 -0.432 19.48 20.60 02a59490o0647o
59490.496769  21.321  1.024    11   11 o  0   1.50  24.44238  -1.25494  8227.97  9339.83 2.37 2.18  54.0 -0.436 19.46 20.57 02a59490o0655o
59490.529931  22.033  2.186     6   12 o  0   1.42  24.44238  -1.25494  8288.36  9425.94 2.37 2.22  69.6 -0.428 19.48 20.59 02a59490o0725o
59490.535610  22.289  2.618     4   12 o  0   1.29  24.44238  -1.25494  8309.62  9309.10 2.37 2.20  54.1 -0.435 19.41 20.54 02a59490o0737o
59492.376488 -19.018  1.037   -90   93 o  0   1.41  24.44238  -1.25494   817.77  3035.41 2.88 2.58 -46.1 -0.530 17.21 18.31 01a59492o0395o
59492.392813 -18.163  1.241  -197  245 o  0   0.90  24.44238  -1.25494   797.14  2998.90 2.95 2.60 -46.1 -0.490 16.20 17.40 01a59492o0430o
59492.417732 -22.263  7.417    -4   34 o  0   0.89  24.44238  -1.25494   858.86  3074.09 3.03 2.72 -45.8 -0.509 18.58 19.99 01a59492o0483o
59492.420961 -20.358  0.624   -26   16 o  0   1.20  24.44238  -1.25494   876.18  2958.94 2.91 2.64 -48.1 -0.521 19.20 20.67 01a59492o0490o
59494.423901  20.317  0.515    27   14 o  0   1.17  24.44238  -1.25494  2331.75  1179.48 2.89 2.87  -8.1 -0.417 19.20 20.78 02a59494o0400o
59494.426680  20.348  0.524    26   14 o  0   0.96  24.44238  -1.25494  2351.87  1218.71 2.76 2.69  76.6 -0.422 19.23 20.75 02a59494o0406o
59494.432933  21.325  1.204    11   13 o  0   1.54  24.44238  -1.25494  2295.69  1139.17 3.04 2.87  72.4 -0.436 19.17 20.78 02a59494o0419o
59494.450825  21.110  1.030    13   14 o  0   1.12  24.44238  -1.25494  2273.92  1259.19 2.86 2.80  26.7 -0.425 19.25 20.80 02a59494o0457o
59496.379993 -21.854  2.818    -7   19 o  0   1.06  24.44238  -1.25494  2764.68  2916.58 4.03 3.34  -1.8 -0.396 18.92 20.49 01a59496o0406o
59496.386005 -20.572  0.893   -21   19 o  0   1.10  24.44238  -1.25494  2744.57  2877.82 5.25 3.62  -0.8 -0.297 18.72 20.50 01a59496o0419o
59496.411976  23.181  6.300     2   12 o  0   1.28  24.44238  -1.25494  2803.34  2954.29 2.95 2.77 -34.7 -0.465 19.24 20.59 01a59496o0474o
59496.415199  20.415  0.555    25   14 o  0   1.09  24.44238  -1.25494  2821.40  2837.40 2.92 2.79 -38.2 -0.465 19.21 20.59 01a59496o0481o
59498.465491 -21.186  0.891   -12   11 o  0   0.93  24.44238  -1.25494  8373.59  1123.58 2.01 1.85 -66.2 -0.451 19.58 20.83 02a59498o0408o
59498.469662  20.662  0.445    20    9 o  0   1.55  24.44238  -1.25494  8354.81  1082.67 2.01 1.86 -69.8 -0.451 19.53 20.84 02a59498o0417o
59498.504280  20.889  0.765    16   12 o  0   0.99  24.44238  -1.25494  8412.00  1165.24 2.01 1.86 -66.4 -0.479 19.52 20.75 02a59498o0490o
59498.510834 -21.068  0.704   -14   10 o  0   1.06  24.44238  -1.25494  8435.68  1047.64 2.02 1.85 -63.5 -0.458 19.50 20.75 02a59498o0504o
59500.379640 -23.070  6.200    -2   13 o  0   1.32  24.44238  -1.25494  2733.04  2928.68 3.24 2.86 -17.8 -0.439 19.18 20.59 01a59500o0148o
59500.381951  21.076  1.114    14   15 o  0   0.99  24.44238  -1.25494  2712.87  2890.09 2.96 2.75 -31.5 -0.464 19.23 20.58 01a59500o0153o
59500.384719  21.228  1.119    12   13 o  0   1.21  24.44238  -1.25494  2772.04  2967.10 3.02 2.80 -38.5 -0.455 19.21 20.59 01a59500o0159o
59500.391632  21.157  1.095    12   14 o  0   1.50  24.44238  -1.25494  2787.89  2847.53 3.02 2.77 -39.8 -0.465 19.21 20.61 01a59500o0174o
59504.364284  18.399  3.183   159  505 o  0   0.88  24.44238  -1.25494  4004.75   907.20 2.92 2.88 -47.5 -0.478 15.56 15.55 01a59504o0336o
59510.428707  20.352  0.894    26   24 o  0   1.08  24.44238  -1.25494  8150.14  7434.86 2.53 2.13  45.2 -0.421 18.85 19.36 02a59510o0533o
59510.434256  21.390  2.093    10   21 o  0   1.07  24.44238  -1.25494  8130.56  7397.95 2.55 2.14  44.2 -0.428 18.86 19.36 02a59510o0545o
59510.438381  20.551  0.890    22   20 o  0   1.39  24.44238  -1.25494  8188.46  7475.31 2.57 2.12  42.7 -0.417 18.87 19.37 02a59510o0554o
59510.448511  20.045  0.647    35   22 o  0   1.14  24.44238  -1.25494  8210.94  7361.02 2.57 2.20  44.2 -0.422 18.85 19.36 02a59510o0576o
59512.435243  20.652  0.952    20   19 o  0   0.96  24.44238  -1.25494  6793.48  5345.62 3.61 3.08  -9.4 -0.372 18.94 20.19 01a59512o0548o
59512.438484 -21.201  1.353   -12   16 o  0   1.13  24.44238  -1.25494  6814.08  5383.97 3.42 3.12  -5.4 -0.394 18.95 20.19 01a59512o0555o
59512.445480  18.654  0.163   125   20 o  0  11.74  24.44238  -1.25494  6756.00  5307.75 3.41 3.13  -1.5 -0.400 18.91 20.18 01a59512o0570o
59512.463083  21.189  1.519    12   18 o  0   1.00  24.44238  -1.25494  6740.92  5425.38 3.19 3.11 -80.9 -0.416 18.95 20.17 01a59512o0608o
59516.410342  21.180  1.056    12   13 o  0   1.10  24.44238  -1.25494  6792.11  5348.51 2.69 2.66 -31.0 -0.468 19.42 20.96 01a59516o0496o
59516.418012  21.199  0.986    12   12 o  0   0.82  24.44238  -1.25494  6812.52  5386.79 2.68 2.66   6.7 -0.467 19.47 21.03 01a59516o0512o
59516.421697 -21.959  2.000    -6   12 o  0   2.72  24.44238  -1.25494  6753.58  5310.36 2.73 2.72  87.8 -0.463 19.41 21.06 01a59516o0520o
59516.432715  22.198  2.143     5   10 o  0   0.98  24.44238  -1.25494  6737.84  5426.28 2.70 2.68  73.8 -0.462 19.46 21.10 01a59516o0543o
59518.406141 -23.335  6.154    -2   10 c  0   0.70  24.44238  -1.25494  9201.00  3072.24 2.45 2.32 -67.7 -0.397 19.74 21.62 02a59518o0481c
59518.409415  20.442  0.358    24    9 c  0   1.00  24.44238  -1.25494  9182.74  3033.69 2.45 2.33 -72.2 -0.397 19.75 21.62 02a59518o0488c
59518.416491  21.376  0.816    10    8 c  0   1.06  24.44238  -1.25494  9240.02  3110.75 2.50 2.38 -69.1 -0.394 19.72 21.61 02a59518o0503c
59518.426749 -22.154  1.615    -5    8 c  0   0.94  24.44238  -1.25494  9261.00  2995.35 2.46 2.29 -68.1 -0.400 19.75 21.61 02a59518o0525c
59520.403328  20.521  0.516    22   12 o  0   1.16  24.44238  -1.25494  8461.67  1329.24 2.81 2.68 -45.1 -0.497 19.42 21.06 01a59520o0487o
59520.406547  20.822  0.734    17   12 o  0   1.05  24.44238  -1.25494  8482.15  1367.82 2.78 2.67 -42.1 -0.495 19.42 21.05 01a59520o0494o
59520.413536  20.701  0.721    19   14 o  0   0.92  24.44238  -1.25494  8422.86  1291.31 2.79 2.67 -50.6 -0.502 19.39 21.03 01a59520o0509o
59520.426090  21.549  1.312     9   11 o  0   1.34  24.44238  -1.25494  8406.77  1409.61 2.76 2.67 -55.1 -0.500 19.42 21.04 01a59520o0536o
59522.404832 -22.156  2.400    -5   12 c  0   0.81  24.44238  -1.25494  3946.31  9068.21 2.55 2.46  47.9 -0.400 19.55 21.25 02a59522o0490c
59522.408035  20.497  0.462    23   11 c  0   0.96  24.44238  -1.25494  3929.53  9032.32 2.60 2.51  53.6 -0.400 19.59 21.25 02a59522o0497c
59522.415129 -20.926  0.661   -16   10 c  0   0.90  24.44238  -1.25494  3985.64  9108.00 2.57 2.48  52.5 -0.398 19.61 21.29 02a59522o0512c
59522.430253  21.387  0.986    10   10 c  0   1.21  24.44238  -1.25494  4007.02  8995.13 2.55 2.43  55.6 -0.394 19.57 21.30 02a59522o0545c
59524.334272  20.487  0.674    23   16 o  0   0.86  24.44238  -1.25494  2057.76  9244.36 3.69 3.06  -8.5 -0.396 19.15 20.92 01a59524o0336o
59524.337501 -21.976  2.440    -6   14 o  0   1.02  24.44238  -1.25494  2037.52  9203.76 3.31 2.99 -26.5 -0.430 19.16 20.88 01a59524o0343o
59524.342600 -21.267  1.347   -11   15 o  0   0.87  24.44238  -1.25494  2098.27  9280.80 3.57 2.84  -9.5 -0.422 19.19 20.93 01a59524o0354o
59524.362628  20.617  0.644    21   13 o  0   1.34  24.44238  -1.25494  2118.52  9159.87 3.04 2.85 -47.5 -0.448 19.25 20.94 01a59524o0396o
59526.342793  21.356  0.897    10    9 c  0   0.90  24.44238  -1.25494  6626.49  1485.58 2.38 2.25 -61.2 -0.400 19.71 21.42 02a59526o0356c
59526.344622 -23.827  7.000    -1    8 c  0   1.04  24.44238  -1.25494  6647.24  1524.39 2.39 2.25 -63.0 -0.396 19.72 21.42 02a59526o0360c
59526.349900  21.432  0.780    10    8 c  0   1.47  24.44238  -1.25494  6589.58  1446.65 2.38 2.23 -62.2 -0.403 19.72 21.41 02a59526o0370c
59526.360066 -22.053  1.674    -6    9 c  0   0.83  24.44238  -1.25494  6569.60  1565.96 2.39 2.25 -58.6 -0.400 19.70 21.42 02a59526o0392c
59528.394975 -23.459  9.000    -2   14 o  0   1.22  24.44238  -1.25494  8595.70  3270.43 2.89 2.74 -54.9 -0.469 19.34 20.80 01a59528o0475o
59528.398201  20.372  0.525    26   14 o  0   1.12  24.44238  -1.25494  8615.62  3310.25 2.84 2.69 -54.6 -0.476 19.31 20.79 01a59528o0482o
59528.404666 -18.734  2.763  -116  322 o  0   1.39  24.44238  -1.25494  8555.83  3233.34 2.88 2.73 -60.0 -0.469 16.25 17.69 01a59528o0496o
59528.414872  17.593  0.636   333  212 o  0   1.07  24.44238  -1.25494  8540.30  3351.07 3.07 2.96 -71.6 -0.478 17.91 19.44 01a59528o0518o
59530.365298  20.477  0.937    23   22 o  0   1.37  24.44238  -1.25494  4752.21  2772.47 2.26 1.96 -78.1 -0.457 18.70 20.51 02a59530o0407o
59530.370592  23.455 12.286     2   18 o  0   1.42  24.44238  -1.25494  4732.85  2738.29 2.18 2.01 -81.6 -0.457 18.79 20.41 02a59530o0418o
59530.373862 -21.885  3.194    -6   20 o  0   1.02  24.44238  -1.25494  4789.97  2812.39 2.17 2.04  89.5 -0.454 18.82 20.36 02a59530o0425o
59530.406836  20.199  0.638    30   19 o  0   1.00  24.44238  -1.25494  4805.88  2697.86 2.16 1.99  52.1 -0.464 18.91 20.14 02a59530o0495o
59532.276781  20.641  1.913    20   38 o  0   0.99  24.44238  -1.25494  1933.09  7299.98 3.04 2.69 -46.7 -0.465 18.60 19.37 01a59532o0164o
59532.278623 -21.435  3.562   -10   34 o  0   1.30  24.44238  -1.25494  1913.00  7260.40 3.09 2.75 -35.8 -0.460 18.59 19.37 01a59532o0168o
59532.281389 -21.535  3.979    -9   35 o  0   1.09  24.44238  -1.25494  1972.64  7337.91 2.98 2.66 -43.8 -0.466 18.63 19.38 01a59532o0174o
59532.286454 -20.126  1.017   -32   33 o  0   1.08  24.44238  -1.25494  1991.11  7222.12 2.93 2.60 -46.2 -0.472 18.67 19.39 01a59532o0185o
59538.438232 -21.309  3.724   -11   40 o  0   1.05  24.44238  -1.25494    66.89  9312.85 2.15 1.78 -56.3 -0.476 18.59 18.86 02a59538o0283o
59538.448804 -19.522  0.658   -56   37 o  0   1.06  24.44238  -1.25494    89.24  9194.68 2.19 1.81 -54.7 -0.465 18.52 18.79 02a59538o0306o
59538.454784  20.812  1.822    17   31 o  0   0.88  24.44238  -1.25494 10205.84  9307.22 2.46 2.17 -51.0 -0.427 18.50 18.78 02a59538o0319o
59538.457665  20.095  0.870    33   29 o  0   1.24  24.44238  -1.25494 10186.12  9267.89 2.45 2.17 -52.8 -0.420 18.52 18.78 02a59538o0325o
59538.465009 -23.165 14.067    -2   28 o  0   1.47  24.44238  -1.25494 10244.87  9347.88 2.44 2.14 -52.8 -0.420 18.49 18.76 02a59538o0341o
59538.476086  19.018  0.480    90   43 o  0   1.24  24.44238  -1.25494 10262.58  9231.30 2.50 2.10 -48.8 -0.428 18.53 18.70 02a59538o0365o
59540.336552  18.355  0.603   165  100 o  0   1.32  24.44238  -1.25494  6646.60  3411.77 3.05 2.84 -16.3 -0.438 17.01 17.30 01a59540o0353o
59540.339778  18.776  0.699   112   78 o  0   1.52  24.44238  -1.25494  6667.44  3450.41 2.99 2.77 -11.2 -0.445 17.24 17.63 01a59540o0360o
59540.345313  19.973  0.941    37   35 o  0   1.19  24.44238  -1.25494  6608.60  3374.02 3.11 2.81 -11.8 -0.430 18.23 18.87 01a59540o0372o
59540.359649  22.074  3.630     5   20 o  0   1.40  24.44238  -1.25494  6594.14  3489.31 2.91 2.75  -3.4 -0.451 18.70 19.67 01a59540o0403o
59542.325826  20.734  1.271    18   24 o  0   0.84  24.44238  -1.25494    36.97  9266.94 2.39 1.77 -53.0 -0.424 19.37 20.37 02a59542o0325o
59542.336851  21.038  1.224    14   17 o  0   1.24  24.44238  -1.25494    74.92  9306.72 2.41 1.76 -54.8 -0.430 19.33 20.27 02a59542o0349o
59542.338687 -22.194  3.281    -5   16 o  0   1.04  24.44238  -1.25494 10215.06  9294.81 2.79 2.17 -57.9 -0.426 19.39 20.27 02a59542o0353o
59542.341908  21.710  1.735     8   13 o  0   1.74  24.44238  -1.25494 10195.62  9256.10 2.78 2.27 -55.7 -0.415 19.36 20.26 02a59542o0360o
59542.348129  21.107  1.159    13   15 o  0   1.17  24.44238  -1.25494 10255.96  9336.22 2.77 2.21 -56.3 -0.418 19.38 20.25 02a59542o0373o
59542.349957 -21.313  1.729   -11   19 o  0   1.01  24.44238  -1.25494   100.26  9192.35 2.27 1.75 -51.9 -0.435 19.31 20.23 02a59542o0377o
59542.358513  22.035  2.700     6   15 o  0   0.93  24.44238  -1.25494 10275.75  9220.34 2.72 2.09 -55.3 -0.420 19.36 20.23 02a59542o0395o
59544.367184  21.104  1.078    13   14 o  0   1.03  24.44238  -1.25494 10511.61  9459.27 3.20 2.93 -74.2 -0.380 19.31 20.84 01a59544o0385o
59544.369949 -24.919 37.500    -0   15 o  0   1.08  24.44238  -1.25494   328.58  9679.71 3.09 2.57 -43.9 -0.506 19.34 20.86 01a59544o0391o
59544.373638 -21.941  2.419    -6   15 o  0   1.11  24.44238  -1.25494   349.20  9718.90 3.11 2.57 -39.0 -0.501 19.34 20.84 01a59544o0399o
59544.376423  21.063  1.075    14   15 o  0   1.23  24.44238  -1.25494 10471.47  9423.14 3.18 2.85 -69.1 -0.381 19.30 20.77 01a59544o0405o
59544.380601  21.255  1.328    11   15 o  0   0.92  24.44238  -1.25494   290.20  9642.24 3.02 2.49 -46.2 -0.511 19.33 20.78 01a59544o0414o
59544.393536  21.431  1.771    10   17 o  0   0.79  24.44238  -1.25494 10456.69  9543.74 3.19 2.90 -74.4 -0.378 19.23 20.55 01a59544o0442o
59544.394461  20.536  0.701    22   16 o  0   0.98  24.44238  -1.25494   273.74  9763.00 2.95 2.44 -46.0 -0.532 19.29 20.58 01a59544o0444o
59546.362837 -23.722  8.000    -1    9 o  0   1.78  24.44238  -1.25494  1822.80  5278.27 2.10 1.95  45.1 -0.582 19.61 20.96 02a59546o0404o
59546.366044 -20.633  0.538   -20   11 o  0   0.87  24.44238  -1.25494  1804.59  5239.42 2.08 1.92  45.6 -0.455 19.65 20.99 02a59546o0411o
59546.374306 -21.812  1.323    -7    9 o  0   1.48  24.44238  -1.25494  1861.64  5316.92 2.12 1.93  47.3 -0.570 19.67 21.00 02a59546o0429o
59546.384611 -21.326  0.896   -11   10 o  0   1.11  24.44238  -1.25494  1883.28  5203.79 2.08 1.90  47.6 -0.451 19.63 20.94 02a59546o0451o
59560.281294 -22.624  7.800    -3   25 o  0   0.83  24.44238  -1.25494  4508.77  1603.04 3.32 2.86 -12.0 -0.428 18.67 19.57 01a59560o0223o
59560.285008 -21.444  2.561   -10   25 o  0   1.11  24.44238  -1.25494  4530.39  1642.81 3.57 2.94  -9.1 -0.415 18.62 19.57 01a59560o0230o
59564.298090  18.267  1.179   179  211 o  0   0.98  24.44238  -1.25494  4529.25  1608.99 2.89 2.73 -47.3 -0.504 16.39 16.43 01a59564o0227o
59564.301314 -19.755  0.847   -46   38 o  0   0.90  24.44238  -1.25494  4551.46  1648.45 2.88 2.72 -49.4 -0.485 18.17 18.68 01a59564o0234o
59564.306871  18.014  0.537   226  122 o  0   1.14  24.44238  -1.25494  4493.44  1571.50 2.83 2.68 -47.9 -0.504 16.97 17.16 01a59564o0246o
59564.347777 -20.965  2.342   -15   35 o  0   1.04  24.44238  -1.25494  4503.94  1693.94 2.93 2.81 -56.1 -0.463 18.26 18.77 01a59564o0317o
59581.799855 -21.261  1.083   -11   12 o  0   1.18  24.44238  -1.25494  8650.45  8661.73 2.79 2.25  82.6 -0.426 19.30 20.99 03a59582o0039o
59581.803664  23.156  6.600     2   13 o  0   1.09  24.44238  -1.25494  8669.97  8704.12 2.80 2.26  83.6 -0.482 19.28 21.03 03a59582o0047o
59581.809968  22.169  2.704     5   13 o  0   0.87  24.44238  -1.25494  8615.65  8632.01 2.69 2.22  83.6 -0.429 19.34 21.02 03a59582o0060o
59581.820581  21.101  1.031    13   14 o  0   1.01  24.44238  -1.25494  8597.43  8763.08 2.84 2.34  82.2 -0.412 19.22 21.00 03a59582o0082o
59582.802346  16.505  0.464   908  421 o  0   0.79  24.44238  -1.25494  8560.17  4835.77 2.90 2.38  88.7 -0.437 16.33 17.86 03a59583o0045o
59582.808005 -23.603 13.400    -1   18 o  0   1.13  24.44238  -1.25494  8505.95  4763.69 2.91 2.38  89.4 -0.412 19.01 20.67 03a59583o0057o
59582.817902 -19.209  1.000   -75   75 o  0   0.76  24.44238  -1.25494  8488.23  4893.11 2.77 2.31 -89.2 -0.419 17.26 18.89 03a59583o0078o
59584.261820  21.183  1.190    12   14 o  0   0.97  24.44238  -1.25494  2169.88  1261.86 2.88 2.79 -44.5 -0.486 19.30 20.87 01a59584o0115o
59584.265968  20.627  0.644    20   13 o  0   1.49  24.44238  -1.25494  2193.31  1301.01 2.96 2.82 -57.3 -0.485 19.32 20.87 01a59584o0124o
59584.272012  23.082  6.364     2   14 o  0   1.01  24.44238  -1.25494  2136.80  1224.63 2.86 2.77 -52.3 -0.491 19.36 20.84 01a59584o0137o
59584.287225 -21.304  1.179   -11   13 o  0   1.21  24.44238  -1.25494  2130.20  1345.27 2.89 2.72 -40.2 -0.509 19.32 20.80 01a59584o0170o
59586.265064 -21.821  2.224    -7   15 o  0   0.87  24.44238  -1.25494 10121.38  7360.08 2.30 2.13 -61.6 -0.452 19.47 20.66 02a59586o0123o
59586.269218  21.434  1.352    10   13 o  0   0.86  24.44238  -1.25494 10101.09  7320.92 2.31 2.07 -62.3 -0.451 19.50 20.66 02a59586o0132o
59586.270590 -20.749  7.186   -18  131 o  0   0.04  24.44238  -1.25494    30.89  7253.41 2.16 1.75 -55.2 -0.432 19.40 20.49 02a59586o0135o
59586.277005  21.507  1.258     9   11 o  0   1.72  24.44238  -1.25494 10159.53  7399.34 2.40 2.17 -61.9 -0.439 19.43 20.62 02a59586o0149o
59586.287183  22.376  3.067     4   12 o  0   1.08  24.44238  -1.25494 10178.19  7283.86 2.32 2.05 -57.1 -0.460 19.43 20.56 02a59586o0171o
59588.218213  21.555  2.647     9   23 o  0   1.18  24.44238  -1.25494  2150.61  1260.89 2.64 2.58 -47.3 -0.528 18.75 19.41 01a59588o0065o
59588.228358 -21.282  2.094   -11   23 o  0   1.15  24.44238  -1.25494  2179.22  1299.69 2.69 2.55 -46.1 -0.545 18.75 19.40 01a59588o0087o
59588.232041 -20.894  1.717   -16   27 o  0   0.99  24.44238  -1.25494  2121.58  1224.72 2.70 2.52 -43.1 -0.554 18.72 19.35 01a59588o0095o
59588.237568 -20.750  1.437   -18   26 o  0   0.89  24.44238  -1.25494  2107.77  1343.70 2.72 2.57 -43.1 -0.539 18.69 19.37 01a59588o0107o
59592.289544  19.747  0.608    46   28 o  0   1.03  24.44238  -1.25494  2282.26  9529.99 2.96 2.69 -48.0 -0.478 18.60 19.31 01a59592o0197o
59592.292778  21.716  3.846     8   29 o  0   0.98  24.44238  -1.25494  2303.48  9569.25 2.98 2.66 -46.3 -0.479 18.61 19.30 01a59592o0204o
59592.298769 -20.941  1.768   -15   27 o  0   1.15  24.44238  -1.25494  2246.08  9494.25 2.91 2.66 -50.8 -0.476 18.61 19.28 01a59592o0217o
59592.310298  20.804  1.620    17   28 o  0   1.09  24.44238  -1.25494  2233.44  9613.94 2.93 2.64 -49.2 -0.481 18.60 19.24 01a59592o0242o
59596.252414  20.671  1.186    20   23 o  0   1.40  24.44238  -1.25494  2263.59  9527.62 2.85 2.52 -39.7 -0.491 18.72 19.32 01a59596o0132o
59596.256125  21.276  2.212    11   25 o  0   1.05  24.44238  -1.25494  2285.58  9566.43 2.74 2.57 -52.3 -0.491 18.68 19.32 01a59596o0140o
59596.261710 -21.622  3.146    -8   26 o  0   1.18  24.44238  -1.25494  2229.64  9491.36 2.78 2.49 -44.1 -0.506 18.69 19.30 01a59596o0152o
59596.272338  20.001  0.795    36   29 o  0   1.07  24.44238  -1.25494  2218.22  9610.18 2.72 2.52 -55.3 -0.499 18.69 19.28 01a59596o0175o
59598.800663  24.139 22.750     1   18 o  0   1.37  24.44238  -1.25494  9862.89  2878.08 2.90 2.24 -88.8 -0.390 18.81 19.92 03a59599o0057o
59598.804072 -19.951  0.591   -38   22 o  0   0.94  24.44238  -1.25494  9880.18  2924.97 3.07 2.23 -86.8 -0.366 18.79 19.81 03a59599o0063o
59598.810610  19.433  0.386    61   24 o  0   0.94  24.44238  -1.25494  9828.92  2868.41 2.89 2.21 -88.1 -0.385 18.72 19.63 03a59599o0077o
59600.280283  22.479  4.118     4   15 o  0   1.02  24.44238  -1.25494  2361.44  3217.28 3.11 2.95 -48.0 -0.448 19.12 20.52 01a59600o0189o
59600.283517 -20.654  0.833   -20   17 o  0   1.05  24.44238  -1.25494  2382.77  3256.21 3.03 2.83 -44.4 -0.462 19.05 20.36 01a59600o0196o
59600.293682  20.378  0.768    26   20 o  0   1.22  24.44238  -1.25494  2326.86  3181.36 2.98 2.83 -55.6 -0.459 18.87 19.95 01a59600o0218o
59600.299245  22.766  7.929     3   22 o  0   1.14  24.44238  -1.25494  2311.55  3298.81 2.99 2.78 -45.8 -0.464 18.79 19.74 01a59600o0230o
59604.230256  20.252  0.555    29   16 o  0   1.00  24.44238  -1.25494  2332.07  3216.74 2.68 2.52 -49.7 -0.499 19.26 20.53 01a59604o0079o
59604.235787  20.862  0.947    16   16 o  0   0.93  24.44238  -1.25494  2355.70  3256.07 2.77 2.60 -50.9 -0.485 19.23 20.50 01a59604o0091o
59604.239940 -21.111  1.026   -13   13 o  0   1.27  24.44238  -1.25494  2298.79  3179.96 2.72 2.55 -50.0 -0.494 19.23 20.48 01a59604o0100o
59604.249706  22.100  3.133     5   16 o  0   1.08  24.44238  -1.25494  2287.48  3296.64 2.76 2.57 -54.8 -0.489 19.23 20.49 01a59604o0121o
59605.036405 -19.656  0.665   -50   33 o  0   0.78  24.44238  -1.25494  5845.60  3528.93 3.10 2.71 -14.9 -0.450 18.47 19.59 04a59605o0041o
59605.039685 -20.141  0.723   -32   23 o  0   1.05  24.44238  -1.25494  5846.98  3570.72 3.48 3.08  46.8 -0.411 18.64 20.11 04a59605o0048o
59605.044833 -25.230 61.000    -0   18 o  0   1.41  24.44238  -1.25494  5759.40  3494.87 3.47 2.83 -51.8 -0.429 18.79 20.59 04a59605o0059o
59605.057911  22.137  3.526     5   18 o  0   1.08  24.44238  -1.25494  5638.68  3617.44 3.49 2.65  14.7 -0.383 18.94 20.77 04a59605o0087o
59737.162007  19.713  0.331    47   16 o  0   1.36  24.44238  -1.25494  5704.14  5110.14 2.24 2.11 -41.7 -0.440 19.05 20.00 03a59737o0984o
59737.172404 -23.666 19.778    -1   24 o  0   0.89  24.44238  -1.25494  5685.21  5070.73 2.25 2.16 -30.2 -0.446 18.75 19.40 03a59737o1004o
59737.184033  19.795  1.687    44   74 o  0   0.90  24.44238  -1.25494  5739.87  5148.70 2.29 2.25  63.6 -0.485 17.53 17.15 03a59737o1027o
59742.588442 -20.621  1.100   -20   22 o  0   0.98  24.44238  -1.25494  3855.64  7178.41 3.10 2.91 -11.8 -0.419 18.72 19.78 01a59742o0755o
59742.594017  19.922  0.532    39   21 o  0   1.12  24.44238  -1.25494  3836.79  7137.21 3.74 2.99 -41.2 -0.420 18.74 20.03 01a59742o0767o
59742.608742  19.584  0.715    53   38 o  0   1.02  24.44238  -1.25494  3900.70  7212.68 2.97 2.78  -7.5 -0.440 18.55 19.25 01a59742o0799o
59742.617993 -21.857 77.387    -7  508 o  0   0.88  24.44238  -1.25494  3921.13  7094.73 3.11 2.89  28.9 -0.478 17.09 17.02 01a59742o0819o
59744.588017 -18.425  1.579  -155  244 o  0   0.19  24.44238  -1.25494 10515.09  1296.20 3.22 2.43  -9.7 -0.429 17.80 18.23 02a59744o0748o
59744.602308 -18.956  0.657   -95   62 o  0   1.37  24.44238  -1.25494 10479.27  1259.07 2.84 2.37 -15.1 -0.445 17.94 18.40 02a59744o0779o
59744.612437 -19.010  0.654   -90   59 o  0   1.05  24.44238  -1.25494 10455.92  1375.61 2.69 2.24 -11.2 -0.475 17.73 18.06 02a59744o0801o
59768.592200 -22.631  3.789    -3   12 c  0   1.03  24.44238  -1.25494  8448.83  9656.32 2.71 2.54  31.5 -0.396 19.51 21.13 02a59768o0738c
59768.597624  21.830  1.950     7   13 c  0   0.80  24.44238  -1.25494  8466.14  9694.59 2.66 2.55  33.9 -0.403 19.54 21.12 02a59768o0750c
59768.610811  22.474  4.111     4   15 c  0   1.09  24.44238  -1.25494  8408.26  9616.18 2.63 2.55  24.8 -0.400 19.16 20.52 02a59768o0779c
59768.617652  19.605  0.567    52   30 c  0   1.73  24.44238  -1.25494  8390.96  9733.89 2.71 2.58  29.8 -0.387 18.27 19.30 02a59768o0794c
59769.159748  21.461  1.532    10   14 o  0   1.00  24.44238  -1.25494  8048.70  7434.50 3.14 2.53   0.1 -0.387 19.21 20.74 03a59769o0867o
59769.177792  22.111  3.652     5   19 o  0   1.02  24.44238  -1.25494  8029.11  7398.36 3.27 2.60  -4.6 -0.409 18.97 20.29 03a59769o0902o
59769.183882  21.201  1.854    12   22 o  0   1.37  24.44238  -1.25494  8081.85  7479.10 4.03 2.54   2.1 -0.358 18.59 19.63 03a59769o0914o
59769.192878  19.484  1.076    58   63 o  0   0.99  24.44238  -1.25494  8104.21  7365.15 3.22 2.51  -3.3 -0.385 17.65 17.53 03a59769o0932o
59772.591746  22.089  2.891     5   15 o  0   1.16  24.44238  -1.25494  4764.95  3530.31 2.40 1.81  28.9 -0.450 19.04 19.58 02a59772o0752o
59772.602161 -23.537 12.182    -1   17 o  0   1.04  24.44238  -1.25494  4781.35  3567.47 2.54 1.92  23.5 -0.427 19.14 19.91 02a59772o0775o
59772.611701  22.224  2.878     5   14 o  0   1.17  24.44238  -1.25494  4728.41  3491.40 2.36 1.84  25.3 -0.449 19.30 20.16 02a59772o0796o
59772.618052  20.314  0.745    27   20 o  0   0.83  24.44238  -1.25494  4709.69  3607.68 2.40 1.82  25.4 -0.458 19.03 19.58 02a59772o0810o
59773.114341  21.183  2.243    12   27 o  0   0.93  24.44238  -1.25494  8069.36  7433.47 2.62 2.49 -22.0 -0.409 18.57 19.10 03a59773o0806o
59773.117504  20.983  1.779    15   26 o  0   1.23  24.44238  -1.25494  8049.87  7395.17 2.68 2.53 -16.1 -0.407 18.56 19.12 03a59773o0813o
59773.123408  21.679  3.488     8   27 o  0   1.08  24.44238  -1.25494  8103.98  7475.18 2.86 2.52  -4.0 -0.402 18.58 19.14 03a59773o0826o
59773.134297  20.033  0.792    35   28 o  0   0.80  24.44238  -1.25494  8123.61  7361.60 2.84 2.59  -5.3 -0.404 18.57 19.19 03a59773o0850o
59774.571649  22.524  7.588     4   27 o  0   0.99  24.44238  -1.25494  5674.45  5111.81 3.02 2.88  -9.5 -0.443 18.49 19.24 01a59774o0712o
59774.575755 -19.846  0.596   -42   25 o  0   1.65  24.44238  -1.25494  5655.70  5072.28 3.15 2.99  11.6 -0.427 18.45 19.27 01a59774o0721o
59774.581676  20.663  1.320    20   26 o  0   1.07  24.44238  -1.25494  5714.83  5146.52 2.88 2.84  17.4 -0.446 18.55 19.31 01a59774o0734o
59774.602188  20.583  1.173    21   25 o  0   1.15  24.44238  -1.25494  5740.35  5029.25 3.24 2.91  12.8 -0.410 18.55 19.39 01a59774o0779o
59777.067332  19.802  0.764    44   33 o  0   1.37  24.44238  -1.25494  9199.56  3105.81 2.55 2.36  -1.0 -0.418 18.24 18.43 03a59777o0824o
59777.073236 -20.795  2.372   -18   41 o  0   0.88  24.44238  -1.25494  9187.10  3064.86 3.17 2.70  -1.3 -0.379 18.08 18.48 03a59777o0836o
59777.076401 -21.011  2.636   -14   38 o  0   0.99  24.44238  -1.25494  9241.65  3144.47 2.76 2.51  -7.4 -0.392 18.21 18.50 03a59777o0843o
59777.086821 -20.005  0.969   -36   35 o  0   0.91  24.44238  -1.25494  9262.49  3029.27 2.75 2.54  -6.5 -0.399 18.22 18.55 03a59777o0866o
59778.586324  20.636  1.435    20   29 o  0   0.77  24.44238  -1.25494  6628.61  2674.13 2.85 2.75  30.1 -0.460 18.67 19.34 01a59778o0745o
59778.589965  19.559  0.431    54   24 o  0   1.16  24.44238  -1.25494  6608.71  2635.09 2.84 2.82  24.5 -0.463 18.59 19.35 01a59778o0753o
59778.608449 -21.302  2.056   -11   22 o  0   1.30  24.44238  -1.25494  6668.22  2707.65 2.97 2.89 -32.0 -0.456 18.61 19.37 01a59778o0792o
59778.618011 -19.024  0.332   -89   30 o  0   1.14  24.44238  -1.25494  6686.24  2588.92 3.89 3.01   1.5 -0.381 18.33 19.13 01a59778o0813o
59781.149825  22.209  3.923     5   19 o  0   1.03  24.44238  -1.25494  9201.58  3122.26 2.26 2.08  25.9 -0.460 18.96 19.56 03a59781o0879o
59781.153497  22.067  3.279     5   18 o  0   0.90  24.44238  -1.25494  9182.20  3083.41 2.34 2.10  30.9 -0.450 18.94 19.55 03a59781o0886o
59781.168910  19.733  0.396    46   18 o  0   1.07  24.44238  -1.25494  9234.97  3165.60 2.30 2.11  23.3 -0.465 18.97 19.56 03a59781o0917o
59781.180889  19.974  0.589    37   22 o  0   0.93  24.44238  -1.25494  9255.89  3053.12 2.30 2.09  10.5 -0.460 18.80 19.23 03a59781o0941o
59783.352243 -20.276  0.366   -28   10 o  0   1.21  24.44238  -1.25494  1854.81  5320.82 2.13 1.90  79.1 -0.400 19.40 20.61 04a59783o0856o
59783.357583  23.131  5.263     2   11 o  0   1.12  24.44238  -1.25494  1839.13  5282.57 2.15 1.94  79.2 -0.398 19.39 20.60 04a59783o0867o
59783.367422  21.286  1.074    11   12 o  0   1.20  24.44238  -1.25494  1900.17  5356.78 2.13 1.89  79.0 -0.396 19.41 20.60 04a59783o0887o
59783.370124 -20.320  0.420   -27   11 o  0   1.04  24.44238  -1.25494  1920.90  5240.15 2.10 1.85  74.8 -0.391 19.41 20.61 04a59783o0893o
59785.076688  21.377  0.794    10    8 c  0   1.46  24.44238  -1.25494  3856.69  8987.51 2.69 2.41 -10.5 -0.372 19.70 21.63 03a59785o0769c
59785.107529  20.405  0.296    25    7 c  0   1.66  24.44238  -1.25494  3828.42  8950.72 2.73 2.37  -6.9 -0.373 19.71 21.70 03a59785o0830c
59785.117108  20.964  0.581    15    9 c  0   0.98  24.44238  -1.25494  3881.56  9030.64 2.56 2.45 -27.4 -0.378 19.74 21.70 03a59785o0849c
59785.120649 -22.502  2.111    -4    8 c  0   1.46  24.44238  -1.25494  3904.58  8914.85 2.45 2.39 -30.4 -0.388 19.76 21.69 03a59785o0856c
59786.583809 -21.927  2.333    -6   14 o  0   1.00  24.44238  -1.25494  8306.72  9338.84 3.17 3.07  55.3 -0.435 19.26 20.79 01a59786o0755o
59786.587001  20.532  0.667    22   15 o  0   0.97  24.44238  -1.25494  8289.40  9301.86 3.12 3.08  69.0 -0.435 19.27 20.79 01a59786o0762o
59786.608354  20.313  0.509    27   14 o  0   0.96  24.44238  -1.25494  8352.48  9373.97 3.30 3.25  56.0 -0.407 19.23 20.78 01a59786o0808o
59786.616666  21.001  1.099    14   16 o  0   0.79  24.44238  -1.25494  8370.88  9254.73 2.97 2.90  50.9 -0.447 19.23 20.55 01a59786o0826o
59788.592127 -23.580  6.909    -1    9 c  0   0.86  24.44238  -1.25494   459.28  3223.11 2.25 2.23 -13.1 -0.418 19.65 21.26 02a59788o0767c
59788.606183 -21.137  0.543   -13    7 c  0   1.17  24.44238  -1.25494   478.04  3260.54 2.24 2.21 -44.0 -0.420 19.66 21.23 02a59788o0798c
59788.615983  21.689  1.188     8    9 c  0   1.12  24.44238  -1.25494   420.24  3181.50 2.25 2.20 -47.3 -0.419 19.65 21.12 02a59788o0819c
59788.619602  21.825  1.339     7    9 c  0   1.31  24.44238  -1.25494   401.32  3297.33 2.27 2.24 -25.4 -0.413 19.49 20.91 02a59788o0827c
59791.377513 -22.344  2.138    -4    9 c  0   1.15  24.44238  -1.25494  8093.77  5504.43 2.64 2.22 -28.7 -0.386 19.56 21.44 04a59791o0828c
59791.379371 -22.183  1.972    -5   10 c  0   1.12  24.44238  -1.25494  8075.62  5464.36 2.56 2.12 -29.4 -0.396 19.62 21.44 04a59791o0832c
59791.386785 -21.488  0.957    -9    9 c  0   1.24  24.44238  -1.25494  8138.83  5540.29 2.51 2.10 -30.3 -0.403 19.63 21.44 04a59791o0848c
59791.397517 -21.643  1.172    -8    9 c  0   1.03  24.44238  -1.25494  8162.76  5422.94 2.62 2.15 -29.8 -0.381 19.59 21.46 04a59791o0871c
59792.567717  22.125  1.816     5    9 c  0   0.91  24.44238  -1.25494   464.81  3223.86 2.37 2.35 -73.6 -0.406 19.55 21.08 02a59792o0659c
59792.570881  23.800  8.500     1    9 c  0   1.14  24.44238  -1.25494   484.68  3262.43 2.40 2.38  14.7 -0.404 19.53 21.10 02a59792o0666c
59792.597931  20.442  0.389    24    9 c  0   0.80  24.44238  -1.25494   427.66  3183.58 2.38 2.35 -45.6 -0.408 19.55 21.12 02a59792o0723c
59792.608809  21.279  0.768    11    9 c  0   1.25  24.44238  -1.25494   409.05  3298.91 2.40 2.37 -58.6 -0.411 19.60 21.19 02a59792o0747c
59796.586246 -21.247  0.812   -12    9 c  0   1.23  24.44238  -1.25494  9702.99  7617.57 2.70 2.57 -70.5 -0.410 19.66 21.34 02a59796o0338c
59796.591721  20.499  0.369    23    8 c  0   1.46  24.44238  -1.25494  9722.60  7656.10 2.64 2.59 -71.5 -0.404 19.70 21.34 02a59796o0350c
59796.618117 -21.990  1.694    -6   10 c  0   0.90  24.44238  -1.25494  9669.24  7580.91 2.62 2.57 -83.6 -0.412 19.65 21.24 02a59796o0407c
59796.619924  23.279  5.636     2   10 c  0   1.10  24.44238  -1.25494  9650.18  7697.01 2.62 2.58  86.4 -0.409 19.64 21.17 02a59796o0411c
59797.142691   0.000 21.414     0   10 c  0   1.12  24.44238  -1.25494  5682.88  7770.39 2.39 2.18 -50.2 -0.400 19.49 21.35 03a59797o0766c
59797.146067  23.368  5.308     2    9 c  0   0.97  24.44238  -1.25494  5698.70  7809.55 2.36 2.15 -55.1 -0.404 19.77 21.63 03a59797o0773c
59797.152163 -20.935  0.475   -15    7 c  0   1.06  24.44238  -1.25494  5639.80  7732.47 2.41 2.19 -52.9 -0.405 19.77 21.65 03a59797o0786c
59797.164904 -22.064  1.476    -5    8 c  0   1.02  24.44238  -1.25494  5611.08  7850.60 2.41 2.23 -52.3 -0.407 19.77 21.60 03a59797o0813c
59799.294303  21.031  1.506    14   21 o  0   1.05  24.44238  -1.25494  2128.98   957.76 2.94 2.36  50.4 -0.376 18.85 19.95 04a59799o0665o
59799.312386  21.395  1.544    10   16 o  0   1.35  24.44238  -1.25494  2111.66   914.83 2.73 2.11  50.3 -0.384 19.03 20.12 04a59799o0704o
59799.315158 -20.564  0.716   -22   16 o  0   1.21  24.44238  -1.25494  2172.63   993.06 2.57 2.00  49.1 -0.397 19.12 20.19 04a59799o0710o
59799.328739  23.867 12.875     1   13 o  0   1.34  24.44238  -1.25494  2197.09   875.20 2.58 1.92  48.6 -0.407 19.20 20.36 04a59799o0739o
59800.510012 -21.193  1.986   -12   24 o  0   1.12  24.44238  -1.25494  9695.91  7614.44 2.53 2.42  31.4 -0.428 18.83 19.51 02a59800o0584o
59800.511832  21.365  2.371    10   24 o  0   0.99  24.44238  -1.25494  9715.53  7653.78 2.51 2.41  26.0 -0.435 18.83 19.56 02a59800o0588o
59800.517722 -20.684  1.164   -19   22 o  0   1.17  24.44238  -1.25494  9655.39  7574.73 2.57 2.47  34.8 -0.411 18.88 19.71 02a59800o0601o
59800.540009 -22.149  3.000    -5   15 o  0   1.04  24.44238  -1.25494  9636.63  7693.77 2.36 2.20 -61.3 -0.432 19.26 20.18 02a59800o0648o
59801.066576 -20.729  1.259   -18   23 o  0   0.89  24.44238  -1.25494 10069.07  9337.91 2.76 2.31 -27.4 -0.384 18.81 19.48 03a59801o0757o
59801.068377 -20.625  0.941   -20   19 o  0   1.08  24.44238  -1.25494 10049.39  9297.92 2.66 2.25 -38.8 -0.401 18.91 19.58 03a59801o0761o
59801.073246 -21.769  2.667    -7   19 o  0   1.02  24.44238  -1.25494 10107.55  9379.86 2.67 2.23 -29.8 -0.394 18.87 19.51 03a59801o0771o
59801.082201  21.512  2.607     9   24 o  0   1.38  24.44238  -1.25494 10127.39  9264.82 2.51 2.17 -40.3 -0.399 18.67 19.25 03a59801o0790o
59802.554132 -20.536 10.609   -22  235 o  0   0.78  24.44238  -1.25494  8179.24  7392.56 3.41 3.13   8.7 -0.413 17.36 17.77 01a59802o0706o
59802.564613  20.391  8.974    25  227 o  0   1.04  24.44238  -1.25494  8161.16  7352.49 3.33 3.08  22.4 -0.423 17.36 17.72 01a59802o0729o
59802.567802 -19.364  4.134   -65  270 o  0   1.32  24.44238  -1.25494  8221.10  7428.39 3.76 3.08   7.7 -0.398 16.94 17.35 01a59802o0736o
59802.577829  18.699  1.425   120  171 o  0   1.11  24.44238  -1.25494  8239.17  7308.85 3.54 3.19   0.8 -0.407 17.39 17.93 01a59802o0758o
59803.255021  19.251  0.594    72   43 o  0   1.11  24.44238  -1.25494  5870.55  7099.11 2.55 2.35 -66.5 -0.390 18.07 18.70 04a59803o0657o
59803.260427 -19.655  0.890   -50   44 o  0   1.04  24.44238  -1.25494  5887.96  6983.93 2.94 2.70 -62.6 -0.342 18.01 18.52 04a59803o0669o
59804.522502 -20.743  1.483   -18   27 o  0   1.10  24.44238  -1.25494  7750.63  7699.57 2.30 2.04  31.8 -0.423 18.66 18.82 02a59804o0636o
59804.525216  20.274  0.869    28   24 o  0   1.27  24.44238  -1.25494  7769.67  7739.57 2.31 2.01  33.9 -0.427 18.69 18.86 02a59804o0642o
59804.528831  20.470  0.995    24   23 o  0   0.97  24.44238  -1.25494  7710.51  7660.44 2.28 1.96  32.6 -0.434 18.73 18.94 02a59804o0650o
59804.538512  22.544  7.300     4   26 o  0   0.84  24.44238  -1.25494  7696.31  7778.20 2.27 1.98  36.0 -0.430 18.74 18.97 02a59804o0669o
59810.531185 -22.642  4.786    -3   15 o  0   1.26  24.44238  -1.25494  9153.52  3015.34 3.28 3.05   8.3 -0.411 19.11 20.49 01a59810o0666o
59810.533006  23.782 13.000     1   14 o  0   1.47  24.44238  -1.25494  9131.98  2974.98 3.23 3.02   4.0 -0.418 19.12 20.50 01a59810o0670o
59810.535737  20.782  0.925    18   16 o  0   0.90  24.44238  -1.25494  9191.32  3051.01 3.21 3.02   6.3 -0.412 19.13 20.52 01a59810o0676o
59810.555802 -23.511 11.833    -1   17 o  0   1.00  24.44238  -1.25494  9210.71  2924.41 3.38 3.16   3.8 -0.399 19.10 20.55 01a59810o0717o
59811.280389 -21.895  1.746    -6   11 o  0   1.15  24.44238  -1.25494  6009.85   758.12 1.89 1.78 -29.7 -0.472 19.52 20.75 04a59811o0687o
59811.282190   0.000 21.216    -0   12 o  0   0.79  24.44238  -1.25494  5990.72   718.87 1.95 1.81 -24.6 -0.450 19.52 20.78 04a59811o0691o
59812.536625  21.266  1.319    11   15 o  0   0.97  24.44238  -1.25494  6512.24  9740.76 2.61 2.52  51.5 -0.419 19.29 20.67 02a59812o0667o
59812.555077 -21.113  0.957   -13   12 o  0   1.45  24.44238  -1.25494  6536.89  9778.42 2.77 2.69  36.3 -0.421 19.26 20.80 02a59812o0705o
59812.556907 -20.406  0.675   -25   17 o  0   0.72  24.44238  -1.25494  6478.43  9700.20 2.93 2.75  28.7 -0.410 19.22 20.81 02a59812o0709o
59812.560580 -24.361 16.000    -1   10 o  0   1.95  24.44238  -1.25494  6459.24  9817.71 2.64 2.45  26.9 -0.419 19.34 20.84 02a59812o0717o
59813.012951  22.053  1.805     6   10 o  0   1.21  24.44238  -1.25494  1800.98  5163.69 2.46 2.17 -58.4 -0.404 19.52 20.92 03a59813o0560o
59813.033950 -21.401  1.151   -10   12 o  0   1.10  24.44238  -1.25494  1775.01  5126.77 2.25 2.02 -68.6 -0.425 19.58 20.89 03a59813o0606o
59813.055607 -23.738  7.800    -1    9 o  0   1.67  24.44238  -1.25494  1829.25  5208.91 2.26 2.03 -59.0 -0.423 19.56 20.81 03a59813o0653o
59813.060591  22.274  2.342     4   10 o  0   1.12  24.44238  -1.25494  1848.93  5093.46 2.24 2.08 -43.3 -0.425 19.54 20.81 03a59813o0663o
59814.502318  23.526 11.000     1   16 o  0   1.35  24.44238  -1.25494  9150.50  3014.62 3.28 3.13  10.7 -0.410 19.13 20.61 01a59814o0609o
59814.504138 -20.694  0.961   -19   18 o  0   0.79  24.44238  -1.25494  9130.69  2976.84 3.35 3.27  48.7 -0.401 19.07 20.61 01a59814o0613o
59814.508699  21.464  1.526     9   14 o  0   1.51  24.44238  -1.25494  9191.47  3054.51 3.40 3.26  19.4 -0.388 19.11 20.63 01a59814o0623o
59814.521518 -23.989 17.250    -1   16 o  0   1.10  24.44238  -1.25494  9208.71  2932.85 3.27 3.08   3.2 -0.411 19.14 20.69 01a59814o0651o
59818.534858 -22.308  3.136    -4   14 o  0   1.00  24.44238  -1.25494  4019.14  9100.12 2.96 2.90  33.6 -0.426 19.28 20.78 01a59818o0639o
59818.537134  21.484  1.327     9   12 o  0   1.09  24.44238  -1.25494  3999.20  9059.18 2.95 2.77  48.1 -0.430 19.33 20.78 01a59818o0644o
59818.540324  21.303  1.086    11   12 o  0   1.27  24.44238  -1.25494  4059.73  9138.17 2.93 2.79  46.2 -0.429 19.34 20.81 01a59818o0651o
59818.546696  21.858  1.771     7   12 o  0   1.18  24.44238  -1.25494  4078.03  9021.71 2.93 2.79  46.9 -0.427 19.35 20.81 01a59818o0665o
59819.367313  22.845  3.043     3    8 c  0   1.32  24.44238  -1.25494   488.25  3240.66 2.52 1.86  49.5 -0.389 19.73 21.49 04a59819o0721c
59819.370944 -22.223  1.829    -5    9 c  0   1.39  24.44238  -1.25494   509.62  3276.09 2.50 1.87  48.3 -0.388 19.67 21.48 04a59819o0729c
59819.376358 -20.830  0.493   -17    8 c  0   1.42  24.44238  -1.25494   453.09  3193.23 2.60 1.93  48.8 -0.379 19.64 21.46 04a59819o0741c
59819.387640 -23.235  4.125    -2    8 c  0   1.07  24.44238  -1.25494   438.85  3300.48 2.55 1.85  49.2 -0.384 19.69 21.49 04a59819o0766c
59820.536007 -20.595  0.475   -21   10 c  0   1.33  24.44238  -1.25494  6804.54  5370.14 2.75 2.33  29.4 -0.392 19.57 21.37 02a59820o0680c
59820.537817  21.877  1.432     6    9 c  0   1.21  24.44238  -1.25494  6823.83  5408.59 2.69 2.30  30.4 -0.399 19.57 21.38 02a59820o0684c
59820.573157 -22.996  5.000    -2   12 c  0   1.15  24.44238  -1.25494  6765.57  5337.37 2.74 2.36  29.3 -0.391 19.59 21.51 02a59820o0758c
59820.581102  23.121  4.929     2   10 c  0   1.08  24.44238  -1.25494  3824.36  5112.28 2.69 2.30  35.9 -0.398 19.61 21.52 02a59820o0775c
59822.526830  25.637 65.000     0   13 o  0   1.19  24.44238  -1.25494  4021.98  9100.82 3.04 2.87  45.2 -0.422 19.33 20.83 01a59822o0665o
59822.542682  21.097  0.881    13   12 o  0   1.50  24.44238  -1.25494  4004.33  9057.32 3.00 2.83  43.7 -0.427 19.32 20.84 01a59822o0699o
59822.544510 -22.898  5.077    -2   13 o  0   1.19  24.44238  -1.25494  4064.95  9135.54 2.97 2.80  46.2 -0.427 19.34 20.84 01a59822o0703o
59822.549136  20.798  0.833    17   14 o  0   0.99  24.44238  -1.25494  4082.46  9018.25 3.11 2.91  45.5 -0.408 19.27 20.83 01a59822o0713o
59824.507340  21.522  1.123     9   10 c  0   1.13  24.44238  -1.25494  6801.73  5373.26 2.85 2.35  32.6 -0.394 19.61 21.41 02a59824o0623c
59824.510508  25.162 37.000     0   12 c  0   0.84  24.44238  -1.25494  6821.99  5411.97 2.82 2.35  32.0 -0.392 19.62 21.42 02a59824o0630c
59824.516843 -21.071  0.733   -14   10 c  0   1.20  24.44238  -1.25494  6767.22  5333.58 2.85 2.34  31.9 -0.397 19.61 21.43 02a59824o0644c
59824.522295  20.613  0.451    21    9 c  0   1.19  24.44238  -1.25494  6748.72  5451.25 2.83 2.33  32.0 -0.396 19.66 21.42 02a59824o0656c
59824.963707 -21.957  1.535    -6    9 o  0   1.10  24.44238  -1.25494  2215.49   846.18 2.43 2.27 -45.2 -0.409 19.53 21.12 03a59825o0059o
59824.986477  21.835  1.809     7   12 o  0   0.71  24.44238  -1.25494  2157.50   765.16 2.48 2.30 -48.9 -0.409 19.51 21.07 03a59825o0109o
59824.989629 -21.324  0.846   -11    9 o  0   0.98  24.44238  -1.25494  2214.69   847.37 2.42 2.26 -52.2 -0.414 19.54 21.06 03a59825o0116o
59824.995044  21.909  1.854     6   12 o  0   0.79  24.44238  -1.25494  2235.92   732.05 2.36 2.20 -50.8 -0.411 19.53 21.03 03a59825o0128o
59826.439862 -22.418  3.850    -4   15 o  0   0.70  24.44238  -1.25494  4708.57  2802.27 2.87 2.81  22.5 -0.450 19.31 20.77 01a59826o0491o
59826.442594 -25.707 63.000    -0   12 o  0   1.36  24.44238  -1.25494  4688.46  2763.22 2.82 2.75  21.4 -0.458 19.31 20.77 01a59826o0497o
59826.446689 -20.052  0.375   -35   13 o  0   0.92  24.44238  -1.25494  4748.05  2839.92 2.77 2.65  28.2 -0.468 19.34 20.77 01a59826o0506o
59826.479824 -21.211  1.106   -12   13 o  0   0.92  24.44238  -1.25494  4767.09  2715.58 2.79 2.65  34.6 -0.472 19.34 20.79 01a59826o0577o
59828.984375 -23.350  7.933    -2   13 o  0   1.25  24.44238  -1.25494  2173.42   809.32 2.17 2.03 -56.5 -0.406 19.11 19.83 03a59829o0588o
59828.986177  20.975  1.103    15   16 o  0   0.99  24.44238  -1.25494  2154.94   769.80 2.14 1.99 -44.2 -0.420 19.14 19.84 03a59829o0592o
59829.001086  21.539  1.635     9   14 o  0   1.42  24.44238  -1.25494  2211.97   851.14 2.27 2.09 -57.6 -0.403 19.12 19.88 03a59829o0624o
59829.004702  20.582  0.867    21   18 o  0   0.88  24.44238  -1.25494  2232.94   735.11 2.23 2.10 -49.7 -0.411 19.11 19.88 03a59829o0632o
59830.435492  20.519  1.062    22   24 o  0   0.96  24.44238  -1.25494  4711.02  2801.72 2.95 2.81  34.2 -0.455 18.69 19.47 01a59830o0444o
59830.437315  20.098  0.798    33   26 o  0   0.76  24.44238  -1.25494  4691.53  2763.78 3.02 2.81  30.2 -0.446 18.67 19.47 01a59830o0448o
59830.440960 -19.349  1.812   -66  120 o  0   0.87  24.44238  -1.25494  4749.43  2839.96 4.83 3.01   0.1 -0.467 16.91 18.00 01a59830o0456o
59830.451455  24.454 37.000     1   22 o  0   0.78  24.44238  -1.25494  4770.15  2724.31 3.05 2.75  19.4 -0.446 18.73 19.52 01a59830o0479o
59831.196953  20.537  1.260    22   28 o  0   1.30  24.44238  -1.25494   884.09  3000.06 2.56 2.01  44.9 -0.361 18.34 18.75 04a59831o0511o
59831.198754 -20.094  1.066   -33   36 o  0   1.19  24.44238  -1.25494   864.32  2960.79 2.90 2.33  46.1 -0.361 18.18 18.73 04a59831o0515o
59831.217318  21.256  2.701    11   31 o  0   0.91  24.44238  -1.25494   923.69  3035.97 2.54 2.06  47.8 -0.366 18.34 18.76 04a59831o0553o
59831.224544  21.099  2.127    13   28 o  0   1.25  24.44238  -1.25494   944.37  2918.59 2.43 1.94  46.6 -0.383 18.42 18.80 04a59831o0569o
59836.581342 -20.653  1.013   -20   20 o  0   1.43  24.44238  -1.25494  1913.55  7227.57 2.38 2.04  40.4 -0.406 18.78 19.22 02a59836o0584o
59836.584342 -22.267  5.143    -4   23 o  0   0.86  24.44238  -1.25494  1894.06  7189.51 2.53 2.03  34.0 -0.400 18.77 19.16 02a59836o0590o
59836.589752  20.291  0.714    28   20 o  0   1.30  24.44238  -1.25494  1951.56  7267.80 2.48 2.04  34.6 -0.396 18.77 19.14 02a59836o0601o
59836.600171  20.375  0.933    26   24 o  0   0.70  24.44238  -1.25494  1974.37  7152.17 2.44 2.00  33.3 -0.394 18.77 19.13 02a59836o0622o
59837.036663 -21.671  3.149    -8   24 o  0   1.25  24.44238  -1.25494  4738.40  3500.09 2.15 1.95 -52.8 -0.453 18.64 18.89 03a59837o0700o
59837.071634 -20.087  0.691   -34   23 o  0   1.38  24.44238  -1.25494  4744.22  3544.81 2.17 1.97 -45.1 -0.438 18.58 18.80 03a59837o0776o
59837.076731  20.164  0.800    31   25 o  0   1.14  24.44238  -1.25494  4682.51  3465.00 2.16 1.92 -52.1 -0.435 18.58 18.77 03a59837o0787o
59837.079884 -22.885  9.545    -2   24 o  0   1.20  24.44238  -1.25494  4659.20  3581.26 2.22 1.93 -51.5 -0.424 18.60 18.77 03a59837o0794o
59838.490028  20.928  0.868    15   13 o  0   1.51  24.44238  -1.25494  8627.73  9372.85 2.82 2.21 -52.4 -0.464 19.43 20.22 01a59838o0596o
59838.492342 -20.507  0.550   -23   12 o  0   1.03  24.44238  -1.25494  8608.22  9332.67 2.80 2.15 -51.5 -0.472 19.40 20.21 01a59838o0601o
59838.495114 -20.813  0.948   -17   16 o  0   0.77  24.44238  -1.25494  8668.03  9413.21 2.72 2.11 -52.4 -0.486 19.44 20.23 01a59838o0607o
59838.500192  21.021  1.047    14   15 o  0   1.15  24.44238  -1.25494  8687.16  9294.55 2.75 2.16 -53.5 -0.486 19.42 20.24 01a59838o0618o
59840.528398 -20.673  0.693   -20   14 o  0   0.88  24.44238  -1.25494  1915.33  7226.47 2.39 2.03  35.2 -0.422 19.34 20.48 02a59840o0561o
59840.532467  19.897  0.411    40   16 o  0   1.18  24.44238  -1.25494  1895.91  7188.18 2.44 2.02  33.6 -0.421 19.06 20.11 02a59840o0570o
59840.554350 -22.284  2.667    -4   12 o  0   0.92  24.44238  -1.25494  1955.02  7266.15 2.40 2.03  35.0 -0.421 19.34 20.56 02a59840o0617o
59840.560722 -25.423 53.500    -0   13 o  0   1.08  24.44238  -1.25494  1975.27  7148.97 2.37 1.99  38.4 -0.417 19.35 20.54 02a59840o0631o
59842.460838  22.047  1.865     6   10 c  0   1.23  24.44238  -1.25494   236.87  5364.06 3.04 2.80  46.1 -0.322 19.51 21.53 01a59842o0543c
59842.475921  22.076  2.057     5   11 c  0   0.77  24.44238  -1.25494   219.29  5322.82 3.07 2.85  48.7 -0.326 19.54 21.59 01a59842o0574c
59842.477768  22.791  3.684     3   10 c  0   0.98  24.44238  -1.25494   277.33  5399.92 2.98 2.80  48.9 -0.329 19.56 21.59 01a59842o0578c
59842.478692  21.090  0.621    13    8 c  0   1.56  24.44238  -1.25494 10370.58  5393.10 3.01 2.89   5.1 -0.338 19.55 21.61 01a59842o0580c
59842.481496  21.105  0.679    13    9 c  0   1.14  24.44238  -1.25494 10350.74  5353.57 3.06 2.88   5.2 -0.344 19.56 21.60 01a59842o0586c
59842.482439 -21.098  0.802   -13   11 c  0   1.01  24.44238  -1.25494   297.95  5283.45 3.08 2.88  49.8 -0.329 19.49 21.59 01a59842o0588c
59842.483362  20.376  0.387    26   10 c  0   1.01  24.44238  -1.25494 10409.66  5430.88 3.04 2.86   2.3 -0.341 19.56 21.60 01a59842o0590c
59842.485210 -21.067  0.616   -14    8 c  0   1.32  24.44238  -1.25494 10429.55  5314.01 3.15 2.91   5.0 -0.325 19.52 21.60 01a59842o0594c
59843.206370 -23.437  6.583    -2   10 o  0   1.12  24.44238  -1.25494  4074.41   862.90 2.27 2.06  42.7 -0.437 19.42 20.93 04a59843o0390o
59843.209085 -21.502  0.960    -9    9 o  0   1.59  24.44238  -1.25494  4056.16   823.64 2.25 1.97  45.0 -0.444 19.45 20.91 04a59843o0396o
59843.214049 -20.958  0.788   -15   12 o  0   0.97  24.44238  -1.25494  4116.72   901.38 2.31 2.10  42.9 -0.440 19.39 20.93 04a59843o0407o
59843.249400  21.158  0.847    12   11 o  0   1.19  24.44238  -1.25494  4155.83   776.77 2.29 2.04  51.6 -0.440 19.43 20.93 04a59843o0483o
59844.446505  20.973  0.719    15   11 o  0   1.12  24.44238  -1.25494  6705.87  3429.01 2.31 1.91  28.8 -0.445 19.43 20.58 02a59844o0524o
59844.449668  21.736  1.682     7   12 o  0   0.94  24.44238  -1.25494  6725.09  3468.37 2.27 1.87  28.6 -0.447 19.51 20.59 02a59844o0531o
59844.459521 -22.237  2.833    -5   13 o  0   0.80  24.44238  -1.25494  6664.43  3389.82 2.49 1.97  26.9 -0.438 19.44 20.65 02a59844o0552o
59844.464684   0.000 21.123    -0   13 o  0   0.85  24.44238  -1.25494  6650.70  3507.12 2.38 1.89  28.1 -0.442 19.50 20.68 02a59844o0563o
59846.475093 -18.934  5.700   -97  553 c  0   1.02  24.44238  -1.25494 10356.49  5386.42 2.92 2.77   8.6 -0.415 15.13 17.00 01a59846o0572c
59846.476940  18.357  3.444   165  568 c  0   0.77  24.44238  -1.25494 10337.50  5348.59 2.96 2.78   7.8 -0.410 15.23 17.08 01a59846o0576c
59846.479707 -17.599  1.122  -332  372 c  0   0.93  24.44238  -1.25494 10396.88  5427.07 3.03 2.84   9.8 -0.411 15.55 17.41 01a59846o0582c
59846.485185 -17.942  0.844  -242  204 c  0   0.94  24.44238  -1.25494 10418.43  5310.27 2.99 2.80  13.9 -0.411 16.20 17.99 01a59846o0593c
59846.504003 -16.742  0.453  -730  330 c  0   1.44  24.44238  -1.25494 10323.56  5339.11 3.07 2.90  16.6 -0.408 15.45 17.34 01a59846o0632c
59846.509202 -19.178  4.250   -77  329 c  0   1.09  24.44238  -1.25494 10343.52  5378.33 3.06 2.85  15.5 -0.411 15.61 17.49 01a59846o0643c
59846.544485  20.869  7.500    16  122 c  0   1.27  24.44238  -1.25494 10291.14  5301.98 3.13 2.85  23.4 -0.388 16.52 18.39 01a59846o0718c
59846.552104  19.569  1.324    54   72 c  0   1.14  24.44238  -1.25494 10273.58  5421.41 3.06 2.87  22.8 -0.327 17.15 18.98 01a59846o0733c
59848.409975 -21.064  0.851   -14   12 o  0   1.56  24.44238  -1.25494  6701.08  3427.56 2.29 1.98  32.7 -0.439 19.39 20.58 02a59848o0444o
59848.411783  22.296  2.889     4   13 o  0   1.10  24.44238  -1.25494  6721.18  3466.28 2.30 2.01  26.0 -0.443 19.41 20.59 02a59848o0448o
59848.436619 -21.656  1.529    -8   12 o  0   1.17  24.44238  -1.25494  6661.02  3390.79 2.76 2.15  27.3 -0.436 19.35 20.55 02a59848o0500o
59848.444807  22.121  2.535     5   13 o  0   1.02  24.44238  -1.25494  6650.47  3507.04 2.36 1.93  27.1 -0.438 19.43 20.56 02a59848o0518o
59849.027332 -21.189  0.674   -12    8 c  0   1.04  24.44238  -1.25494 10492.81  3436.79 2.53 2.27 -46.2 -0.357 19.75 21.64 03a59849o0649c
59849.072931 -22.357  1.794    -4    7 c  0   1.15  24.44238  -1.25494   436.96  3107.06 2.37 2.15 -62.8 -0.390 19.78 21.64 03a59849o0746c
59849.076084  21.964  1.327     6    8 c  0   0.92  24.44238  -1.25494   455.62  3147.22 2.34 2.16 -59.0 -0.390 19.79 21.64 03a59849o0753c
59849.081668 -22.097  1.860    -5   10 c  0   0.83  24.44238  -1.25494   395.29  3067.23 2.36 2.18 -57.2 -0.385 19.77 21.62 03a59849o0765c
59849.116863  22.093  1.571     5    8 c  0   1.22  24.44238  -1.25494   380.44  3182.78 2.35 2.20 -71.0 -0.375 19.75 21.49 03a59849o0837c
59850.504934  21.467  0.730     9    7 c  0   1.39  24.44238  -1.25494  4094.79  5159.27 3.09 2.82  45.5 -0.323 19.70 21.58 01a59850o0642c
59850.515356  21.903  1.238     6    8 c  0   1.00  24.44238  -1.25494  4115.68  5198.53 3.13 2.82  48.7 -0.317 19.66 21.58 01a59850o0664c
59850.520631  21.841  1.200     7    8 c  0   1.10  24.44238  -1.25494  4058.58  5122.11 3.08 2.79  46.1 -0.323 19.70 21.59 01a59850o0675c
59850.536523 -21.654  1.039    -8    8 c  0   1.01  24.44238  -1.25494  4042.85  5237.40 3.16 2.88  46.0 -0.316 19.66 21.53 01a59850o0708c
59851.175681  22.389  2.283     4    9 o  0   1.02  24.44238  -1.25494  3788.89  5223.60 1.89 1.72 -74.4 -0.422 19.58 20.88 04a59851o0448o
59851.178834  20.675  0.413    20    8 o  0   1.76  24.44238  -1.25494  3770.29  5184.71 1.89 1.75 -73.8 -0.420 19.58 20.88 04a59851o0455o
59851.188099  25.317 32.667     0    9 o  0   1.15  24.44238  -1.25494  3831.57  5259.70 1.93 1.74 -77.4 -0.422 19.56 20.92 04a59851o0475o
59851.214046 -21.224  0.797   -12    9 o  0   1.06  24.44238  -1.25494  3862.73  5139.57 1.99 1.79 -71.1 -0.428 19.62 21.10 04a59851o0531o
59852.938465  22.128  1.833     5    9 c  0   1.04  24.44238  -1.25494  9993.32  7383.20 2.62 2.30 -59.9 -0.374 19.66 21.41 03a59853o0456c
59852.940267  22.065  1.590     5    9 c  0   1.18  24.44238  -1.25494  9974.18  7344.64 2.59 2.27 -58.6 -0.382 19.68 21.42 03a59853o0460c
59852.943422  21.256  0.779    11    9 c  0   1.20  24.44238  -1.25494 10030.78  7424.92 2.52 2.22 -58.1 -0.382 19.72 21.42 03a59853o0467c
59852.952020 -20.788  0.549   -18   10 c  0   1.07  24.44238  -1.25494 10051.57  7311.05 2.46 2.22 -54.0 -0.376 19.49 21.19 03a59853o0486c
59854.488682  21.309  0.730    11    8 c  0   1.26  24.44238  -1.25494  4106.62  5165.58 3.07 2.80  43.2 -0.321 19.68 21.43 01a59854o0618c
59854.491913  25.240 27.000     0    8 c  0   1.38  24.44238  -1.25494  4126.26  5204.63 3.06 2.79  43.8 -0.322 19.66 21.43 01a59854o0625c
59854.498376 -22.474  2.320    -4    9 c  0   0.92  24.44238  -1.25494  4070.52  5127.71 3.11 2.79  43.5 -0.322 19.67 21.42 01a59854o0639c
59854.530201  21.777  1.174     7    8 c  0   1.13  24.44238  -1.25494  4058.02  5245.42 3.15 2.87  50.2 -0.317 19.60 21.34 01a59854o0706c
59855.154252 -23.273  6.556    -2   12 o  0   1.21  24.44238  -1.25494  3781.50  5219.38 2.02 1.88 -82.3 -0.400 19.21 20.29 04a59855o0397o
59855.156054  22.705  4.065     3   12 o  0   0.98  24.44238  -1.25494  3762.54  5180.49 2.00 1.87 -73.1 -0.395 19.23 20.29 04a59855o0401o
59855.159663 -21.958  1.885    -6   11 o  0   1.84  24.44238  -1.25494  3821.25  5257.48 2.03 1.86 -81.8 -0.399 19.26 20.31 04a59855o0409o
59855.173761  24.338 19.143     1   13 o  0   0.81  24.44238  -1.25494  3844.99  5140.42 1.99 1.83 -80.9 -0.409 19.27 20.37 04a59855o0440o
59856.902018  21.116  1.262    13   16 o  0   0.87  24.44238  -1.25494   875.97  2813.82 2.37 2.13 -67.5 -0.392 19.14 19.96 03a59857o0383o
59856.903838  22.084  2.429     5   13 o  0   1.54  24.44238  -1.25494   857.08  2774.17 2.37 2.17 -75.2 -0.385 19.14 19.98 03a59857o0387o
59856.907461 -21.354  1.310   -10   14 o  0   1.20  24.44238  -1.25494   913.87  2853.80 2.37 2.10 -69.0 -0.393 19.16 20.00 03a59857o0395o
59856.914269  24.219 18.000     1   13 o  0   1.09  24.44238  -1.25494   935.01  2738.19 2.37 2.11 -69.4 -0.393 19.16 20.04 03a59857o0410o
59858.417714 -24.072 16.750    -1   14 o  0   1.32  24.44238  -1.25494   473.61   980.83 2.23 2.20  64.1 -0.477 19.22 19.81 01a59858o0316o
59858.420486  20.978  1.036    15   15 o  0   1.00  24.44238  -1.25494   453.02   940.51 2.25 2.18  85.9 -0.473 19.18 19.81 01a59858o0322o
59858.423259 -21.830  1.984    -7   13 o  0   1.87  24.44238  -1.25494   512.57  1019.23 2.26 2.21  45.9 -0.466 19.18 19.84 01a59858o0328o
59858.428338  22.663  4.897     3   15 o  0   1.37  24.44238  -1.25494   532.19   901.87 2.25 2.19  57.0 -0.468 19.10 19.72 01a59858o0339o
59859.134957  19.028  0.429    89   38 o  0   0.97  24.44238  -1.25494  2037.49  9201.06 2.74 2.07 -76.9 -0.425 18.25 18.44 04a59859o0257o
59859.136759 -20.217  0.932   -30   28 o  0   1.21  24.44238  -1.25494  2018.80  9162.65 2.68 1.96 -76.5 -0.368 18.51 18.67 04a59859o0261o
59859.139916  20.471  1.140    24   27 o  0   1.03  24.44238  -1.25494  2077.28  9240.07 2.71 1.99 -78.5 -0.364 18.52 18.72 04a59859o0268o
59859.145479 -21.643  3.283    -8   26 o  0   1.13  24.44238  -1.25494  2097.70  9121.71 2.63 1.89 -76.2 -0.401 18.57 18.81 04a59859o0280o
59866.457850 -18.497  1.760  -145  255 o  0   1.29  24.44238  -1.25494  6884.67  3604.24 2.43 2.20  36.6 -0.403 16.17 15.94 01a59866o0511o
59866.461544 -17.297  1.708  -438  748 o  0   1.19  24.44238  -1.25494  6905.12  3643.39 2.45 2.16  39.6 -0.445 14.88 14.38 01a59866o0519o
59866.494966 -20.713  0.843   -19   16 o  0   0.97  24.44238  -1.25494  6852.69  3569.13 2.46 2.17  43.6 -0.399 19.16 19.87 01a59866o0531o
59866.501432  22.335  2.975     4   13 o  0   1.30  24.44238  -1.25494  6834.85  3686.03 2.38 2.14  46.3 -0.403 19.24 19.93 01a59866o0545o
59868.464770 -21.558  1.657    -9   14 o  0   0.75  24.44238  -1.25494  5890.20  8988.67 2.39 2.03  41.9 -0.433 19.40 20.40 02a59868o0589o
59868.467933  26.135 90.000     0   12 o  0   1.72  24.44238  -1.25494  5871.86  8950.55 2.47 2.03  39.1 -0.427 19.34 20.39 02a59868o0596o
59868.494326  20.944  1.072    15   16 o  0   0.67  24.44238  -1.25494  5926.28  9030.55 2.33 2.03  40.6 -0.432 19.39 20.44 02a59868o0653o
59868.499468  20.887  0.695    16   11 o  0   1.46  24.44238  -1.25494  5948.59  8913.29 2.36 2.07  41.4 -0.431 19.38 20.43 02a59868o0664o
59870.484723  21.263  0.886    11   10 o  0   1.19  24.44238  -1.25494  6906.62  3609.73 2.36 2.22  50.1 -0.417 19.49 20.56 01a59870o0568o
59870.489895 -22.600  3.258    -3   11 o  0   1.10  24.44238  -1.25494  6926.13  3649.57 2.34 2.21  53.4 -0.416 19.54 20.58 01a59870o0579o
59870.493306  20.971  0.662    15   10 o  0   1.38  24.44238  -1.25494  6868.35  3572.15 2.31 2.18  61.5 -0.424 19.53 20.56 01a59870o0586o
59870.527019 -24.215 13.833    -1   10 o  0   1.45  24.44238  -1.25494  6853.79  3693.98 2.52 2.41  56.3 -0.398 19.45 20.58 01a59870o0655o
59871.146821 -22.365  2.480    -4   10 c  0   0.80  24.44238  -1.25494  1961.99  7249.84 2.86 2.39 -89.8 -0.353 19.47 21.35 04a59871o0359c
59871.149974  21.231  0.877    12   10 c  0   1.04  24.44238  -1.25494  1943.64  7210.46 2.78 2.37  87.5 -0.358 19.50 21.35 04a59871o0366c
59871.153132 -22.501  2.565    -4    9 c  0   1.23  24.44238  -1.25494  2002.93  7287.82 2.80 2.31 -88.9 -0.359 19.51 21.33 04a59871o0373c
59871.159000 -21.550  1.228    -9   11 c  0   1.04  24.44238  -1.25494  2025.53  7170.44 2.72 2.32  89.4 -0.363 19.47 21.33 04a59871o0386c
59872.454733  21.557  1.164     9   10 c  0   1.48  24.44238  -1.25494  5881.66  8984.71 2.71 2.47  35.2 -0.401 19.63 21.38 02a59872o0577c
59872.460178  23.228  6.167     2   11 c  0   0.84  24.44238  -1.25494  5862.98  8946.33 2.70 2.44  36.4 -0.401 19.58 21.39 02a59872o0589c
59872.464751  21.954  1.789     6   11 c  0   1.20  24.44238  -1.25494  5926.58  9027.44 2.73 2.48  38.2 -0.399 19.61 21.38 02a59872o0599c
59872.495217  23.341  6.455     2   11 c  0   0.91  24.44238  -1.25494  5942.61  8910.99 2.61 2.44  43.9 -0.409 19.60 21.30 02a59872o0665c
59872.943921 -22.846  6.444    -3   17 o  0   0.83  24.44238  -1.25494  6328.74  9735.96 3.54 3.10 -39.0 -0.381 19.15 21.00 03a59873o0450o
59872.976921 -21.217  1.731   -12   20 o  0   0.94  24.44238  -1.25494  6334.08  9778.51 4.35 3.93 -42.7 -0.365 18.76 20.84 03a59873o0521o
59872.979657 -22.059  4.100    -5   22 o  0   1.01  24.44238  -1.25494  6275.77  9700.09 4.48 4.11 -49.7 -0.370 18.43 20.46 03a59873o0527o
59872.984622  18.363  0.600   164   98 o  0   0.98  24.44238  -1.25494  6251.52  9815.43 4.26 3.91 -47.3 -0.389 16.96 19.06 03a59873o0538o
59874.469477  22.142  2.081     5   10 o  0   1.01  24.44238  -1.25494  4577.54  9913.71 2.71 2.56  -7.9 -0.364 19.49 20.78 01a59874o0430o
59874.473177 -20.610  0.561   -21   12 o  0   0.68  24.44238  -1.25494  4598.01  9953.37 2.56 2.46 -88.6 -0.388 19.59 20.79 01a59874o0438o
59874.480571 -20.597  0.474   -21   10 o  0   1.42  24.44238  -1.25494  4541.34  9875.53 2.62 2.57 -80.2 -0.390 19.49 20.76 01a59874o0454o
59874.490814 -21.487  1.013    -9    9 o  0   1.94  24.44238  -1.25494  4524.22  9994.95 2.51 2.39 -84.9 -0.397 19.54 20.72 01a59874o0476o
59875.138296  23.323  4.667     2    8 c  0   1.32  24.44238  -1.25494  3897.10  7144.45 2.41 1.91 -77.5 -0.380 19.67 21.48 04a59875o0337c
59875.140098 -21.044  0.509   -14    7 c  0   1.86  24.44238  -1.25494  3877.84  7106.06 2.52 2.05 -78.8 -0.368 19.60 21.49 04a59875o0341c
59875.143257  22.062  1.809     5   10 c  0   0.70  24.44238  -1.25494  3936.56  7182.78 2.42 1.94 -77.5 -0.379 19.66 21.46 04a59875o0348c
59875.150927  20.689  0.429    19    8 c  0   1.28  24.44238  -1.25494  3960.16  7066.42 2.38 1.93 -79.0 -0.379 19.61 21.44 04a59875o0365c
59876.417978 -23.108  4.667    -2   10 c  0   0.91  24.44238  -1.25494  5697.34  5107.80 2.93 2.55  39.6 -0.397 19.52 21.39 02a59876o0459c
59876.421595  20.919  0.644    16   10 c  0   1.23  24.44238  -1.25494  5678.37  5069.73 2.90 2.51  37.8 -0.491 19.53 21.39 02a59876o0467c
59876.427145 -25.849 62.000    -0   10 c  0   0.82  24.44238  -1.25494  5736.94  5147.56 2.89 2.48  38.4 -0.400 19.57 21.39 02a59876o0479c
59876.437861 -21.706  1.256    -8   10 c  0   1.31  24.44238  -1.25494  5757.55  5034.99 3.05 2.71  39.0 -0.396 19.44 21.39 02a59876o0502c
59876.932024  19.788  0.718    44   32 o  0   0.76  24.44238  -1.25494  6327.27  9738.75 2.67 2.15 -41.4 -0.402 18.61 19.83 03a59877o0421o
59876.937592 -19.077  0.474   -85   40 o  0   0.97  24.44238  -1.25494  6341.80  9778.89 2.64 2.15 -43.0 -0.398 18.13 19.37 03a59877o0433o
59876.941321  21.754  3.222     7   23 o  0   1.24  24.44238  -1.25494  6284.61  9700.67 2.70 2.20 -39.8 -0.402 18.49 19.74 03a59877o0441o
59876.960219 -20.925  1.067   -16   16 o  0   1.18  24.44238  -1.25494  6255.85  9818.94 2.59 2.11 -41.0 -0.413 18.93 20.12 03a59877o0481o
59878.439355 -20.556  0.583   -22   13 o  0   1.03  24.44238  -1.25494  4573.27  9921.20 2.99 2.85   6.7 -0.355 19.36 20.64 01a59878o0544o
59878.442588 -23.016  5.467    -2   12 o  0   1.02  24.44238  -1.25494  4593.22  9960.21 2.79 2.75  -8.0 -0.370 19.41 20.65 01a59878o0551o
59878.467715 -22.166  2.722    -5   13 o  0   0.80  24.44238  -1.25494  4537.89  9885.13 2.70 2.54  71.2 -0.382 19.42 20.62 01a59878o0603o
59878.481239  23.239  6.462     2   12 o  0   0.89  24.44238  -1.25494  4520.27 10004.26 2.70 2.62  86.8 -0.381 19.43 20.62 01a59878o0632o
59879.220053  22.340  1.972     4    8 c  0   0.98  24.44238  -1.25494  6741.68  3426.71 2.43 1.92 -15.8 -0.384 19.62 21.58 04a59879o0506c
59879.224132  22.099  1.457     5    8 c  0   0.97  24.44238  -1.25494  6761.62  3462.46 2.38 1.91 -16.7 -0.385 19.67 21.53 04a59879o0515c
59879.230306  22.356  1.889     4    8 c  0   1.15  24.44238  -1.25494  6706.22  3380.99 2.39 1.91 -16.5 -0.386 19.67 21.49 04a59879o0528c
59879.265178 -22.131  1.659    -5    8 c  0   1.08  24.44238  -1.25494  6692.25  3481.64 2.41 2.01 -20.2 -0.383 19.55 21.33 04a59879o0603c
59880.465961 -20.562  0.477   -22   10 c  0   0.92  24.44238  -1.25494  5689.73  5109.64 2.81 2.49  41.2 -0.390 19.47 21.21 02a59880o0290c
59880.469127 -20.583  0.493   -21   10 c  0   0.78  24.44238  -1.25494  5670.41  5071.15 2.67 2.37  40.8 -0.396 19.55 21.20 02a59880o0297c
59880.497028  21.667  1.306     8   10 c  0   0.87  24.44238  -1.25494  5732.21  5150.63 2.76 2.43  41.5 -0.392 19.52 21.18 02a59880o0311c
59880.502129  21.892  1.462     6    9 c  0   1.29  24.44238  -1.25494  5751.38  5035.12 2.76 2.47  40.5 -0.391 19.47 21.17 02a59880o0322c
59880.821060  22.354  2.562     4   11 o  0   1.68  24.44238  -1.25494  3716.79  5099.50 2.33 2.11 -58.0 -0.410 19.32 20.52 03a59881o0174o
59880.822867  20.242  0.610    29   18 o  0   0.67  24.44238  -1.25494  3698.37  5060.39 2.24 2.07 -54.2 -0.526 19.25 20.45 03a59881o0178o
59880.826038  21.127  1.021    13   13 o  0   1.23  24.44238  -1.25494  3753.85  5138.95 2.26 2.07 -52.1 -0.423 19.30 20.49 03a59881o0185o
59880.836150  21.265  1.033    11   12 o  0   1.03  24.44238  -1.25494  3774.51  5024.27 2.30 2.11 -62.1 -0.401 19.40 20.63 03a59881o0207o
59882.406475  22.117  1.612     5    8 o  0   1.27  24.44238  -1.25494   437.83  3328.68 2.43 2.23  47.1 -0.424 19.61 20.93 01a59882o0434o
59882.409257 -22.884  3.333    -2    8 o  0   1.16  24.44238  -1.25494   458.82  3367.93 2.36 2.20  47.5 -0.407 19.64 20.93 01a59882o0440o
59882.415264 -25.213 26.333    -0    8 o  0   1.18  24.44238  -1.25494   400.27  3290.55 2.30 2.12  45.2 -0.407 19.67 20.95 01a59882o0453o
59882.429687 -22.020  1.586    -6    9 o  0   0.88  24.44238  -1.25494   384.00  3408.51 2.31 2.08  52.9 -0.403 19.70 20.94 01a59882o0484o
59883.148971 -22.687  6.357    -3   19 o  0   1.05  24.44238  -1.25494 10419.62  9598.74 2.90 2.47  13.9 -0.410 19.37 20.60 04a59883o0354o
59883.152134  19.603  0.387    52   20 o  0   1.13  24.44238  -1.25494 10441.98  9635.36 2.95 2.50  13.0 -0.415 19.35 20.58 04a59883o0361o
59883.157998  22.581  5.471     3   18 o  0   1.02  24.44238  -1.25494 10386.42  9550.16 2.95 2.54  16.2 -0.397 19.35 20.57 04a59883o0374o
59883.187504 -24.010 21.750    -1   20 o  0   1.36  24.44238  -1.25494 10388.34  9640.54 2.98 2.50  10.0 -0.376 19.35 20.63 04a59883o0438o
59884.420816  22.020  1.875     6   11 c  0   1.23  24.44238  -1.25494  6676.56  2694.77 2.56 2.36  24.3 -0.407 19.48 21.10 02a59884o0495c
59884.423987  24.548 20.250     1   11 c  0   0.90  24.44238  -1.25494  6663.05  2658.93 2.51 2.36  60.6 -0.397 19.51 21.15 02a59884o0502c
59884.429418  20.911  0.719    16   11 c  0   0.80  24.44238  -1.25494  6721.82  2737.89 2.50 2.36  57.6 -0.399 19.55 21.21 02a59884o0514c
59884.440723  21.233  0.800    12    9 c  0   1.13  24.44238  -1.25494  6743.42  2622.16 2.49 2.36  69.5 -0.399 19.56 21.24 02a59884o0539c
59886.400830 -23.892 25.625    -1   26 o  0   1.07  24.44238  -1.25494   398.62  3286.57 2.33 2.20  39.9 -0.387 18.66 19.05 01a59886o0313o
59887.098315  20.610  1.387    21   29 o  0   0.96  24.44238  -1.25494   159.25  1027.22 4.25 1.86  44.8 -0.316 18.54 18.84 04a59887o0234o
59887.101102  19.024  0.388    89   35 o  0   0.75  24.44238  -1.25494   140.56   987.19 3.88 1.87  44.0 -0.343 18.55 18.84 04a59887o0240o
59887.106127 -20.331  1.149   -27   31 o  0   1.20  24.44238  -1.25494   205.28  1064.65 3.89 1.82  44.0 -0.328 18.54 18.77 04a59887o0251o
59887.107480  20.720  1.884    19   35 o  0   0.81  24.44238  -1.25494 10330.76  1020.05 2.81 2.03 -27.5 -0.337 18.66 19.12 04a59887o0254o
59887.110262  19.016  0.328    90   30 o  0   1.55  24.44238  -1.25494 10312.56   980.46 2.17 1.92 -74.7 -0.564 18.70 19.11 04a59887o0260o
59887.115746  21.259  2.138    11   24 o  0   1.14  24.44238  -1.25494   228.81   945.05 3.91 1.85  43.3 -0.320 18.57 19.02 04a59887o0272o
59887.116196  21.117  2.159    13   28 o  0   1.31  24.44238  -1.25494 10374.61  1057.58 2.75 2.05 -27.2 -0.503 18.68 19.14 04a59887o0273o
59887.128937 -19.926  0.904   -39   35 o  0   1.19  24.44238  -1.25494 10401.51   940.43 3.71 2.16 -31.9 -0.344 18.63 19.15 04a59887o0299o
59892.465726  20.656  1.556    20   31 o  0   1.08  24.44238  -1.25494  8240.30  9397.94 2.42 2.38 -39.5 -0.429 18.47 18.69 02a59892o0483o
59892.468897  20.656  1.977    20   39 o  0   0.83  24.44238  -1.25494  8221.29  9359.04 2.47 2.43 -86.6 -0.415 18.43 18.68 02a59892o0490o
59892.475820  19.348  0.549    66   36 o  0   1.17  24.44238  -1.25494  8279.79  9437.63 2.48 2.40 -71.8 -0.428 18.40 18.65 02a59892o0505o
59892.488065 -21.238  3.413   -12   40 o  0   0.86  24.44238  -1.25494  8301.36  9320.78 2.47 2.42 -64.8 -0.423 18.35 18.60 02a59892o0532o
59892.927624  24.111 40.000     1   33 o  0   1.14  24.44238  -1.25494  8557.55  1481.79 2.69 2.39 -52.9 -0.407 18.38 18.85 03a59893o0400o
59892.930838  20.872  1.842    16   30 o  0   1.22  24.44238  -1.25494  8574.81  1521.48 2.66 2.36 -50.6 -0.407 18.40 18.83 03a59893o0407o
59892.938225 -19.785  0.822   -44   36 o  0   0.84  24.44238  -1.25494  8518.65  1442.67 2.77 2.32 -58.2 -0.395 18.38 18.82 03a59893o0423o
59892.947831 -21.448  2.984   -10   29 o  0   1.09  24.44238  -1.25494  8493.53  1557.66 2.61 2.25 -55.3 -0.411 18.39 18.79 03a59893o0444o
59894.366403  21.260  1.378    11   16 o  0   1.40  24.44238  -1.25494  9692.07  7673.74 2.65 2.49 -30.1 -0.446 19.12 19.81 01a59894o0400o
59894.371031 -21.012  1.307   -14   19 o  0   0.91  24.44238  -1.25494  9712.93  7714.70 2.70 2.47 -48.1 -0.455 19.11 19.81 01a59894o0410o
59894.378441 -24.549 32.250    -1   18 o  0   1.09  24.44238  -1.25494  9654.67  7636.74 2.65 2.44 -51.6 -0.451 19.17 19.82 01a59894o0426o
59894.390473  20.419  0.672    25   17 o  0   1.31  24.44238  -1.25494  9638.38  7753.36 2.65 2.53 -54.4 -0.443 19.09 19.80 01a59894o0452o
59896.446687  24.218 26.600     1   20 o  0   0.99  24.44238  -1.25494  8228.98  9357.28 2.43 2.39  59.5 -0.419 19.10 19.94 02a59896o0353o
59896.452589  20.723  1.007    19   19 o  0   0.95  24.44238  -1.25494  8287.29  9437.09 2.34 2.30 -83.0 -0.426 19.11 19.88 02a59896o0366o
59896.462641  21.793  2.875     7   20 o  0   0.90  24.44238  -1.25494  8306.53  9320.51 2.38 2.35 -63.2 -0.435 19.07 19.85 02a59896o0388o
59896.870623  21.731  1.075     7    8 c  0   0.95  24.44238  -1.25494  8613.56  3419.82 2.57 2.22 -55.8 -0.402 19.73 21.67 03a59897o0266c
59896.874330 -21.053  0.573   -14    8 c  0   1.16  24.44238  -1.25494  8629.97  3459.64 2.62 2.26 -53.9 -0.402 19.71 21.67 03a59897o0274c
59896.879288  22.149  1.541     5    8 c  0   1.14  24.44238  -1.25494  8571.57  3381.95 2.55 2.19 -55.3 -0.405 19.71 21.69 03a59897o0285c
59896.891214  21.203  0.688    12    8 c  0   1.02  24.44238  -1.25494  8543.93  3499.11 2.71 2.28 -54.5 -0.402 19.70 21.76 03a59897o0311c
59898.387485 -20.274  0.401   -28   11 o  0   1.11  24.44238  -1.25494  7751.19  7772.58 2.43 2.37 -89.9 -0.439 19.55 20.65 01a59898o0439o
59898.391182  20.900  0.720    16   11 o  0   1.12  24.44238  -1.25494  7771.84  7812.29 2.41 2.36 -89.6 -0.444 19.56 20.62 01a59898o0447o
59898.398571 -21.715  1.300    -8   10 o  0   1.28  24.44238  -1.25494  7714.71  7735.76 2.49 2.39 -82.4 -0.437 19.50 20.57 01a59898o0463o
59898.420469  22.370  2.806     4   12 o  0   0.81  24.44238  -1.25494  7699.61  7855.79 2.36 2.25 -72.8 -0.449 19.53 20.48 01a59898o0510o
59899.118979  22.261  2.200     4   10 o  0   1.14  24.44238  -1.25494  4676.55  1622.27 2.11 1.99  23.4 -0.441 19.47 20.91 04a59899o0261o
59899.122132  21.461  1.165     9   11 o  0   0.89  24.44238  -1.25494  4697.98  1657.82 2.10 1.97  10.0 -0.440 19.45 20.91 04a59899o0268o
59899.129397 -22.584  3.200    -3   11 o  0   0.95  24.44238  -1.25494  4645.31  1572.63 2.10 1.99  17.6 -0.438 19.46 20.87 04a59899o0284o
59899.138654  26.306 105.000     0   11 o  0   0.66  24.44238  -1.25494  4631.95  1680.42 2.06 1.96  -1.0 -0.439 19.49 20.81 04a59899o0304o
59900.857588 -21.735  1.419    -7   10 c  0   1.10  24.44238  -1.25494  8611.20  3420.34 2.63 2.23 -59.5 -0.398 19.45 21.24 03a59901o0229c
59900.860742 -21.179  1.140   -12   14 c  0   1.29  24.44238  -1.25494  8627.62  3460.11 2.65 2.18 -55.2 -0.395 19.16 20.97 03a59901o0236c
59900.866178 -21.279  0.826   -11    9 c  0   1.45  24.44238  -1.25494  8570.58  3381.73 2.56 2.16 -58.2 -0.402 19.46 21.26 03a59901o0247c
59900.891014  20.842  0.939    17   16 c  0   0.88  24.44238  -1.25494  8543.81  3501.09 2.39 2.23 -32.9 -0.414 19.23 20.94 03a59901o0300c
59902.294809 -21.231  0.687   -12    8 c  0   1.23  24.44238  -1.25494  2809.73  2954.36 2.94 2.73  36.9 -0.374 19.71 21.48 01a59902o0244c
59902.296657 -21.434  0.908   -10    9 c  0   1.17  24.44238  -1.25494  2790.38  2915.06 2.97 2.76  38.2 -0.375 19.69 21.49 01a59902o0248c
59902.299428 -21.807  1.083    -7    7 c  0   1.52  24.44238  -1.25494  2848.93  2992.20 2.89 2.72  37.2 -0.378 19.71 21.48 01a59902o0254c
59902.328536 -22.633  2.591    -3    8 c  0   1.10  24.44238  -1.25494  2869.30  2870.05 2.98 2.73  45.9 -0.364 19.68 21.48 01a59902o0315c
59903.115840  20.256  0.431    29   12 o  0   1.38  24.44238  -1.25494  4685.12  1614.86 2.28 2.16   6.4 -0.418 19.32 20.73 04a59903o0249o
59903.118993  20.444  0.508    24   12 o  0   1.06  24.44238  -1.25494  4705.97  1651.03 2.19 2.11 -11.5 -0.442 19.35 20.75 04a59903o0256o
59903.124405 -22.223  2.743    -5   13 o  0   0.79  24.44238  -1.25494  4651.51  1567.41 2.26 2.21 -67.3 -0.422 19.30 20.72 04a59903o0268o
59903.136726 -23.022  5.222    -2   12 o  0   1.38  24.44238  -1.25494  4638.01  1674.06 2.20 2.09   1.0 -0.436 19.32 20.66 04a59903o0295o
59904.845700  18.412  1.061   157  166 c  0   1.35  24.44238  -1.25494  6673.70  3472.41 2.56 2.25 -58.5 -0.388 16.27 18.18 03a59905o0198c
59904.848853 -20.077  5.300   -34  179 c  0   1.52  24.44238  -1.25494  6690.32  3511.94 2.58 2.25 -60.5 -0.389 16.49 18.42 03a59905o0205c
59906.342545 -21.661  1.089    -8    9 c  0   0.69  24.44238  -1.25494  6502.81  9812.88 3.22 3.14 -82.5 -0.331 19.71 21.66 01a59906o0346c
59906.346704  23.828  7.333     1    8 c  0   1.20  24.44238  -1.25494  6524.08  9851.62 3.28 3.17  73.1 -0.321 19.69 21.67 01a59906o0355c
59906.356536 -21.859  1.079    -7    7 c  0   1.56  24.44238  -1.25494  6467.66  9774.86 3.20 3.10  80.5 -0.332 19.74 21.69 01a59906o0376c
59906.362086 -22.328  1.720    -4    7 c  0   1.36  24.44238  -1.25494  6449.51  9892.74 3.18 3.08  82.5 -0.333 19.72 21.69 01a59906o0388c
59907.100506 -19.972  0.451   -37   17 o  0   1.20  24.44238  -1.25494  4875.15  5490.82 1.97 1.86 -29.7 -0.408 18.65 19.89 04a59907o0210o
59907.103660  21.528  1.360     9   12 o  0   0.81  24.44238  -1.25494  4896.37  5526.31 1.95 1.85 -40.4 -0.404 19.22 20.45 04a59907o0217o
59907.109967 -21.816  1.831    -7   12 o  0   0.66  24.44238  -1.25494  4843.43  5443.50 1.96 1.83 -40.3 -0.409 19.25 20.54 04a59907o0231o
59907.119894  22.249  2.413     5   11 o  0   1.36  24.44238  -1.25494  4830.23  5550.11 1.98 1.81 -41.9 -0.404 19.24 20.58 04a59907o0253o
59908.366744  21.569  1.468     9   13 o  0   1.23  24.44238  -1.25494  8132.32  7405.45 2.42 2.21 -71.7 -0.443 19.45 20.74 02a59908o0400o
59908.372180 -22.051  2.214    -6   12 o  0   1.36  24.44238  -1.25494  8191.29  7483.58 2.36 2.13 -68.6 -0.450 19.45 20.73 02a59908o0412o
59908.382765  23.121  6.667     2   14 o  0   0.97  24.44238  -1.25494  8210.87  7366.58 2.39 2.21 -71.8 -0.437 19.46 20.77 02a59908o0435o
59908.976801  20.956  0.635    15   10 c  0   1.31  24.44238  -1.25494  6667.34  3469.59 2.71 2.42 -53.7 -0.379 19.45 21.42 03a59909o0244c
59908.980420 -21.379  1.078   -10   11 c  0   0.94  24.44238  -1.25494  6687.98  3508.90 2.75 2.62 -51.4 -0.388 19.41 21.38 03a59909o0252c
59908.996036  21.087  0.917    13   12 c  0   0.99  24.44238  -1.25494  6639.33  3425.79 2.84 2.69 -47.1 -0.388 19.29 21.27 03a59909o0283c
59909.001562  20.724  0.894    19   17 c  0   1.00  24.44238  -1.25494  6619.21  3538.45 3.75 3.59 -52.9 -0.385 19.01 21.22 03a59909o0295c
59911.139848  23.626  6.583     1    8 o  0   1.48  24.44238  -1.25494  4864.34  5409.07 2.08 1.88 -48.3 -0.407 19.38 20.81 04a59911o0216o
59911.145257 -22.418  1.946    -4    8 o  0   1.86  24.44238  -1.25494  4845.53  5522.84 2.04 1.88 -51.7 -0.403 19.39 20.82 04a59911o0228o
59912.830467  19.683  0.377    49   18 o  0   1.19  24.44238  -1.25494 10217.92  9675.03 3.07 2.28 -57.2 -0.467 19.10 20.07 03a59913o0158o
59912.833644  21.612  2.744     8   23 o  0   0.86  24.44238  -1.25494 10235.35  9715.46 3.07 2.30 -55.8 -0.479 19.05 20.07 03a59913o0165o
59912.842232  19.766  0.443    45   20 o  0   1.43  24.44238  -1.25494 10173.34  9637.37 3.11 2.33 -56.6 -0.453 19.09 20.07 03a59913o0184o
59912.844938 -19.918  0.515   -39   20 o  0   1.03  24.44238  -1.25494    74.35  9418.77 2.85 2.44 -62.3 -0.462 19.09 20.13 03a59913o0190o
59912.848107  20.174  0.696    31   22 o  0   0.90  24.44238  -1.25494    92.08  9459.37 2.80 2.51 -57.3 -0.451 19.13 20.15 03a59913o0197o
59912.852183 -21.133  1.587   -13   20 o  0   1.12  24.44238  -1.25494 10148.10  9755.14 3.07 2.25 -56.1 -0.448 19.08 20.05 03a59913o0206o
59912.853536  20.872  1.090    16   18 o  0   1.44  24.44238  -1.25494    32.39  9380.43 2.78 2.33 -56.5 -0.448 19.14 20.11 03a59913o0209o
59915.037369 -23.739 25.375    -1   29 o  0   0.89  24.44238  -1.25494  6703.73  2693.48 2.51 2.15 -18.8 -0.406 18.50 19.08 04a59915o0051o
59915.040555  20.185  0.821    31   25 o  0   1.52  24.44238  -1.25494  6686.88  2653.08 2.46 2.14 -20.1 -0.408 18.46 18.88 04a59915o0058o
59915.062576 -20.563  1.223   -22   26 o  0   1.23  24.44238  -1.25494  6762.88  2729.67 2.50 2.11 -22.7 -0.397 18.51 19.00 04a59915o0105o
59915.065730 -21.635  2.947    -8   24 o  0   0.94  24.44238  -1.25494  6784.57  2613.72 2.49 2.14 -14.5 -0.395 18.51 19.03 04a59915o0112o
59920.853152 -19.337  0.449   -67   30 o  0   0.91  24.44238  -1.25494   496.34  5065.63 2.60 2.13 -63.0 -0.376 18.52 18.78 03a59921o0197o
59920.857207 -23.876 31.714    -1   32 o  0   0.90  24.44238  -1.25494   513.64  5104.73 2.67 2.20 -64.8 -0.380 18.49 18.76 03a59921o0206o
59920.862620  21.360  2.831    10   29 o  0   1.13  24.44238  -1.25494   454.83  5026.06 2.68 2.24 -67.8 -0.362 18.47 18.74 03a59921o0218o
59920.872990  20.263  0.981    28   28 o  0   0.94  24.44238  -1.25494   430.78  5141.91 2.58 2.12 -65.8 -0.373 18.49 18.69 03a59921o0241o
59920.874344  22.936 10.250     2   25 o  0   1.29  24.44238  -1.25494 10529.00  5396.99 2.62 1.96 -62.9 -0.341 18.47 18.71 03a59921o0244o
59923.105967 -20.819  1.365   -17   23 o  0   0.99  24.44238  -1.25494  2354.02  1180.82 2.70 2.19  43.0 -0.433 18.81 19.66 04a59923o0200o
59923.109122  19.340  0.340    67   23 o  0   0.88  24.44238  -1.25494  2374.81  1217.62 2.72 2.21  50.0 -0.412 18.75 19.64 04a59923o0207o
59923.116953 -20.528  0.993   -22   22 o  0   0.83  24.44238  -1.25494  2317.90  1134.86 2.69 2.16  47.7 -0.414 18.73 19.59 04a59923o0224o
59923.127322  21.459  2.476    10   24 o  0   0.66  24.44238  -1.25494  2301.35  1246.27 2.59 2.13  46.9 -0.419 18.74 19.52 04a59923o0247o
59927.096424  24.059 11.600     1   10 c  0   0.90  24.44238  -1.25494  2348.18  1180.50 2.94 2.30  49.0 -0.372 19.52 21.65 04a59927o0174c
59927.099587  21.069  0.646    14    9 c  0   1.14  24.44238  -1.25494  2368.54  1217.85 2.89 2.28  49.7 -0.386 19.49 21.61 04a59927o0181c
59927.106793  24.286 14.500     1   10 c  0   1.01  24.44238  -1.25494  2312.13  1134.39 2.93 2.29  49.6 -0.379 19.53 21.64 04a59927o0197c
59927.116910 -21.057  0.671   -14    9 c  0   1.18  24.44238  -1.25494  2295.84  1245.61 2.96 2.33  47.3 -0.377 19.49 21.62 04a59927o0219c
59928.309195  22.052  1.769     6   10 c  0   1.38  24.44238  -1.25494  3951.77  9086.67 2.42 2.38  56.0 -0.419 19.59 21.30 02a59928o0271c
59928.312364  22.489  2.846     4   10 c  0   0.79  24.44238  -1.25494  3932.20  9047.39 2.42 2.38  56.0 -0.417 19.57 21.30 02a59928o0278c
59928.317795  21.596  1.281     8   11 c  0   1.10  24.44238  -1.25494  3989.83  9125.90 2.48 2.42  60.6 -0.418 19.54 21.28 02a59928o0290c
59931.052982  19.037  0.132    88   12 c  0  13.02  24.44238  -1.25494  2220.17  9451.37 3.23 2.67 -87.2 -0.332 19.48 21.57 04a59931o0075c
59931.056142 -20.466  0.507   -24   12 c  0   1.24  24.44238  -1.25494  2241.08  9487.13 4.56 3.50  87.1 -0.245 19.17 21.57 04a59931o0082c
59931.062943 -23.091  4.889    -2   10 c  0   1.57  24.44238  -1.25494  2186.36  9402.58 3.39 2.85 -86.6 -0.322 19.46 21.57 04a59931o0097c
59931.072862  21.891  1.800     6   11 c  0   0.91  24.44238  -1.25494  2170.07  9512.32 3.27 2.63 -87.2 -0.335 19.52 21.57 04a59931o0119c
59932.828723 -20.798  0.690   -17   12 o  0   0.86  24.44238  -1.25494  4667.94  1597.49 2.48 2.28 -57.3 -0.409 19.35 20.79 03a59933o0049o
59932.831877 -21.623  1.534    -8   12 o  0   1.00  24.44238  -1.25494  4686.04  1636.27 2.40 2.22 -49.3 -0.401 19.40 20.79 03a59933o0056o
59932.837292 -20.849  0.613   -17   10 o  0   1.71  24.44238  -1.25494  4630.28  1558.57 2.38 2.17 -56.0 -0.410 19.37 20.76 03a59933o0068o
59932.847212 -22.128  1.950    -5   10 o  0   1.44  24.44238  -1.25494  4607.64  1672.72 2.31 2.06 -55.7 -0.413 19.43 20.73 03a59933o0090o
59935.047342  18.591  0.088   133   12 c  0  27.89  24.44238  -1.25494  2218.41  9445.27 3.28 2.74 -86.6 -0.325 19.38 21.30 04a59935o0059c
59935.050944  20.335  0.465    27   12 c  0   1.01  24.44238  -1.25494  2239.48  9480.17 3.40 2.88 -85.4 -0.316 19.36 21.40 04a59935o0067c
59935.056446  21.868  1.833     6   12 c  0   0.87  24.44238  -1.25494  2185.38  9397.30 3.34 2.69 -84.4 -0.326 19.43 21.43 04a59935o0079c
59935.066361 -21.787  1.621    -7   11 c  0   1.29  24.44238  -1.25494  2167.67  9507.04 3.46 2.91 -85.1 -0.319 19.45 21.49 04a59935o0101c
59939.040672  20.209  0.586    30   18 c  0   1.18  24.44238  -1.25494  2440.48  3142.63 3.14 2.83  61.7 -0.372 18.92 20.59 04a59939o0041c
59939.043824 -20.839  0.632   -17   11 c  0   1.32  24.44238  -1.25494  2461.62  3177.84 2.89 2.61  55.2 -0.380 19.18 20.96 04a59939o0048c
59939.049230  22.460  3.375     4   13 c  0   1.15  24.44238  -1.25494  2406.81  3094.66 3.12 2.90  46.1 -0.372 19.16 21.27 04a59939o0060c
59939.062755  20.278  0.390    28   11 c  0   1.20  24.44238  -1.25494  2394.04  3200.13 3.13 2.86  66.2 -0.372 19.28 21.52 04a59939o0090c
59940.785460  20.371  1.166    26   30 o  0   1.01  24.44238  -1.25494  8825.19  1538.09 2.49 2.04 -65.7 -0.418 18.41 18.55 03a59941o0029o
59940.788620 -23.410 14.000    -2   22 o  0   1.12  24.44238  -1.25494  8843.44  1568.00 2.49 2.01 -68.8 -0.407 18.72 19.23 03a59941o0036o
59940.794940  20.929  0.882    15   14 o  0   1.36  24.44238  -1.25494  8787.45  1471.79 2.43 2.02 -69.7 -0.422 19.12 20.09 03a59941o0050o
59940.804895  24.891 28.000     0   11 o  0   1.57  24.44238  -1.25494  8765.30  1560.13 2.49 2.01 -70.7 -0.421 19.32 20.55 03a59941o0072o
59943.037508  21.460  5.927    10   56 o  0   1.00  24.44238  -1.25494  2442.83  3136.16 2.60 2.39  50.6 -0.411 17.78 18.01 04a59943o0031o
59943.040660  20.342  1.523    26   40 o  0   1.06  24.44238  -1.25494  2464.01  3171.40 2.65 2.43  52.7 -0.402 17.96 18.43 04a59943o0038o
59943.047870 -20.785  1.769   -18   31 o  0   1.73  24.44238  -1.25494  2408.65  3086.48 2.61 2.34  53.1 -0.405 18.17 18.94 04a59943o0054o
59943.064186  20.254  0.975    29   28 o  0   1.47  24.44238  -1.25494  2394.75  3192.53 2.39 2.16  51.2 -0.421 18.32 19.02 04a59943o0090o
59947.070449  19.322  0.487    68   33 o  0   1.16  24.44238  -1.25494  1408.95  7464.36 2.75 2.15  89.5 -0.378 18.24 18.64 04a59947o0074o
59947.074507 -20.078  1.215   -34   41 o  0   0.73  24.44238  -1.25494  1429.44  7501.16 2.88 2.24 -87.6 -0.374 18.19 18.61 04a59947o0083o
59947.080380  19.890  0.824    40   33 o  0   1.18  24.44238  -1.25494  1371.16  7420.47 2.83 2.16 -89.1 -0.372 18.16 18.43 04a59947o0096o
59947.094469  19.718  0.751    47   35 o  0   1.10  24.44238  -1.25494  1351.62  7533.94 2.89 2.36 -88.5 -0.372 18.16 18.52 04a59947o0127o
59948.818528 -21.656  3.889    -8   31 o  0   0.99  24.44238  -1.25494  7802.99  3801.30 2.74 2.37 -64.0 -0.419 18.48 19.06 03a59949o0099o
59948.822132 -20.666  1.293   -20   25 o  0   1.21  24.44238  -1.25494  7821.40  3830.40 2.68 2.32 -63.7 -0.424 18.49 19.03 03a59949o0107o
59948.828655 -21.290  2.607   -11   29 o  0   1.19  24.44238  -1.25494  7769.05  3736.41 2.75 2.43 -61.5 -0.417 18.42 18.97 03a59949o0121o
59948.842894 -20.781  1.530   -18   27 o  0   1.32  24.44238  -1.25494  7752.96  3815.23 2.72 2.41 -63.0 -0.399 18.42 18.94 03a59949o0152o
59951.086886 -17.802  0.981  -275  270 o  0   1.14  24.44238  -1.25494  1411.34  7458.13 2.77 2.16 -86.0 -0.339 15.98 15.88 04a59951o0140o
59951.094998 -16.396  0.528 -1003  530 o  0   0.91  24.44238  -1.25494  1430.78  7495.01 2.74 2.14 -87.4 -0.374 15.77 15.80 04a59951o0158o
59951.098161  17.032  1.275   559  712 o  0   1.73  24.44238  -1.25494  1371.79  7417.76 2.71 2.11 -85.4 -0.387 15.34 15.24 04a59951o0165o
59951.108581 -17.642  1.827  -319  582 o  0   1.19  24.44238  -1.25494  1347.89  7533.08 2.75 2.08 -90.0 -0.359 15.59 15.31 04a59951o0188o
59952.799684 -20.301  0.524   -28   14 o  0   1.27  24.44238  -1.25494  6153.71  7256.11 2.55 2.18 -52.0 -0.382 19.13 20.20 03a59953o0044o
59952.803292 -20.495  0.701   -23   16 o  0   0.95  24.44238  -1.25494  6173.21  7285.79 2.50 2.24 -32.0 -0.403 19.16 20.21 03a59953o0052o
59952.808763  21.767  1.900     7   14 o  0   1.78  24.44238  -1.25494  6118.67  7193.02 2.43 2.17 -49.2 -0.407 19.10 20.03 03a59953o0064o
59952.818727 -21.214  1.625   -12   19 o  0   1.03  24.44238  -1.25494  6100.62  7283.09 2.51 2.20 -46.8 -0.402 18.94 19.79 03a59953o0086o
59955.036457 -19.459  0.698   -60   42 o  0   0.88  24.44238  -1.25494  6644.99  1468.90 2.60 2.30 -24.9 -0.430 18.18 18.59 04a59955o0029o
59955.040061  21.525  2.849     9   25 o  0   1.26  24.44238  -1.25494  6665.35  1505.49 2.60 2.29 -19.1 -0.430 18.62 19.25 04a59955o0037o
59955.045941 -22.374  4.826    -4   20 o  0   1.12  24.44238  -1.25494  6608.66  1424.74 2.70 2.35 -21.6 -0.416 18.87 20.05 04a59955o0050o
59955.058188 -20.823  0.871   -17   15 o  0   1.11  24.44238  -1.25494  6587.74  1537.21 2.65 2.24 -19.3 -0.411 19.09 20.51 04a59955o0077o
59956.808538 -17.408  1.222  -395  483 c  0   1.17  24.44238  -1.25494  6099.20  7283.93 4.65 4.46 -47.0 -0.322 17.06 19.57 03a59957o0079c
59963.035355  21.388  3.690    10   37 o  0   1.08  24.44238  -1.25494  5848.89  7741.51 2.67 2.33 -56.2 -0.390 18.21 18.73 04a59963o0030o
59963.038509  21.071  1.763    14   24 o  0   1.38  24.44238  -1.25494  5867.64  7779.68 2.66 2.36 -55.1 -0.402 18.53 19.35 04a59963o0037o
59963.045267  20.003  0.496    36   18 o  0   0.82  24.44238  -1.25494  5809.68  7699.42 2.54 2.18 -52.8 -0.405 18.94 20.14 04a59963o0052o
59963.056535  21.312  1.368    11   15 o  0   1.26  24.44238  -1.25494  5789.28  7813.65 2.54 2.16 -45.8 -0.397 19.10 20.39 04a59963o0077o
59964.283064 -23.888 11.286    -1   11 o  0   1.36  24.44238  -1.25494  2464.57  1235.35 2.47 2.08 -56.8 -0.467 19.27 20.46 02a59964o0166o
59964.304097 -21.276  1.086   -11   12 o  0   1.33  24.44238  -1.25494  2523.79  1310.44 2.37 2.06 -60.7 -0.463 19.25 20.39 02a59964o0212o
59964.318216 -20.836  0.788   -17   13 o  0   1.60  24.44238  -1.25494  2543.34  1193.79 2.62 2.15 -55.5 -0.457 19.20 20.34 02a59964o0243o
59968.217101  22.092  2.500     5   13 o  0   1.47  24.44238  -1.25494  2130.63   908.28 2.05 1.91  86.0 -0.485 19.14 20.07 02a59968o0039o
59968.220279 -20.704  0.608   -19   12 o  0   1.55  24.44238  -1.25494  2110.80   869.06 1.97 1.82 -87.0 -0.495 19.32 20.29 02a59968o0046o
59968.225709 -20.711  0.692   -19   13 o  0   1.11  24.44238  -1.25494  2169.39   948.37 2.06 1.88 -71.4 -0.486 19.36 20.43 02a59968o0058o
59968.236568  20.605  0.617    21   13 o  0   1.11  24.44238  -1.25494  2188.95   830.47 2.16 1.84 -64.7 -0.493 19.33 20.44 02a59968o0082o
59980.782913  22.292 10.650     4   47 o  0   1.13  24.44238  -1.25494  1315.97  7404.07 2.92 2.64 -55.0 -0.351 18.05 18.34 03a59981o0006o
59980.786086  19.654  0.914    50   46 o  0   1.01  24.44238  -1.25494  1334.89  7443.90 2.92 2.64 -58.7 -0.370 18.05 18.44 03a59981o0013o
59980.792442  19.823  1.017    43   44 o  0   0.91  24.44238  -1.25494  1281.35  7365.24 2.98 2.72 -59.9 -0.365 18.03 18.43 03a59981o0027o
59980.804649 -19.322  0.706   -68   48 o  0   1.35  24.44238  -1.25494  1263.65  7481.17 3.35 3.13 -53.5 -0.350 17.95 18.40 03a59981o0054o
59983.025860  20.695  5.606    19  107 o  0   1.37  24.44238  -1.25494  8764.05  5231.11 3.06 2.80 -20.1 -0.414 17.02 17.02 04a59983o0029o
59983.029018 -19.778  1.756   -45   78 o  0   0.86  24.44238  -1.25494  8781.64  5271.27 3.00 2.67 -16.3 -0.416 17.50 17.80 04a59983o0036o
59983.035781 -19.627  0.675   -51   35 o  0   1.31  24.44238  -1.25494  8720.24  5196.08 2.90 2.61 -21.8 -0.394 18.17 19.05 04a59983o0051o
59983.045697  19.570  0.513    54   28 o  0   1.25  24.44238  -1.25494  8695.31  5315.44 2.92 2.59 -17.4 -0.400 18.42 19.54 04a59983o0073o
60101.145872  19.746  0.645    46   30 o  0   1.27  24.44238  -1.25494  9231.00  3158.85 2.53 2.27 -36.7 -0.375 18.38 18.83 03a60101o0993o
60101.148707 -25.152 88.500    -0   28 o  0   1.05  24.44238  -1.25494  9211.31  3119.52 2.56 2.29 -25.1 -0.390 18.38 18.85 03a60101o0999o
60101.153905  22.604  7.545     3   25 o  0   1.19  24.44238  -1.25494  9268.22  3196.49 2.54 2.22 -32.1 -0.385 18.41 18.90 03a60101o1010o
60101.163846  21.370  2.537    10   26 o  0   1.10  24.44238  -1.25494  9290.90  3077.63 2.51 2.30 -27.8 -0.397 18.51 18.95 03a60101o1031o
60116.169297 -21.228  1.700   -12   20 o  0   1.17  24.44238  -1.25494  6100.90   748.92 2.61 2.40 -26.7 -0.411 18.73 19.93 03a60116o0247o
60116.175955 -20.809  1.462   -17   25 o  0   1.39  24.44238  -1.25494  6082.08   707.73 2.60 2.41 -27.5 -0.418 18.29 19.48 03a60116o0261o
60116.184311  20.248  1.138    29   33 o  0   1.12  24.44238  -1.25494  6137.96   786.14 2.75 2.47 -17.6 -0.420 18.26 19.27 03a60116o0279o
60116.189315 -20.120  1.378   -32   45 o  0   1.38  24.44238  -1.25494  6160.84   669.18 2.73 2.49 -19.7 -0.414 17.91 18.55 03a60116o0290o
60126.362147 -21.804  3.164    -7   22 o  0   1.48  24.44238  -1.25494  3802.08  5245.26 1.91 1.86 -48.4 -0.481 18.67 19.34 04a60126o0912o
60126.365766  20.057  0.704    34   24 o  0   1.05  24.44238  -1.25494  3782.56  5206.90 1.92 1.87 -58.3 -0.475 18.74 19.38 04a60126o0920o
60126.370788  21.079  1.847    13   25 o  0   1.07  24.44238  -1.25494  3841.19  5284.17 2.04 1.93 -27.6 -0.483 18.76 19.43 04a60126o0931o
60126.384092 -20.198  0.840   -30   25 o  0   0.82  24.44238  -1.25494  3860.14  5168.98 1.92 1.84 -73.4 -0.490 18.89 19.62 04a60126o0960o
60128.103854  19.826  0.728    43   31 o  0   1.09  24.44238  -1.25494  1952.29  9077.03 2.79 2.44 -42.6 -0.382 18.50 18.94 03a60128o0777o
60128.106592  20.026  0.848    35   30 o  0   0.86  24.44238  -1.25494  1934.10  9037.91 2.72 2.39 -42.2 -0.389 18.52 18.95 03a60128o0783o
60128.119302  20.076  0.966    34   33 o  0   0.93  24.44238  -1.25494  1986.02  9113.41 2.89 2.59 -41.1 -0.378 18.50 19.03 03a60128o0810o
60128.125330 -22.354  7.174    -4   30 o  0   1.39  24.44238  -1.25494  2008.73  8994.30 2.82 2.51 -40.0 -0.381 18.55 19.06 03a60128o0823o
60129.355567  21.252  3.019    12   35 o  0   0.99  24.44238  -1.25494  2072.44  9227.18 3.07 2.49 -77.7 -0.329 18.19 18.90 04a60129o0900o
60129.365206  20.010  0.856    36   31 o  0   0.93  24.44238  -1.25494  2050.12  9188.41 2.67 2.10 -74.5 -0.385 18.43 18.97 04a60129o0921o
60129.367949  21.743  4.023     7   29 o  0   1.13  24.44238  -1.25494  2108.17  9266.15 2.73 2.07 -78.2 -0.361 18.44 19.00 04a60129o0927o
60129.382608  19.687  0.522    48   25 o  0   1.08  24.44238  -1.25494  2128.65  9149.01 2.64 2.05 -74.3 -0.393 18.52 19.00 04a60129o0959o
60131.124426  22.730 31.500     3   93 o  0   0.95  24.44238  -1.25494  1897.04  7128.01 2.74 2.48 -32.8 -0.383 17.22 17.20 03a60131o0949o
60131.127162 -18.337  0.771  -168  130 o  0   1.26  24.44238  -1.25494  1878.79  7089.17 2.85 2.47  -9.0 -0.388 16.68 16.56 03a60131o0955o
60131.133137 -18.645  0.720  -126   91 o  0   1.22  24.44238  -1.25494  1933.85  7166.98 2.50 2.26 -48.5 -0.384 17.05 16.85 03a60131o0968o
60131.143286 -18.253  0.378  -181   69 o  0   1.23  24.44238  -1.25494  1956.96  7048.83 2.58 2.31 -26.5 -0.398 17.51 17.44 03a60131o0990o
60132.340615  19.219  0.504    75   38 o  0   0.83  24.44238  -1.25494  3911.10  7179.09 2.47 2.13 -81.6 -0.380 18.35 18.86 04a60132o0868o
60132.343353 -20.118  1.037   -33   34 o  0   1.11  24.44238  -1.25494  3891.56  7141.30 2.62 2.28 -78.4 -0.343 18.36 18.97 04a60132o0874o
60132.349098 -20.481  1.401   -23   33 o  0   0.98  24.44238  -1.25494  3947.84  7218.62 2.48 2.11 -83.5 -0.378 18.40 19.02 04a60132o0886o
60132.358512  19.498  0.507    58   29 o  0   1.16  24.44238  -1.25494  3967.57  7104.18 2.38 2.00 -82.4 -0.394 18.56 19.14 04a60132o0906o
60138.342360 -22.096  2.892    -5   15 o  0   0.86  24.44238  -1.25494  5949.91  9023.99 2.52 2.12 -77.9 -0.394 19.18 20.46 04a60138o0630o
60138.377384  21.255  1.289    11   15 o  0   0.91  24.44238  -1.25494  5929.60  8987.36 2.08 1.92 -58.4 -0.417 19.29 20.46 04a60138o0706o
60138.380207  21.532  1.253     9   11 o  0   1.20  24.44238  -1.25494  5988.06  9064.73 1.99 1.90 -57.2 -0.402 19.34 20.51 04a60138o0712o
60138.396232  22.533  4.071     4   14 o  0   1.02  24.44238  -1.25494  6009.40  8946.74 2.11 1.94 -58.2 -0.401 19.28 20.54 04a60138o0747o
60143.105579  21.487  0.971     9    9 c  0   1.49  24.44238  -1.25494  6744.00  2707.28 2.36 2.19 -39.8 -0.409 19.55 21.17 03a60143o0864c
60143.108770 -23.129  4.667    -2   10 c  0   1.34  24.44238  -1.25494  6725.79  2668.66 2.38 2.21 -45.8 -0.409 19.53 21.17 03a60143o0871c
60143.135775  21.503  0.899     9    8 c  0   1.71  24.44238  -1.25494  6804.30  2630.49 2.37 2.19 -35.4 -0.410 19.56 21.19 03a60143o0926c
60143.190422 -20.222  0.546   -30   16 c  0   1.41  24.44238  -1.25494  6781.25  2689.10 2.39 2.17 -35.6 -0.410 18.97 19.86 03a60143o1040c
60150.325378  18.503  1.013   144  146 o  0   1.27  24.44238  -1.25494  9221.05  3111.41 2.61 2.20 -20.2 -0.397 16.08 17.38 04a60150o0404o
60153.316820 -22.895  4.810    -2   12 o  0   1.72  24.44238  -1.25494  4004.19  9123.44 1.99 1.76 -70.1 -0.421 19.33 20.50 04a60153o0779o
60153.319991  20.535  0.591    22   13 o  0   1.53  24.44238  -1.25494  3984.90  9084.53 2.01 1.81 -65.2 -0.413 19.35 20.55 04a60153o0786o
60153.325904 -20.960  1.008   -15   15 o  0   0.80  24.44238  -1.25494  4043.57  9162.26 2.01 1.79 -71.7 -0.431 19.34 20.54 04a60153o0798o
60156.276364 -20.949  2.030   -15   31 o  0   1.14  24.44238  -1.25494    98.11  9339.20 2.74 2.03 -74.6 -0.374 18.69 19.27 04a60156o0707o
60156.279549  22.501 11.261     4   41 o  0   1.19  24.44238  -1.25494    77.23  9300.08 2.73 2.12 -71.8 -0.356 18.64 19.17 04a60156o0714o
60156.281848 -20.370  1.272   -26   33 o  0   1.23  24.44238  -1.25494 10262.90  9320.53 2.35 1.98   6.9 -0.507 18.49 18.92 04a60156o0719o
60156.282299 -20.381  1.383   -26   35 o  0   0.96  24.44238  -1.25494   136.66  9378.29 2.73 2.02 -69.9 -0.373 17.66 18.77 04a60156o0720o
60156.283687  20.079  1.618    34   55 o  0   0.85  24.44238  -1.25494 10241.28  9281.87 2.53 1.96   8.4 -0.476 18.10 18.89 04a60156o0723o
60156.298751 -20.148  0.799   -32   25 o  0   1.33  24.44238  -1.25494   153.66  9261.47 2.61 2.06 -70.2 -0.396 18.67 19.22 04a60156o0754o
60156.299654 -21.053  2.351   -14   32 o  0   1.47  24.44238  -1.25494 10297.91  9362.95 2.49 1.90   8.9 -0.505 18.66 19.20 04a60156o0756o
