MJD          m      dm   uJy   duJy F err chi/N     RA       Dec        x        y     maj  min   phi  apfit mag5sig Sky   Obs
59804.466971  24.355 44.833     1   30 o  0   0.89 299.65638   2.59993  2936.17 10359.91 2.11 1.89 -62.7 -0.504 18.61 18.89 02a59804o0515o
59804.467424 -22.346  5.196    -4   22 o  0   1.11 299.65638   2.59993  2956.34   147.83 1.95 1.71 -72.8 -0.505 18.71 18.96 02a59804o0516o
59804.475311  20.872  1.682    16   27 o  0   1.59 299.65638   2.59993  2935.98   108.26 2.01 1.79  74.8 -0.480 18.56 18.94 02a59804o0533o
59804.477144 -20.898  1.702   -16   27 o  0   0.89 299.65638   2.59993  2916.58 10321.95 2.28 1.96 -58.8 -0.490 18.58 18.85 02a59804o0537o
59804.478953  21.302  1.830    11   20 o  0   1.35 299.65638   2.59993  2996.01   186.24 2.09 1.86 -73.5 -0.468 18.57 18.92 02a59804o0541o
59804.480309 -20.926  1.862   -16   29 o  0   0.95 299.65638   2.59993  2974.58 10399.58 2.25 1.96 -62.4 -0.484 18.56 18.84 02a59804o0544o
59804.492259  22.168  6.279     5   31 o  0   0.98 299.65638   2.59993  2995.31 10282.23 2.15 1.93 -61.3 -0.497 18.51 18.80 02a59804o0570o
59804.493162  20.819  1.476    17   25 o  0   1.44 299.65638   2.59993  3016.04    68.74 1.99 1.74 -75.3 -0.460 18.58 18.87 02a59804o0572o
59806.390279  20.776  1.261    18   22 o  0   1.09 299.65638   2.59993  9999.23  5732.80 2.98 2.77 -55.7 -0.451 18.98 19.98 01a59806o0358o
59806.397642  20.028  0.660    35   23 o  0   1.07 299.65638   2.59993 10021.38  5771.52 2.86 2.70 -57.4 -0.460 19.03 19.96 01a59806o0374o
59806.400834  20.589  1.035    21   22 o  0   1.20 299.65638   2.59993  9961.86  5695.73 2.91 2.71 -55.8 -0.462 19.00 19.94 01a59806o0381o
59806.416392 -22.062  4.357    -5   24 o  0   1.02 299.65638   2.59993  9947.97  5814.13 2.92 2.75 -57.6 -0.454 18.86 19.72 01a59806o0415o
59807.178079  20.122  0.465    32   15 o  0   1.12 299.65638   2.59993  2274.48  6235.77 2.20 1.87  85.9 -0.383 19.15 20.13 04a59807o0489o
59807.181269  19.727  0.429    47   20 o  0   0.55 299.65638   2.59993  2294.72  6272.30 2.16 1.81  85.0 -0.387 19.16 20.14 04a59807o0496o
59807.191147  20.828  0.783    17   13 o  0   1.51 299.65638   2.59993  2240.67  6187.79 2.17 1.84  87.6 -0.384 19.14 20.13 04a59807o0517o
59807.204186  20.669  0.634    20   12 o  0   2.32 299.65638   2.59993  2225.62  6295.71 2.17 1.81  88.5 -0.386 19.14 20.10 04a59807o0545o
59808.367871  22.385  3.514     4   14 o  0   1.19 299.65638   2.59993  2941.43 10353.26 2.12 1.84 -57.7 -0.519 19.43 20.57 02a59808o0275o
59808.368348  21.503  1.526     9   14 o  0   0.85 299.65638   2.59993  2957.70   142.40 2.03 1.71 -65.8 -0.497 19.41 20.62 02a59808o0276o
59808.403491  20.748  0.708    18   13 o  0   1.57 299.65638   2.59993  2917.48 10315.89 2.14 1.82 -55.9 -0.506 19.37 20.33 02a59808o0351o
59808.403943  20.292  0.581    28   16 o  0   1.05 299.65638   2.59993  2934.97   103.95 2.03 1.73 -67.7 -0.487 19.33 20.36 02a59808o0352o
59808.406656  20.628  0.911    20   18 o  0   0.79 299.65638   2.59993  2976.41 10394.20 2.12 1.81 -57.3 -0.527 19.31 20.32 02a59808o0358o
59808.407561  19.881  0.347    40   14 o  0   1.04 299.65638   2.59993  2994.86   182.85 2.01 1.74 -68.4 -0.502 19.31 20.37 02a59808o0360o
59808.415868 -19.774  0.439   -45   20 o  0   0.71 299.65638   2.59993  3000.72 10280.28 2.08 1.80 -59.2 -0.506 19.36 20.29 02a59808o0378o
59808.424107  19.529  0.289    56   16 o  0   1.54 299.65638   2.59993  3022.19    70.20 2.00 1.71 -70.8 -0.493 19.28 20.31 02a59808o0394o
59810.393378  20.135  0.463    32   15 o  0   1.11 299.65638   2.59993  1060.72   100.23 2.69 2.68 -53.1 -0.543 19.38 21.01 01a59810o0368o
59810.397025  19.812  0.376    43   16 o  0   0.86 299.65638   2.59993  1082.53   140.17 2.86 2.71  -0.5 -0.513 19.33 21.02 01a59810o0376o
59810.397936  20.679  0.901    19   18 o  0   0.82 299.65638   2.59993  1311.88 10335.42 2.94 2.77 -55.0 -0.479 19.32 21.03 01a59810o0378o
59810.401130  20.284  0.544    28   15 o  0   1.09 299.65638   2.59993  1332.99 10374.95 2.79 2.62 -71.5 -0.496 19.39 21.02 01a59810o0385o
59810.404318  20.140  0.476    32   15 o  0   1.14 299.65638   2.59993  1023.07    62.44 2.65 2.59   2.7 -0.537 19.35 20.97 01a59810o0392o
59810.406595  19.668  0.303    49   15 o  0   1.40 299.65638   2.59993  1274.24 10299.48 2.80 2.62 -64.6 -0.502 19.34 20.99 01a59810o0397o
59810.422795  19.556  0.287    55   16 o  0   1.14 299.65638   2.59993  1010.52   182.38 2.62 2.57  77.3 -0.552 19.33 20.84 01a59810o0432o
59810.423705  19.974  0.458    37   17 o  0   0.78 299.65638   2.59993  1259.56 10418.48 2.86 2.64 -74.5 -0.495 19.29 20.87 01a59810o0434o
59811.136136  19.384  0.143    64    9 c  0   1.14 299.65638   2.59993  2051.98  2387.96 2.28 1.84  49.9 -0.419 19.78 21.76 04a59811o0390c
59811.139293  19.760  0.246    45   11 c  0   0.65 299.65638   2.59993  2073.57  2423.85 2.29 1.87  46.6 -0.418 19.76 21.74 04a59811o0397c
59811.171139  20.040  0.261    35    9 c  0   1.10 299.65638   2.59993  2036.83  2318.14 2.36 1.93  47.4 -0.414 19.74 21.79 04a59811o0466c
59811.180651  19.896  0.223    40    9 c  0   1.01 299.65638   2.59993  2021.76  2427.70 2.32 1.86  46.9 -0.417 19.76 21.72 04a59811o0487c
59812.362109  19.688  0.304    48   15 c  0   0.81 299.65638   2.59993  6577.08  8297.78 2.99 2.55  34.7 -0.411 19.51 21.59 02a59812o0294c
59812.367764  19.592  0.237    53   12 c  0   1.23 299.65638   2.59993  6557.41  8259.06 3.03 2.60  36.0 -0.403 19.55 21.59 02a59812o0306c
59812.370927  19.487  0.238    58   14 c  0   1.07 299.65638   2.59993  6616.77  8339.09 3.01 2.57  36.1 -0.408 19.51 21.57 02a59812o0313c
59812.383714  19.274  0.198    71   14 c  0   0.93 299.65638   2.59993  6637.98  8224.39 3.05 2.63  36.8 -0.399 19.47 21.55 02a59812o0341c
59812.496381  19.829  0.453    42   19 o  0   0.96 299.65638   2.59993  1968.22  6060.55 3.24 3.22 -70.3 -0.402 19.00 20.47 01a59812o0584o
59812.496411  19.737  0.454    46   21 o  0   1.25 299.65638   2.59993  8618.59  4604.81 3.42 3.36 -29.6 -0.400 18.82 20.47 02a59812o0580o
59812.496838  20.013  0.469    36   17 o  0   0.94 299.65638   2.59993  1988.58  6098.84 3.11 3.09  56.8 -0.425 19.03 20.47 01a59812o0585o
59812.496863  19.741  0.519    46   24 o  0   1.15 299.65638   2.59993  8599.14  4566.43 3.95 3.83 -82.4 -0.366 18.70 20.46 02a59812o0581o
59812.497292  19.495  0.302    58   17 o  0   1.28 299.65638   2.59993  1928.68  6022.78 3.08 3.06  53.7 -0.418 19.03 20.46 01a59812o0586o
59812.497316  19.483  0.358    58   21 o  0   1.37 299.65638   2.59993  8657.71  4644.00 3.76 3.67 -27.4 -0.383 18.78 20.46 02a59812o0582o
59812.497747  19.299  0.265    69   18 o  0   0.88 299.65638   2.59993  1911.74  6139.31 2.86 2.84  56.5 -0.440 19.11 20.46 01a59812o0587o
59812.497767  19.710  0.448    47   21 o  0   1.25 299.65638   2.59993  8677.50  4528.40 3.62 3.57 -44.0 -0.370 18.80 20.46 02a59812o0583o
59812.498202  19.251  0.247    72   18 o  0   1.04 299.65638   2.59993  1949.47  6080.46 2.92 2.89  55.3 -0.433 19.10 20.46 01a59812o0588o
59812.498219  19.212  0.303    75   23 o  0   1.02 299.65638   2.59993  8638.60  4586.61 3.64 3.53 -12.8 -0.377 18.84 20.45 02a59812o0584o
59812.713202  18.732  0.652   117   76 o  0   1.35 299.65638   2.59993  8559.76  4573.25 2.52 2.35 -60.1 -0.442 17.43 17.01 03a59813o0011o
59812.713653 -20.129  2.005   -32   65 o  0   1.12 299.65638   2.59993  8560.05  4573.18 2.50 2.35 -62.7 -0.443 17.51 17.15 03a59813o0012o
59812.714104  18.344  0.357   167   60 o  0   1.26 299.65638   2.59993  8616.93  4651.87 2.56 2.33 -60.9 -0.433 17.55 17.29 03a59813o0013o
59812.714554 -21.801  8.419    -7   58 o  0   1.30 299.65638   2.59993  8638.75  4536.57 2.48 2.33 -62.3 -0.448 17.66 17.43 03a59813o0014o
59812.715004  19.316  0.861    68   59 o  0   0.76 299.65638   2.59993  8599.23  4593.78 2.39 2.26 -65.5 -0.462 17.78 17.57 03a59813o0015o
59812.793062  19.499  0.219    58   13 o  0   1.37 299.65638   2.59993  4365.62  2528.57 2.14 2.07 -51.2 -0.466 19.55 20.97 03a59813o0186o
59812.794866  19.015  0.123    90   11 o  0   1.98 299.65638   2.59993  4347.26  2489.51 2.16 2.05 -44.6 -0.464 19.52 20.99 03a59813o0190o
59812.798024  19.665  0.237    49   12 o  0   1.57 299.65638   2.59993  4403.84  2569.16 2.15 2.03 -43.0 -0.459 19.52 21.02 03a59813o0197o
59812.843112  19.319  0.161    68   11 o  0   1.77 299.65638   2.59993  4420.70  2457.92 2.16 2.00 -44.7 -0.458 19.56 21.05 03a59813o0268o
59814.384781  19.076  0.233    85   20 o  0   1.01 299.65638   2.59993  1065.94   102.25 3.42 3.33  78.0 -0.500 19.17 20.94 01a59814o0357o
59814.385693  19.016  0.181    90   16 o  0   1.53 299.65638   2.59993  1315.86 10336.69 3.23 3.01 -65.7 -0.472 19.22 20.96 01a59814o0359o
59814.387970  18.964  0.182    94   17 o  0   1.25 299.65638   2.59993  1087.74   142.00 2.98 2.93 -59.7 -0.507 19.23 20.93 01a59814o0364o
59814.388883  19.057  0.202    86   18 o  0   1.22 299.65638   2.59993  1337.35 10375.87 3.32 3.18 -72.8 -0.446 19.19 20.95 01a59814o0366o
59814.394536  18.930  0.205    97   20 o  0   0.77 299.65638   2.59993  1027.50    63.26 3.02 2.99 -79.2 -0.494 19.22 20.94 01a59814o0378o
59814.395445  18.500  0.118   145   17 o  0   1.00 299.65638   2.59993  1278.40 10299.39 2.98 2.72 -69.1 -0.472 19.28 20.96 01a59814o0380o
59814.406443  18.688  0.138   122   17 o  0   1.12 299.65638   2.59993  1013.09   183.44 2.72 2.68 -64.8 -0.542 19.35 20.95 01a59814o0404o
59814.409175  18.599  0.122   132   16 o  0   1.34 299.65638   2.59993  1261.42 10419.62 2.97 2.74 -71.6 -0.480 19.28 20.97 01a59814o0410o
59815.120986  18.772  0.096   112   11 c  0   0.82 299.65638   2.59993  2049.47  2391.52 2.45 2.01  50.1 -0.396 19.67 21.63 04a59815o0354c
59815.124147  18.919  0.108    98   11 c  0   1.28 299.65638   2.59993  2072.11  2426.85 2.50 2.03  51.4 -0.402 19.67 21.64 04a59815o0361c
59815.134233  18.734  0.102   116   12 c  0   1.02 299.65638   2.59993  2020.73  2338.85 2.48 1.99  49.3 -0.402 19.62 21.55 04a59815o0383c
59815.139645  18.590  0.080   133   11 c  0   1.52 299.65638   2.59993  2004.50  2451.61 2.49 2.03  50.0 -0.400 19.68 21.65 04a59815o0395c
59818.373180  18.359  0.088   165   14 o  0   0.96 299.65638   2.59993  4043.69  4235.19 2.81 2.59  41.9 -0.464 19.41 21.00 01a59818o0290o
59818.376365  18.264  0.073   180   13 o  0   1.16 299.65638   2.59993  4064.22  4274.22 2.88 2.71  45.8 -0.458 19.33 21.00 01a59818o0297o
59818.386448  18.210  0.085   189   16 o  0   1.12 299.65638   2.59993  4007.06  4199.76 2.98 2.78  52.0 -0.455 19.32 20.99 01a59818o0319o
59818.401551  18.418  0.095   156   15 o  0   1.18 299.65638   2.59993  3992.42  4318.01 2.90 2.79  47.6 -0.446 19.31 20.93 01a59818o0352o
59819.113418  18.263  0.061   180   11 c  0   1.33 299.65638   2.59993  8057.77  5950.77 2.53 1.93 -17.3 -0.416 19.62 21.42 04a59819o0335c
59819.116580  18.220  0.057   187   11 c  0   1.40 299.65638   2.59993  8079.32  5986.38 2.59 2.05 -14.9 -0.405 19.56 21.44 04a59819o0342c
59819.122893  18.209  0.059   189   11 c  0   1.29 299.65638   2.59993  8023.85  5904.43 2.51 1.90 -16.7 -0.419 19.62 21.47 04a59819o0356c
59819.132835  18.204  0.060   190   11 c  0   1.34 299.65638   2.59993  8009.76  6012.66 2.50 1.93 -20.5 -0.416 19.63 21.42 04a59819o0378c
59820.347666  18.147  0.057   200   12 c  0   1.42 299.65638   2.59993  6297.27  2492.81 2.42 2.24  47.1 -0.428 19.62 21.49 02a59820o0274c
59820.350829  18.157  0.057   198   11 c  0   1.38 299.65638   2.59993  6278.34  2457.23 2.45 2.27  45.6 -0.427 19.57 21.47 02a59820o0281c
59820.357607  18.114  0.057   206   12 c  0   1.27 299.65638   2.59993  6336.27  2530.61 2.43 2.29  50.4 -0.422 19.56 21.44 02a59820o0296c
59820.367574  18.161  0.067   198   13 c  0   1.18 299.65638   2.59993  6357.49  2417.14 2.44 2.29  52.0 -0.424 19.56 21.41 02a59820o0318c
59822.338568  17.878  0.055   256   14 o  0   1.30 299.65638   2.59993  4036.44  4234.71 2.81 2.71  30.8 -0.464 19.40 21.13 01a59822o0265o
59822.342216  18.043  0.066   220   14 o  0   1.26 299.65638   2.59993  4058.14  4272.29 2.92 2.70  46.8 -0.453 19.36 21.14 01a59822o0273o
59822.349053  17.948  0.056   240   14 o  0   1.50 299.65638   2.59993  3998.58  4197.36 2.83 2.70  34.5 -0.460 19.39 21.16 01a59822o0288o
59822.359549  17.968  0.060   236   14 o  0   0.80 299.65638   2.59993  3983.28  4315.01 2.82 2.66  35.9 -0.463 19.43 21.18 01a59822o0311o
59823.168384  18.052  0.071   218   16 c  0   0.94 299.65638   2.59993  8091.93  5906.43 2.93 2.43 -22.2 -0.394 19.32 21.39 04a59823o0449c
59823.171998  18.002  0.072   229   16 c  0   1.20 299.65638   2.59993  8112.57  5943.40 3.01 2.54 -21.1 -0.384 19.00 21.02 04a59823o0457c
59824.348890  17.913  0.044   248   11 c  0   1.51 299.65638   2.59993  6298.47  2490.03 2.52 2.32  45.3 -0.421 19.61 21.41 02a59824o0283c
59824.352061  17.872  0.048   258   12 c  0   1.03 299.65638   2.59993  6281.99  2452.30 2.59 2.37  44.9 -0.421 19.56 21.45 02a59824o0290c
59824.359300  17.992  0.053   231   12 c  0   1.35 299.65638   2.59993  6341.81  2532.58 2.63 2.39  45.6 -0.418 19.56 21.51 02a59824o0306c
59824.380155  17.870  0.038   258   10 c  0   2.27 299.65638   2.59993  6361.62  2419.07 2.53 2.34  50.2 -0.421 19.61 21.49 02a59824o0352c
59826.343369  17.644  0.057   318   18 o  0   1.10 299.65638   2.59993  5532.36   307.39 2.96 2.82  54.7 -0.454 19.13 20.45 01a59826o0282o
59826.347477  17.718  0.063   297   19 o  0   1.12 299.65638   2.59993  5551.77   344.71 2.86 2.68  42.8 -0.456 19.17 20.46 01a59826o0291o
59826.358019  17.818  0.070   271   19 o  0   1.03 299.65638   2.59993  5491.77   267.84 2.82 2.70  55.9 -0.457 19.17 20.44 01a59826o0314o
59826.360297  17.731  0.073   294   21 o  0   0.82 299.65638   2.59993  5753.19 10508.80 3.06 2.81  52.4 -0.445 19.17 20.50 01a59826o0319o
59826.366764  17.828  0.066   268   18 o  0   0.99 299.65638   2.59993  5477.40   387.11 2.86 2.72  61.6 -0.456 19.19 20.43 01a59826o0333o
59826.368586  17.769  0.061   284   17 o  0   1.41 299.65638   2.59993  5714.87 10472.33 3.12 2.82  53.1 -0.444 19.18 20.49 01a59826o0337o
59827.077401  17.487  0.107   367   39 o  0   0.94 299.65638   2.59993  9572.15   118.59 3.53 2.29 -32.6 -0.359 18.86 19.64 04a59827o0241o
59827.083299  17.479  0.094   370   35 o  0   0.93 299.65638   2.59993  9596.25   152.05 3.29 2.30 -29.9 -0.384 18.86 19.64 04a59827o0254o
59827.086453  17.592  0.155   334   52 o  0   0.91 299.65638   2.59993  9540.24    70.48 3.44 2.34 -31.5 -0.364 18.87 19.64 04a59827o0261o
59827.087355  17.903  0.111   250   28 o  0   1.06 299.65638   2.59993  9574.55 10330.27 2.99 2.65  20.3 -0.393 18.83 19.75 04a59827o0263o
59827.091978  17.636  0.091   320   29 o  0   1.52 299.65638   2.59993  9597.90 10366.44 2.98 2.59  18.9 -0.410 18.87 19.75 04a59827o0273o
59827.122031  17.472  0.090   373   34 o  0   0.97 299.65638   2.59993  9543.80   159.34 3.35 2.31 -33.8 -0.372 18.89 19.76 04a59827o0338o
59827.123834  17.647  0.095   317   30 o  0   1.00 299.65638   2.59993  9558.12 10261.47 2.85 2.55  24.1 -0.422 18.89 19.81 04a59827o0342o
59827.152344  17.865  0.120   259   31 o  0   1.24 299.65638   2.59993  9550.76 10364.27 2.89 2.64  50.1 -0.434 18.80 19.70 04a59827o0403o
59830.313364  17.663  0.675   312  211 o  0   0.02 299.65638   2.59993  5742.30 10510.29 3.22 3.00  14.3 -0.421 18.43 19.07 01a59830o0185o
59830.333753  17.808  0.127   273   35 o  0   0.90 299.65638   2.59993  5706.71 10473.40 3.27 2.99  40.1 -0.411 18.49 19.06 01a59830o0229o
59831.132040  18.022  0.220   224   49 o  0   1.23 299.65638   2.59993  9613.45 10293.21 3.04 2.87 -50.2 -0.363 18.06 18.40 04a59831o0370o
59831.132940  17.471  0.220   373   82 o  0   1.46 299.65638   2.59993  9619.80    68.83 4.18 2.71 -33.0 -0.302 18.03 18.34 04a59831o0372o
59831.135192  17.429  0.150   388   58 o  0   0.90 299.65638   2.59993  9635.09 10331.75 3.32 3.11   7.1 -0.321 17.99 18.30 04a59831o0377o
59831.136544  17.819  0.270   271   73 o  0   0.97 299.65638   2.59993  9639.11   105.93 3.57 2.51 -30.1 -0.356 18.11 18.26 04a59831o0380o
59831.149058  17.579  0.155   338   52 o  0   1.26 299.65638   2.59993  9576.46 10247.05 3.18 2.96  -2.8 -0.352 17.92 18.25 04a59831o0407o
59831.164705  17.965  0.233   237   55 o  0   1.06 299.65638   2.59993  9558.39 10360.09 2.85 2.76 -73.9 -0.409 18.02 18.19 04a59831o0441o
59831.165155  17.834  0.218   267   58 o  0   1.12 299.65638   2.59993  9562.62   136.75 3.50 2.47 -30.3 -0.345 18.01 18.15 04a59831o0442o
59832.379817  17.977  0.111   234   26 o  0   2.35 299.65638   2.59993  4549.02  6464.22 2.53 2.11  44.6 -0.436 18.49 18.77 02a59832o0069o
59832.383013  17.994  0.126   230   29 o  0   1.59 299.65638   2.59993  4530.05  6426.45 2.66 2.17  39.2 -0.412 18.44 18.75 02a59832o0076o
59832.393538  17.643  0.098   318   31 o  0   1.30 299.65638   2.59993  4591.27  6503.43 2.50 2.11  43.0 -0.434 18.44 18.68 02a59832o0099o
59832.404433  17.898  0.132   252   33 o  0   1.11 299.65638   2.59993  4610.17  6386.48 2.63 2.15  40.1 -0.432 18.35 18.60 02a59832o0123o
59832.883848  17.637  0.172   320   55 o  0   1.08 299.65638   2.59993  2140.60  6148.67 2.90 2.54 -35.3 -0.390 17.72 17.69 03a59833o0115o
59832.887043  18.107  0.302   208   63 o  0   0.85 299.65638   2.59993  2158.88  6187.59 2.90 2.54 -36.2 -0.393 17.72 17.69 03a59833o0122o
59832.892556  17.980  0.235   233   55 o  0   0.96 299.65638   2.59993  2102.22  6108.80 3.03 2.61 -32.1 -0.387 17.73 17.68 03a59833o0134o
59832.902534  17.692  0.202   304   62 o  0   1.00 299.65638   2.59993  2080.21  6224.01 3.17 2.78 -36.7 -0.375 17.68 17.70 03a59833o0156o
59835.105476  17.951  0.088   240   21 o  0   1.26 299.65638   2.59993  7650.55   197.29 3.13 2.39 -28.9 -0.347 18.86 19.77 04a59835o0308o
59835.105926  17.802  0.079   275   22 o  0   1.24 299.65638   2.59993  7639.09 10393.34 2.91 2.70 -84.6 -0.340 18.83 19.76 04a59835o0309o
59835.108658  17.822  0.076   270   20 o  0   1.12 299.65638   2.59993  7670.86   234.96 3.06 2.25 -29.5 -0.358 18.89 19.78 04a59835o0315o
59835.109109  17.840  0.096   266   25 o  0   1.05 299.65638   2.59993  7660.27 10431.20 2.87 2.71 -79.7 -0.330 18.82 19.74 04a59835o0316o
59835.115446  17.780  0.077   281   22 o  0   1.20 299.65638   2.59993  7613.91   153.24 3.03 2.35 -28.0 -0.345 18.83 19.67 04a59835o0330o
59835.115897  18.118  0.127   206   26 o  0   1.12 299.65638   2.59993  7602.29 10349.33 2.92 2.63 -66.8 -0.337 18.77 19.58 04a59835o0331o
59835.125837  17.932  0.117   244   28 o  0   0.80 299.65638   2.59993  7597.26   265.37 2.94 2.24 -26.0 -0.361 18.81 19.67 04a59835o0353o
59835.126287  17.771  0.107   283   30 o  0   1.10 299.65638   2.59993  7587.04 10461.48 2.86 2.62 -61.4 -0.352 18.72 19.65 04a59835o0354o
59836.449935  18.010  0.094   227   21 o  0   1.11 299.65638   2.59993  4453.80  4534.69 2.48 1.95  34.1 -0.454 18.84 19.56 02a59836o0317o
59836.452893  18.032  0.081   222   18 o  0   1.41 299.65638   2.59993  4435.97  4493.43 2.50 1.92  34.9 -0.462 18.89 19.53 02a59836o0323o
59836.460786  17.972  0.098   235   23 o  0   1.28 299.65638   2.59993  4494.01  4572.34 2.50 2.00  37.5 -0.448 18.83 19.46 02a59836o0339o
59836.470629  17.937  0.115   243   28 o  0   0.76 299.65638   2.59993  4513.74  4455.14 2.45 1.97  36.2 -0.456 18.72 19.34 02a59836o0359o
59836.861726  17.811  0.055   273   15 o  0   1.03 299.65638   2.59993  2138.00  6148.06 2.32 2.01 -55.7 -0.442 19.48 20.85 03a59837o0316o
59836.864894  17.982  0.058   233   13 o  0   1.43 299.65638   2.59993  2156.26  6187.29 2.32 1.99 -56.3 -0.453 19.45 20.81 03a59837o0323o
59836.870387  17.962  0.067   237   16 o  0   0.89 299.65638   2.59993  2099.65  6108.72 2.32 2.02 -55.3 -0.429 19.38 20.64 03a59837o0335o
59836.881208  18.069  0.068   215   15 o  0   1.32 299.65638   2.59993  2077.42  6225.27 2.37 2.07 -54.9 -0.433 19.28 20.40 03a59837o0359o
59838.308817  18.058  0.069   217   15 o  0   1.08 299.65638   2.59993  9500.99  4061.15 2.72 2.10 -60.9 -0.459 19.53 20.81 01a59838o0214o
59838.319128  18.016  0.064   226   14 o  0   1.13 299.65638   2.59993  9521.92  4100.12 2.67 2.08 -62.7 -0.463 19.54 20.78 01a59838o0236o
59838.326091  17.946  0.060   241   14 o  0   0.97 299.65638   2.59993  9464.95  4023.89 2.68 2.10 -61.1 -0.460 19.54 20.80 01a59838o0251o
59838.329320  18.114  0.067   206   14 o  0   1.15 299.65638   2.59993  9447.19  4142.21 2.75 2.12 -62.4 -0.468 19.51 20.82 01a59838o0258o
59839.092044  16.070  1.514  1355 2052 c  0   1.05 299.65638   2.59993  7635.02 10396.14 3.16 3.00 -58.1 -0.391 14.65 16.56 04a59839o0265c
59839.111678 -14.537  0.575 -5563 3198 c  0   1.10 299.65638   2.59993  7584.91 10462.20 3.08 2.82 -79.3 -0.416 14.57 16.43 04a59839o0308c
59840.325848  18.012  0.065   227   15 o  0   1.14 299.65638   2.59993  4455.66  4528.89 2.31 2.00  39.0 -0.469 19.35 20.70 02a59840o0119o
59840.329470  18.051  0.064   219   14 o  0   1.51 299.65638   2.59993  4436.18  4491.49 2.26 2.02  41.3 -0.478 19.38 20.74 02a59840o0127o
59840.339638  18.105  0.059   208   12 o  0   2.39 299.65638   2.59993  4491.74  4567.59 2.30 1.99  41.9 -0.475 19.42 20.86 02a59840o0149o
59840.345521  18.127  0.067   204   14 o  0   1.38 299.65638   2.59993  4511.93  4451.92 2.31 2.02  44.4 -0.473 19.40 20.86 02a59840o0162o
59842.300561  18.762  0.110   114   12 c  0   0.94 299.65638   2.59993  7781.11  8045.60 2.91 2.80  51.8 -0.378 19.56 21.61 01a59842o0200c
59842.303796  18.712  0.101   119   12 c  0   1.50 299.65638   2.59993  7801.09  8085.79 2.93 2.84  39.2 -0.376 19.58 21.60 01a59842o0207c
59842.309446  18.780  0.107   112   12 c  0   1.13 299.65638   2.59993  7743.14  8008.95 2.92 2.82  43.8 -0.371 19.54 21.59 01a59842o0219c
59842.321126  18.659  0.093   125   12 c  0   1.65 299.65638   2.59993  7725.90  8125.39 2.93 2.81  55.9 -0.376 19.50 21.58 01a59842o0244c
59843.054323  18.133  0.075   203   15 o  0   1.10 299.65638   2.59993  4001.28  2284.75 2.23 2.15   2.0 -0.430 19.30 20.75 04a59843o0060o
59843.057521  18.202  0.070   190   13 o  0   1.01 299.65638   2.59993  4022.76  2319.93 2.14 2.08  33.4 -0.437 19.32 20.74 04a59843o0067o
59843.064273  18.338  0.080   168   13 o  0   1.54 299.65638   2.59993  3969.36  2236.41 2.34 2.24  25.7 -0.430 19.22 20.75 04a59843o0081o
59843.073742  18.340  0.082   168   14 o  0   1.60 299.65638   2.59993  3954.48  2345.43 2.36 2.23  37.2 -0.424 19.23 20.77 04a59843o0102o
59844.308006  18.353  0.081   166   13 o  0   1.65 299.65638   2.59993  6388.95  4432.09 2.22 1.96  39.5 -0.473 19.37 20.58 02a59844o0223o
59844.311621  18.497  0.098   145   14 o  0   1.67 299.65638   2.59993  6370.48  4393.10 2.27 1.96  42.1 -0.470 19.38 20.57 02a59844o0231o
59844.317042  18.487  0.087   146   13 o  0   1.49 299.65638   2.59993  6428.52  4472.36 2.30 2.02  45.6 -0.468 19.35 20.62 02a59844o0243o
59844.332085  18.350  0.084   166   14 o  0   1.58 299.65638   2.59993  6450.50  4355.32 2.41 2.11  42.8 -0.458 19.31 20.59 02a59844o0276o
59844.775504  19.070  0.130    86   11 c  0   1.94 299.65638   2.59993  2018.05  2231.53 2.79 2.58 -71.0 -0.395 19.46 21.48 03a59845o0079c
59844.781847  19.123  0.134    81   11 c  0   1.49 299.65638   2.59993  1993.48  2348.28 2.72 2.49 -65.2 -0.397 19.57 21.56 03a59845o0093c
59846.289897  19.226  0.370    74   27 c  0   1.00 299.65638   2.59993  7794.70  8048.08 2.97 2.76  49.2 -0.371 18.40 20.08 01a59846o0182c
59846.293130  18.859  0.313   104   33 c  0   0.77 299.65638   2.59993  7814.86  8087.84 2.97 2.78  49.1 -0.368 18.35 20.04 01a59846o0189c
59846.299138  19.463  0.488    60   29 c  0   1.26 299.65638   2.59993  7755.73  8010.31 2.97 2.78  52.1 -0.366 18.40 20.08 01a59846o0202c
59846.316410  19.083  0.207    84   18 c  0   1.36 299.65638   2.59993  7740.15  8129.02 2.95 2.78  58.3 -0.368 18.92 20.62 01a59846o0239c
59847.054676  18.291  0.085   175   15 o  0   1.15 299.65638   2.59993  4008.27  2273.73 2.27 2.22  34.2 -0.422 19.13 20.55 04a59847o0186o
59847.057833  18.407  0.116   158   18 o  0   0.65 299.65638   2.59993  4029.22  2309.70 2.41 2.39   8.0 -0.412 19.09 20.57 04a59847o0193o
59847.063239  18.322  0.086   170   15 o  0   1.55 299.65638   2.59993  3974.00  2227.99 2.30 2.21  41.4 -0.424 19.16 20.54 04a59847o0205o
59847.074727  18.418  0.100   156   16 o  0   0.88 299.65638   2.59993  3959.59  2335.49 2.22 2.16  65.8 -0.426 19.17 20.60 04a59847o0230o
59848.286931  18.420  0.087   156   14 o  0   2.36 299.65638   2.59993  6392.43  4436.54 2.27 2.10  45.0 -0.479 19.40 20.83 02a59848o0175o
59848.290096  18.467  0.076   149   11 o  0   1.90 299.65638   2.59993  6373.49  4396.09 2.29 2.08  43.0 -0.483 19.35 20.83 02a59848o0182o
59848.295552  18.403  0.095   158   15 o  0   0.92 299.65638   2.59993  6430.95  4475.46 2.35 2.19  49.8 -0.475 19.38 20.83 02a59848o0194o
59848.316414  18.429  0.089   154   14 o  0   1.15 299.65638   2.59993  6451.13  4358.18 2.28 2.06  56.5 -0.477 19.38 20.75 02a59848o0240o
59848.788384  19.089  0.105    84    9 c  0   1.65 299.65638   2.59993  7944.11  5989.82 2.74 2.36 -55.5 -0.414 19.62 21.63 03a59849o0142c
59848.792441  19.117  0.133    82   11 c  0   1.17 299.65638   2.59993  7960.92  6029.94 2.74 2.37 -57.7 -0.413 19.66 21.64 03a59849o0151c
59848.797869  19.023  0.125    89   11 c  0   1.02 299.65638   2.59993  7902.05  5952.40 2.74 2.37 -56.9 -0.415 19.60 21.66 03a59849o0163c
59848.810526  19.316  0.159    68   11 c  0   1.11 299.65638   2.59993  7876.31  6067.66 2.62 2.27 -55.4 -0.422 19.67 21.64 03a59849o0191c
59850.292769  19.382  0.168    64   11 c  0   1.37 299.65638   2.59993  1579.23  7891.88 2.83 2.77  73.0 -0.380 19.74 21.67 01a59850o0193c
59850.296468  19.802  0.245    44   11 c  0   0.89 299.65638   2.59993  1599.38  7931.35 2.83 2.74  79.1 -0.384 19.71 21.65 01a59850o0201c
59850.303400  19.333  0.164    67   11 c  0   0.91 299.65638   2.59993  1543.29  7853.74 3.08 2.95  75.8 -0.363 19.67 21.65 01a59850o0216c
59850.325776  19.162  0.137    79   11 c  0   0.90 299.65638   2.59993  1525.18  7972.04 2.91 2.82  83.8 -0.376 19.69 21.60 01a59850o0264c
59851.045483  18.648  0.106   126   13 o  0   1.33 299.65638   2.59993  4285.33  8071.28 2.46 2.07 -75.6 -0.410 19.24 20.55 04a59851o0162o
59851.048192  18.627  0.101   129   13 o  0   1.64 299.65638   2.59993  4306.13  8107.48 2.34 1.95 -74.6 -0.403 19.26 20.52 04a59851o0168o
59851.054506  18.486  0.091   146   13 o  0   1.56 299.65638   2.59993  4251.00  8025.68 2.31 1.90 -75.3 -0.408 19.27 20.58 04a59851o0182o
59851.066703  18.715  0.109   118   13 o  0   1.26 299.65638   2.59993  4237.38  8133.32 2.31 1.92 -70.2 -0.410 19.28 20.68 04a59851o0209o
59852.782001  18.719  0.125   118   15 o  0   1.53 299.65638   2.59993  7940.94  5991.18 2.83 2.35 -57.4 -0.415 19.16 20.51 03a59853o0125o
59852.785163  18.833  0.143   106   15 o  0   1.43 299.65638   2.59993  7958.01  6030.15 2.67 2.24 -55.5 -0.421 19.21 20.51 03a59853o0132o
59852.794202  18.929  0.158    97   15 o  0   0.88 299.65638   2.59993  7898.27  5953.40 2.65 2.28 -52.5 -0.428 19.23 20.53 03a59853o0152o
59852.815926  18.899  0.159   100   16 o  0   1.08 299.65638   2.59993  7870.58  6068.93 2.72 2.27 -54.7 -0.419 19.21 20.54 03a59853o0200o
59854.277259  18.838  0.149   106   16 o  0   0.84 299.65638   2.59993  1594.39  7893.89 2.14 2.10  76.2 -0.476 19.46 20.36 01a59854o0172o
59854.280481  19.052  0.170    87   15 o  0   0.89 299.65638   2.59993  1614.39  7932.82 2.18 2.10  77.4 -0.473 19.43 20.37 01a59854o0179o
59854.286023  19.007  0.151    91   14 o  0   0.93 299.65638   2.59993  1556.47  7855.67 2.22 2.13  79.2 -0.468 19.42 20.35 01a59854o0191o
59854.300080  19.048  0.160    87   14 o  0   1.42 299.65638   2.59993  1539.46  7974.41 2.22 2.10  81.6 -0.469 19.44 20.33 01a59854o0221o
59855.036287  18.853  0.204   104   21 o  0   0.69 299.65638   2.59993  4281.47  8066.06 2.45 2.10 -72.2 -0.387 18.82 19.66 04a59855o0138o
59855.039441  18.804  0.157   109   17 o  0   2.01 299.65638   2.59993  4302.48  8101.82 2.48 2.11 -71.8 -0.380 18.86 19.66 04a59855o0145o
59855.045394  18.478  0.134   147   20 o  0   0.98 299.65638   2.59993  4249.02  8021.51 2.40 2.08 -73.5 -0.387 18.82 19.64 04a59855o0158o
59855.056670  18.769  0.185   113   21 o  0   1.03 299.65638   2.59993  4233.01  8130.86 2.52 2.08 -72.6 -0.383 18.82 19.66 04a59855o0183o
59856.782784  18.720  0.382   118   45 o  0   0.97 299.65638   2.59993  9589.33   198.47 2.62 2.24 -57.9 -0.498 18.21 18.59 03a59857o0122o
59856.783234  18.804  0.536   109   58 o  0   0.74 299.65638   2.59993  9348.81 10398.71 2.85 2.26 -51.7 -0.512 18.25 18.69 03a59857o0123o
59856.785939  19.089  0.356    84   30 o  0   1.14 299.65638   2.59993  9606.04   238.39 2.50 2.16 -60.9 -0.506 18.52 18.87 03a59857o0129o
59856.786389  19.539  0.605    56   34 o  0   1.26 299.65638   2.59993  9366.34 10438.69 2.84 2.16 -52.1 -0.524 18.62 19.00 03a59857o0130o
59856.795946  18.963  0.349    94   33 o  0   1.09 299.65638   2.59993  9548.25   161.09 2.40 2.13 -56.8 -0.509 18.58 18.83 03a59857o0151o
59856.796396  18.784  0.272   111   30 o  0   1.24 299.65638   2.59993  9306.94 10359.97 2.80 2.12 -49.6 -0.503 18.60 18.99 03a59857o0152o
59856.802262  19.111  0.392    82   32 o  0   0.91 299.65638   2.59993  9522.83   278.31 2.46 2.10 -51.7 -0.514 18.54 18.82 03a59857o0165o
59856.802713  18.427  0.203   155   31 o  0   1.50 299.65638   2.59993  9284.27 10476.64 2.81 2.05 -49.2 -0.484 18.59 18.97 03a59857o0166o
59858.347668  19.570  0.437    54   24 o  0   0.91 299.65638   2.59993  7535.52  2242.57 2.33 2.18 -75.0 -0.467 18.80 19.07 01a59858o0168o
59858.350900  18.866  0.232   103   24 o  0   0.85 299.65638   2.59993  7554.78  2283.12 2.42 2.31  87.6 -0.449 18.75 19.05 01a59858o0175o
59858.357366  18.920  0.214    98   21 o  0   1.53 299.65638   2.59993  7496.29  2208.89 2.31 2.20 -73.5 -0.473 18.79 19.00 01a59858o0189o
59858.367528  18.481  0.176   147   26 o  0   0.93 299.65638   2.59993  7477.76  2328.96 2.26 2.11 -71.1 -0.483 18.75 18.91 01a59858o0211o
59859.056350  19.136  0.299    80   24 o  0   1.80 299.65638   2.59993  6045.89  4082.74 2.15 1.88 -22.5 -0.408 18.42 18.69 04a59859o0085o
59859.059956  18.716  0.195   118   23 o  0   1.52 299.65638   2.59993  6066.06  4119.23 2.19 1.94 -18.4 -0.394 18.40 18.76 04a59859o0093o
59859.068529  19.116  0.340    82   28 o  0   1.18 299.65638   2.59993  6011.81  4038.80 2.13 1.89 -25.0 -0.411 18.44 18.65 04a59859o0112o
59859.082574  19.017  0.334    90   30 o  0   0.82 299.65638   2.59993  5992.99  4149.64 2.14 1.92 -28.4 -0.416 18.37 18.63 04a59859o0143o
59860.385019  19.264  0.437    72   31 o  0   1.27 299.65638   2.59993  2420.83  2689.11 2.17 2.04  19.1 -0.446 18.23 18.69 02a59860o0363o
59860.390477  19.647  0.735    50   37 o  0   0.80 299.65638   2.59993  2401.64  2650.88 2.13 2.00   7.2 -0.445 18.30 18.65 02a59860o0375o
59860.395978  18.769  0.318   113   36 o  0   1.13 299.65638   2.59993  2459.36  2728.35 2.11 1.99  31.0 -0.447 18.22 18.57 02a59860o0387o
59860.407339  19.644  0.787    50   40 o  0   0.83 299.65638   2.59993  2480.11  2610.41 2.16 2.11  14.3 -0.444 18.10 18.43 02a59860o0412o
59860.809777  18.662  0.279   124   35 o  0   0.97 299.65638   2.59993  9587.06   201.71 2.50 2.10 -66.5 -0.501 18.50 18.80 03a59861o0177o
59860.812946  18.848  0.295   105   31 o  0   1.75 299.65638   2.59993  9602.75   240.08 2.20 2.05 -33.8 -0.530 18.57 18.78 03a59861o0184o
59860.816109  18.366  0.308   164   50 o  0   1.18 299.65638   2.59993  9343.74 10398.78 3.00 2.26 -52.9 -0.581 18.40 18.69 03a59861o0191o
59860.822073  18.701  0.355   120   43 o  0   1.29 299.65638   2.59993  9365.31 10438.37 2.96 2.18 -50.7 -0.525 18.41 18.67 03a59861o0204o
59860.822974  19.619  0.598    52   31 o  0   1.02 299.65638   2.59993  9548.64   160.41 2.47 2.07 -67.0 -0.500 18.49 18.73 03a59861o0206o
59860.825234  18.142  0.230   201   46 o  0   0.99 299.65638   2.59993  9306.62 10357.60 2.91 2.16 -51.0 -0.558 18.42 18.66 03a59861o0211o
59860.829316  18.339  0.192   168   32 o  0   1.01 299.65638   2.59993  9523.13   276.36 2.60 2.08 -68.6 -0.484 18.45 18.70 03a59861o0220o
59860.835723  18.804  0.432   109   47 o  0   1.09 299.65638   2.59993  9285.78 10472.31 3.07 2.29 -52.2 -0.522 18.31 18.58 03a59861o0234o
59862.300855  19.157  0.594    79   47 o  0   1.07 299.65638   2.59993  7538.44  2240.93 2.36 2.24  79.1 -0.471 17.86 17.83 01a59862o0134o
59862.303632  18.488  0.903   146  132 o  0   1.07 299.65638   2.59993  7558.06  2281.98 2.36 2.24  89.5 -0.474 17.04 17.05 01a59862o0140o
59862.309670  19.096  0.867    84   72 o  0   1.04 299.65638   2.59993  7500.42  2205.68 2.30 2.20 -73.1 -0.491 17.46 17.11 01a59862o0153o
59862.323549 -20.326  5.024   -27  135 o  0   0.89 299.65638   2.59993  7483.17  2325.95 2.38 2.29 -83.1 -0.479 16.70 16.53 01a59862o0183o
59863.070707  19.571  0.507    54   27 o  0   1.00 299.65638   2.59993  6059.05  4072.79 2.42 2.19 -26.5 -0.408 18.48 19.20 04a59863o0205o
59863.073863  19.115  0.372    82   30 o  0   0.86 299.65638   2.59993  6078.39  4110.81 2.52 2.30 -29.0 -0.395 18.47 19.18 04a59863o0212o
59863.083868  18.872  0.219   103   22 o  0   1.62 299.65638   2.59993  6021.07  4031.74 2.66 2.43 -20.9 -0.389 18.40 19.14 04a59863o0234o
59863.089278  19.301  0.376    69   26 o  0   1.42 299.65638   2.59993  6000.78  4147.26 2.43 2.21 -23.1 -0.395 18.45 19.10 04a59863o0246o
59864.267185  19.079  0.244    85   21 o  0   0.91 299.65638   2.59993  2423.19  2694.19 2.03 1.93  49.7 -0.465 18.89 19.58 02a59864o0152o
59864.270347  18.847  0.156   105   16 o  0   2.05 299.65638   2.59993  2403.88  2656.22 2.04 1.95  52.4 -0.472 18.92 19.62 02a59864o0159o
59864.275799  19.209  0.239    75   18 o  0   1.27 299.65638   2.59993  2462.60  2732.15 2.04 1.95  50.7 -0.463 18.94 19.71 02a59864o0171o
59864.289410  19.219  0.274    75   20 o  0   1.33 299.65638   2.59993  2482.12  2614.92 2.04 1.89  47.8 -0.467 18.89 19.54 02a59864o0201o
59864.370564  18.880  0.201   102   20 o  0   0.89 299.65638   2.59993  4373.24  6337.73 2.57 2.21  50.1 -0.369 18.83 19.27 01a59864o0364o
59864.373823  18.865  0.205   103   21 o  0   1.08 299.65638   2.59993  4390.67  6377.91 2.39 2.17  47.7 -0.393 18.86 19.23 01a59864o0371o
59866.290100 -18.656  1.475  -125  185 o  0   0.82 299.65638   2.59993  4374.15  6327.04 2.48 2.34  52.8 -0.397 16.56 17.39 01a59866o0151o
59866.292881  17.678  0.718   308  221 o  0   0.86 299.65638   2.59993  4394.57  6365.65 2.46 2.26  51.0 -0.404 16.44 17.25 01a59866o0157o
59866.300269  18.683  0.170   122   21 o  0   1.20 299.65638   2.59993  4334.89  6288.47 2.47 2.32  53.7 -0.396 18.82 19.72 01a59866o0173o
59866.320735  21.168 10.263    12  127 o  0   1.13 299.65638   2.59993  4317.82  6409.87 2.37 2.26  56.7 -0.400 16.87 17.17 01a59866o0217o
59867.027447  19.621  0.235    52   12 c  0   1.23 299.65638   2.59993  6133.13  6018.13 2.43 2.11 -23.2 -0.385 19.35 21.02 04a59867o0091c
59867.030603  19.963  0.312    38   12 c  0   0.96 299.65638   2.59993  6153.21  6054.62 2.35 2.02 -24.3 -0.398 19.34 21.01 04a59867o0098c
59867.036006  19.346  0.183    66   12 c  0   0.94 299.65638   2.59993  6096.76  5974.80 2.30 2.04 -34.5 -0.392 19.38 21.02 04a59867o0110c
59867.049617  19.614  0.224    52   12 c  0   1.14 299.65638   2.59993  6079.67  6084.05 2.39 2.12 -34.4 -0.387 19.33 21.01 04a59867o0140c
59868.256828  19.625  0.236    51   12 c  0   1.43 299.65638   2.59993  8425.24  6283.01 2.61 2.38  34.5 -0.422 19.48 20.93 02a59868o0141c
59868.264728  19.535  0.221    56   12 c  0   1.28 299.65638   2.59993  8406.93  6242.36 2.59 2.36  34.1 -0.415 19.48 20.95 02a59868o0158c
59868.267891  19.238  0.149    73   11 c  0   1.97 299.65638   2.59993  8465.71  6320.96 2.60 2.36  35.2 -0.422 19.45 20.94 02a59868o0165c
59868.288960  19.378  0.216    64   14 c  0   1.31 299.65638   2.59993  8483.60  6204.52 2.61 2.41  34.7 -0.420 19.41 20.94 02a59868o0211c
59870.350347  18.758  0.139   114   16 o  0   0.78 299.65638   2.59993  4395.94  6341.86 2.53 2.29  55.4 -0.390 19.19 20.10 01a59870o0284o
59870.353582  19.164  0.201    78   16 o  0   1.17 299.65638   2.59993  4415.98  6380.98 2.67 2.37  51.9 -0.366 19.17 20.11 01a59870o0291o
59870.359611  18.983  0.153    93   14 o  0   1.30 299.65638   2.59993  4354.86  6305.79 2.46 2.31  47.7 -0.399 19.16 20.09 01a59870o0304o
59870.370785  19.547  0.298    55   16 o  0   1.13 299.65638   2.59993  4337.27  6423.89 2.80 2.45  49.4 -0.361 19.01 19.92 01a59870o0327o
59870.996876  19.611  0.414    52   22 c  0   0.83 299.65638   2.59993  6128.50  6030.19 3.05 2.87 -41.4 -0.340 18.72 20.12 04a59871o0029c
59871.000029  19.931  0.507    39   20 c  0   0.75 299.65638   2.59993  6149.72  6066.15 2.83 2.59 -37.0 -0.368 19.00 20.53 04a59871o0036c
59871.007685  19.887  0.359    40   14 c  0   1.27 299.65638   2.59993  6095.54  5983.96 3.10 2.56 -26.5 -0.357 19.10 20.88 04a59871o0053c
59871.029867  20.103  0.451    33   15 c  0   1.10 299.65638   2.59993  6082.90  6085.26 2.81 2.54 -33.0 -0.383 19.10 20.85 04a59871o0102c
59872.237509  19.644  0.257    50   13 c  0   1.31 299.65638   2.59993  8422.89  6280.87 2.63 2.49 -84.6 -0.436 19.46 20.98 02a59872o0103c
59872.241124  20.061  0.391    34   13 c  0   1.37 299.65638   2.59993  8404.62  6241.31 2.58 2.44 -84.4 -0.439 19.44 20.99 02a59872o0111c
59872.246666  19.703  0.259    48   12 c  0   1.56 299.65638   2.59993  8460.17  6317.35 2.61 2.47 -74.7 -0.442 19.46 21.02 02a59872o0123c
59872.259345  19.393  0.242    64   15 c  0   0.75 299.65638   2.59993  8478.91  6201.94 2.57 2.46 -80.8 -0.441 19.52 21.07 02a59872o0151c
59872.743498  18.641  0.462   127   59 o  0   1.53 299.65638   2.59993  3967.46  2238.87 2.61 2.42 -57.9 -0.410 17.63 17.63 03a59873o0015o
59872.746201  19.998  1.169    36   42 o  0   1.15 299.65638   2.59993  3984.75  2278.49 2.91 2.76 -58.4 -0.415 18.13 18.60 03a59873o0021o
59872.752996  18.612  0.185   130   24 o  0   1.34 299.65638   2.59993  3925.97  2198.01 2.66 2.49 -56.4 -0.418 18.74 19.84 03a59873o0036o
59872.764883  18.984  0.193    92   18 o  0   1.08 299.65638   2.59993  3902.68  2314.45 2.68 2.44 -60.8 -0.419 19.18 20.58 03a59873o0062o
59874.329379  19.224  0.190    74   14 o  0   1.22 299.65638   2.59993  2067.62  2494.42 2.62 2.33  44.4 -0.418 19.38 20.60 01a59874o0127o
59874.332152  18.883  0.142   102   14 o  0   1.17 299.65638   2.59993  2008.71  2417.99 2.56 2.35  41.9 -0.420 19.39 20.58 01a59874o0133o
59874.337739  19.400  0.192    63   12 o  0   1.17 299.65638   2.59993  1990.20  2535.14 2.35 2.20  38.9 -0.440 19.40 20.53 01a59874o0145o
59874.998742  19.802  0.387    44   17 c  0   1.31 299.65638   2.59993  4194.12  6124.12 2.43 2.29 -67.9 -0.354 18.86 19.98 04a59875o0029c
59875.001902  19.854  0.347    42   14 c  0   1.02 299.65638   2.59993  4215.08  6159.56 2.44 2.33 -65.3 -0.356 19.10 20.45 04a59875o0036c
59875.009572  20.008  0.318    36   12 c  0   1.29 299.65638   2.59993  4161.12  6076.84 2.48 2.29 -62.0 -0.364 19.30 20.95 04a59875o0053c
59875.022222  19.524  0.187    56   10 c  0   1.69 299.65638   2.59993  4145.97  6185.00 2.36 2.16 -70.8 -0.376 19.36 21.02 04a59875o0081c
59876.220140  19.658  0.259    50   13 c  0   1.05 299.65638   2.59993  8247.93  2401.48 2.56 2.52 -61.4 -0.415 19.46 21.16 02a59876o0065c
59876.223755  19.618  0.215    52   11 c  0   1.51 299.65638   2.59993  8229.24  2362.42 2.56 2.49 -76.1 -0.408 19.43 21.15 02a59876o0073c
59876.233827  19.836  0.272    42   12 c  0   1.63 299.65638   2.59993  8290.03  2441.89 2.47 2.41 -63.2 -0.418 19.49 21.14 02a59876o0095c
59876.239269  19.869  0.274    41   11 c  0   1.38 299.65638   2.59993  8311.33  2325.56 2.52 2.43 -65.3 -0.410 19.50 21.15 02a59876o0107c
59876.745175  18.464  0.238   150   36 o  0   0.98 299.65638   2.59993  3966.89  2242.57 2.34 2.14 -49.5 -0.426 18.26 18.40 03a59877o0013o
59876.747893  19.158  0.292    79   23 o  0   1.65 299.65638   2.59993  3983.40  2281.39 2.43 2.26 -45.5 -0.423 18.58 19.12 03a59877o0019o
59876.754249  18.804  0.144   109   16 o  0   1.60 299.65638   2.59993  3924.55  2202.66 2.41 2.18 -55.4 -0.427 19.02 20.02 03a59877o0033o
59876.764736  19.354  0.271    66   18 o  0   0.84 299.65638   2.59993  3902.02  2318.70 2.43 2.27 -45.9 -0.424 19.15 20.35 03a59877o0056o
59878.232579  19.363  0.211    65   14 o  0   1.25 299.65638   2.59993  2018.72  2455.22 2.52 2.36  20.6 -0.448 19.37 20.41 01a59878o0099o
59878.235815  19.354  0.238    66   16 o  0   1.10 299.65638   2.59993  2038.53  2495.12 3.24 2.45  -0.0 -0.444 19.18 20.40 01a59878o0106o
59878.245995  19.129  0.197    81   16 o  0   0.95 299.65638   2.59993  1981.36  2418.68 2.40 2.36  40.2 -0.455 19.35 20.38 01a59878o0128o
59878.252920  19.671  0.350    49   17 o  0   0.95 299.65638   2.59993  1964.21  2535.86 2.50 2.47 -72.3 -0.445 19.29 20.38 01a59878o0143o
59882.218719  19.407  0.251    63   16 o  0   0.96 299.65638   2.59993  8042.41  6011.65 2.55 2.39  52.5 -0.474 19.22 20.19 01a59882o0047o
59882.221955  20.052  0.405    35   14 o  0   1.44 299.65638   2.59993  8062.35  6050.20 2.48 2.37  54.3 -0.408 19.22 20.20 01a59882o0054o
59882.227571  20.037  0.425    35   15 o  0   1.01 299.65638   2.59993  8004.02  5975.16 2.46 2.38  71.6 -0.411 19.31 20.22 01a59882o0066o
59882.239681  19.652  0.251    50   12 o  0   1.48 299.65638   2.59993  7986.26  6091.83 2.47 2.39 -82.5 -0.416 19.28 20.23 01a59882o0092o
59884.247146  18.940  0.204    96   20 o  0   0.97 299.65638   2.59993  6832.11 10178.76 2.30 2.07 -73.0 -0.473 19.03 19.69 02a59884o0117o
59884.250311  20.389  0.777    25   20 o  0   1.28 299.65638   2.59993  6813.49 10138.83 2.33 2.07 -64.5 -0.471 19.03 19.67 02a59884o0124o
59884.257098  19.470  0.417    59   25 o  0   0.85 299.65638   2.59993  6874.71 10218.92 2.35 2.06 -66.7 -0.468 19.03 19.65 02a59884o0139o
59884.268018  18.556  0.248   137   34 o  0   0.98 299.65638   2.59993  6894.75 10099.54 2.34 2.05 -60.0 -0.474 18.97 19.62 02a59884o0163o
59887.030596  19.629  0.579    51   30 o  0   1.29 299.65638   2.59993  7891.94  2024.88 3.00 2.49 -23.8 -0.377 18.39 19.04 04a59887o0086o
59887.033780  19.050  0.335    87   29 o  0   0.81 299.65638   2.59993  7910.43  2063.25 2.82 2.40 -20.0 -0.387 18.43 19.02 04a59887o0093o
59887.039186  19.273  0.521    71   37 o  0   0.69 299.65638   2.59993  7852.18  1985.46 3.11 2.49 -16.6 -0.371 18.36 18.99 04a59887o0105o
59887.052309  19.152  0.388    79   31 o  0   1.08 299.65638   2.59993  7827.34  2102.82 3.00 2.30 -22.3 -0.387 18.31 18.91 04a59887o0134o
59890.252899  19.851  0.609    42   25 o  0   0.90 299.65638   2.59993  9581.75 10402.56 2.65 2.20 -56.0 -0.440 18.79 19.14 01a59890o0147o
59890.256134  19.208  0.309    75   23 o  0   1.45 299.65638   2.59993  9602.33 10443.36 2.49 2.30 -85.7 -0.420 18.65 19.00 01a59890o0154o
59890.258908  19.743  0.673    46   31 o  0   0.75 299.65638   2.59993  9549.23   164.37 2.39 2.03 -58.7 -0.504 18.71 19.01 01a59890o0160o
59890.262142  19.147  0.342    80   27 o  0   1.12 299.65638   2.59993  9569.06   204.69 2.40 2.02 -59.7 -0.507 18.65 18.92 01a59890o0167o
59890.262604  20.003  0.787    36   28 o  0   1.19 299.65638   2.59993  9542.50 10366.19 2.80 2.26 -56.3 -0.422 18.70 18.99 01a59890o0168o
59890.267685  19.191  0.374    76   29 o  0   1.01 299.65638   2.59993  9509.07   128.89 2.55 2.07 -57.3 -0.486 18.74 19.00 01a59890o0179o
59890.273230  18.923  0.280    98   27 o  0   0.88 299.65638   2.59993  9522.09 10490.82 3.21 2.20 -50.5 -0.422 18.71 19.05 01a59890o0191o
59890.277859  19.834  0.663    42   28 o  0   0.77 299.65638   2.59993  9490.09   252.03 2.44 2.02 -57.3 -0.501 18.67 18.94 01a59890o0201o
59892.233867  20.281  1.656    28   46 o  0   0.90 299.65638   2.59993  9542.40 10365.26 2.79 2.18 -51.0 -0.451 18.03 17.93 01a59892o0100o
59892.282416  19.318  0.434    68   30 o  0   0.96 299.65638   2.59993   650.65  6629.18 2.16 2.13   3.4 -0.422 18.46 18.80 02a59892o0220o
59892.286032  19.241  0.440    73   32 o  0   1.52 299.65638   2.59993   709.47  6706.70 2.54 2.29  22.7 -0.396 18.33 18.76 02a59892o0228o
59892.291500  18.936  0.246    97   24 o  0   1.57 299.65638   2.59993   731.22  6587.59 2.30 2.18 -44.3 -0.420 18.37 18.71 02a59892o0240o
59892.762083  21.607  4.188     8   35 o  0   1.32 299.65638   2.59993  5955.34  4129.84 2.62 2.41 -51.4 -0.440 18.19 18.60 03a59893o0039o
59892.765260  19.744  0.685    46   32 o  0   1.01 299.65638   2.59993  5974.35  4167.92 2.48 2.28 -55.0 -0.453 18.45 19.04 03a59893o0046o
59892.770662  20.158  0.667    31   21 o  0   2.19 299.65638   2.59993  5919.01  4087.99 2.66 2.39 -60.6 -0.438 18.56 19.34 03a59893o0058o
59892.780574  19.108  0.351    83   29 o  0   0.91 299.65638   2.59993  5900.07  4201.12 2.47 2.26 -48.5 -0.456 18.65 19.27 03a59893o0080o
59894.196155  20.820  1.033    17   18 o  0   1.55 299.65638   2.59993  9532.75   156.71 2.36 2.09 -59.0 -0.485 18.98 19.62 01a59894o0033o
59894.197551  20.284  0.637    28   18 o  0   0.90 299.65638   2.59993  9573.57 10398.04 2.67 2.28 -56.3 -0.417 19.14 19.89 01a59894o0036o
59894.199417  18.945  0.201    96   19 o  0   0.77 299.65638   2.59993  9553.62   194.61 2.66 2.22 -58.2 -0.458 19.13 20.00 01a59894o0040o
59894.200340  19.161  0.231    79   18 o  0   0.85 299.65638   2.59993  9594.83 10435.91 2.71 2.27 -58.6 -0.413 19.20 20.13 01a59894o0042o
59894.204966  19.185  0.190    77   15 o  0   1.32 299.65638   2.59993  9496.78   117.81 2.49 2.07 -61.5 -0.482 19.27 20.25 01a59894o0052o
59894.205890  20.377  0.523    26   13 o  0   1.48 299.65638   2.59993  9535.69 10357.97 2.81 2.28 -56.8 -0.413 19.31 20.31 01a59894o0054o
59894.217907  19.227  0.217    74   16 o  0   0.94 299.65638   2.59993  9477.55   241.40 2.70 2.21 -55.5 -0.453 19.28 20.24 01a59894o0080o
59894.219762  19.528  0.341    56   19 o  0   0.66 299.65638   2.59993  9517.07 10481.84 3.05 2.40 -50.6 -0.395 19.26 20.31 01a59894o0084o
59896.222312  19.732  0.376    46   18 o  0   1.28 299.65638   2.59993   657.12  6634.12 2.35 2.15  21.5 -0.422 19.10 20.12 02a59896o0014o
59896.225025  19.812  0.387    43   17 o  0   1.50 299.65638   2.59993   715.93  6711.08 2.34 2.28  15.8 -0.415 19.06 20.09 02a59896o0020o
59896.234105  19.716  0.450    47   21 o  0   0.89 299.65638   2.59993   736.82  6593.48 2.37 2.37  85.6 -0.425 19.01 20.13 02a59896o0040o
59898.234214  19.938  0.303    38   12 c  0   0.83 299.65638   2.59993  7614.58 10499.09 3.06 2.83  88.7 -0.321 19.52 21.19 01a59898o0112c
59898.242069  20.656  0.555    20   11 c  0   1.00 299.65638   2.59993  7589.74   292.34 2.99 2.88  82.2 -0.346 19.45 21.09 01a59898o0129c
59898.242992  20.612  0.562    21   12 c  0   0.78 299.65638   2.59993  7576.65 10461.61 3.14 2.86  74.1 -0.316 19.44 21.16 01a59898o0131c
59898.245300  21.105  0.882    13   12 c  0   1.28 299.65638   2.59993  7607.37   332.82 2.97 2.79 -68.7 -0.372 19.48 21.08 01a59898o0136c
59898.251763  19.932  0.289    39   11 c  0   1.39 299.65638   2.59993  7550.60   256.25 2.96 2.83 -88.9 -0.358 19.43 21.05 01a59898o0150c
59898.261929  20.716  0.555    19   10 c  0   1.64 299.65638   2.59993  7532.74   378.28 2.96 2.83 -84.8 -0.364 19.39 21.00 01a59898o0172c
59902.224552  20.060  0.354    34   12 c  0   1.14 299.65638   2.59993  7586.45   289.95 2.97 2.80  88.5 -0.359 19.40 20.92 01a59902o0093c
59902.227792  19.639  0.241    51   12 c  0   1.23 299.65638   2.59993  7606.97   328.97 2.95 2.79 -85.7 -0.366 19.38 20.91 01a59902o0100c
59902.230569  19.821  0.278    43   12 c  0   1.05 299.65638   2.59993  7619.28 10498.41 3.06 2.82  89.0 -0.322 19.44 20.99 01a59902o0106c
59902.234264  19.855  0.272    42   11 c  0   1.56 299.65638   2.59993  7549.15   252.71 2.90 2.76 -81.5 -0.378 19.41 20.91 01a59902o0114c
59902.239342  20.101  0.424    33   14 c  0   0.91 299.65638   2.59993  7580.08 10461.78 3.08 2.85 -77.1 -0.326 19.41 20.98 01a59902o0125c
59902.244425  21.812  1.844     7   13 c  0   1.13 299.65638   2.59993  7531.49   373.92 2.86 2.69 -72.4 -0.400 19.41 20.91 01a59902o0136c
59916.226248  23.599 76.750     1  101 o  0   0.37 299.65638   2.59993  9432.62 10510.13 2.73 2.21 -55.9 -0.466 18.70 19.39 02a59916o0089o
59916.232636  20.215  0.977    30   29 o  0   1.01 299.65638   2.59993  9376.63   348.61 2.29 1.65 -64.4 -0.544 18.73 19.44 02a59916o0103o
59916.235799  19.112  0.393    82   32 o  0   0.89 299.65638   2.59993  9357.30   309.26 2.49 1.80 -61.7 -0.529 18.64 19.40 02a59916o0110o
59916.242186  19.474  0.544    59   32 o  0   1.03 299.65638   2.59993  9417.00   386.09 2.71 1.80 -57.6 -0.520 18.64 19.33 02a59916o0124o
60026.384097  20.508  0.900    23   20 o  0   1.01 299.65638   2.59993  1010.50   296.84 2.63 1.77  40.6 -0.444 19.05 20.27 04a60026o0862o
60026.385535 -19.265  0.409   -72   29 o  0   3.46 299.65638   2.59993  1055.47 10517.20 2.86 1.92 -71.7 -0.396 19.12 20.31 04a60026o0865o
60026.389213  20.956  1.092    15   16 o  0   1.41 299.65638   2.59993   989.65   257.68 2.41 1.67  41.8 -0.512 19.09 20.28 04a60026o0873o
60026.389664 -20.729  1.271   -19   24 o  0   1.41 299.65638   2.59993  1035.54 10478.10 2.72 1.86 -67.8 -0.414 19.14 20.37 04a60026o0874o
60026.406784  20.356  0.826    26   22 o  0   1.34 299.65638   2.59993  1047.48   337.63 2.51 1.67  43.4 -0.486 18.89 19.82 04a60026o0910o
60026.409518 -19.721  0.576   -47   27 o  0   1.77 299.65638   2.59993  1108.98 10438.96 2.88 1.92 -69.9 -0.381 18.67 19.45 04a60026o0916o
60026.412812 -20.827  2.658   -17   45 o  0   0.91 299.65638   2.59993  1065.69   219.87 2.56 1.68  43.5 -0.490 18.20 18.73 04a60026o0922o
60030.335722 -20.765  1.321   -18   24 o  0   1.47 299.65638   2.59993  1025.74   295.32 3.12 2.02  42.8 -0.399 18.68 19.82 04a60030o0772o
60030.338943 -19.814  0.565   -43   24 o  0   1.37 299.65638   2.59993  1003.40   255.52 2.95 1.97  42.1 -0.432 18.72 19.86 04a60030o0779o
60030.344558 -20.564  1.117   -22   24 o  0   1.25 299.65638   2.59993  1060.84   335.33 2.82 1.90  43.6 -0.437 18.76 19.86 04a60030o0791o
60030.354339  21.604  2.791     8   23 o  0   1.44 299.65638   2.59993  1075.29   218.48 2.87 1.93  42.7 -0.426 18.79 19.96 04a60030o0812o
60030.390564  21.189  3.459    12   42 o  0   1.59 299.65638   2.59993  1047.61 10521.04 3.08 2.08 -70.4 -0.391 19.05 20.20 04a60030o0887o
60030.394698  19.903  0.612    40   24 o  0   1.38 299.65638   2.59993  1028.08 10482.07 2.82 1.85 -72.8 -0.396 19.05 20.17 04a60030o0896o
60030.407266  19.614  0.785    52   41 o  0   1.10 299.65638   2.59993  1104.81 10441.52 2.99 1.92 -70.1 -0.382 18.53 19.26 04a60030o0922o
60034.369583  23.685 12.333     1   15 o  0   1.77 299.65638   2.59993  2972.55   200.61 2.30 1.87  45.9 -0.457 19.08 20.26 04a60034o0854o
60034.373277  21.220  1.477    12   17 o  0   0.76 299.65638   2.59993  2950.02   161.17 2.35 1.85  47.6 -0.444 19.11 20.30 04a60034o0861o
60034.380753 -20.814  0.978   -17   17 o  0   1.26 299.65638   2.59993  3008.56   241.10 2.22 1.79  43.6 -0.464 19.11 20.35 04a60034o0876o
60034.383080 -22.807  5.842    -3   16 o  0   1.31 299.65638   2.59993  3005.28 10396.66 2.71 1.81 -76.0 -0.406 19.19 20.38 04a60034o0881o
60034.385881  22.043  2.854     6   16 o  0   1.19 299.65638   2.59993  2984.80 10357.79 2.62 1.74 -74.6 -0.415 19.22 20.39 04a60034o0887o
60034.387714 -21.368  1.590   -10   16 o  0   1.09 299.65638   2.59993  3027.92   123.24 2.19 1.80  42.7 -0.480 19.10 20.37 04a60034o0891o
60034.395133  20.308  0.735    27   20 o  0   0.87 299.65638   2.59993  3041.19 10436.67 2.59 1.75 -71.7 -0.434 19.19 20.39 04a60034o0905o
60034.403792 -19.850  0.492   -42   20 o  0   1.56 299.65638   2.59993  3060.75 10319.42 2.69 1.77 -73.2 -0.402 19.10 20.13 04a60034o0922o
60036.319580 -22.227  4.481    -5   21 o  0   1.41 299.65638   2.59993  2983.08   196.79 2.57 2.04  43.2 -0.367 18.75 19.87 04a60036o0610o
60036.322477 -20.671  1.140   -20   22 o  0   1.07 299.65638   2.59993  2961.73   157.36 2.40 1.87  47.6 -0.404 18.84 19.91 04a60036o0616o
60036.327657 -21.255  1.873   -11   21 o  0   0.81 299.65638   2.59993  3019.53   236.08 2.31 1.85  48.6 -0.426 18.90 19.98 04a60036o0627o
60036.348061  20.113  0.535    33   18 o  0   1.27 299.65638   2.59993  3029.98   120.77 2.34 1.90  46.3 -0.441 18.93 20.09 04a60036o0670o
60036.387554 -22.893  7.588    -2   19 o  0   1.02 299.65638   2.59993  3000.98 10398.36 2.61 1.85 -73.5 -0.436 19.12 20.31 04a60036o0755o
60036.397404  19.498  0.297    58   17 o  0   1.35 299.65638   2.59993  2981.12 10359.32 2.63 1.82 -75.5 -0.425 19.14 20.28 04a60036o0776o
60036.405645 -20.949  1.304   -15   20 o  0   1.00 299.65638   2.59993  3040.98 10437.36 2.67 1.84 -73.1 -0.421 18.98 20.00 04a60036o0793o
60036.408852  20.757  1.157    18   21 o  0   1.47 299.65638   2.59993  3059.68 10319.46 2.68 1.85 -74.6 -0.419 18.83 19.69 04a60036o0800o
60038.394151  19.574  0.265    54   14 o  0   1.50 299.65638   2.59993  2970.97   204.28 2.23 1.71  48.0 -0.442 19.15 20.34 04a60038o0921o
60038.394602 -22.636  4.318    -3   14 o  0   1.72 299.65638   2.59993  3005.69 10398.97 2.68 1.83 -74.4 -0.409 19.21 20.38 04a60038o0922o
60038.397337  25.458 62.500     0   15 o  0   1.84 299.65638   2.59993  2953.40   164.96 2.17 1.74  47.2 -0.472 19.19 20.42 04a60038o0928o
60038.397788  20.033  0.407    35   14 o  0   1.32 299.65638   2.59993  2987.94 10359.88 2.53 1.70 -73.7 -0.437 19.25 20.48 04a60038o0929o
60038.406667  19.883  0.452    40   18 o  0   1.20 299.65638   2.59993  3044.82 10438.16 2.68 1.81 -74.7 -0.409 19.25 20.53 04a60038o0948o
60038.407118  23.648 11.600     1   15 o  0   2.80 299.65638   2.59993  3013.08   243.44 2.28 1.81  47.7 -0.446 19.18 20.49 04a60038o0949o
60038.413203  21.625  2.371     8   19 o  0   0.84 299.65638   2.59993  3034.19   125.12 2.09 1.75  44.9 -0.490 19.12 20.29 04a60038o0962o
60038.413653  24.549 31.250     1   17 o  0   1.10 299.65638   2.59993  3066.78 10319.65 2.59 1.78 -73.5 -0.424 19.14 20.30 04a60038o0963o
60039.358384 -22.009  5.293    -6   30 o  0   1.17 299.65638   2.59993  8463.19  6286.88 2.18 2.00 -20.4 -0.433 18.37 18.85 04a60039o0846o
60039.361155 -20.714  1.378   -19   26 o  0   1.60 299.65638   2.59993  8442.32  6249.16 2.14 1.93 -20.9 -0.440 18.40 18.89 04a60039o0852o
60039.365851 -21.936  5.727    -6   35 o  0   0.90 299.65638   2.59993  8500.69  6327.11 2.16 2.03 -27.2 -0.437 18.44 18.94 04a60039o0862o
60039.392824  20.743  1.418    18   26 o  0   0.94 299.65638   2.59993  8517.13  6213.53 2.16 2.06 -25.1 -0.440 18.61 19.22 04a60039o0920o
60042.355033  20.505  1.299    23   30 o  0   1.26 299.65638   2.59993  6886.81 10177.98 2.10 1.82 -71.8 -0.468 18.59 19.04 04a60042o0844o
60042.368037  20.047  0.905    35   31 o  0   1.11 299.65638   2.59993  6865.03 10140.69 2.24 1.82 -77.4 -0.449 18.61 19.13 04a60042o0871o
60042.370808 -20.200  1.021   -30   31 o  0   1.37 299.65638   2.59993  6924.76 10219.26 1.96 1.68 -63.4 -0.481 18.63 19.14 04a60042o0877o
60042.375926 -20.687  1.547   -19   30 o  0   0.87 299.65638   2.59993  6942.57 10101.76 2.01 1.72 -67.3 -0.484 18.63 19.16 04a60042o0888o
60044.041990  21.729  6.857     7   51 o  0   0.87 299.65638   2.59993   679.12  6565.54 3.81 3.47 -45.2 -0.311 18.01 18.71 03a60044o0696o
60044.044880  19.666  1.282    49   63 o  0   1.64 299.65638   2.59993   653.96  6528.28 5.43 5.03   8.4 -0.251 17.72 18.79 03a60044o0702o
60044.050138  20.180  1.917    31   59 o  0   1.35 299.65638   2.59993   706.85  6604.79 5.36 5.21 -23.1 -0.223 17.83 18.82 03a60044o0713o
60044.065413  19.409  1.264    63   79 o  0   2.18 299.65638   2.59993   721.98  6487.10 5.84 5.63  -0.9 -0.227 17.45 18.46 03a60044o0745o
60045.371467 -19.833  0.470   -42   20 o  0   1.50 299.65638   2.59993   697.54  6716.47 2.22 1.87 -85.8 -0.380 18.73 19.41 04a60045o0866o
60045.374666  20.249  0.772    29   22 o  0   1.19 299.65638   2.59993   678.99  6677.51 2.23 1.86 -82.4 -0.386 18.72 19.42 04a60045o0873o
60045.380755 -20.022  0.671   -36   24 o  0   0.82 299.65638   2.59993   738.68  6754.85 2.24 1.96 -85.5 -0.381 18.71 19.39 04a60045o0885o
60045.395004 -21.362  2.655   -10   28 o  0   1.01 299.65638   2.59993   759.40  6637.79 2.24 1.92  87.6 -0.380 18.74 19.44 04a60045o0916o
60050.119775 -21.763  2.392    -7   17 o  0   0.86 299.65638   2.59993  9430.68   412.32 2.37 2.11 -17.2 -0.488 19.17 20.26 03a60050o0868o
60050.123198  21.171  1.307    12   16 o  0   1.51 299.65638   2.59993  9412.05   372.95 2.42 2.10 -17.2 -0.475 19.19 20.25 03a60050o0875o
60050.141338  20.569  0.828    22   18 o  0   1.16 299.65638   2.59993  9471.06   452.13 2.66 2.03  -7.4 -0.481 19.14 20.21 03a60050o0911o
60050.156261 -22.023  3.935    -6   22 o  0   1.13 299.65638   2.59993  9496.41   332.35 3.09 2.19  -6.0 -0.464 18.95 19.94 03a60050o0941o
60051.379881 -20.814  1.690   -17   29 c  0   1.06 299.65638   2.59993  9361.02   368.26 3.27 2.70 -22.7 -0.315 18.56 20.14 04a60051o0908c
60051.380332 -20.358  2.977   -26   78 c  0   0.70 299.65638   2.59993  9468.71 10508.20 3.26 2.97 -89.8 -0.341 18.23 19.85 04a60051o0909c
60051.382601  20.537  1.511    22   34 c  0   1.10 299.65638   2.59993  9342.84   328.94 3.26 2.75 -25.0 -0.320 18.41 20.04 04a60051o0914c
60051.394310 -21.146  3.609   -13   46 c  0   0.83 299.65638   2.59993  9403.89   407.27 3.20 2.72 -22.2 -0.320 18.19 19.76 04a60051o0939c
60051.411652  21.328  1.711    11   18 c  0   0.85 299.65638   2.59993  9431.97   287.49 3.21 2.75 -20.4 -0.324 19.21 20.77 04a60051o0975c
60053.146161 -22.078  2.643    -5   14 o  0   1.72 299.65638   2.59993  6434.47  6360.69 2.29 2.03 -48.4 -0.453 19.30 20.44 03a60053o0916o
60053.150417  21.724  2.000     7   15 o  0   1.29 299.65638   2.59993  6417.00  6321.34 2.30 2.07 -49.9 -0.451 19.28 20.40 03a60053o0925o
60053.158209 -21.294  1.416   -11   16 o  0   1.15 299.65638   2.59993  6473.79  6399.64 2.44 2.20 -48.9 -0.429 19.15 20.21 03a60053o0941o
60053.165375 -21.224  1.918   -12   23 o  0   1.30 299.65638   2.59993  6495.82  6284.82 2.42 2.12 -42.4 -0.434 18.75 19.39 03a60053o0956o
60054.345421  22.709  4.722     3   14 c  0   1.37 299.65638   2.59993  4938.51 10286.10 2.88 1.97 -74.1 -0.369 19.25 20.74 04a60054o0843c
60054.358556  20.891  0.872    16   14 c  0   1.10 299.65638   2.59993  4916.50 10247.17 2.90 2.02 -76.1 -0.372 19.30 20.82 04a60054o0871c
60054.368452 -21.109  0.837   -13   11 c  0   1.52 299.65638   2.59993  4976.12 10324.98 2.76 1.88 -76.3 -0.394 19.34 20.86 04a60054o0892c
60054.370714  25.256 54.500     0   16 c  0   1.09 299.65638   2.59993  4914.21   101.73 2.39 2.00  44.9 -0.418 19.32 20.84 04a60054o0897c
60054.371637  21.425  1.597    10   16 c  0   0.75 299.65638   2.59993  4995.29 10207.25 2.80 1.94 -75.0 -0.384 19.36 20.87 04a60054o0899c
60054.372538 -21.320  1.915   -11   21 c  0   1.06 299.65638   2.59993  4895.38    62.52 2.46 2.06  45.6 -0.415 19.30 20.84 04a60054o0901c
60054.386329 -20.658  0.574   -20   11 c  0   1.79 299.65638   2.59993  4958.73   139.88 2.43 2.10  42.1 -0.429 19.34 20.92 04a60054o0931c
60057.355339 -21.993  2.286    -6   13 c  0   1.37 299.65638   2.59993  2645.28  6609.71 2.32 1.95 -86.0 -0.362 19.27 20.90 04a60057o0811c
60057.377410  21.513  1.426     9   13 c  0   1.45 299.65638   2.59993  2628.28  6569.67 2.42 2.00 -82.0 -0.369 19.29 20.97 04a60057o0858c
60063.359318  21.820  2.111     7   14 c  0   1.23 299.65638   2.59993  4681.52  8436.58 2.59 2.01 -76.8 -0.390 19.31 20.86 04a60063o0873c
60063.362503 -23.379  8.818    -2   14 c  0   1.19 299.65638   2.59993  4662.19  8397.12 2.60 1.96 -76.4 -0.389 19.29 20.87 04a60063o0880c
60063.367949  21.744  1.687     7   12 c  0   1.27 299.65638   2.59993  4722.93  8474.67 2.62 2.02 -77.3 -0.384 19.30 20.88 04a60063o0891c
60063.378409  21.236  1.103    12   13 c  0   1.09 299.65638   2.59993  4745.28  8357.90 2.64 1.98 -77.6 -0.382 19.33 20.93 04a60063o0914c
60065.112915 -20.147  0.558   -32   18 o  0   0.93 299.65638   2.59993  8317.59  4377.30 2.32 2.13 -47.4 -0.454 19.20 20.23 03a60065o0886o
60065.114838 -21.816  2.163    -7   15 o  0   1.50 299.65638   2.59993  8299.40  4338.04 2.37 2.19 -41.6 -0.460 19.16 20.19 03a60065o0890o
60065.118059 -21.900  2.102    -6   13 o  0   1.69 299.65638   2.59993  8356.72  4416.53 2.28 2.11 -43.5 -0.460 19.18 20.20 03a60065o0897o
60065.128747  20.889  1.037    16   17 o  0   1.07 299.65638   2.59993  8380.76  4300.98 2.19 2.02 -47.3 -0.462 19.20 20.16 03a60065o0920o
60066.316961  20.420  0.834    25   21 o  0   1.05 299.65638   2.59993  8551.86  8233.82 2.23 2.13 -32.9 -0.458 18.93 19.84 04a60066o0803o
60066.319666 -19.960  0.625   -38   24 o  0   1.15 299.65638   2.59993  8531.45  8195.13 2.32 2.14 -12.1 -0.422 18.94 19.91 04a60066o0809o
60066.322836  20.265  0.646    28   18 o  0   1.91 299.65638   2.59993  8590.35  8273.19 2.23 2.09 -25.5 -0.446 18.97 19.96 04a60066o0816o
60066.328743  19.998  0.664    36   24 o  0   0.99 299.65638   2.59993  8609.77  8157.00 2.26 2.16 -22.2 -0.448 19.02 20.06 04a60066o0829o
60068.061761 -21.324  2.896   -11   31 o  0   1.45 299.65638   2.59993  2520.81  4554.39 2.13 1.93 -61.6 -0.435 18.39 18.97 03a60068o0783o
60068.063578  20.374  1.193    26   31 o  0   1.45 299.65638   2.59993  2502.88  4514.71 2.15 2.01 -57.1 -0.428 18.13 18.73 03a60068o0787o
60068.066748 -19.962  0.633   -38   24 o  0   1.31 299.65638   2.59993  2559.50  4592.40 2.18 2.03 -56.0 -0.438 18.56 19.21 03a60068o0794o
60068.072194 -20.749  1.422   -18   26 o  0   1.48 299.65638   2.59993  2580.91  4476.21 2.19 2.03 -59.6 -0.427 18.53 18.96 03a60068o0806o
60069.305636 -25.047 68.000    -0   24 o  0   1.95 299.65638   2.59993  2545.38  4679.37 2.06 1.84  74.3 -0.402 18.39 18.76 04a60069o0773o
60069.310277 -20.045  0.849   -35   30 o  0   0.62 299.65638   2.59993  2524.75  4640.25 2.10 1.84  73.2 -0.388 18.39 18.80 04a60069o0783o
60069.315746 -21.040  2.297   -14   32 o  0   1.12 299.65638   2.59993  2583.04  4717.49 2.12 1.85  79.3 -0.393 18.44 18.82 04a60069o0795o
60069.320851  19.646  0.655    50   33 o  0   0.76 299.65638   2.59993  2601.80  4601.47 2.07 1.87  79.6 -0.404 18.45 18.83 04a60069o0806o
60071.058841 -19.423  0.683   -62   42 o  0   0.90 299.65638   2.59993   888.50 10347.14 2.88 2.50 -42.0 -0.424 18.52 18.86 03a60071o0797o
60071.061095  21.952  5.686     6   34 o  0   1.22 299.65638   2.59993   869.98 10307.16 2.70 2.35 -43.5 -0.456 18.54 18.86 03a60071o0802o
60071.061546  20.661  1.583    20   31 o  0   1.03 299.65638   2.59993  1099.41   142.68 2.37 2.19 -51.9 -0.444 18.46 18.83 03a60071o0803o
60071.072265 -19.929  0.758   -39   29 o  0   0.90 299.65638   2.59993  1082.92   100.57 2.23 1.99 -45.5 -0.455 18.53 18.88 03a60071o0826o
60071.072716  21.901  5.462     6   34 o  0   1.13 299.65638   2.59993   926.64 10384.46 2.59 2.28 -46.0 -0.466 18.56 18.90 03a60071o0827o
60071.077414 -20.028  0.939   -35   33 o  0   1.29 299.65638   2.59993  1142.41   179.56 2.25 2.00 -51.4 -0.451 18.55 18.88 03a60071o0836o
60071.078340  23.112 17.231     2   36 o  0   1.06 299.65638   2.59993   950.01 10265.11 2.57 2.25 -46.3 -0.474 18.63 18.90 03a60071o0838o
60071.079714  20.974  1.992    15   30 o  0   1.11 299.65638   2.59993  1162.55    61.95 2.26 2.05 -50.3 -0.469 18.54 18.88 03a60071o0841o
60072.228249 -19.619  0.789   -52   41 o  0   1.13 299.65638   2.59993  2974.88   200.91 2.67 2.05  49.4 -0.376 18.03 18.31 04a60072o0600o
60072.231480  19.338  0.583    67   39 o  0   1.31 299.65638   2.59993  2953.26   161.14 2.43 1.87  45.3 -0.415 18.11 18.34 04a60072o0607o
60072.234245  19.738  0.916    46   42 o  0   1.21 299.65638   2.59993  3012.41   239.65 2.40 1.91  46.1 -0.413 18.11 18.38 04a60072o0613o
60072.244338 -19.529  0.740   -56   41 o  0   0.95 299.65638   2.59993  3027.18   123.39 2.28 1.81  46.0 -0.414 18.24 18.49 04a60072o0635o
60072.257096  20.417  1.730    25   43 o  0   0.86 299.65638   2.59993  3007.21 10397.13 2.51 1.85 -69.7 -0.458 18.29 18.57 04a60072o0663o
60072.283163 -21.624  3.846    -8   31 o  0   1.30 299.65638   2.59993  2977.83 10361.45 2.60 1.89 -69.8 -0.434 18.34 18.74 04a60072o0719o
60072.286325  23.627 31.625     1   41 o  0   0.83 299.65638   2.59993  3035.66 10439.39 2.70 1.90 -71.1 -0.419 18.37 18.76 04a60072o0726o
60072.289511  19.399  0.548    63   35 o  0   1.14 299.65638   2.59993  3054.94 10321.55 2.81 1.98 -73.5 -0.392 18.36 18.78 04a60072o0733o
60074.000684 -21.549  3.420    -9   30 o  0   1.56 299.65638   2.59993  6505.24  8302.67 2.67 2.38 -39.2 -0.428 18.30 18.60 03a60074o0675o
60074.002531 -20.453  1.372   -24   33 o  0   1.31 299.65638   2.59993  6487.57  8262.12 2.48 2.26 -45.2 -0.428 18.39 18.62 03a60074o0679o
60074.033581  23.717 29.625     1   35 o  0   0.67 299.65638   2.59993  6533.16  8339.60 2.50 2.17 -46.0 -0.423 18.39 18.66 03a60074o0746o
60074.049891 -20.869  2.402   -16   39 o  0   1.26 299.65638   2.59993  6551.49  8222.13 2.42 2.17 -45.3 -0.442 18.32 18.46 03a60074o0781o
60075.369180  21.047  2.439    14   34 o  0   1.50 299.65638   2.59993  6627.36  8327.95 2.19 1.86 -66.4 -0.461 18.30 18.65 04a60075o0818o
60075.370991 -20.529  1.571   -22   35 o  0   1.72 299.65638   2.59993  6607.92  8289.03 2.23 1.84 -65.7 -0.456 18.24 18.55 04a60075o0822o
60075.374170 -19.804  0.802   -44   35 o  0   1.49 299.65638   2.59993  6668.49  8365.92 2.27 1.90 -62.4 -0.456 18.23 18.58 04a60075o0829o
60075.379624 -20.976  2.295   -15   34 o  0   0.84 299.65638   2.59993  6690.62  8248.24 2.21 1.87 -66.6 -0.459 18.32 18.70 04a60075o0841o
60084.319773  18.866  0.611   103   63 o  0   0.81 299.65638   2.59993  2750.11  8545.62 2.49 1.88 -78.4 -0.407 17.77 18.94 04a60084o0671o
60084.323054  19.041  1.036    88   91 o  0   1.36 299.65638   2.59993  2732.64  8506.54 2.39 1.79 -79.8 -0.422 17.21 18.28 04a60084o0678o
60084.328100 -19.103  2.029   -83  168 o  0   1.27 299.65638   2.59993  2791.84  8583.33 2.41 1.76 -77.3 -0.429 16.76 17.84 04a60084o0689o
60084.336291 -19.774  2.667   -45  119 o  0   1.25 299.65638   2.59993  2815.20  8465.48 2.32 1.77 -77.8 -0.435 17.04 18.09 04a60084o0707o
60089.047492  20.781  0.753    18   13 c  0   1.17 299.65638   2.59993  8366.71  6308.70 3.10 2.73 -16.1 -0.370 19.33 21.20 03a60089o0771c
60089.049310  23.276  7.700     2   14 c  0   0.97 299.65638   2.59993  8348.08  6269.39 2.87 2.60 -33.4 -0.381 19.42 21.22 03a60089o0775c
60089.052073 -24.326 19.000    -1   13 c  0   1.03 299.65638   2.59993  8405.53  6347.90 2.86 2.49 -20.7 -0.383 19.46 21.20 03a60089o0781c
60089.082182  20.283  0.459    28   13 c  0   1.03 299.65638   2.59993  8435.46  6232.32 2.67 2.42 -28.6 -0.386 19.51 21.20 03a60089o0844c
60092.070407  21.869  1.419     6    9 c  0   1.98 299.65638   2.59993  6707.93 10148.11 2.61 2.37 -38.2 -0.402 19.62 21.28 03a60092o0791c
60092.073166  22.376  2.821     4   12 c  0   1.01 299.65638   2.59993  6689.27 10109.23 2.57 2.31 -47.6 -0.408 19.61 21.28 03a60092o0797c
60092.076787  21.156  0.936    12   12 c  0   0.99 299.65638   2.59993  6746.69 10187.62 2.75 2.42 -28.4 -0.396 19.59 21.29 03a60092o0805c
60092.092393  23.799  9.875     1   11 c  0   0.87 299.65638   2.59993  3803.48   488.12 2.55 2.29 -18.3 -0.383 19.58 21.30 03a60092o0838c
60101.013421 -19.181  0.484   -77   37 o  0   1.55 299.65638   2.59993  9423.43   410.88 3.03 2.22  -2.7 -0.466 18.30 18.66 03a60101o0712o
60101.031442 -19.253  0.503   -72   36 o  0   1.37 299.65638   2.59993  9409.87   371.09 2.44 2.19 -21.4 -0.509 18.41 18.71 03a60101o0750o
60101.034221  20.140  1.321    32   42 o  0   1.15 299.65638   2.59993  9467.19   450.15 2.86 2.29  -6.3 -0.474 18.36 18.72 03a60101o0756o
60101.052852 -19.709  0.778   -48   37 o  0   1.22 299.65638   2.59993  9497.43   332.01 2.44 2.17 -27.5 -0.500 18.47 18.76 03a60101o0795o
60108.220478 -20.805  0.525   -17    9 c  0   1.53 299.65638   2.59993  4369.50  2647.09 2.01 1.90  38.1 -0.407 19.45 21.37 04a60108o0611c
60108.223206  25.432 48.500     0   12 c  0   1.30 299.65638   2.59993  4350.83  2607.62 2.01 1.89  43.6 -0.413 19.41 21.38 04a60108o0617c
60108.250867 -21.602  1.104    -8    9 c  0   1.18 299.65638   2.59993  4415.51  2684.45 2.03 1.94  44.3 -0.408 19.45 21.40 04a60108o0676c
60108.256388  21.970  1.787     6   11 c  0   1.09 299.65638   2.59993  4436.07  2566.39 2.05 1.94  35.0 -0.415 19.44 21.40 04a60108o0688c
60111.171134  21.150  1.053    13   13 c  0   1.04 299.65638   2.59993   472.80  2845.93 2.62 1.97  42.3 -0.377 19.30 21.17 04a60111o0507c
60111.175256  21.692  1.375     8   10 c  0   1.82 299.65638   2.59993   451.32  2807.48 2.58 1.93  41.2 -0.367 19.35 21.21 04a60111o0516c
60111.207513  20.280  0.404    28   11 c  0   1.45 299.65638   2.59993   507.40  2885.77 2.51 1.89  41.6 -0.385 19.39 21.34 04a60111o0585c
60111.231223 -22.411  3.077    -4   12 c  0   1.10 299.65638   2.59993   531.63  2767.25 2.64 1.85  44.9 -0.385 19.40 21.32 04a60111o0635c
60119.006305 -23.933 14.571    -1   14 o  0   0.98 299.65638   2.59993  8033.41  6027.71 2.46 2.14 -48.6 -0.426 19.38 20.85 03a60119o0639o
60119.008803  21.393  1.243    10   12 o  0   1.05 299.65638   2.59993  8051.26  6067.43 2.51 2.18 -40.8 -0.421 19.36 20.83 03a60119o0644o
60119.013576  22.475  3.962     4   15 o  0   1.29 299.65638   2.59993  2579.94  4575.27 2.51 2.22 -21.8 -0.420 19.33 20.75 03a60119o0653o
60119.048116  22.573  4.091     3   14 o  0   1.26 299.65638   2.59993  7974.30  6108.58 2.64 2.20 -14.0 -0.432 19.36 20.88 03a60119o0719o
60126.199674  20.024  0.711    36   25 o  0   1.02 299.65638   2.59993  6307.51  2537.06 2.07 2.02 -29.6 -0.458 18.69 19.36 04a60126o0559o
60126.202847 -19.905  0.692   -40   27 o  0   0.86 299.65638   2.59993  6289.22  2498.08 2.05 1.96   0.1 -0.471 18.69 19.36 04a60126o0566o
60126.206460  20.189  0.649    30   20 o  0   1.49 299.65638   2.59993  6347.93  2575.27 2.06 1.94  -5.4 -0.445 18.69 19.35 04a60126o0574o
60126.226414  21.044  1.580    14   22 o  0   1.14 299.65638   2.59993  6378.20  2457.18 2.07 1.95 -14.3 -0.458 18.72 19.37 04a60126o0617o
60127.921799 -20.099  1.073   -33   36 o  0   1.09 299.65638   2.59993  4519.60  6411.96 2.31 2.14 -41.3 -0.416 18.25 18.29 03a60128o0392o
60127.928395  19.874  0.878    41   36 o  0   1.19 299.65638   2.59993  4498.89  6373.20 2.52 2.22 -12.3 -0.405 18.20 18.31 03a60128o0406o
60127.931602  19.915  1.026    39   40 o  0   0.96 299.65638   2.59993  4554.47  6451.33 2.53 2.23 -18.3 -0.408 18.21 18.32 03a60128o0413o
60127.952150  19.438  0.586    61   36 o  0   0.94 299.65638   2.59993  4580.03  6334.90 2.50 2.24 -16.0 -0.414 18.25 18.35 03a60128o0456o
60132.256561  18.267  1.276   179  229 o  0   1.19 299.65638   2.59993  4208.31  6141.88 2.09 1.92 -75.0 -0.415 16.11 15.89 04a60132o0687o
60132.259328  18.125  1.903   204  389 o  0   1.34 299.65638   2.59993  4228.80  6177.82 2.17 1.95 -73.5 -0.420 15.54 15.31 04a60132o0693o
60132.265291 -18.871  1.595  -103  164 o  0   1.41 299.65638   2.59993  4174.94  6094.81 2.18 2.00 -73.1 -0.398 16.43 16.30 04a60132o0706o
60132.275276 -17.995  0.752  -230  173 o  0   1.99 299.65638   2.59993  4160.98  6202.06 2.17 1.94 -75.8 -0.407 16.38 16.40 04a60132o0727o
60136.942090  22.575  2.667     3    9 c  0   1.52 299.65638   2.59993  2473.61  2612.02 2.91 2.30  -7.2 -0.404 19.60 21.79 03a60137o0554c
60136.962251  21.936  1.816     6   11 c  0   1.18 299.65638   2.59993  2461.65  2572.09 2.95 2.26  -6.8 -0.409 19.59 21.77 03a60137o0597c
60136.982405 -21.792  1.455    -7   10 c  0   1.24 299.65638   2.59993  8031.05  7924.57 2.81 2.31 -16.6 -0.406 19.66 21.75 03a60137o0640c
60136.990420 -22.760  3.882    -3   11 c  0   1.07 299.65638   2.59993  8008.05  8041.53 2.88 2.40 -12.1 -0.402 19.59 21.66 03a60137o0656c
60138.248340 -22.306  2.921    -4   13 o  0   1.23 299.65638   2.59993  2182.33  4303.02 2.19 1.95  67.4 -0.388 19.31 20.76 04a60138o0425o
60138.251963  21.079  0.949    13   13 o  0   1.13 299.65638   2.59993  2204.62  4338.29 2.16 1.95  67.0 -0.395 19.31 20.75 04a60138o0433o
60138.257416  22.177  3.048     5   15 o  0   0.92 299.65638   2.59993  2148.99  4256.02 2.19 1.98  64.3 -0.392 19.29 20.72 04a60138o0445o
60138.279730  20.370  0.565    26   15 o  0   1.11 299.65638   2.59993  2140.54  4354.88 2.24 2.01  63.3 -0.386 19.28 20.68 04a60138o0493o
60140.004849  22.600  5.462     3   18 c  0   0.92 299.65638   2.59993  2257.68  8125.75 2.96 2.57 -16.3 -0.406 18.96 21.06 03a60140o0030c
60140.008079  20.260  0.631    29   18 c  0   1.25 299.65638   2.59993  2275.79  8164.59 2.96 2.70 -22.3 -0.373 19.08 21.21 03a60140o0037c
60140.013241  17.487  0.753   367  277 c  0   0.95 299.65638   2.59993  2221.07  8086.93 3.45 3.07 -10.2 -0.347 17.16 19.35 03a60140o0048c
60140.030054 -20.883  0.864   -16   14 c  0   1.08 299.65638   2.59993  2198.41  8202.28 3.44 2.92 -11.8 -0.381 19.23 21.49 03a60140o0084c
60142.977542  20.770  0.585    18   10 c  0   0.97 299.65638   2.59993  3855.05   456.59 2.76 2.57 -21.4 -0.368 19.57 21.65 03a60143o0599c
60143.010331 -21.103  0.938   -13   12 c  0   0.97 299.65638   2.59993  3802.65   377.69 2.70 2.50 -14.5 -0.364 19.53 21.51 03a60143o0667c
60153.187496 -20.905  1.321   -16   21 o  0   0.80 299.65638   2.59993  4103.65  4222.64 1.95 1.89 -85.6 -0.439 18.88 19.92 04a60153o0500o
60153.208110  21.086  1.226    13   16 o  0   1.38 299.65638   2.59993  4136.75  4239.12 2.05 2.00  84.7 -0.426 19.03 20.17 04a60153o0544o
60153.212247  20.743  0.947    18   17 o  0   1.32 299.65638   2.59993  4081.95  4159.19 1.98 1.93  59.0 -0.432 19.09 20.20 04a60153o0553o
