MJD          m      dm   uJy   duJy F err chi/N     RA       Dec        x        y     maj  min   phi  apfit mag5sig Sky   Obs
59870.442615  20.356  0.540    26   14 o  0   0.80  20.55082   0.95658  9503.15  9502.62 2.60 2.35 -55.1 -0.454 19.55 20.63 01a59870o0479o
59870.469799  20.810  0.797    17   14 o  0   1.03  20.55082   0.95658  9527.15  9544.75 2.60 2.41 -60.9 -0.462 19.48 20.56 01a59870o0536o
59870.475927  26.163 102.000     0   13 o  0   1.16  20.55082   0.95658  9467.67  9467.05 2.50 2.30 -59.1 -0.467 19.54 20.54 01a59870o0549o
59870.482411  22.325  3.030     4   13 o  0   1.06  20.55082   0.95658  9450.75  9586.24 2.62 2.28 -55.8 -0.464 19.54 20.51 01a59870o0563o
59871.146370  23.518  7.714     1   11 c  0   1.40  20.55082   0.95658  9506.86  1353.01 3.53 2.40 -23.7 -0.342 19.43 21.29 04a59871o0358c
59871.148172  20.630  0.657    20   13 c  0   0.99  20.55082   0.95658  9488.05  1313.81 3.39 2.32 -21.2 -0.363 19.43 21.27 04a59871o0362c
59871.151330 -22.651  3.765    -3   12 c  0   1.04  20.55082   0.95658  9547.79  1391.57 3.40 2.22 -23.1 -0.362 19.50 21.25 04a59871o0369c
59871.157195 -20.521  0.525   -22   12 c  0   1.23  20.55082   0.95658  9571.55  1273.37 3.40 2.30 -22.3 -0.353 19.42 21.26 04a59871o0382c
59872.453829 -22.444  2.536    -4   10 c  0   1.13  20.55082   0.95658  3324.44  3090.28 2.46 2.33  47.2 -0.414 19.60 21.34 02a59872o0575c
59872.457455 -22.171  2.028    -5   10 c  0   0.88  20.55082   0.95658  3305.36  3051.38 2.46 2.35  43.6 -0.411 19.60 21.35 02a59872o0583c
59872.492783  20.204  0.314    30   10 c  0   1.55  20.55082   0.95658  3362.96  3130.18 2.43 2.27  54.3 -0.419 19.59 21.25 02a59872o0660c
59872.506958 -20.762  0.639   -18   12 c  0   1.01  20.55082   0.95658  3388.45  3017.06 2.43 2.28  53.3 -0.417 19.48 21.15 02a59872o0690c
59872.935794  19.720  0.342    47   16 o  0   1.52  20.55082   0.95658  8992.67  5524.03 3.63 3.31 -52.3 -0.368 19.00 20.97 03a59873o0432o
59872.939397  20.453  0.721    24   17 o  0   1.27  20.55082   0.95658  9009.31  5563.24 3.81 3.43 -49.1 -0.389 18.97 20.97 03a59873o0440o
59872.974213 -20.684  1.146   -19   22 o  0   1.16  20.55082   0.95658  8941.56  5485.50 4.16 3.87 -54.1 -0.393 18.61 20.65 03a59873o0515o
59872.980557 -19.836  0.678   -42   29 o  0   1.31  20.55082   0.95658  8917.20  5602.14 4.52 4.25 -53.1 -0.394 18.21 20.32 03a59873o0529o
59874.473640  21.455  1.183    10   11 o  0   1.06  20.55082   0.95658  7139.05  5613.39 2.45 2.34  45.1 -0.392 19.54 20.75 01a59874o0439o
59874.477797  22.147  2.488     5   12 o  0   0.97  20.55082   0.95658  7159.93  5652.76 2.54 2.43  46.9 -0.378 19.54 20.75 01a59874o0448o
59874.483342  20.650  0.567    20   11 o  0   1.05  20.55082   0.95658  7102.64  5576.34 2.43 2.38  59.8 -0.393 19.55 20.72 01a59874o0460o
59874.506576  20.572  0.475    21   10 o  0   1.42  20.55082   0.95658  7088.46  5696.73 2.62 2.57  68.2 -0.381 19.40 20.61 01a59874o0510o
59875.165174  21.514  1.314     9   12 c  0   1.19  20.55082   0.95658  9277.24  9360.17 2.83 2.55 -10.5 -0.370 19.58 21.34 04a59875o0396c
59875.168776  20.880  0.824    16   13 c  0   0.99  20.55082   0.95658  9299.69  9395.85 2.87 2.52 -10.9 -0.374 19.61 21.36 04a59875o0404c
59875.194606  21.552  1.365     9   12 c  0   1.59  20.55082   0.95658  9257.80  9293.01 2.64 2.38 -23.4 -0.418 19.60 21.33 04a59875o0459c
59875.202439  22.549  3.238     4   11 c  0   1.08  20.55082   0.95658  9243.53  9404.46 2.68 2.38 -34.6 -0.413 19.61 21.33 04a59875o0476c
59876.409594  21.727  1.841     7   14 c  0   1.03  20.55082   0.95658  3112.35  9395.05 2.73 2.62  28.5 -0.406 19.48 21.38 02a59876o0441c
59876.412999 -20.050  0.365   -35   13 c  0   0.91  20.55082   0.95658  3093.03  9355.44 2.75 2.59  43.4 -0.410 19.55 21.38 02a59876o0448c
59876.418430  20.356  0.475    26   12 c  0   0.98  20.55082   0.95658  3151.44  9436.35 2.73 2.59  38.7 -0.408 19.54 21.38 02a59876o0460c
59876.434900  21.578  1.468     8   12 c  0   1.37  20.55082   0.95658  3173.78  9321.67 2.86 2.71  42.5 -0.399 19.46 21.38 02a59876o0496c
59876.930221  19.133  0.368    81   30 o  0   1.21  20.55082   0.95658  8989.81  5528.00 2.39 1.98 -55.7 -0.394 18.39 19.58 03a59877o0417o
59876.939970 -20.332  1.046   -27   28 o  0   0.85  20.55082   0.95658  9001.79  5566.82 2.47 2.04 -57.7 -0.390 18.60 19.85 03a59877o0438o
59876.957381  19.946  0.404    38   15 o  0   1.15  20.55082   0.95658  8944.10  5489.80 2.40 1.96 -56.1 -0.399 19.26 20.44 03a59877o0475o
59876.961571 -22.996 22.867    -2   53 o  0   0.56  20.55082   0.95658  8917.82  5605.62 2.44 1.98 -56.3 -0.385 19.22 20.43 03a59877o0484o
59878.390578 -22.686  4.091    -3   12 o  0   1.31  20.55082   0.95658  7120.78  5617.93 2.84 2.53  16.4 -0.362 19.40 20.66 01a59878o0440o
59878.394748  20.761  0.701    18   13 o  0   0.98  20.55082   0.95658  7141.47  5657.87 2.84 2.57  12.2 -0.365 19.44 20.68 01a59878o0449o
59878.400325  21.571  1.448     8   12 o  0   1.10  20.55082   0.95658  7084.90  5581.61 2.93 2.60  10.4 -0.362 19.38 20.67 01a59878o0461o
59878.435657 -21.205  1.127   -12   14 o  0   1.19  20.55082   0.95658  7071.68  5697.30 3.25 2.74   8.6 -0.339 19.27 20.64 01a59878o0536o
59879.171484  20.978  0.779    15   12 c  0   0.92  20.55082   0.95658  9291.19  9343.93 2.78 2.47 -13.4 -0.386 19.65 21.51 04a59879o0401c
59879.174639  21.695  1.571     8   12 c  0   1.19  20.55082   0.95658  9312.85  9380.22 2.85 2.62 -22.4 -0.367 19.64 21.49 04a59879o0408c
59879.207705  20.818  0.745    17   13 c  0   0.74  20.55082   0.95658  9270.16  9276.09 2.72 2.52 -32.9 -0.397 19.64 21.47 04a59879o0479c
59879.214505  23.495  9.500     2   14 c  0   0.86  20.55082   0.95658  9253.35  9388.86 2.81 2.50 -31.4 -0.403 19.61 21.46 04a59879o0494c
59880.433223  19.675  0.258    49   13 c  0   1.00  20.55082   0.95658  3102.10  9395.33 2.62 2.58  69.2 -0.409 19.50 21.27 02a59880o0257c
59880.436838  19.551  0.232    55   13 c  0   1.02  20.55082   0.95658  3082.97  9356.12 2.61 2.55  72.3 -0.404 19.51 21.25 02a59880o0265c
59880.461442  19.364  0.197    65   13 c  0   1.24  20.55082   0.95658  3143.76  9436.00 2.60 2.51  56.8 -0.402 19.49 21.20 02a59880o0280c
59880.467319  19.935  0.379    38   15 c  0   0.71  20.55082   0.95658  3163.45  9318.01 2.56 2.50  63.2 -0.400 19.50 21.18 02a59880o0293c
59880.755961  19.316  0.299    68   20 o  0   1.22  20.55082   0.95658  1050.22  9335.37 2.87 2.59 -53.1 -0.408 19.13 20.27 03a59881o0031o
59880.759122  19.752  0.462    46   21 o  0   1.10  20.55082   0.95658  1031.02  9295.73 2.83 2.55 -56.6 -0.399 19.15 20.33 03a59881o0038o
59880.764531  20.216  0.936    30   28 o  0   1.11  20.55082   0.95658  1086.61  9373.46 2.71 2.44 -52.6 -0.413 18.75 19.88 03a59881o0050o
59880.785666  19.152  0.362    79   29 o  0   1.07  20.55082   0.95658  1102.97  9251.97 2.69 2.39 -58.3 -0.415 18.95 20.08 03a59881o0096o
59882.406013  18.628  0.085   128   11 o  0   1.28  20.55082   0.95658  3032.41  9221.97 2.50 2.42  73.1 -0.411 19.64 20.92 01a59882o0433o
59882.408794  18.769  0.110   113   12 o  0   0.93  20.55082   0.95658  3052.68  9260.67 2.40 2.33  83.9 -0.414 19.69 20.92 01a59882o0439o
59882.414802  18.741  0.102   116   12 o  0   0.95  20.55082   0.95658  2995.93  9182.78 2.43 2.30  67.5 -0.415 19.68 20.92 01a59882o0452o
59882.429225  18.965  0.139    94   13 o  0   0.77  20.55082   0.95658  2977.80  9300.81 2.46 2.28  72.2 -0.418 19.68 20.93 01a59882o0483o
59883.148971  18.558  0.103   137   14 o  0   0.99  20.55082   0.95658  2856.25  5282.11 1.96 1.83  83.6 -0.405 19.37 20.60 04a59883o0354o
59883.152134  18.579  0.086   134   12 o  0   1.57  20.55082   0.95658  2877.88  5317.70 2.01 1.86  84.5 -0.404 19.35 20.58 04a59883o0361o
59883.157998  18.395  0.074   159   12 o  0   1.37  20.55082   0.95658  2824.37  5234.03 2.01 1.90  88.6 -0.396 19.35 20.57 04a59883o0374o
59883.187504  18.580  0.076   134   10 o  0   2.38  20.55082   0.95658  2826.56  5321.38 2.03 1.84  87.9 -0.397 19.35 20.63 04a59883o0438o
59884.400008  18.278  0.079   177   14 o  0   1.26  20.55082   0.95658  3952.22  6966.96 2.46 1.87  32.7 -0.413 19.46 20.45 02a59884o0453o
59884.403173  18.420  0.081   156   13 o  0   1.57  20.55082   0.95658  3933.51  6929.04 2.46 1.91  35.4 -0.411 19.40 20.46 02a59884o0460o
59884.406342  18.366  0.082   164   13 o  0   1.32  20.55082   0.95658  3991.42  7006.43 2.51 1.88  36.3 -0.410 19.42 20.48 02a59884o0467o
59884.411332  18.387  0.092   160   15 o  0   1.05  20.55082   0.95658  4013.60  6891.81 2.44 1.93  39.7 -0.417 19.44 20.51 02a59884o0478o
59884.901767  18.942  0.863    96   83 o  0   1.00  20.55082   0.95658  9411.42  1172.11 2.70 2.45 -50.7 -0.421 16.30 17.18 03a59885o0343o
59884.905387  18.377  0.151   162   24 o  0   1.49  20.55082   0.95658  9428.02  1212.90 2.65 2.41 -48.8 -0.417 18.58 19.40 03a59885o0351o
59886.337896  18.310  0.085   172   15 o  0   2.08  20.55082   0.95658  7545.88  1531.58 2.27 2.16 -20.7 -0.508 19.16 19.73 01a59886o0182o
59886.362950  18.979  0.203    93   19 o  0   1.11  20.55082   0.95658  7527.11  1485.78 2.22 2.18 -40.3 -0.497 19.21 19.79 01a59886o0234o
59886.364796  18.726  0.131   117   15 o  0   1.43  20.55082   0.95658  7584.26  1562.75 2.24 2.20 -22.4 -0.507 19.20 19.80 01a59886o0238o
59886.377215  18.186  0.077   193   15 o  0   1.66  20.55082   0.95658  2968.53  9295.77 2.44 2.40 -47.3 -0.425 19.19 19.91 01a59886o0264o
59887.098315  18.337  0.153   168   26 o  0   1.26  20.55082   0.95658  7729.66  5330.88 2.32 1.97 -26.7 -0.429 18.54 18.84 04a59887o0234o
59887.101102  18.253  0.137   182   25 o  0   0.91  20.55082   0.95658  7711.64  5291.93 2.38 1.96 -24.7 -0.413 18.55 18.84 04a59887o0240o
59887.106127  18.291  0.160   175   28 o  0   1.01  20.55082   0.95658  7774.12  5368.04 2.34 1.91 -22.3 -0.414 18.54 18.77 04a59887o0251o
59887.115746  18.318  0.171   171   29 o  0   0.89  20.55082   0.95658  7798.14  5250.74 2.39 1.96 -22.0 -0.411 18.57 19.02 04a59887o0272o
59892.464821  18.274  0.171   178   30 o  0   0.96  20.55082   0.95658  5680.99  3493.46 2.36 2.06  39.6 -0.428 18.48 18.69 02a59892o0481o
59892.474916  18.108  0.137   207   28 o  0   1.39  20.55082   0.95658  5662.86  3453.72 2.53 2.23  38.8 -0.434 18.34 18.65 02a59892o0503o
59892.479459  18.014  0.147   226   33 o  0   0.91  20.55082   0.95658  5722.86  3532.06 2.28 2.00  37.8 -0.441 18.47 18.62 02a59892o0513o
59892.493261  18.137  0.159   202   32 o  0   0.83  20.55082   0.95658  5745.43  3416.72 2.39 2.17  39.5 -0.426 18.33 18.55 02a59892o0543o
59892.912490  18.596  0.261   132   35 o  0   0.99  20.55082   0.95658   884.09  7168.67 2.98 2.68 -56.0 -0.373 18.31 18.73 03a59893o0367o
59892.922180  18.468  0.250   149   37 o  0   1.17  20.55082   0.95658   899.52  7208.77 3.14 2.87 -59.3 -0.371 18.25 18.74 03a59893o0388o
59892.925821  17.983  0.140   233   33 o  0   1.28  20.55082   0.95658   842.75  7129.90 3.00 2.63 -51.8 -0.367 18.31 18.73 03a59893o0396o
59892.932641  18.396  0.238   159   38 o  0   0.86  20.55082   0.95658   817.60  7245.46 3.09 2.77 -53.6 -0.374 18.27 18.71 03a59893o0411o
59894.366403  18.257  0.110   181   20 o  0   0.85  20.55082   0.95658  2126.25  3400.50 2.57 2.28  31.6 -0.420 19.12 19.81 01a59894o0400o
59894.371031  18.374  0.097   162   16 o  0   1.46  20.55082   0.95658  2146.82  3441.40 2.49 2.30  37.9 -0.432 19.11 19.81 01a59894o0410o
59894.378441  18.213  0.083   188   16 o  0   1.52  20.55082   0.95658  2089.03  3363.85 2.44 2.24  42.6 -0.433 19.17 19.82 01a59894o0426o
59894.390473  18.292  0.086   175   15 o  0   1.74  20.55082   0.95658  2072.47  3480.20 2.55 2.33  43.1 -0.422 19.09 19.80 01a59894o0452o
59896.441714  18.218  0.107   187   20 o  0   0.91  20.55082   0.95658  5688.50  3492.17 2.52 2.13  38.9 -0.431 19.11 19.91 02a59896o0342o
59896.444879  18.146  0.091   200   18 o  0   0.96  20.55082   0.95658  5669.34  3454.06 2.42 2.07  37.8 -0.429 19.12 19.90 02a59896o0349o
59896.456720  18.468  0.124   149   18 o  0   1.20  20.55082   0.95658  5727.52  3531.49 2.40 2.10  42.3 -0.430 19.10 19.83 02a59896o0375o
59896.467642  18.418  0.115   156   18 o  0   1.71  20.55082   0.95658  5748.42  3415.57 2.66 2.47  43.1 -0.423 18.89 19.77 02a59896o0399o
59896.877035  18.671  0.100   124   12 c  0   1.31  20.55082   0.95658   925.73  9110.25 3.04 2.77 -44.4 -0.380 19.61 21.61 03a59897o0280c
59896.879738  18.829  0.102   107   11 c  0   1.34  20.55082   0.95658   943.01  9150.89 2.84 2.59 -41.3 -0.397 19.65 21.62 03a59897o0286c
59896.885278  18.883  0.105   102   11 c  0   1.56  20.55082   0.95658   884.55  9072.38 2.84 2.53 -40.3 -0.391 19.66 21.65 03a59897o0298c
59896.896654  19.137  0.145    80   12 c  0   1.32  20.55082   0.95658   856.57  9190.79 2.95 2.60 -41.4 -0.385 19.67 21.67 03a59897o0323c
59898.373138  18.946  0.102    96   10 c  0   1.40  20.55082   0.95658 10477.99  3469.68 2.97 2.92 -14.0 -0.306 19.67 21.49 01a59898o0412c
59898.375988  19.249  0.138    72   10 c  0   1.22  20.55082   0.95658 10498.48  3509.04 3.10 3.02 -34.7 -0.291 19.60 21.44 01a59898o0418c
59898.379222  18.825  0.102   107   11 c  0   1.28  20.55082   0.95658 10440.05  3432.87 3.38 3.31 -55.5 -0.279 19.51 21.38 01a59898o0425c
59898.382131  18.960  0.100    95   10 c  0   1.62  20.55082   0.95658 10420.24  3549.88 2.84 2.83 -48.0 -0.313 19.63 21.31 01a59898o0431c
59898.387485  18.396  0.082   159   13 o  0   1.14  20.55082   0.95658   180.41  3498.23 2.29 2.12  56.4 -0.400 19.55 20.65 01a59898o0439o
59898.391182  18.336  0.070   168   12 o  0   1.46  20.55082   0.95658   201.37  3538.01 2.26 2.11  60.8 -0.402 19.56 20.62 01a59898o0447o
59898.398571  18.645  0.093   126   12 o  0   1.12  20.55082   0.95658   143.26  3461.51 2.32 2.21  66.5 -0.395 19.50 20.57 01a59898o0463o
59898.420469  18.278  0.064   177   11 o  0   1.65  20.55082   0.95658   129.03  3580.41 2.18 2.09  73.0 -0.407 19.53 20.48 01a59898o0510o
59899.106816  18.431  0.096   154   15 o  0   1.25  20.55082   0.95658  7232.01  7497.27 2.35 2.03 -17.1 -0.415 19.32 20.76 04a59899o0234o
59899.110422  18.543  0.102   139   14 o  0   0.86  20.55082   0.95658  7253.86  7532.24 2.38 2.11 -20.1 -0.406 19.41 20.85 04a59899o0242o
59899.115375  18.510  0.089   143   13 o  0   1.71  20.55082   0.95658  7199.50  7450.41 2.50 2.14 -30.4 -0.407 19.40 20.85 04a59899o0253o
59899.128946  18.398  0.097   159   15 o  0   0.91  20.55082   0.95658  7188.28  7554.35 2.32 1.98 -26.4 -0.426 19.44 20.80 04a59899o0283o
59900.490222  18.580  0.153   134   20 o  0   1.07  20.55082   0.95658  5777.50  5427.64 3.03 2.34  36.9 -0.400 19.03 20.12 02a59900o0348o
59900.493855  18.470  0.127   148   19 o  0   1.31  20.55082   0.95658  5756.94  5388.46 2.92 2.23  36.5 -0.410 18.87 19.88 02a59900o0356o
59900.852153  19.403  0.222    63   14 c  0   2.17  20.55082   0.95658   931.37  9110.29 2.82 2.58 -37.3 -0.390 19.13 20.89 03a59901o0217c
59900.855334  18.829  0.121   107   13 c  0   1.52  20.55082   0.95658   947.64  9149.92 2.61 2.35 -44.1 -0.400 19.34 21.06 03a59901o0224c
59900.861193  19.274  0.250    71   18 c  0   1.23  20.55082   0.95658   887.47  9071.30 2.70 2.42 -38.8 -0.394 19.15 20.89 03a59901o0237c
59900.872511  19.148  0.170    80   14 c  0   1.34  20.55082   0.95658   859.54  9189.79 2.78 2.50 -36.9 -0.399 19.46 21.21 03a59901o0261c
59902.282757  19.227  0.132    74   10 c  0   1.27  20.55082   0.95658    61.56  7237.43 2.78 2.66  62.4 -0.378 19.75 21.48 01a59902o0218c
59902.285548  22.122  1.447     5    7 c  0   1.20  20.55082   0.95658    42.66  7198.12 2.77 2.67  66.3 -0.373 19.73 21.49 01a59902o0224c
59902.290191  19.050  0.108    87    9 c  0   1.40  20.55082   0.95658   102.47  7276.85 2.81 2.71  67.9 -0.375 19.74 21.48 01a59902o0234c
59902.294809  19.344  0.145    66   10 c  0   1.25  20.55082   0.95658 10353.87  7265.36 3.01 2.93 -21.6 -0.368 19.71 21.48 01a59902o0244c
59902.296195  19.094  0.110    84    9 c  0   1.55  20.55082   0.95658   122.97  7159.95 2.80 2.70  60.7 -0.369 19.71 21.48 01a59902o0247c
59902.296657  19.352  0.150    66   10 c  0   1.28  20.55082   0.95658 10334.40  7225.67 3.04 2.98 -27.0 -0.364 19.69 21.49 01a59902o0248c
59902.299428  19.534  0.179    56   10 c  0   1.45  20.55082   0.95658 10394.05  7302.79 3.02 2.93 -42.2 -0.368 19.71 21.48 01a59902o0254c
59902.328536  19.407  0.151    63   10 c  0   1.51  20.55082   0.95658 10416.57  7177.15 3.01 2.90  24.8 -0.365 19.68 21.48 01a59902o0315c
59903.100757  18.960  0.157    95   15 o  0   1.05  20.55082   0.95658  7237.53  7492.40 2.53 2.22 -18.7 -0.398 19.25 20.63 04a59903o0216o
59903.103910  18.655  0.109   125   14 o  0   1.31  20.55082   0.95658  7259.20  7529.18 2.49 2.13 -25.3 -0.403 19.30 20.64 04a59903o0223o
59903.109315  18.736  0.108   116   13 o  0   1.15  20.55082   0.95658  7204.98  7446.70 2.38 2.11 -23.1 -0.406 19.35 20.66 04a59903o0235o
59903.119443  18.601  0.094   132   12 o  0   1.56  20.55082   0.95658  7191.22  7553.78 2.48 2.19 -35.7 -0.403 19.30 20.65 04a59903o0257o
59904.843896 -19.432  5.100   -61  312 c  0   1.32  20.55082   0.95658  9095.14  9416.23 2.90 2.45 -58.9 -0.467 15.68 17.58 03a59905o0194c
59904.847051 -17.646  0.517  -317  164 c  0   1.41  20.55082   0.95658  9113.22  9456.73 2.89 2.43 -55.7 -0.466 16.23 18.13 03a59905o0201c
59906.336072  19.059  0.109    86    9 c  0   1.57  20.55082   0.95658  9060.12  5511.00 3.16 3.05  33.9 -0.361 19.67 21.61 01a59906o0332c
59906.339308  19.692  0.180    48    9 c  0   1.59  20.55082   0.95658  9080.00  5549.94 3.08 2.96  30.0 -0.367 19.68 21.61 01a59906o0339c
59906.344857  19.429  0.160    61   10 c  0   1.34  20.55082   0.95658  9021.52  5473.19 3.12 2.98  33.9 -0.360 19.70 21.63 01a59906o0351c
59906.354691  19.331  0.137    67    9 c  0   1.44  20.55082   0.95658  9003.87  5591.63 3.04 2.97  37.4 -0.373 19.70 21.65 01a59906o0372c
59907.092840  18.641  0.120   127   15 o  0   1.71  20.55082   0.95658  7453.30  1197.48 2.67 2.04 -23.0 -0.401 19.25 20.55 04a59907o0193o
59907.096447  18.834  0.146   106   16 o  0   1.33  20.55082   0.95658  7474.93  1234.16 2.61 2.09 -21.0 -0.404 19.28 20.50 04a59907o0201o
59907.101858  18.837  0.246   106   26 o  0   1.18  20.55082   0.95658  7420.20  1151.27 2.68 2.04 -23.7 -0.394 18.83 20.04 04a59907o0213o
59907.111770  18.798  0.255   110   28 o  0   1.37  20.55082   0.95658  7405.74  1260.47 2.71 2.07 -22.5 -0.388 18.97 20.23 04a59907o0235o
59908.332658  19.220  0.166    74   12 o  0   1.25  20.55082   0.95658  5591.50  1545.55 2.43 2.12 -58.7 -0.432 19.41 20.74 02a59908o0331o
59908.342458  18.892  0.146   101   15 o  0   0.77  20.55082   0.95658  5577.79  1508.65 2.37 2.05 -57.8 -0.434 19.41 20.72 02a59908o0350o
59908.363112  18.846  0.123   105   13 o  0   0.94  20.55082   0.95658  5657.00  1468.42 2.29 1.97 -56.0 -0.440 19.50 20.72 02a59908o0392o
59908.963431  19.449  0.199    60   12 c  0   1.52  20.55082   0.95658  9099.66  9405.73 2.82 2.41 -52.3 -0.396 19.41 21.34 03a59909o0218c
59908.974072  20.108  0.415    33   14 c  0   0.92  20.55082   0.95658  9120.61  9441.83 2.85 2.46 -48.1 -0.395 19.32 21.22 03a59909o0238c
59908.977252  19.133  0.133    81   11 c  0   1.98  20.55082   0.95658  9064.52  9360.62 2.86 2.43 -47.4 -0.389 19.29 21.19 03a59909o0245c
59911.083921  19.686  0.288    48   14 o  0   1.47  20.55082   0.95658  7455.53  1194.37 2.82 2.19 -21.5 -0.391 19.23 20.66 04a59911o0168o
59911.089337  18.914  0.144    99   14 o  0   1.38  20.55082   0.95658  7478.90  1227.46 2.86 2.24 -24.2 -0.390 19.19 20.65 04a59911o0180o
59911.092491  18.824  0.141   107   15 o  0   1.13  20.55082   0.95658  7423.06  1146.82 2.80 2.20 -23.7 -0.385 19.23 20.63 04a59911o0187o
59912.830467  19.533  0.256    56   14 o  0   1.81  20.55082   0.95658  2781.36  5187.23 2.49 2.13 -61.5 -0.389 19.10 20.07 03a59913o0158o
59912.833644  19.423  0.248    62   15 o  0   2.08  20.55082   0.95658  2798.17  5226.72 2.57 2.23 -60.3 -0.394 19.05 20.07 03a59913o0165o
59912.842232  19.805  0.370    44   16 o  0   1.23  20.55082   0.95658  2738.20  5150.05 2.55 2.18 -60.7 -0.393 19.09 20.07 03a59913o0184o
59912.852183  18.952  0.149    95   14 o  0   1.87  20.55082   0.95658  2712.49  5266.15 2.48 2.11 -60.3 -0.390 19.08 20.05 03a59913o0206o
59915.031115  19.675  0.668    49   33 o  0   1.00  20.55082   0.95658  4000.42  6970.23 2.65 2.23 -64.7 -0.397 18.15 18.44 04a59915o0038o
59915.039203  18.761  0.287   114   33 o  0   0.88  20.55082   0.95658  3985.89  6929.20 2.51 2.04 -77.1 -0.392 18.32 18.67 04a59915o0055o
59915.047604  19.369  0.405    65   26 o  0   1.52  20.55082   0.95658  6554.61  3615.30 2.35 2.05 -15.3 -0.422 18.36 18.85 04a59915o0073o
59915.071914  19.046  0.348    87   30 o  0   1.29  20.55082   0.95658  6556.91  3706.76 2.46 2.27 -23.4 -0.430 18.37 18.89 04a59915o0125o
59919.128571  20.530  1.462    22   33 o  0   1.29  20.55082   0.95658  6643.47  3577.55 2.37 1.88 -18.4 -0.408 18.20 18.34 04a59919o0253o
59919.131723  19.486  0.526    58   31 o  0   1.50  20.55082   0.95658  6661.94  3615.25 2.28 1.81 -22.4 -0.418 18.17 18.23 04a59919o0260o
59919.138902 -20.174  0.849   -31   26 o  0   1.72  20.55082   0.95658  6604.22  3534.73 2.31 1.81 -21.0 -0.417 18.12 18.20 04a59919o0275o
59919.174451  20.285  1.348    28   38 o  0   1.14  20.55082   0.95658  6586.97  3641.07 2.17 1.80 -28.5 -0.431 18.07 18.17 04a59919o0351o
59920.848646  18.872  0.258   103   26 o  0   1.24  20.55082   0.95658  3165.10   847.55 2.43 2.15 -59.8 -0.369 18.54 18.83 03a59921o0187o
59920.851801  18.627  0.201   129   26 o  0   1.10  20.55082   0.95658  3182.82   887.52 2.41 2.11 -63.4 -0.365 18.55 18.82 03a59921o0194o
59920.858109  19.027  0.292    89   26 o  0   1.29  20.55082   0.95658  3125.23   807.70 2.42 2.10 -61.0 -0.361 18.54 18.78 03a59921o0208o
59920.874344  19.151  0.357    79   28 o  0   1.06  20.55082   0.95658  3101.61   923.82 2.36 2.08 -58.6 -0.371 18.47 18.71 03a59921o0244o
59923.101911  19.081  0.229    85   19 o  0   1.19  20.55082   0.95658  4916.02  7060.77 2.36 2.05 -61.9 -0.373 18.80 19.62 04a59923o0191o
59923.105066  19.815  0.412    43   18 o  0   1.18  20.55082   0.95658  4935.87  7098.12 2.34 2.05 -64.4 -0.384 18.76 19.57 04a59923o0198o
59923.110474  20.416  0.914    25   23 o  0   0.89  20.55082   0.95658  4879.15  7018.29 2.33 2.06 -62.0 -0.380 18.72 19.55 04a59923o0210o
59923.125521  20.334  0.705    27   19 o  0   1.79  20.55082   0.95658  4862.66  7127.78 2.32 1.96 -66.7 -0.390 18.70 19.42 04a59923o0243o
59927.083528  20.481  0.362    23    8 c  0   1.60  20.55082   0.95658  4905.09  7067.91 2.47 2.25 -60.2 -0.371 19.51 21.51 04a59927o0146c
59927.089669  20.367  0.374    26   10 c  0   1.44  20.55082   0.95658  4927.86  7102.25 2.39 2.15 -63.6 -0.378 19.52 21.53 04a59927o0159c
59927.092820  20.085  0.268    34    9 c  0   1.50  20.55082   0.95658  4870.79  7022.75 2.50 2.25 -57.4 -0.371 19.47 21.49 04a59927o0166c
59927.113736  21.156  0.922    12   12 c  0   0.81  20.55082   0.95658  4857.36  7126.88 2.67 2.34 -70.5 -0.365 19.38 21.47 04a59927o0212c
59928.302867  19.596  0.194    53   10 c  0   1.09  20.55082   0.95658  1389.54  3188.93 2.44 2.30 -69.8 -0.435 19.56 21.27 02a59928o0257c
59928.306030  20.575  0.572    21   12 c  0   1.00  20.55082   0.95658  1370.33  3150.18 2.40 2.28 -68.8 -0.437 19.58 21.27 02a59928o0264c
59928.311460  20.596  0.565    21   12 c  0   0.73  20.55082   0.95658  1429.47  3227.32 2.40 2.31 -72.8 -0.428 19.56 21.26 02a59928o0276c
59928.321413  20.336  0.378    27   10 c  0   1.45  20.55082   0.95658  1449.65  3110.10 2.39 2.30 -74.9 -0.432 19.55 21.23 02a59928o0298c
59931.047103  20.260  0.391    29   11 c  0   1.23  20.55082   0.95658  4805.95  5154.93 2.58 2.49 -52.5 -0.365 19.35 21.40 04a59931o0062c
59931.050730  19.882  0.212    40    9 c  0   1.37  20.55082   0.95658  4827.46  5190.77 2.34 2.20 -46.7 -0.379 19.47 21.48 04a59931o0070c
59931.057043  20.443  0.489    24   12 c  0   0.98  20.55082   0.95658  4771.71  5106.67 2.75 2.50 -82.0 -0.363 19.34 21.54 04a59931o0084c
59931.067003  20.621  0.528    20   11 c  0   1.12  20.55082   0.95658  4756.27  5214.92 2.59 2.48 -40.5 -0.364 19.36 21.49 04a59931o0106c
59932.826018  20.413  0.593    25   15 o  0   0.95  20.55082   0.95658  7045.82  7488.62 2.63 2.28 -47.5 -0.401 19.27 20.66 03a59933o0043o
59932.831427  19.750  0.339    46   16 o  0   0.79  20.55082   0.95658  7023.95  7604.12 2.68 2.36 -48.0 -0.392 19.27 20.67 03a59933o0055o
59935.039227  19.824  0.299    43   13 c  0   1.27  20.55082   0.95658  4802.15  5150.84 2.52 2.35 -41.3 -0.372 19.06 20.54 04a59935o0041c
59935.042381  21.095  0.865    13   12 c  0   1.06  20.55082   0.95658  4824.19  5186.87 2.47 2.35 -49.1 -0.376 19.24 20.93 04a59935o0048c
59935.047793  20.784  0.702    18   12 c  0   1.16  20.55082   0.95658  4768.51  5104.53 2.43 2.29 -49.8 -0.383 19.35 21.27 04a59935o0060c
59935.057797  20.006  0.285    36   10 c  0   1.58  20.55082   0.95658  4753.70  5211.83 2.48 2.31 -37.5 -0.373 19.36 21.42 04a59935o0082c
59939.035266  20.537  1.267    22   28 c  0   0.91  20.55082   0.95658  4992.53  9016.66 3.23 2.67 -70.6 -0.335 18.52 19.55 04a59939o0029c
59939.038418  20.901  1.483    16   24 c  0   1.04  20.55082   0.95658  5013.59  9051.02 3.50 2.98 -69.9 -0.372 18.71 20.12 04a59939o0036c
59939.044275 -20.874  0.896   -16   14 c  0   1.32  20.55082   0.95658  4958.52  8967.24 3.35 2.93 -70.3 -0.340 19.10 20.88 04a59939o0049c
59939.064113  20.765  0.868    18   16 c  0   0.90  20.55082   0.95658  4948.40  9070.83 3.52 2.99 -72.9 -0.343 19.24 21.40 04a59939o0093c
59940.785910  21.255  2.486    11   28 o  0   1.73  20.55082   0.95658  1172.69  7225.24 2.66 2.27 -68.2 -0.388 18.42 18.58 03a59941o0030o
59940.789071  19.909  0.638    40   25 o  0   1.22  20.55082   0.95658  1191.25  7255.07 2.65 2.21 -68.4 -0.393 18.75 19.24 03a59941o0037o
59940.796291  19.835  0.442    42   19 o  0   1.16  20.55082   0.95658  1134.29  7156.25 2.80 2.21 -74.2 -0.390 19.13 20.16 03a59941o0053o
59940.806248 -21.936  2.226    -6   14 o  0   2.12  20.55082   0.95658  1112.35  7244.17 2.86 2.27 -71.9 -0.395 19.27 20.53 03a59941o0075o
59947.067735  20.113  0.987    33   32 o  0   0.79  20.55082   0.95658  4137.74  3182.81 2.24 2.21  47.7 -0.431 18.23 18.69 04a59947o0068o
59947.070899  26.150 194.000     0   24 o  0   1.87  20.55082   0.95658  4156.98  3219.42 2.11 2.05 -16.8 -0.432 18.32 18.68 04a59947o0075o
59947.076308  21.133  2.624    13   34 o  0   0.94  20.55082   0.95658  4099.88  3139.90 2.19 2.17 -57.6 -0.419 18.23 18.67 04a59947o0087o
59947.093118  19.714  0.738    47   35 o  0   1.21  20.55082   0.95658  4078.64  3255.11 2.44 2.39  -9.3 -0.426 18.12 18.55 04a59947o0124o
59948.803106  21.288  3.383    11   38 o  0   1.28  20.55082   0.95658 10414.16  9762.51 3.10 2.46 -57.3 -0.458 18.45 18.95 03a59949o0065o
59948.806259  20.442  1.559    24   38 o  0   1.18  20.55082   0.95658 10434.30  9793.78 3.26 2.55 -57.6 -0.463 18.36 18.95 03a59949o0072o
59948.816275  21.236  2.842    12   33 o  0   1.11  20.55082   0.95658 10380.23  9688.53 2.96 2.45 -60.6 -0.451 18.41 18.93 03a59949o0094o
59948.817627 -21.803  4.833    -7   33 o  0   1.45  20.55082   0.95658   118.04  9504.14 3.13 2.69 -55.8 -0.431 18.43 18.95 03a59949o0097o
59948.820781  23.463 22.833     2   34 o  0   1.25  20.55082   0.95658   136.49  9534.72 3.23 2.82 -54.7 -0.419 18.42 18.92 03a59949o0104o
59948.826853  23.291 22.714     2   40 o  0   1.04  20.55082   0.95658 10361.54  9777.40 3.35 2.65 -53.5 -0.441 18.33 18.84 03a59949o0117o
59948.827754  18.699  0.299   120   36 o  0   1.36  20.55082   0.95658    83.93  9438.46 3.26 2.90 -57.3 -0.404 18.34 18.88 03a59949o0119o
59948.847885  19.836  1.032    42   44 o  0   1.15  20.55082   0.95658    67.54  9505.46 3.40 2.96 -46.7 -0.386 18.19 18.74 03a59949o0163o
59951.087336  18.167  3.109   196  611 o  0   0.86  20.55082   0.95658  4136.42  3178.79 2.15 2.12 -39.9 -0.475 15.42 15.65 04a59951o0141o
59951.090497 -15.838  0.873 -1678 1466 o  0   0.96  20.55082   0.95658  4157.23  3217.44 2.29 2.24 -48.0 -0.421 14.25 13.97 04a59951o0148o
59951.098612  17.613  1.342   327  439 o  0   1.36  20.55082   0.95658  4095.61  3140.11 2.23 2.21  22.0 -0.440 15.38 15.29 04a59951o0166o
59951.109482  19.315  1.450    68   99 o  0   1.54  20.55082   0.95658  4072.91  3257.20 2.07 2.03 -46.7 -0.465 16.60 16.40 04a59951o0190o
59952.787480  20.267  0.862    28   24 o  0   1.98  20.55082   0.95658  8828.25  3046.08 2.62 2.20 -62.5 -0.378 18.41 18.79 03a59953o0017o
59952.790638  19.852  0.552    42   23 o  0   1.30  20.55082   0.95658  8847.80  3076.45 2.64 2.24 -64.9 -0.378 18.71 19.35 03a59953o0024o
59952.798316  20.594  0.859    21   18 o  0   1.05  20.55082   0.95658  8793.58  2976.63 2.56 2.29 -58.8 -0.387 19.02 20.08 03a59953o0041o
59952.812370  19.992  0.475    37   17 o  0   1.03  20.55082   0.95658  8775.93  3056.88 2.48 2.13 -60.6 -0.398 18.96 19.84 03a59953o0072o
59955.038709  19.384  0.689    64   44 o  0   0.86  20.55082   0.95658  9226.70  7383.99 2.74 2.31 -17.3 -0.395 18.38 18.86 04a59955o0034o
59955.043688  20.142  0.937    32   30 o  0   1.15  20.55082   0.95658  9168.64  7304.93 2.87 2.38 -17.8 -0.397 18.72 19.62 04a59955o0045o
59955.055477  19.980  0.470    37   17 o  0   1.42  20.55082   0.95658  9148.11  7419.01 2.87 2.38 -24.0 -0.402 19.02 20.28 04a59955o0071o
59960.221633 -21.828  1.825    -7   12 o  0   1.23  20.55082   0.95658  5487.52  9799.69 2.16 2.05  49.9 -0.436 19.42 20.47 02a59960o0058o
59960.224799  19.885  0.340    40   14 o  0   1.24  20.55082   0.95658  5468.88  9760.97 2.15 2.08  53.9 -0.435 19.41 20.50 02a59960o0065o
59960.230220  20.677  0.849    20   16 o  0   0.82  20.55082   0.95658  5527.77  9840.51 2.16 2.12  71.6 -0.434 19.39 20.52 02a59960o0077o
59960.241166  20.732  0.813    18   15 o  0   1.00  20.55082   0.95658  5547.30  9722.31 2.16 2.05  57.3 -0.441 19.43 20.54 02a59960o0101o
59964.283064  20.503  0.628    23   14 o  0   1.81  20.55082   0.95658 10009.14  5558.69 2.55 2.17 -58.5 -0.456 19.27 20.46 02a59964o0166o
59964.304097  21.021  1.154    14   16 o  0   1.22  20.55082   0.95658 10067.49  5633.91 2.49 2.21 -53.6 -0.449 19.25 20.39 02a59964o0212o
59964.318216  20.580  0.707    21   15 o  0   1.61  20.55082   0.95658 10086.71  5518.68 2.67 2.26 -49.1 -0.450 19.20 20.34 02a59964o0243o
59968.217101  19.831  0.425    42   18 o  0   1.03  20.55082   0.95658  9677.40  5233.21 2.32 2.08  23.4 -0.438 19.14 20.07 02a59968o0039o
59968.220279  19.732  0.313    46   15 o  0   1.13  20.55082   0.95658  9657.71  5194.65 2.25 2.04  23.1 -0.438 19.32 20.29 02a59968o0046o
59968.225709  20.507  0.652    23   15 o  0   0.94  20.55082   0.95658  9715.77  5273.18 2.19 2.08  22.8 -0.447 19.36 20.43 02a59968o0058o
59968.236568  21.319  1.046    11   11 o  0   1.89  20.55082   0.95658  9735.80  5156.86 2.15 2.10 -29.1 -0.446 19.33 20.44 02a59968o0082o
59980.782011  18.541  0.419   139   58 o  0   0.84  20.55082   0.95658  4140.64  3200.32 2.88 2.70 -60.4 -0.392 17.78 18.08 03a59981o0004o
59980.785185  22.508 12.562     4   45 o  0   1.23  20.55082   0.95658  4159.55  3239.51 2.76 2.64 -54.2 -0.388 17.92 18.21 03a59981o0011o
59980.790641 -20.040  1.394   -35   49 o  0   1.09  20.55082   0.95658  4104.85  3160.18 3.01 2.75 -67.0 -0.365 17.81 18.26 03a59981o0023o
59980.800567  22.087  9.000     5   48 o  0   1.13  20.55082   0.95658  4086.82  3275.10 2.90 2.75 -62.3 -0.386 17.83 18.20 03a59981o0045o
59983.025860  18.714  1.223   119  145 o  0   1.35  20.55082   0.95658  1219.70   920.15 3.03 2.75  19.7 -0.452 17.02 17.02 04a59983o0029o
59983.029018 -19.009  1.012   -90   92 o  0   1.10  20.55082   0.95658  1238.37   961.03 2.83 2.61  10.3 -0.392 17.50 17.80 04a59983o0036o
59983.035781  20.060  1.466    34   50 o  0   1.07  20.55082   0.95658  1176.48   885.26 2.96 2.63  24.2 -0.394 18.17 19.05 04a59983o0051o
59983.045697 -20.950  2.093   -15   32 o  0   1.20  20.55082   0.95658  1154.15  1006.90 2.72 2.52  13.2 -0.404 18.42 19.54 04a59983o0073o
60101.149158 -20.252  0.983   -29   28 o  0   1.08  20.55082   0.95658  6422.56  7367.10 2.67 2.33 -25.8 -0.395 18.51 18.99 03a60101o1000o
60101.152015  19.597  0.500    53   26 o  0   1.21  20.55082   0.95658  6403.65  7327.89 2.69 2.32 -29.4 -0.389 18.51 19.03 03a60101o1006o
60101.154879  19.790  0.612    44   27 o  0   0.95  20.55082   0.95658  6460.25  7405.26 2.59 2.28 -26.9 -0.408 18.57 19.03 03a60101o1012o
60101.158800 -21.658  3.766    -8   30 o  0   1.09  20.55082   0.95658  6480.80  7288.95 2.68 2.35 -26.6 -0.400 18.51 19.05 03a60101o1020o
60116.160539 -20.078  1.875   -34   63 o  0   1.03  20.55082   0.95658  3444.78  4969.37 2.52 2.28 -40.4 -0.395 17.59 18.76 03a60116o0228o
60116.164153  20.467  1.033    24   24 o  0   1.19  20.55082   0.95658  3426.36  4929.84 2.76 2.51 -42.2 -0.403 18.69 19.94 03a60116o0236o
60116.184772  22.604  8.727     3   29 o  0   1.21  20.55082   0.95658  3482.07  5004.55 3.08 2.55 -10.8 -0.375 18.40 19.50 03a60116o0280o
60116.188843 -20.439  1.725   -24   42 o  0   0.94  20.55082   0.95658  3505.25  4889.36 3.00 2.42  -8.9 -0.375 18.07 18.84 03a60116o0289o
60126.360791  20.544  1.038    22   23 o  0   1.54  20.55082   0.95658  1219.96  9549.47 2.31 1.86 -67.3 -0.455 18.75 19.42 04a60126o0909o
60126.363499  22.531  5.480     4   19 o  0   1.38  20.55082   0.95658  1199.04  9510.57 2.43 1.84 -71.8 -0.434 18.80 19.46 04a60126o0915o
60126.368518  21.169  1.731    12   21 o  0   1.48  20.55082   0.95658  1257.69  9588.87 2.43 1.91 -66.9 -0.448 18.77 19.45 04a60126o0926o
60126.380401  20.145  0.783    32   25 o  0   1.61  20.55082   0.95658  1278.34  9470.49 2.21 1.82 -67.0 -0.478 18.87 19.57 04a60126o0952o
60128.104755  19.824  0.620    43   26 o  0   1.25  20.55082   0.95658  9609.49  3364.66 2.48 2.21 -49.0 -0.382 18.43 18.84 03a60128o0779o
60128.109848  21.665  3.259     8   26 o  0   1.04  20.55082   0.95658  9591.14  3326.10 2.52 2.28 -44.9 -0.396 18.44 18.88 03a60128o0790o
60128.120215  19.964  0.680    38   26 o  0   2.18  20.55082   0.95658  9646.69  3402.27 2.63 2.45 -42.0 -0.376 18.44 18.93 03a60128o0812o
60128.123523 -19.874  0.719   -41   29 o  0   0.94  20.55082   0.95658  9668.05  3287.35 2.72 2.49 -39.5 -0.380 18.42 18.96 03a60128o0819o
60129.351922 -21.441  3.911   -10   38 o  0   0.91  20.55082   0.95658  9605.20  3326.52 2.77 2.72  47.2 -0.339 18.21 18.78 04a60129o0892o
60129.354665 -20.896  2.247   -16   36 o  0   1.03  20.55082   0.95658  9584.49  3287.96 2.93 2.50 -18.8 -0.340 18.19 18.83 04a60129o0898o
60129.364304  21.958  5.273     6   32 o  0   1.10  20.55082   0.95658  9640.51  3366.81 2.69 2.37 -19.6 -0.356 18.34 18.87 04a60129o0919o
60129.375741  20.386  1.109    25   28 o  0   0.88  20.55082   0.95658  9661.80  3250.98 2.59 2.28 -15.8 -0.381 18.45 18.95 04a60129o0944o
60131.124876 -19.823  2.314   -43   99 o  0   1.22  20.55082   0.95658  9567.47  1415.67 3.44 2.41  -3.7 -0.358 17.00 17.11 03a60131o0950o
60131.127613  20.040  4.293    35  150 o  0   0.93  20.55082   0.95658  9549.67  1376.32 2.63 2.34 -29.6 -0.426 16.71 16.51 03a60131o0956o
60131.133588 -19.343  1.812   -66  120 o  0   0.93  20.55082   0.95658  9605.79  1455.30 2.55 2.21 -14.7 -0.425 16.98 16.78 03a60131o0969o
60131.143737 -20.417  2.908   -25   72 o  0   1.15  20.55082   0.95658  9630.73  1337.96 2.29 2.08 -37.4 -0.442 17.47 17.36 03a60131o0991o
60132.334696  21.453  3.556    10   34 o  0   1.39  20.55082   0.95658  1311.22  1296.02 2.67 2.03  42.1 -0.427 18.11 18.47 04a60132o0855o
60132.337461  19.269  0.573    71   41 o  0   1.37  20.55082   0.95658  1291.36  1257.23 2.65 2.04  41.5 -0.433 18.10 18.50 04a60132o0861o
60132.342419  21.635  4.143     8   33 o  0   1.30  20.55082   0.95658  1350.76  1336.56 2.79 2.27  39.5 -0.430 18.29 18.87 04a60132o0872o
60132.360803  19.344  0.413    66   28 o  0   1.61  20.55082   0.95658  1370.40  1219.83 2.18 1.95  41.5 -0.461 18.47 18.94 04a60132o0911o
60138.381117  21.336  1.188    11   13 o  0   1.19  20.55082   0.95658  3367.62  3150.46 1.87 1.76  74.5 -0.444 19.32 20.46 04a60138o0714o
60138.396690  19.874  0.394    41   16 o  0   1.00  20.55082   0.95658  3352.43  3109.89 2.16 2.04  58.9 -0.428 19.20 20.50 04a60138o0748o
60138.408022  20.622  0.543    20   11 o  0   1.73  20.55082   0.95658  3417.39  3185.60 2.04 1.92  77.6 -0.440 19.32 20.56 04a60138o0772o
60138.412567  21.422  1.258    10   12 o  0   1.62  20.55082   0.95658  3438.90  3069.07 1.98 1.92  81.9 -0.454 19.28 20.51 04a60138o0782o
60143.102380 -20.524  0.509   -22   11 c  0   0.87  20.55082   0.95658  3941.42  6908.29 2.42 2.21 -44.6 -0.377 19.62 21.23 03a60143o0857c
60143.110589  21.736  1.500     7   11 c  0   1.14  20.55082   0.95658  3923.37  6870.51 2.45 2.26 -45.2 -0.372 19.55 21.20 03a60143o0875c
60143.113844  22.608  3.652     3   12 c  0   1.04  20.55082   0.95658  3979.08  6949.19 2.52 2.32 -41.2 -0.373 19.54 21.18 03a60143o0882c
60143.135322 -21.453  1.026   -10   10 c  0   1.13  20.55082   0.95658  4001.02  6831.76 2.35 2.14 -42.8 -0.374 19.62 21.22 03a60143o0925c
60150.313976  20.628  0.785    20   16 o  0   1.44  20.55082   0.95658  6503.69  7396.78 2.11 2.01 -50.6 -0.396 19.13 20.45 04a60150o0379o
60150.316688  20.804  1.140    17   20 o  0   1.46  20.55082   0.95658  6484.86  7358.23 2.08 1.98 -34.4 -0.411 18.88 20.25 04a60150o0385o
60150.322632  18.576  0.623   135   84 o  0   1.43  20.55082   0.95658  6543.89  7435.22 2.07 2.01 -35.2 -0.401 17.53 18.85 04a60150o0398o
60153.289293  20.886  1.055    16   17 o  0   0.93  20.55082   0.95658  1410.98  3245.51 2.00 1.82  56.3 -0.432 19.07 20.05 04a60153o0720o
60153.294384 -19.200  0.970   -76   74 o  0   0.34  20.55082   0.95658  1391.45  3206.74 1.99 1.78  55.7 -0.437 19.07 20.03 04a60153o0731o
60153.307248  20.486  0.621    23   14 o  0   0.90  20.55082   0.95658  1471.30  3168.32 1.99 1.81  70.3 -0.425 19.25 20.45 04a60153o0758o
60156.274024  19.940  0.594    38   23 o  0   1.19  20.55082   0.95658  7645.80  3429.92 2.27 2.08 -20.4 -0.395 18.65 19.27 04a60156o0702o
60156.277265 -20.199  0.891   -30   27 o  0   1.28  20.55082   0.95658  7626.36  3391.57 2.16 2.03 -10.3 -0.454 18.63 19.24 04a60156o0709o
60156.280946 -20.283  1.118   -28   31 o  0   0.93  20.55082   0.95658  7684.96  3468.94 2.23 2.11  66.9 -0.473 18.52 19.00 04a60156o0717o
