MJD          m      dm   uJy   duJy F err chi/N     RA       Dec        x        y     maj  min   phi  apfit mag5sig Sky   Obs
59864.425914  21.353  2.065    10   22 o  0   1.02  10.69208  -7.59889  6605.77  3282.40 2.23 1.87  35.9 -0.444 18.83 19.34 02a59864o0502o
59864.429080  19.790  0.450    44   20 o  0   0.98  10.69208  -7.59889  6587.63  3244.51 2.22 1.86  34.6 -0.447 18.84 19.33 02a59864o0509o
59864.434956  22.594  5.600     3   19 o  0   1.41  10.69208  -7.59889  6645.82  3321.96 2.23 1.87  37.2 -0.442 18.77 19.35 02a59864o0522o
59864.444922 -20.166  0.645   -31   20 o  0   1.08  10.69208  -7.59889  6667.50  3206.99 2.26 1.91  38.1 -0.435 18.81 19.33 02a59864o0544o
59866.424983  23.825 15.143     1   16 o  0   1.51  10.69208  -7.59889 10351.28  5729.00 2.49 2.28 -52.8 -0.444 18.86 19.66 01a59866o0441o
59866.428217  21.698  3.429     8   26 o  0   1.69  10.69208  -7.59889 10372.48  5768.22 2.45 2.25 -51.8 -0.436 18.42 19.20 01a59866o0448o
59866.430067 -24.151 47.500    -1   38 o  0   0.93  10.69208  -7.59889   148.92  5759.15 2.39 2.22  56.5 -0.400 18.84 19.62 01a59866o0452o
59866.432837 -21.073  1.076   -14   14 o  0   1.13  10.69208  -7.59889   169.27  5798.43 2.34 2.18  57.9 -0.420 19.05 19.73 01a59866o0458o
59866.433762 -20.311  0.776   -27   21 o  0   1.20  10.69208  -7.59889 10313.79  5691.04 2.48 2.24 -52.3 -0.439 18.84 19.44 01a59866o0460o
59866.442765  19.354  2.000    66  132 o  0   1.18  10.69208  -7.59889   110.88  5721.14 2.37 2.17  60.5 -0.415 17.14 17.23 01a59866o0479o
59866.444152 -18.672  0.993  -123  122 o  0   1.34  10.69208  -7.59889 10295.35  5808.03 2.42 2.24 -52.8 -0.455 17.20 17.36 01a59866o0482o
59866.448612  17.067  1.496   541  809 o  0   0.96  10.69208  -7.59889    92.97  5839.01 2.38 2.18  61.4 -0.435 14.26 14.13 01a59866o0491o
59868.401903  25.055 46.000     0   16 o  0   0.80  10.69208  -7.59889  2454.83  6849.79 2.41 1.91  32.0 -0.421 19.28 20.19 02a59868o0453o
59868.405066 -21.953  2.154    -6   13 o  0   1.35  10.69208  -7.59889  2435.91  6811.28 2.44 1.92  32.7 -0.417 19.28 20.20 02a59868o0460o
59868.410952  20.949  1.035    15   16 o  0   0.95  10.69208  -7.59889  2494.60  6890.35 2.44 1.92  33.3 -0.547 19.27 20.25 02a59868o0473o
59868.425080  21.609  1.743     8   14 o  0   0.85  10.69208  -7.59889  2518.34  6775.47 2.42 1.92  35.5 -0.427 19.34 20.33 02a59868o0503o
59870.389047  21.094  0.756    13   10 o  0   1.43  10.69208  -7.59889 10363.35  5728.16 2.43 2.14 -50.3 -0.456 19.57 20.60 01a59870o0365o
59870.391858  22.715  3.385     3   10 o  0   0.98  10.69208  -7.59889 10384.09  5767.36 2.49 2.15 -49.9 -0.460 19.59 20.60 01a59870o0371o
59870.396977 -21.484  1.036    -9   10 o  0   1.20  10.69208  -7.59889 10326.21  5690.86 2.42 2.13 -54.4 -0.459 19.57 20.63 01a59870o0382o
59870.398361 -26.425 124.000    -0   12 o  0   0.62  10.69208  -7.59889   161.19  5759.52 2.21 2.12  71.6 -0.433 19.58 20.66 01a59870o0385o
59870.401150  22.245  2.208     5   10 o  0   1.12  10.69208  -7.59889   181.66  5798.50 2.17 2.10  75.2 -0.442 19.61 20.68 01a59870o0391o
59870.431382  21.338  0.967    11   10 o  0   1.52  10.69208  -7.59889 10308.74  5810.05 2.47 2.22 -58.3 -0.457 19.54 20.57 01a59870o0455o
59870.433692 -26.370 98.000    -0   10 o  0   1.28  10.69208  -7.59889   125.34  5723.02 2.31 2.17  63.5 -0.420 19.52 20.60 01a59870o0460o
59870.438915 -20.796  0.566   -17   10 o  0   1.46  10.69208  -7.59889   108.46  5841.27 2.31 2.17  63.1 -0.424 19.53 20.59 01a59870o0471o
59871.172821  21.088  0.769    13   10 c  0   1.14  10.69208  -7.59889  1965.69  5484.82 2.58 2.37  75.2 -0.358 19.44 21.36 04a59871o0416c
59871.175975 -22.523  2.348    -4    8 c  0   1.24  10.69208  -7.59889  1986.40  5520.83 2.70 2.39  75.2 -0.352 19.46 21.33 04a59871o0423c
59871.186083 -21.370  0.986   -10   10 c  0   0.89  10.69208  -7.59889  1932.70  5433.72 2.63 2.34  68.6 -0.366 19.44 21.32 04a59871o0445c
59871.214671  23.884 10.000     1   10 c  0   0.93  10.69208  -7.59889  1924.61  5523.80 2.55 2.34  72.8 -0.360 19.46 21.26 04a59871o0507c
59872.381529  21.671  1.345     8   10 c  0   0.95  10.69208  -7.59889  2451.17  6847.16 2.48 2.27  23.3 -0.416 19.59 21.32 02a59872o0418c
59872.416148  21.011  0.708    14   10 c  0   0.91  10.69208  -7.59889  2427.67  6807.59 2.44 2.31  33.5 -0.416 19.60 21.31 02a59872o0493c
59872.419312  19.967  0.231    37    9 c  0   1.42  10.69208  -7.59889  2487.71  6886.65 2.45 2.32  35.9 -0.412 19.61 21.33 02a59872o0500c
59872.429256 -21.173  0.846   -12   10 c  0   1.17  10.69208  -7.59889  2510.04  6770.90 2.46 2.31  40.5 -0.415 19.57 21.34 02a59872o0522c
59872.886744 -22.317  3.600    -4   16 o  0   1.09  10.69208  -7.59889  9962.47  1784.82 3.44 3.05 -51.3 -0.417 19.26 21.19 03a59873o0326o
59872.889924 -22.304  3.111    -4   14 o  0   1.11  10.69208  -7.59889  9978.99  1824.08 3.11 2.80 -57.0 -0.386 19.22 21.10 03a59873o0333o
59872.895793  20.745  0.778    18   14 o  0   0.91  10.69208  -7.59889  9919.33  1744.82 3.09 2.74 -54.8 -0.399 19.29 21.18 03a59873o0346o
59872.930818 -19.741  0.603   -46   28 o  0   1.08  10.69208  -7.59889  9885.88  1867.88 3.92 3.54 -54.1 -0.368 18.76 20.84 03a59873o0421o
59874.444512  20.335  0.382    27   10 o  0   1.50  10.69208  -7.59889  7985.53  1840.72 2.51 2.43 -41.8 -0.449 19.52 20.84 01a59874o0376o
59874.450060  19.916  0.258    39   10 o  0   1.00  10.69208  -7.59889  8005.38  1879.76 2.37 2.27 -60.9 -0.471 19.59 20.83 01a59874o0388o
59874.452838  21.140  1.062    13   14 o  0   0.89  10.69208  -7.59889  7947.85  1802.22 2.52 2.44 -44.0 -0.455 19.50 20.79 01a59874o0394o
59874.463477  20.681  0.528    19   10 o  0   1.21  10.69208  -7.59889  7931.07  1920.80 2.44 2.33 -58.3 -0.459 19.50 20.71 01a59874o0417o
59875.162385  19.681  0.209    49   10 c  0   1.11  10.69208  -7.59889 10202.86  5582.86 3.01 2.13 -17.3 -0.408 19.64 21.45 04a59875o0390c
59875.166524  19.598  0.216    53   11 c  0   1.10  10.69208  -7.59889 10222.76  5617.55 3.07 2.13 -18.1 -0.403 19.63 21.45 04a59875o0399c
59875.191816  19.747  0.278    46   13 c  0   0.70  10.69208  -7.59889 10173.23  5521.30 2.94 2.20 -20.9 -0.409 19.61 21.38 04a59875o0453c
59875.197314  19.410  0.164    62   10 c  0   1.63  10.69208  -7.59889 10154.30  5633.35 2.86 2.05 -19.2 -0.423 19.63 21.39 04a59875o0465c
59876.383612  19.689  0.219    48   11 c  0   1.41  10.69208  -7.59889  2233.21  2970.25 2.73 2.64  52.9 -0.410 19.47 21.35 02a59876o0384c
59876.386793  19.376  0.162    64   10 c  0   0.86  10.69208  -7.59889  2214.64  2936.16 2.60 2.51  46.2 -0.414 19.49 21.35 02a59876o0391c
59876.392677  19.096  0.114    84   10 c  0   1.56  10.69208  -7.59889  2273.90  3012.64 2.58 2.44  47.7 -0.413 19.51 21.36 02a59876o0404c
59876.402809  19.743  0.236    46   11 c  0   1.19  10.69208  -7.59889  2293.31  2897.92 2.62 2.53  45.0 -0.412 19.54 21.37 02a59876o0426c
59876.881173  19.300  0.164    69   11 o  0   1.09  10.69208  -7.59889  9958.24  1788.82 2.43 2.05 -58.7 -0.406 19.46 20.79 03a59877o0310o
59876.884790  19.424  0.194    62   12 o  0   1.38  10.69208  -7.59889  9975.14  1829.43 2.60 2.19 -55.3 -0.389 19.39 20.76 03a59877o0318o
59876.890254  19.016  0.144    90   13 o  0   1.22  10.69208  -7.59889  9916.78  1751.18 2.52 2.22 -54.9 -0.401 19.41 20.79 03a59877o0330o
59876.925219  20.516  1.090    23   25 o  0   1.91  10.69208  -7.59889  9884.94  1870.39 2.45 2.05 -61.5 -0.401 18.37 19.65 03a59877o0406o
59878.365872  19.090  0.156    84   13 o  0   1.19  10.69208  -7.59889  7968.29  1848.07 3.14 2.64 -11.9 -0.401 19.27 20.59 01a59878o0387o
59878.369108  19.082  0.183    85   16 o  0   0.96  10.69208  -7.59889  7987.63  1886.79 3.41 2.92 -12.3 -0.383 19.19 20.59 01a59878o0394o
59878.374653  19.059  0.159    86   14 o  0   1.10  10.69208  -7.59889  7931.16  1809.43 2.91 2.67  -9.0 -0.415 19.28 20.57 01a59878o0406o
59878.387265  19.105  0.179    83   15 o  0   0.72  10.69208  -7.59889  7913.56  1927.29 2.94 2.62  -9.5 -0.412 19.31 20.60 01a59878o0433o
59879.130473  18.731  0.102   117   12 c  0   0.84  10.69208  -7.59889 10189.53  5602.85 3.05 2.10 -13.4 -0.394 19.62 21.49 04a59879o0311c
59879.163823  18.976  0.115    93   11 c  0   1.18  10.69208  -7.59889 10227.11  5611.70 3.07 2.14 -15.0 -0.411 19.65 21.57 04a59879o0384c
59879.166979  18.887  0.120   101   12 c  0   0.88  10.69208  -7.59889 10169.32  5531.78 3.13 2.18 -15.4 -0.407 19.65 21.57 04a59879o0391c
59879.172384  18.612  0.104   130   14 c  0   0.91  10.69208  -7.59889 10150.84  5643.54 3.03 2.13 -19.4 -0.419 19.64 21.56 04a59879o0403c
59879.174189  21.881  2.200     6   14 c  0   1.23  10.69208  -7.59889    36.24  5610.37 2.75 2.14  57.4 -0.368 19.65 21.61 04a59879o0407c
59880.425995  18.716  0.080   118   10 c  0   1.70  10.69208  -7.59889  2229.67  2972.39 2.47 2.34  54.7 -0.410 19.52 21.22 02a59880o0241c
59880.429608  18.866  0.080   103    8 c  0   2.13  10.69208  -7.59889  2210.61  2933.46 2.51 2.37  59.6 -0.405 19.49 21.20 02a59880o0249c
59880.435934  18.694  0.096   121   12 c  0   1.02  10.69208  -7.59889  2268.95  3012.54 2.57 2.47  61.1 -0.421 19.44 21.17 02a59880o0263c
59880.460519  18.800  0.108   110   12 c  0   1.18  10.69208  -7.59889  2292.67  2897.59 2.54 2.41  55.1 -0.405 19.42 21.12 02a59880o0278c
59880.525887  18.765  0.123   113   14 c  0   1.33  10.69208  -7.59889  7122.64  6104.08 2.70 2.61   7.8 -0.397 19.27 20.85 02a59880o0374c
59880.525947  18.889  0.153   101   16 o  0   1.32  10.69208  -7.59889  3445.04  4582.07 3.02 2.95  68.2 -0.377 19.06 20.31 01a59880o0545o
59880.526339  18.658  0.125   125   16 c  0   0.91  10.69208  -7.59889  7102.67  6065.75 3.08 2.72  31.8 -0.374 19.21 20.86 02a59880o0375c
59880.526409  18.546  0.142   139   20 o  0   1.08  10.69208  -7.59889  3465.04  4620.93 3.53 3.26  52.3 -0.359 18.96 20.30 01a59880o0546o
59880.526791  18.588  0.106   133   14 c  0   1.44  10.69208  -7.59889  7160.83  6143.33 3.03 2.76  30.3 -0.378 19.16 20.85 02a59880o0376c
59880.526870  18.880  0.148   102   15 o  0   1.50  10.69208  -7.59889  3406.71  4544.01 3.38 3.12  46.4 -0.345 18.98 20.30 01a59880o0547o
59880.527243  18.652  0.117   126   15 c  0   1.15  10.69208  -7.59889  7180.47  6027.47 2.96 2.72  31.7 -0.385 19.20 20.86 02a59880o0377c
59880.527330  18.818  0.165   108   18 o  0   0.78  10.69208  -7.59889  3387.51  4660.06 3.18 2.96  45.7 -0.344 19.04 20.30 01a59880o0548o
59880.527694  18.682  0.122   122   15 c  0   1.13  10.69208  -7.59889  7141.65  6085.32 2.98 2.74  30.6 -0.379 19.24 20.84 02a59880o0378c
59880.527792  18.782  0.120   112   13 o  0   1.50  10.69208  -7.59889  3425.81  4602.18 3.05 2.80  51.9 -0.363 19.07 20.30 01a59880o0549o
59880.746948  18.642  0.144   127   18 o  0   1.32  10.69208  -7.59889  7052.54  6065.23 2.49 2.14 -48.2 -0.401 18.86 19.63 03a59881o0011o
59880.747398  18.671  0.156   124   19 o  0   1.11  10.69208  -7.59889  5447.92  6523.66 2.45 2.10 -53.1 -0.393 18.93 19.71 03a59881o0012o
59880.747849  18.630  0.142   128   18 o  0   0.89  10.69208  -7.59889  7034.39  6025.89 2.44 2.26 -48.3 -0.404 18.85 19.75 03a59881o0013o
59880.748299  18.680  0.165   122   20 o  0   0.84  10.69208  -7.59889  7090.67  6104.14 2.57 2.24 -36.3 -0.395 18.91 19.85 03a59881o0014o
59880.748750  18.695  0.149   121   18 o  0   1.14  10.69208  -7.59889  7112.68  5988.69 2.56 2.23 -40.6 -0.402 19.02 20.01 03a59881o0015o
59880.749200  19.231  0.229    74   17 o  0   1.19  10.69208  -7.59889  7072.89  6045.74 2.53 2.18 -47.1 -0.400 19.05 20.09 03a59881o0016o
59880.749650  18.675  0.126   123   16 o  0   1.16  10.69208  -7.59889  5430.02  6484.07 2.54 2.21 -49.5 -0.385 19.12 20.17 03a59881o0017o
59880.750101  18.755  0.146   114   17 o  0   0.92  10.69208  -7.59889  5486.00  6562.40 2.52 2.20 -51.0 -0.388 19.14 20.22 03a59881o0018o
59880.750551  18.503  0.111   144   16 o  0   1.11  10.69208  -7.59889  5508.03  6446.95 2.54 2.20 -54.6 -0.390 19.13 20.25 03a59881o0019o
59880.751002  18.674  0.131   123   16 o  0   1.31  10.69208  -7.59889  5468.09  6504.00 2.56 2.23 -55.6 -0.387 19.18 20.28 03a59881o0020o
59880.751903  18.641  0.118   127   15 o  0   1.14  10.69208  -7.59889   294.43  2889.74 2.65 2.34 -78.0 -0.353 19.15 20.34 03a59881o0022o
59880.753708  18.605  0.106   131   14 o  0   1.62  10.69208  -7.59889   275.32  2849.88 2.64 2.31 -79.3 -0.348 19.20 20.41 03a59881o0026o
59880.755060  18.669  0.105   124   13 o  0   1.21  10.69208  -7.59889 10469.65  3113.00 2.60 2.10 -63.7 -0.343 19.23 20.41 03a59881o0029o
59880.756871  18.389  0.107   160   17 o  0   1.52  10.69208  -7.59889   332.62  2928.76 2.83 2.45  88.1 -0.661 19.21 20.52 03a59881o0033o
59880.758221  18.791  0.126   111   14 o  0   1.09  10.69208  -7.59889 10451.46  3073.91 2.55 2.07 -64.8 -0.361 19.26 20.45 03a59881o0036o
59880.761375  18.843  0.125   105   13 o  0   1.64  10.69208  -7.59889 10509.45  3151.58 2.52 2.04 -64.6 -0.357 19.24 20.41 03a59881o0043o
59880.762277  18.579  0.124   134   17 o  0   1.95  10.69208  -7.59889   353.68  2811.69 2.58 2.24 -80.7 -0.361 18.91 20.06 03a59881o0045o
59880.783862  18.809  0.201   109   22 o  0   1.08  10.69208  -7.59889 10526.30  3036.02 2.51 2.08 -63.8 -0.348 18.52 19.65 03a59881o0092o
59882.378421  18.381  0.066   161   11 o  0   1.31  10.69208  -7.59889  3859.89  5448.32 2.57 2.34  35.1 -0.399 19.57 20.83 01a59882o0374o
59882.381202  18.550  0.076   138   10 o  0   1.16  10.69208  -7.59889  3879.65  5487.14 2.59 2.37  31.4 -0.401 19.53 20.83 01a59882o0380o
59882.388131  18.369  0.064   163   10 o  0   1.65  10.69208  -7.59889  3821.19  5408.19 2.44 2.20  38.3 -0.410 19.63 20.85 01a59882o0395o
59882.398149  18.556  0.082   137   11 o  0   1.11  10.69208  -7.59889  3803.84  5525.55 2.57 2.33  43.4 -0.395 19.60 20.89 01a59882o0416o
59883.124563  18.184  0.064   193   12 o  0   1.47  10.69208  -7.59889  3691.16  1523.50 2.22 2.02  42.5 -0.442 19.34 20.64 04a59883o0300o
59883.127714  18.092  0.062   210   13 o  0   1.22  10.69208  -7.59889  3712.93  1559.83 2.21 2.02  37.9 -0.438 19.38 20.65 04a59883o0307o
59883.133578  18.169  0.066   196   13 o  0   1.14  10.69208  -7.59889  3657.78  1475.58 2.23 2.03  42.0 -0.431 19.35 20.68 04a59883o0320o
59883.147557  18.236  0.071   184   13 o  0   1.33  10.69208  -7.59889  3644.69  1580.07 2.13 1.98  45.0 -0.438 19.32 20.62 04a59883o0351o
59884.379880  17.957  0.064   238   15 o  0   1.15  10.69208  -7.59889  2597.09   539.72 2.05 1.80 -64.7 -0.487 19.36 20.27 02a59884o0409o
59884.383045  17.897  0.065   252   16 o  0   0.97  10.69208  -7.59889  2578.14   501.61 2.05 1.77 -64.1 -0.486 19.35 20.27 02a59884o0416o
59884.393657  18.087  0.067   212   14 o  0   1.19  10.69208  -7.59889  2637.32   579.19 1.99 1.80 -67.9 -0.480 19.35 20.31 02a59884o0439o
59884.404534  17.950  0.068   240   16 o  0   1.35  10.69208  -7.59889  2659.86   467.13 2.08 1.84 -69.8 -0.486 19.40 20.36 02a59884o0463o
59884.417304  18.224  0.078   186   14 o  0   0.99  10.69208  -7.59889  2625.00   523.86 1.96 1.77 -69.2 -0.484 19.42 20.50 02a59884o0491o
59884.857146  18.091  0.114   211   24 o  0   0.57  10.69208  -7.59889 10146.36  7615.46 2.83 2.28 -53.3 -0.375 18.95 19.79 03a59885o0245o
59886.352310  17.788  0.058   278   16 o  0   1.43  10.69208  -7.59889  3857.36  5443.84 2.39 2.22  31.4 -0.418 19.05 19.56 01a59886o0212o
59886.370718  17.806  0.065   274   18 o  0   0.80  10.69208  -7.59889  3880.15  5483.07 2.39 2.17  34.6 -0.421 19.07 19.64 01a59886o0250o
59886.375362  17.743  0.058   290   17 o  0   0.88  10.69208  -7.59889  3821.20  5406.44 2.48 2.31  32.1 -0.409 19.02 19.65 01a59886o0260o
59886.384192  17.893  0.065   253   16 o  0   1.19  10.69208  -7.59889  3803.81  5524.13 2.51 2.31  41.2 -0.409 19.02 19.63 01a59886o0279o
59892.427513  17.459  0.070   377   26 o  0   1.25  10.69208  -7.59889  4852.87  7250.32 2.72 2.14  38.5 -0.407 18.59 18.92 02a59892o0399o
59892.430682  17.455  0.084   378   32 o  0   0.98  10.69208  -7.59889  4833.56  7211.50 2.94 2.50  38.2 -0.393 18.43 18.90 02a59892o0406o
59892.451228  17.571  0.089   340   30 o  0   1.18  10.69208  -7.59889  4893.78  7288.83 2.64 2.22  38.1 -0.402 18.47 18.77 02a59892o0451o
59892.457562  17.426  0.083   389   32 o  0   1.03  10.69208  -7.59889  4915.03  7172.18 2.68 2.30  37.5 -0.412 18.42 18.74 02a59892o0465o
59892.939173  17.601  0.091   331   30 o  0   1.38  10.69208  -7.59889  1787.90  3442.54 3.00 2.65 -65.8 -0.384 18.41 18.98 03a59893o0425o
59892.958547  17.465  0.081   375   30 o  0   1.75  10.69208  -7.59889  1805.77  3479.58 2.95 2.50 -66.2 -0.392 18.39 18.92 03a59893o0467o
59892.962792  17.606  0.085   329   28 o  0   1.25  10.69208  -7.59889  1748.50  3400.24 2.85 2.46 -68.7 -0.384 18.41 18.90 03a59893o0475o
59892.972497  17.766  0.124   284   35 o  0   0.90  10.69208  -7.59889  1728.59  3514.82 2.91 2.56 -65.3 -0.385 18.35 18.82 03a59893o0495o
59894.329859  17.578  0.051   338   17 o  0   1.03  10.69208  -7.59889  3567.85  9817.06 2.52 2.40 -50.7 -0.397 19.19 19.89 01a59894o0321o
59894.332634  17.528  0.045   354   16 o  0   1.17  10.69208  -7.59889  3587.82  9856.44 2.50 2.35 -51.2 -0.400 19.22 19.90 01a59894o0327o
59894.338646  17.549  0.044   347   15 o  0   1.39  10.69208  -7.59889  3530.93  9779.03 2.57 2.43 -46.7 -0.394 19.18 19.90 01a59894o0340o
59894.351602  17.567  0.051   341   18 o  0   1.11  10.69208  -7.59889  3514.47  9897.74 2.52 2.43 -67.9 -0.399 19.17 19.88 01a59894o0368o
59896.407085  17.660  0.049   313   15 o  0   1.16  10.69208  -7.59889  4860.13  7248.23 2.48 2.10  42.1 -0.414 19.11 19.93 02a59896o0311o
59896.434003  17.598  0.060   332   20 o  0   1.23  10.69208  -7.59889  4844.81  7210.11 2.62 2.15  38.0 -0.405 18.97 19.76 02a59896o0325o
59896.435828  17.548  0.059   347   20 o  0   0.93  10.69208  -7.59889  4902.26  7287.30 2.68 2.26  39.0 -0.401 18.96 19.74 02a59896o0329o
59896.438997  17.606  0.064   329   21 o  0   0.85  10.69208  -7.59889  4922.86  7170.90 2.56 2.16  39.6 -0.409 18.97 19.71 02a59896o0336o
59896.853410  17.576  0.033   339   11 c  0   1.34  10.69208  -7.59889  1859.48  5373.85 2.63 2.36 -49.6 -0.403 19.69 21.65 03a59897o0228c
59896.856111  17.530  0.031   353   11 c  0   1.90  10.69208  -7.59889  1876.34  5413.25 2.71 2.46 -54.8 -0.401 19.65 21.63 03a59897o0234c
59896.861536  17.617  0.033   326   11 c  0   1.23  10.69208  -7.59889  1817.82  5335.52 2.62 2.34 -52.7 -0.401 19.69 21.65 03a59897o0246c
59896.871074  17.625  0.036   324   12 c  0   1.46  10.69208  -7.59889  1791.93  5451.91 2.69 2.37 -56.8 -0.399 19.67 21.68 03a59897o0267c
59898.359161  17.682  0.035   307   11 c  0   1.04  10.69208  -7.59889  1639.28  9934.37 3.16 2.96 -79.4 -0.346 19.67 21.51 01a59898o0382c
59898.362391  17.696  0.034   303   10 c  0   1.13  10.69208  -7.59889  1660.17  9974.70 3.11 2.90 -80.6 -0.350 19.68 21.49 01a59898o0389c
59898.368516  17.717  0.036   297   11 c  0   1.26  10.69208  -7.59889  1601.87  9896.32 3.01 2.81 -78.1 -0.361 19.69 21.46 01a59898o0402c
59898.374604  17.712  0.039   299   12 c  0   1.04  10.69208  -7.59889  1582.19 10015.77 3.25 3.06 -71.7 -0.342 19.59 21.42 01a59898o0415c
59899.101742  17.621  0.046   325   15 o  0   1.35  10.69208  -7.59889  8136.29  3731.17 2.52 1.89 -22.4 -0.426 19.48 20.90 04a59899o0223o
59899.104530  17.494  0.041   365   15 o  0   1.27  10.69208  -7.59889  8156.71  3767.61 2.57 1.92 -22.3 -0.433 19.41 20.90 04a59899o0229o
59899.110872  17.437  0.041   385   16 o  0   1.07  10.69208  -7.59889  8101.27  3684.32 2.49 1.80 -19.1 -0.431 19.46 20.89 04a59899o0243o
59899.125754  17.589  0.049   334   16 o  0   1.12  10.69208  -7.59889  8086.13  3789.67 2.50 1.83 -20.5 -0.435 19.44 20.85 04a59899o0276o
59900.392611  17.781  0.046   280   13 o  0   1.52  10.69208  -7.59889  4952.26  9192.48 2.38 2.08  45.2 -0.415 19.37 20.43 02a59900o0313o
59900.460745  17.943  0.080   242   19 o  0   1.15  10.69208  -7.59889  4989.36  9231.28 2.68 2.36  40.9 -0.403 19.02 20.09 02a59900o0335o
59900.486588  17.666  0.072   312   22 o  0   0.97  10.69208  -7.59889  5011.41  9113.93 2.96 2.43  35.1 -0.369 18.75 19.74 02a59900o0340o
59900.838515  17.826  0.057   269   15 c  0   1.58  10.69208  -7.59889  1857.70  5374.10 2.46 2.21 -51.2 -0.405 19.22 20.96 03a59901o0187c
59900.842139  17.860  0.049   261   13 c  0   1.24  10.69208  -7.59889  1874.17  5414.01 2.45 2.22 -55.1 -0.409 19.44 21.23 03a59901o0195c
59900.848083  17.762  0.070   285   20 c  0   1.41  10.69208  -7.59889  1814.93  5336.20 2.43 2.26 -56.2 -0.403 18.74 20.49 03a59901o0208c
59900.858038  17.876  0.052   257   13 c  0   1.85  10.69208  -7.59889  1789.08  5452.38 2.63 2.34 -54.4 -0.401 19.31 21.14 03a59901o0230c
59902.313225  17.894  0.040   253   10 c  0   1.03  10.69208  -7.59889  1634.42  9932.78 3.06 2.85 -73.2 -0.356 19.66 21.45 01a59902o0283c
59902.316461  17.914  0.047   248   12 c  0   0.83  10.69208  -7.59889  1654.80  9972.45 3.01 2.80 -78.9 -0.358 19.69 21.44 01a59902o0290c
59902.323140  17.897  0.042   252   10 c  0   1.11  10.69208  -7.59889  1597.94  9896.24 3.05 2.84 -81.8 -0.355 19.68 21.44 01a59902o0304c
59902.358538  17.848  0.038   264   10 c  0   1.69  10.69208  -7.59889  1582.29 10016.10 3.00 2.79 -81.2 -0.361 19.67 21.40 01a59902o0378c
59903.087645  17.760  0.051   286   15 o  0   1.16  10.69208  -7.59889  8137.47  3735.12 2.80 2.00 -18.1 -0.405 19.26 20.71 04a59903o0187o
59903.090799  17.763  0.053   285   15 o  0   0.95  10.69208  -7.59889  8158.67  3770.27 2.69 2.00 -19.5 -0.408 19.27 20.71 04a59903o0194o
59903.098042  17.827  0.057   269   15 o  0   1.04  10.69208  -7.59889  8103.83  3685.75 2.86 2.08 -20.5 -0.407 19.22 20.71 04a59903o0210o
59903.107963  17.862  0.046   260   12 o  0   1.52  10.69208  -7.59889  8085.89  3795.54 2.64 1.97 -18.9 -0.404 19.31 20.69 04a59903o0232o
59904.815408  18.122  0.116   205   24 c  0   1.03  10.69208  -7.59889 10066.90  5684.83 2.75 2.21 -62.0 -0.373 18.65 20.51 03a59905o0131c
59904.819461  18.070  0.081   215   18 c  0   0.85  10.69208  -7.59889 10083.59  5724.98 2.77 2.18 -63.0 -0.377 19.07 20.93 03a59905o0140c
59904.826287  18.107  0.072   208   15 c  0   0.97  10.69208  -7.59889 10022.86  5646.37 2.89 2.33 -63.3 -0.365 19.33 21.26 03a59905o0155c
59906.301625  18.054  0.043   218    9 c  0   1.48  10.69208  -7.59889  9925.78  1739.75 3.12 2.92 -35.5 -0.352 19.67 21.55 01a59906o0258c
59906.304400  18.120  0.049   205   10 c  0   1.02  10.69208  -7.59889  9945.61  1778.76 3.26 3.05 -34.8 -0.353 19.56 21.53 01a59906o0264c
59906.314222  18.205  0.053   190   10 c  0   1.19  10.69208  -7.59889  9888.85  1701.05 3.12 2.98 -36.2 -0.347 19.64 21.53 01a59906o0285c
59906.324517  18.092  0.047   210   10 c  0   1.19  10.69208  -7.59889  9869.42  1819.96 3.05 2.98 -34.9 -0.353 19.65 21.53 01a59906o0307c
59907.071166  17.940  0.076   242   18 o  0   0.92  10.69208  -7.59889  8356.55  7609.48 2.69 2.24 -25.7 -0.409 19.23 20.60 04a59907o0145o
59907.074790  17.903  0.085   250   21 o  0   1.89  10.69208  -7.59889  8377.58  7644.16 2.66 2.22 -28.1 -0.406 18.94 20.23 04a59907o0153o
59907.082011  17.912  0.106   248   26 o  0   1.52  10.69208  -7.59889  8321.05  7560.73 2.71 2.18 -26.4 -0.406 18.41 19.71 04a59907o0169o
59907.091932  18.303  0.374   173   65 o  0   1.05  10.69208  -7.59889  8306.95  7669.56 2.68 2.20 -23.9 -0.407 18.02 19.34 04a59907o0191o
59908.302476  18.178  0.066   194   13 o  0   1.39  10.69208  -7.59889  4762.31  5307.37 2.21 2.12 -51.9 -0.445 19.33 20.60 02a59908o0265o
59908.305641  18.165  0.063   197   12 o  0   0.98  10.69208  -7.59889  4743.29  5268.75 2.28 2.18 -54.2 -0.437 19.31 20.60 02a59908o0272o
59908.311975  17.979  0.056   234   13 o  0   1.68  10.69208  -7.59889  4802.05  5347.73 2.44 2.32 -64.8 -0.474 19.28 20.63 02a59908o0286o
59908.321773  18.000  0.060   229   14 o  0   1.06  10.69208  -7.59889  4820.89  5230.64 2.40 2.28 -65.3 -0.433 19.29 20.66 02a59908o0307o
59909.136791  18.139  0.066   202   13 o  0   1.01  10.69208  -7.59889  3494.06  4447.34 2.06 1.91  78.4 -0.412 19.29 20.66 04a59909o0276o
59909.137241  18.125  0.065   204   13 o  0   0.92  10.69208  -7.59889  3513.20  4485.48 2.04 1.87 -82.3 -0.412 19.30 20.61 04a59909o0277o
59909.138171  18.112  0.071   207   15 o  0   0.61  10.69208  -7.59889  5090.91  3951.39 1.99 1.88 -34.8 -0.423 19.30 20.59 04a59909o0279o
59909.172230  18.137  0.063   202   13 o  0   1.14  10.69208  -7.59889  3453.88  4404.83 2.04 1.94 -55.5 -0.414 19.31 20.58 04a59909o0348o
59909.172680  18.340  0.085   167   14 o  0   1.09  10.69208  -7.59889  3434.15  4520.81 2.00 1.87 -77.8 -0.417 19.27 20.54 04a59909o0349o
59909.173131  18.047  0.064   220   14 o  0   0.84  10.69208  -7.59889  3472.78  4462.67 1.97 1.87 -71.9 -0.414 19.30 20.50 04a59909o0350o
59909.173581  18.204  0.080   190   15 o  0   0.60  10.69208  -7.59889  5109.29  3988.64 2.05 1.91 -43.0 -0.446 19.24 20.51 04a59909o0351o
59909.174031  18.199  0.070   191   13 o  0   1.71  10.69208  -7.59889  5051.27  3911.39 2.08 1.93 -33.0 -0.426 19.26 20.50 04a59909o0352o
59909.174481  18.127  0.072   204   15 o  0   1.05  10.69208  -7.59889  5031.73  4027.28 2.06 1.89 -37.1 -0.436 19.26 20.50 04a59909o0353o
59909.174931  18.032  0.069   222   15 o  0   0.96  10.69208  -7.59889  5070.27  3969.34 2.10 1.95 -35.7 -0.433 19.21 20.47 04a59909o0354o
59911.065400  18.396  0.097   159   15 o  0   1.36  10.69208  -7.59889  8359.80  7601.20 2.88 2.36 -15.6 -0.413 19.17 20.69 04a59911o0127o
59911.068552  18.317  0.085   171   14 o  0   1.80  10.69208  -7.59889  8380.24  7638.86 2.87 2.40 -20.3 -0.415 19.18 20.69 04a59911o0134o
59911.075766  18.609  0.241   131   32 o  0   0.83  10.69208  -7.59889  8324.18  7555.58 3.04 2.61 -21.5 -0.389 18.32 19.88 04a59911o0150o
59911.085733  18.257  0.080   181   14 o  0   1.35  10.69208  -7.59889  8308.72  7664.21 2.72 2.40 -45.7 -0.439 19.17 20.60 04a59911o0172o
59912.812862  18.305  0.107   173   18 o  0   1.02  10.69208  -7.59889  3671.38  1454.42 2.40 2.13 -57.4 -0.393 19.06 20.01 03a59913o0119o
59912.816022  18.287  0.093   176   16 o  0   1.17  10.69208  -7.59889  3688.76  1494.02 2.38 2.12 -57.5 -0.404 19.05 19.99 03a59913o0126o
59912.821451  18.413  0.091   157   14 o  0   1.70  10.69208  -7.59889  3630.70  1415.29 2.38 2.11 -59.0 -0.391 19.04 19.99 03a59913o0138o
59912.832292  18.420  0.105   156   16 o  0   1.18  10.69208  -7.59889  3604.52  1532.35 2.37 2.13 -58.0 -0.401 19.06 19.99 03a59913o0162o
59919.101837  18.505  0.226   144   33 o  0   1.15  10.69208  -7.59889  8014.40  9998.78 2.90 2.60 -77.1 -0.339 18.39 18.78 04a59919o0194o
59919.105076  18.839  0.359   106   38 o  0   0.82  10.69208  -7.59889  8034.62 10036.80 2.89 2.57 -68.0 -0.329 18.42 18.78 04a59919o0201o
59919.110932  19.142  0.437    80   35 o  0   1.14  10.69208  -7.59889  7975.06  9955.76 2.81 2.44 -62.0 -0.358 18.40 18.74 04a59919o0214o
59919.121789  19.169  0.401    78   31 o  0   1.48  10.69208  -7.59889  7955.90 10069.99 2.83 2.49 -68.2 -0.341 18.36 18.70 04a59919o0238o
59920.825610  18.677  0.195   123   24 o  0   1.11  10.69208  -7.59889  3830.71  7263.78 2.64 2.27 -49.3 -0.356 18.61 19.06 03a59921o0136o
59920.828772  18.899  0.266   100   27 o  0   0.77  10.69208  -7.59889  3848.16  7303.35 2.57 2.25 -49.3 -0.372 18.60 19.05 03a59921o0143o
59920.834189  18.686  0.164   122   20 o  0   1.58  10.69208  -7.59889  3791.07  7225.11 2.54 2.18 -50.7 -0.372 18.61 19.02 03a59921o0155o
59920.845469  18.960  0.228    95   22 o  0   1.47  10.69208  -7.59889  3768.94  7340.26 2.51 2.19 -52.4 -0.379 18.60 18.97 03a59921o0180o
59923.067562  19.563  0.257    54   14 o  0   1.50  10.69208  -7.59889  5749.56  3317.91 2.45 2.11 -23.6 -0.425 19.00 20.26 04a59923o0115o
59923.071170  18.854  0.159   104   17 o  0   1.07  10.69208  -7.59889  5769.24  3354.28 2.41 2.08 -21.2 -0.430 18.99 20.11 04a59923o0123o
59923.077032  18.945  0.167    96   16 o  0   1.56  10.69208  -7.59889  5712.52  3273.48 2.39 2.07 -25.0 -0.429 18.92 19.99 04a59923o0136o
59923.090631  19.247  0.259    73   19 o  0   0.98  10.69208  -7.59889  5694.59  3383.21 2.40 2.04 -26.4 -0.415 18.77 19.82 04a59923o0166o
59927.065327  20.078  0.241    34    8 c  0   1.44  10.69208  -7.59889  5746.44  3313.55 2.47 2.19 -14.0 -0.385 19.49 21.55 04a59927o0106c
59927.068930  19.581  0.196    53   10 c  0   0.79  10.69208  -7.59889  5765.94  3350.28 2.55 2.21 -19.6 -0.384 19.47 21.55 04a59927o0114c
59927.074040  19.534  0.172    56   10 c  0   1.05  10.69208  -7.59889  5708.94  3270.41 2.56 2.25 -17.8 -0.378 19.44 21.53 04a59927o0125c
59927.086043  19.913  0.216    39    8 c  0   1.44  10.69208  -7.59889  5690.15  3382.51 2.49 2.19 -14.1 -0.384 19.46 21.51 04a59927o0151c
59928.270115  19.984  0.260    37   10 c  0   1.59  10.69208  -7.59889   505.19  6945.17 2.47 2.30 -57.1 -0.440 19.52 21.20 02a59928o0185c
59928.274190  20.192  0.344    30   10 c  0   1.35  10.69208  -7.59889   486.03  6906.09 2.48 2.28 -58.0 -0.427 19.52 21.20 02a59928o0194c
59928.287455  20.036  0.310    35   11 c  0   1.11  10.69208  -7.59889   543.19  6981.49 2.41 2.25 -62.6 -0.427 19.55 21.18 02a59928o0223c
59928.294724  20.152  0.294    32    9 c  0   1.31  10.69208  -7.59889   564.30  6865.02 2.38 2.24 -62.5 -0.432 19.55 21.15 02a59928o0239c
59931.037635  20.126  0.525    32   17 c  0   0.93  10.69208  -7.59889  5652.09  1385.73 2.89 2.77 -13.8 -0.368 19.01 20.55 04a59931o0041c
59931.040795  20.059  0.380    34   13 c  0   1.13  10.69208  -7.59889  5672.65  1422.57 2.94 2.81   7.1 -0.372 19.15 20.95 04a59931o0048c
59931.046202  20.545  0.633    22   14 c  0   0.76  10.69208  -7.59889  5616.23  1339.87 3.16 2.83  10.5 -0.357 19.24 21.36 04a59931o0060c
59931.061104  20.362  0.411    26   11 c  0   1.07  10.69208  -7.59889  5598.63  1446.01 2.98 2.68  -5.5 -0.360 19.37 21.51 04a59931o0093c
59944.787700  21.273  5.704    11   64 o  0   0.91  10.69208  -7.59889  1592.42  5797.17 3.15 2.69 -72.2 -0.354 17.68 17.59 03a59945o0032o
59944.792090 -20.727  2.124   -19   40 o  0   1.20  10.69208  -7.59889  1611.59  5823.82 2.65 2.24 -66.1 -0.398 18.20 18.24 03a59945o0039o
59944.798709  21.209  2.295    12   27 o  0   1.10  10.69208  -7.59889  1553.17  5726.86 2.63 2.26 -70.3 -0.393 18.45 18.71 03a59945o0053o
59947.035601  18.830  0.894   107   95 o  0   0.92  10.69208  -7.59889  5547.36  9589.56 3.25 2.54 -73.4 -0.366 17.25 17.19 04a59947o0027o
59947.063228  19.953  0.638    38   24 o  0   1.22  10.69208  -7.59889  5484.14  9663.65 2.92 2.29 -74.9 -0.359 18.37 18.92 04a59947o0058o
59948.803557  19.120  0.341    82   28 o  0   1.08  10.69208  -7.59889  1609.99  5733.05 2.97 2.61 -68.5 -0.388 18.47 19.07 03a59949o0066o
59948.806710  19.262  0.410    72   29 o  0   1.14  10.69208  -7.59889  1630.00  5764.36 2.83 2.53 -66.2 -0.388 18.47 19.03 03a59949o0073o
59948.814024  21.670  3.756     8   29 o  0   0.90  10.69208  -7.59889  1579.02  5669.48 2.86 2.49 -61.5 -0.395 18.46 19.08 03a59949o0089o
59948.825952  19.475  0.511    59   30 o  0   1.28  10.69208  -7.59889  1564.00  5757.11 2.85 2.50 -53.0 -0.393 18.43 19.04 03a59949o0115o
59951.071998  17.767  0.684   284  194 o  0   1.27  10.69208  -7.59889  5539.29  9585.15 2.96 2.23 -71.4 -0.453 15.69 15.66 04a59951o0107o
59951.078756  18.201  4.744   190  903 o  0   1.23  10.69208  -7.59889  5554.90  9625.42 2.99 2.25 -74.0 -0.380 15.00 14.87 04a59951o0122o
59951.089146  16.179  0.593  1225  726 o  0   0.96  10.69208  -7.59889  5492.63  9548.29 3.03 2.20 -75.6 -0.349 14.40 14.22 04a59951o0145o
59951.091847 -20.115 38.455   -33 1256 o  0   1.20  10.69208  -7.59889  5470.92  9666.03 3.07 2.29 -75.3 -0.363 14.82 14.91 04a59951o0151o
59960.209430  19.672  0.390    49   19 o  0   1.45  10.69208  -7.59889  4688.36  3381.17 2.39 1.85  34.3 -0.433 18.78 19.18 02a59960o0031o
59960.212593  20.863  0.944    16   16 o  0   1.49  10.69208  -7.59889  4670.02  3343.87 2.25 1.83  33.8 -0.457 19.10 19.75 02a59960o0038o
59960.237098  20.337  0.536    27   14 o  0   1.14  10.69208  -7.59889  4752.71  3306.67 2.18 1.89  38.2 -0.454 19.36 20.37 02a59960o0092o
59963.806228  19.371  0.421    65   27 c  0   0.89  10.69208  -7.59889  8915.36  4468.21 2.66 2.36 -56.1 -0.376 18.46 20.78 03a59964o0078c
59964.209360  24.338 39.400     1   26 o  0   1.49  10.69208  -7.59889  4503.52  7205.42 2.53 2.02  37.7 -0.404 18.46 18.66 02a59964o0024o
59964.212532  19.707  0.451    48   22 o  0   1.35  10.69208  -7.59889  4486.26  7167.29 2.69 2.15  41.8 -0.400 18.77 19.35 02a59964o0031o
59964.246071  20.018  0.502    36   18 o  0   0.95  10.69208  -7.59889  9255.86  9401.80 2.58 2.30 -64.8 -0.417 19.21 20.33 02a59964o0085o
59964.254304  21.224  1.179    12   14 o  0   1.28  10.69208  -7.59889  9279.05  9286.85 2.59 2.14 -55.6 -0.429 19.30 20.33 02a59964o0103o
60099.406599  18.309  0.531   172   92 o  0   1.67  10.69208  -7.59889  4812.17  5345.57 1.97 1.84 -58.2 -0.495 17.12 17.38 04a60099o0312o
60101.151027 -22.920  7.833    -2   19 o  0   1.55  10.69208  -7.59889  5143.23   944.37 2.48 2.11  -8.4 -0.412 18.71 19.29 03a60101o1004o
60101.155838  20.639  1.088    20   22 o  0   0.87  10.69208  -7.59889  5125.94   903.74 2.44 2.12  -7.9 -0.421 18.76 19.31 03a60101o1014o
60101.175319 -20.736  1.090   -18   20 o  0   1.17  10.69208  -7.59889  5182.34   980.90 2.54 2.10  -7.1 -0.407 18.72 19.31 03a60101o1055o
60101.182327 -21.742  3.264    -7   24 o  0   1.05  10.69208  -7.59889  5205.34   863.48 2.53 2.12  -4.8 -0.405 18.63 19.11 03a60101o1070o
60108.412228  22.231  4.548     5   21 o  0   0.81  10.69208  -7.59889  8575.94  3209.39 2.30 2.02 -21.5 -0.399 18.92 19.72 04a60108o1015o
60108.414986 -20.745  1.315   -18   24 o  0   0.68  10.69208  -7.59889  8555.87  3171.60 2.26 1.99 -21.7 -0.410 18.93 19.72 04a60108o1021o
60108.417712  20.994  1.490    14   22 o  0   0.91  10.69208  -7.59889  8614.52  3248.90 2.31 2.05 -18.9 -0.393 18.94 19.75 04a60108o1027o
60108.427066  21.155  1.253    12   16 o  0   1.53  10.69208  -7.59889  8637.94  3132.31 2.28 2.03 -28.9 -0.407 18.97 19.78 04a60108o1047o
60108.434569  21.952  3.220     6   19 o  0   1.06  10.69208  -7.59889  8601.29  3192.56 2.32 1.98 -23.4 -0.408 18.88 19.71 04a60108o1062o
60111.417214  22.348  2.647     4   11 c  0   1.12  10.69208  -7.59889  4710.58  3417.87 1.98 1.95  55.5 -0.413 19.38 20.99 04a60111o1038c
60111.419940  23.036  4.421     2   10 c  0   1.05  10.69208  -7.59889  4691.72  3379.03 1.94 1.91  34.5 -0.408 19.38 21.01 04a60111o1044c
60111.422654  21.874  1.596     6   10 c  0   1.42  10.69208  -7.59889  4750.85  3456.26 2.00 1.97  77.5 -0.409 19.38 20.99 04a60111o1050c
60111.427685  22.270  2.714     4   12 c  0   0.95  10.69208  -7.59889  4771.71  3339.89 2.06 1.97  86.8 -0.414 19.37 20.98 04a60111o1061c
60116.153752  22.340  6.636     4   28 o  0   1.01  10.69208  -7.59889  2508.26  8704.04 2.92 2.48 -27.0 -0.369 18.37 19.69 03a60116o0213o
60116.156470  21.365  2.962    10   31 o  0   1.32  10.69208  -7.59889  2490.75  8664.88 3.04 2.47 -15.1 -0.446 18.53 19.87 03a60116o0219o
60116.167390 -22.217  4.143    -5   20 o  0   1.16  10.69208  -7.59889  2548.63  8743.12 2.78 2.46 -42.3 -0.387 18.98 20.27 03a60116o0243o
60116.177392 -21.208  2.093   -12   25 o  0   1.09  10.69208  -7.59889  2572.06  8625.01 2.63 2.36 -41.0 -0.390 18.65 19.89 03a60116o0264o
60119.185909 -20.427  0.754   -24   18 o  0   1.20  10.69208  -7.59889  6703.48  5220.23 2.53 2.29 -15.9 -0.424 18.89 19.92 03a60119o0990o
60119.189964 -21.272  1.973   -11   22 o  0   1.41  10.69208  -7.59889  6686.13  5181.24 2.29 2.11 -27.0 -0.446 18.69 19.24 03a60119o0998o
60119.196066 -19.552  0.851   -55   47 o  0   1.30  10.69208  -7.59889  6744.44  5259.42 2.33 2.21 -30.8 -0.446 17.84 17.68 03a60119o1010o
60126.334561  21.398  1.821    10   18 o  0   1.34  10.69208  -7.59889   317.14  3111.04 2.05 1.90  61.8 -0.403 18.70 19.45 04a60126o0852o
60126.346091  20.806  1.139    17   20 o  0   1.44  10.69208  -7.59889   298.28  3071.81 1.97 1.81  76.1 -0.405 18.86 19.57 04a60126o0877o
60126.349833 -20.560  0.905   -22   20 o  0   0.98  10.69208  -7.59889   356.80  3150.22 1.97 1.79 -48.7 -0.419 18.77 19.50 04a60126o0885o
60126.354894  20.782  1.393    18   25 o  0   0.57  10.69208  -7.59889   376.76  3033.42 2.00 1.90  78.8 -0.401 18.86 19.59 04a60126o0896o
60126.356247  21.986  7.063     6   41 o  0   0.88  10.69208  -7.59889 10517.62  3089.74 2.58 2.44  -1.8 -0.372 18.76 19.55 04a60126o0899o
60126.358973  19.856  0.662    42   28 o  0   1.26  10.69208  -7.59889 10498.11  3051.15 2.39 2.15  82.7 -0.351 18.83 19.57 04a60126o0905o
60127.298417 -22.120  6.786    -5   35 o  0   1.12  10.69208  -7.59889   322.58  3110.05 2.73 2.12  41.0 -0.354 18.14 18.64 04a60127o0767o
60127.299771  19.998  2.079    36   76 o  0   1.07  10.69208  -7.59889 10524.17  3083.71 3.06 2.31 -22.6 -0.330 18.05 18.50 04a60127o0770o
60127.301131  19.679  0.771    49   38 o  0   0.94  10.69208  -7.59889   302.36  3071.53 2.34 1.99  43.3 -0.414 18.18 18.59 04a60127o0773o
60127.302935 -19.843  1.307   -42   55 o  0   1.28  10.69208  -7.59889 10504.44  3045.62 2.75 2.25 -20.0 -0.347 18.15 18.57 04a60127o0777o
60127.310936 -19.221  0.445   -74   33 o  0   1.16  10.69208  -7.59889   361.04  3151.12 2.30 1.97  47.1 -0.412 18.13 18.50 04a60127o0794o
60127.328197 -20.954  1.771   -15   27 o  0   1.06  10.69208  -7.59889   377.46  3035.34 2.24 1.98  51.6 -0.400 18.48 18.93 04a60127o0831o
60128.069430  22.482  7.619     4   28 o  0   1.04  10.69208  -7.59889  8704.07  7095.79 2.80 2.46 -37.7 -0.380 18.45 18.98 03a60128o0703o
60128.072660 -21.146  2.297   -13   29 o  0   1.04  10.69208  -7.59889  8685.08  7057.18 2.76 2.41 -40.5 -0.386 18.47 18.99 03a60128o0710o
60128.086455 -22.613  7.714    -3   25 o  0   1.05  10.69208  -7.59889  8742.16  7132.68 2.65 2.31 -43.9 -0.387 18.58 19.07 03a60128o0739o
60128.097016  19.996  0.628    36   23 o  0   1.63  10.69208  -7.59889  8760.14  7018.18 2.75 2.40 -42.9 -0.390 18.58 19.13 03a60128o0762o
60129.345112  21.525  3.558     9   32 o  0   1.28  10.69208  -7.59889  8793.82  7079.51 2.73 2.57 -40.2 -0.389 18.31 19.00 04a60129o0878o
60129.349101 -19.756  0.686   -46   31 o  0   1.00  10.69208  -7.59889  8777.09  7042.61 2.68 2.65 -72.9 -0.400 18.29 18.95 04a60129o0886o
60129.354207 -20.223  1.043   -30   31 o  0   1.12  10.69208  -7.59889  8835.93  7120.20 2.56 2.43 -33.7 -0.389 18.42 19.04 04a60129o0897o
60129.367023  22.716 10.000     3   30 o  0   0.97  10.69208  -7.59889  8855.65  7003.67 2.44 2.25  -5.8 -0.413 18.52 19.07 04a60129o0925o
60130.309377  22.673  8.750     3   27 o  0   1.04  10.69208  -7.59889  8676.93  5141.39 2.45 2.18 -24.9 -0.382 18.42 18.96 04a60130o0785o
60130.313048 -20.790  1.518   -18   27 o  0   1.30  10.69208  -7.59889  8656.94  5103.10 2.44 2.25 -27.5 -0.387 18.40 18.98 04a60130o0793o
60130.320430 -20.730  1.457   -18   27 o  0   1.15  10.69208  -7.59889  8714.55  5181.26 2.58 2.40 -22.8 -0.376 18.42 19.02 04a60130o0809o
60130.334822 -19.345  0.425   -66   28 o  0   1.80  10.69208  -7.59889  8733.04  5066.80 2.49 2.31 -29.3 -0.382 18.07 18.69 04a60130o0839o
60131.094914 -19.998  0.837   -36   30 o  0   1.03  10.69208  -7.59889  8634.00  5160.80 2.41 2.13 -39.9 -0.403 18.38 18.63 03a60131o0885o
60131.097688  23.372 22.000     2   36 o  0   0.83  10.69208  -7.59889  8615.97  5121.45 2.93 2.25  -7.6 -0.375 18.30 18.69 03a60131o0891o
60131.107369  20.844  1.270    17   21 o  0   1.72  10.69208  -7.59889  8671.58  5200.43 2.38 2.13 -35.8 -0.398 18.57 18.91 03a60131o0912o
60131.117521  21.078  3.418    14   46 o  0   0.93  10.69208  -7.59889  8695.64  5084.59 2.59 2.30 -20.0 -0.402 17.92 18.03 03a60131o0934o
60132.309191  20.690  3.420    19   66 o  0   1.26  10.69208  -7.59889   444.76  5054.40 2.72 2.45  50.5 -0.339 17.48 17.53 04a60132o0800o
60132.313713 -18.795  0.589  -110   65 o  0   1.00  10.69208  -7.59889   423.69  5015.83 2.48 2.30  83.8 -0.363 17.47 17.41 04a60132o0810o
60132.319178  19.114  1.456    82  120 o  0   0.84  10.69208  -7.59889   482.58  5093.45 2.57 2.30  56.0 -0.353 16.96 16.82 04a60132o0822o
60132.332878  20.506  1.780    23   41 o  0   1.00  10.69208  -7.59889   500.16  4977.68 2.58 2.24  53.1 -0.370 18.13 18.34 04a60132o0851o
60137.182386  21.238  1.035    12   12 o  0   1.72  10.69208  -7.59889  3894.52  7275.40 2.52 2.14 -18.7 -0.393 19.29 20.39 03a60137o0974o
60137.185122  21.151  1.446    13   18 o  0   0.96  10.69208  -7.59889  3911.29  7314.01 3.24 2.17  -4.2 -0.360 19.02 20.16 03a60137o0980o
60137.187833 -20.236  0.639   -29   19 o  0   1.13  10.69208  -7.59889  3855.75  7235.69 3.46 2.19  -3.3 -0.371 18.83 19.78 03a60137o0986o
60137.191025  19.398  0.399    63   25 o  0   0.96  10.69208  -7.59889  3833.46  7351.48 2.96 2.19  -9.0 -0.365 18.60 19.13 03a60137o0993o
60138.388489 -21.561  1.347    -9   12 o  0   1.57  10.69208  -7.59889  2534.84  6895.61 2.18 1.91 -79.3 -0.435 19.36 20.67 04a60138o0730o
60138.390299 -21.739  1.581    -7   12 o  0   1.52  10.69208  -7.59889  2516.90  6856.76 2.13 1.90 -81.7 -0.436 19.39 20.68 04a60138o0734o
60138.395728 -22.846  5.650    -3   15 o  0   0.98  10.69208  -7.59889  2578.94  6933.24 2.32 2.00 -75.0 -0.422 19.34 20.75 04a60138o0746o
60138.413977  22.120  2.386     5   12 o  0   1.47  10.69208  -7.59889  2612.52  6814.17 2.17 1.89 -75.2 -0.425 19.38 20.67 04a60138o0785o
60143.119502  21.716  1.133     8    8 c  0   1.24  10.69208  -7.59889  2723.51   476.85 2.35 2.22 -39.3 -0.375 19.63 21.30 03a60143o0894c
60143.121363  20.960  0.661    15   10 c  0   0.94  10.69208  -7.59889  2704.17   436.68 2.30 2.17 -28.0 -0.382 19.64 21.31 03a60143o0898c
60143.139449  23.485  6.167     2    9 c  0   1.11  10.69208  -7.59889  2767.56   516.42 2.35 2.18 -28.8 -0.380 19.65 21.32 03a60143o0934c
60143.142197 -21.962  1.375    -6    8 c  0   0.95  10.69208  -7.59889  2790.39   398.44 2.39 2.18 -28.6 -0.376 19.62 21.30 03a60143o0940c
60150.301625 -22.833  6.000    -3   16 o  0   0.92  10.69208  -7.59889  5121.76  1033.07 2.09 2.04  60.3 -0.435 19.06 20.53 04a60150o0352o
60150.311241  23.133  6.067     2   12 o  0   1.19  10.69208  -7.59889  5143.51   915.55 2.09 2.04  51.5 -0.426 19.28 20.67 04a60150o0373o
60153.283760  21.537  1.597     9   14 o  0   1.01  10.69208  -7.59889   549.49  6996.04 2.24 1.96 -81.4 -0.397 19.20 20.25 04a60153o0708o
60153.286502 -20.362  0.514   -26   13 o  0   1.18  10.69208  -7.59889   530.50  6956.92 2.11 1.97 -72.1 -0.446 19.16 20.14 04a60153o0714o
60153.293909 -21.706  2.049    -8   16 o  0   0.78  10.69208  -7.59889   590.84  7034.32 2.18 1.95 -79.4 -0.412 19.26 20.34 04a60153o0730o
60156.274489  21.405  2.605    10   26 o  0   1.07  10.69208  -7.59889  6821.67  7145.82 2.13 1.97 -26.2 -0.428 18.79 19.51 04a60156o0703o
60156.277731  22.968  8.842     2   21 o  0   1.93  10.69208  -7.59889  6880.75  7222.83 1.95 1.85 -33.6 -0.475 18.70 19.28 04a60156o0710o
