MJD          m      dm   uJy   duJy F err chi/N     RA       Dec        x        y     maj  min   phi  apfit mag5sig Sky   Obs
59913.149184  19.979  0.462    37   17 o  0   1.27  48.98246 -18.08509  8755.49 10049.00 3.35 2.97  29.3 -0.290 19.14 20.55 04a59913o0306o
59913.152339  20.876  0.962    16   16 o  0   1.00  48.98246 -18.08509  8776.03 10086.13 2.95 2.79  30.1 -0.337 19.26 20.60 04a59913o0313o
59913.162280 -20.503  0.661   -23   15 o  0   1.19  48.98246 -18.08509  8721.54  9996.85 2.90 2.77  74.0 -0.348 19.22 20.59 04a59913o0334o
59913.168588  20.773  0.906    18   16 o  0   1.41  48.98246 -18.08509  8702.31 10108.71 2.94 2.75  86.2 -0.363 19.24 20.57 04a59913o0348o
59914.103430  20.654  2.557    20   51 o  0   1.33  48.98246 -18.08509  1912.13   563.14 2.89 1.96  45.8 -0.410 18.03 18.66 04a59914o0197o
59914.105233  20.246  0.890    29   26 o  0   1.46  48.98246 -18.08509  1893.96   523.32 3.01 1.99  46.6 -0.396 18.61 19.45 04a59914o0201o
59914.108386 -22.664  5.684    -3   18 o  0   1.05  48.98246 -18.08509  1955.20   602.83 2.94 2.05  45.3 -0.410 19.06 20.14 04a59914o0208o
59914.142921 -21.328  1.446   -11   16 o  0   1.16  48.98246 -18.08509  8693.48 10132.87 2.94 2.66  66.5 -0.340 19.16 20.33 04a59914o0274o
59914.839114 -21.407  1.785   -10   18 o  0   1.27  48.98246 -18.08509  8541.15  9107.98 2.78 2.18 -47.5 -0.416 19.15 20.08 03a59915o0168o
59914.840924 -21.719  1.660    -8   12 o  0   1.86  48.98246 -18.08509  8522.06  9068.66 2.75 2.16 -47.9 -0.406 19.19 20.09 03a59915o0172o
59914.843735  21.498  1.617     9   15 o  0   1.68  48.98246 -18.08509  8579.39  9148.53 2.79 2.17 -49.2 -0.413 19.16 20.10 03a59915o0178o
59914.849141 -21.218  1.205   -12   14 o  0   1.39  48.98246 -18.08509  8602.54  9032.99 2.78 2.15 -47.1 -0.415 19.15 20.12 03a59915o0190o
59915.913058  21.442  1.941    10   19 o  0   0.77  48.98246 -18.08509  1884.07  1380.82 2.57 2.20 -65.3 -0.411 19.02 19.93 03a59916o0330o
59915.918591  21.641  1.839     8   15 o  0   2.03  48.98246 -18.08509  1901.66  1421.96 2.56 2.22 -67.5 -0.410 19.01 19.93 03a59916o0341o
59915.921751 -21.167  1.410   -12   18 o  0   1.20  48.98246 -18.08509  1841.75  1342.73 2.61 2.29 -68.9 -0.408 18.98 19.94 03a59916o0348o
59915.937835  20.193  0.535    30   16 o  0   1.44  48.98246 -18.08509  1816.91  1460.75 2.46 2.17 -65.1 -0.412 19.04 19.94 03a59916o0382o
59916.334522 -19.822  1.073   -43   46 o  0   1.09  48.98246 -18.08509  6453.13  9584.63 3.18 3.04  81.9 -0.414 18.19 19.03 02a59916o0326o
59916.336338  21.321  4.106    11   44 o  0   1.30  48.98246 -18.08509  6472.24  9623.96 2.93 2.75  84.1 -0.435 18.18 18.87 02a59916o0330o
59916.373087 -20.873  1.534   -16   25 o  0   1.10  48.98246 -18.08509  4155.48  1008.99 2.31 2.21  87.1 -0.446 18.51 19.10 02a59916o0343o
59916.428772 -21.287  1.485   -11   16 o  0   1.74  48.98246 -18.08509  4183.56   899.27 2.15 1.91  62.8 -0.452 18.93 19.69 02a59916o0348o
59917.150838  22.003  4.567     6   26 o  0   1.27  48.98246 -18.08509  8754.94 10037.53 2.78 2.70   0.9 -0.356 18.60 19.24 04a59917o0297o
59917.153990  20.322  1.015    27   27 o  0   1.64  48.98246 -18.08509  8773.81 10074.08 2.83 2.73  73.7 -0.348 18.57 19.22 04a59917o0304o
59917.189349 -19.725  0.678   -47   32 o  0   0.89  48.98246 -18.08509  8724.43  9970.52 2.55 2.49 -82.2 -0.383 18.60 19.06 04a59917o0379o
59917.217648  20.179  1.358    31   42 o  0   0.84  48.98246 -18.08509  8704.91 10071.99 2.68 2.38 -86.0 -0.395 18.57 18.99 04a59917o0438o
59918.148467  21.108  3.068    13   40 o  0   1.00  48.98246 -18.08509  8753.18 10035.50 2.70 2.56  67.7 -0.362 18.39 18.64 04a59918o0298o
59918.151622  19.247  0.543    73   40 o  0   0.88  48.98246 -18.08509  8773.11 10072.10 2.62 2.51 -85.2 -0.380 18.40 18.65 04a59918o0305o
59918.157926  20.172  1.180    31   37 o  0   1.19  48.98246 -18.08509  8715.31  9987.95 2.69 2.60  69.9 -0.358 18.41 18.70 04a59918o0319o
59918.172128  19.712  0.802    47   38 o  0   1.00  48.98246 -18.08509  8700.14 10093.34 2.67 2.50  87.9 -0.375 18.39 18.60 04a59918o0349o
59918.927307  17.405  2.859   396 1133 o  0   0.83  48.98246 -18.08509  1836.51  1344.62 2.65 2.34 -67.8 -0.427 14.13 13.54 03a59919o0350o
59918.933279  19.060  2.628    86  227 o  0   1.10  48.98246 -18.08509  1812.61  1461.25 2.66 2.35 -64.0 -0.422 16.34 15.87 03a59919o0363o
59919.137354  19.684  0.765    49   37 o  0   1.28  48.98246 -18.08509  8752.04 10050.47 2.90 2.76  34.2 -0.319 18.36 18.60 04a59919o0272o
59919.140881  20.938  2.507    15   38 o  0   1.27  48.98246 -18.08509  8772.26 10086.60 2.94 2.74  51.9 -0.336 18.35 18.60 04a59919o0279o
59919.146902 -21.274  3.597   -11   40 o  0   0.82  48.98246 -18.08509  8715.63 10001.51 2.72 2.68  10.9 -0.337 18.31 18.59 04a59919o0291o
59919.177307  20.370  2.255    26   58 o  0   0.88  48.98246 -18.08509  8706.31 10091.80 2.84 2.45 -89.4 -0.373 18.39 18.56 04a59919o0357o
59919.900921 -21.527  3.297    -9   29 o  0   1.54  48.98246 -18.08509  3447.26  7217.14 2.52 2.25 -54.6 -0.367 18.42 18.61 03a59920o0293o
59919.904132 -20.816  1.677   -17   29 o  0   1.20  48.98246 -18.08509  3462.30  7255.70 2.55 2.22 -46.0 -0.363 18.47 18.62 03a59920o0300o
59919.909537 -20.708  1.468   -19   28 o  0   1.03  48.98246 -18.08509  3403.74  7178.08 2.62 2.32 -47.5 -0.374 18.44 18.67 03a59920o0312o
59919.920370 -20.128  0.835   -32   27 o  0   1.67  48.98246 -18.08509  3377.46  7294.37 2.68 2.37 -48.9 -0.349 18.38 18.61 03a59920o0335o
59921.164896 -21.542  3.647    -9   32 o  0   0.58  48.98246 -18.08509  5366.82  3301.52 2.09 1.88 -29.3 -0.418 18.35 18.67 04a59921o0332o
59921.168050  19.974  0.800    37   30 o  0   0.70  48.98246 -18.08509  5385.94  3337.99 2.01 1.86 -30.9 -0.432 18.40 18.66 04a59921o0339o
59921.173944  19.617  0.507    52   26 o  0   1.35  48.98246 -18.08509  5328.55  3256.48 1.98 1.82 -33.8 -0.433 18.42 18.67 04a59921o0352o
59921.186911  21.154  2.446    12   31 o  0   0.83  48.98246 -18.08509  5308.59  3363.39 1.91 1.76 -39.3 -0.438 18.42 18.64 04a59921o0380o
59922.142535  20.162  1.174    31   37 o  0   0.97  48.98246 -18.08509  5361.02  3319.80 2.11 1.93 -26.9 -0.424 18.12 18.58 04a59922o0275o
59922.146167  19.576  0.398    54   21 o  0   1.44  48.98246 -18.08509  5381.09  3355.59 2.12 1.96 -19.9 -0.431 18.67 19.23 04a59922o0283o
59922.181296  18.931  0.245    97   24 o  0   1.21  48.98246 -18.08509  5331.07  3252.27 1.97 1.85 -30.3 -0.449 18.50 18.82 04a59922o0352o
59922.188659  19.276  0.271    71   19 o  0   1.83  48.98246 -18.08509  5308.52  3362.62 1.96 1.76 -24.2 -0.434 18.66 19.06 04a59922o0368o
59922.864024  18.499  0.117   145   17 o  0   1.85  48.98246 -18.08509  3454.79  7213.31 2.57 2.21 -53.5 -0.367 18.85 19.54 03a59923o0215o
59922.895665  18.949  0.180    96   17 o  0   2.21  48.98246 -18.08509  3460.18  7257.33 2.46 2.12 -54.2 -0.373 18.86 19.46 03a59923o0283o
59922.898865  18.852  0.194   104   20 o  0   1.06  48.98246 -18.08509  3402.82  7179.08 2.49 2.19 -53.7 -0.369 18.82 19.46 03a59923o0290o
59922.915242  18.721  0.144   118   17 o  0   1.74  48.98246 -18.08509  3373.56  7295.43 2.51 2.16 -49.8 -0.375 18.83 19.43 03a59923o0325o
59925.109816  18.201  0.065   190   12 o  0   1.66  48.98246 -18.08509  5349.57  3345.27 2.34 2.12 -20.5 -0.417 19.30 20.96 04a59925o0200o
59925.114516  18.123  0.049   205   10 o  0   3.01  48.98246 -18.08509  5372.84  3378.37 2.30 2.16 -23.3 -0.414 19.28 20.86 04a59925o0210o
59925.120532  18.101  0.070   209   15 o  0   1.11  48.98246 -18.08509  5317.56  3294.29 2.26 2.10 -17.3 -0.417 19.20 20.64 04a59925o0222o
59925.150729  18.193  0.103   192   20 o  0   1.07  48.98246 -18.08509  5308.80  3384.62 2.14 2.01 -45.2 -0.420 18.59 19.65 04a59925o0286o
59926.163125  18.276  0.097   178   17 o  0   0.75  48.98246 -18.08509  5368.60  3293.52 1.96 1.84 -36.4 -0.430 19.21 20.37 04a59926o0320o
59926.165903  18.104  0.061   208   13 o  0   1.97  48.98246 -18.08509  5386.97  3330.27 1.93 1.79 -33.6 -0.433 19.24 20.36 04a59926o0326o
59926.172211  18.315  0.083   171   14 o  0   1.61  48.98246 -18.08509  5328.76  3248.79 2.00 1.82 -27.5 -0.429 19.21 20.27 04a59926o0340o
59926.185266  18.265  0.084   180   15 o  0   1.24  48.98246 -18.08509  5309.14  3357.91 2.04 1.90 -34.4 -0.429 19.11 20.14 04a59926o0368o
59926.928168  18.330  0.085   169   14 o  0   1.09  48.98246 -18.08509  3439.58  7223.42 2.57 2.18 -47.9 -0.369 19.32 20.56 03a59927o0292o
59926.931336  18.189  0.063   192   12 o  0   1.60  48.98246 -18.08509  3457.71  7263.00 2.48 2.10 -45.9 -0.382 19.34 20.55 03a59927o0299o
59926.950787  18.167  0.076   196   15 o  0   0.85  48.98246 -18.08509  3399.69  7183.43 2.42 2.08 -44.2 -0.377 19.33 20.45 03a59927o0341o
59926.969840  18.098  0.068   209   14 o  0   1.38  48.98246 -18.08509  3377.56  7297.24 2.47 2.09 -49.4 -0.381 19.28 20.41 03a59927o0382o
59927.851435  18.067  0.060   215   13 o  0   1.40  48.98246 -18.08509  7523.12  3755.97 2.33 1.97 -60.3 -0.432 19.55 20.98 03a59928o0181o
59927.854225  18.213  0.069   188   13 o  0   1.09  48.98246 -18.08509  7539.71  3796.23 2.28 1.97 -56.6 -0.432 19.58 20.97 03a59928o0187o
59927.860169  18.277  0.063   178   11 o  0   1.64  48.98246 -18.08509  7481.51  3719.15 2.25 1.97 -55.3 -0.435 19.56 21.00 03a59928o0200o
59927.895730  18.215  0.065   188   12 o  0   1.50  48.98246 -18.08509  7451.03  3843.29 2.24 1.93 -57.4 -0.433 19.48 20.79 03a59928o0276o
59929.152023  18.092  0.046   211   10 c  0   1.90  48.98246 -18.08509  3883.18  1355.26 2.41 2.22  43.6 -0.392 19.66 21.79 04a59929o0293c
59929.155177  18.212  0.057   188   11 c  0   1.35  48.98246 -18.08509  3902.74  1391.33 2.38 2.21  44.2 -0.401 19.66 21.79 04a59929o0300c
59929.161033  18.094  0.047   210   10 c  0   2.25  48.98246 -18.08509  3844.37  1308.10 2.35 2.15  48.2 -0.392 19.71 21.79 04a59929o0313c
59929.175437  18.110  0.050   207   10 c  0   1.51  48.98246 -18.08509  3824.53  1416.83 2.30 2.15  40.0 -0.397 19.68 21.76 04a59929o0344c
59930.123382  18.143  0.051   201   10 c  0   2.06  48.98246 -18.08509  3880.91  1376.04 2.55 2.34  37.8 -0.395 19.56 21.71 04a59930o0103c
59930.126534  18.137  0.046   202    9 c  0   2.20  48.98246 -18.08509  3901.06  1412.32 2.45 2.30  38.0 -0.396 19.60 21.72 04a59930o0110c
59930.135961  18.167  0.059   196   12 c  0   1.34  48.98246 -18.08509  3844.02  1326.77 2.48 2.28  42.1 -0.399 19.59 21.74 04a59930o0128c
59930.145708  18.151  0.046   199    9 c  0   3.14  48.98246 -18.08509  3824.11  1435.41 2.45 2.23  43.7 -0.393 19.59 21.70 04a59930o0149c
59931.882765  18.175  0.060   195   12 o  0   1.73  48.98246 -18.08509  7505.02  3764.64 2.29 2.00 -54.3 -0.438 19.61 21.13 03a59932o0019o
59931.885924  18.235  0.065   184   12 o  0   1.23  48.98246 -18.08509  7522.06  3804.17 2.27 1.99 -55.1 -0.432 19.61 21.15 03a59932o0026o
59931.910475  18.182  0.061   194   12 o  0   1.22  48.98246 -18.08509  7470.07  3729.21 2.16 1.98 -51.7 -0.471 19.67 21.28 03a59932o0079o
59931.927420  18.212  0.057   188   11 o  0   1.78  48.98246 -18.08509  7449.19  3844.49 2.23 1.94 -54.3 -0.454 19.70 21.29 03a59932o0115o
59933.174688  18.222  0.090   187   17 c  0   1.30  48.98246 -18.08509  3884.84  1334.19 2.34 2.19  29.7 -0.392 18.99 21.87 04a59933o0110c
59933.178201  18.321  0.105   170   18 c  0   1.15  48.98246 -18.08509  3904.15  1371.28 2.38 2.22  32.4 -0.387 18.95 21.85 04a59933o0117c
59933.183540  18.231  0.090   185   17 c  0   1.12  48.98246 -18.08509  3844.67  1291.23 2.39 2.16  25.6 -0.386 18.99 21.89 04a59933o0126c
59933.195547  18.352  0.107   166   18 c  0   1.15  48.98246 -18.08509  3820.87  1404.48 2.46 2.19  30.5 -0.380 18.95 21.86 04a59933o0148c
59934.146527  18.303  0.064   173   11 c  0   1.24  48.98246 -18.08509  3883.78  1349.28 2.31 2.09  42.6 -0.402 19.69 21.79 04a59934o0277c
59934.153865  18.354  0.056   165    9 c  0   1.77  48.98246 -18.08509  3903.94  1383.55 2.31 2.09  43.9 -0.404 19.68 21.75 04a59934o0293c
59934.173064  18.261  0.054   180   10 c  0   1.94  48.98246 -18.08509  3843.90  1294.16 2.37 2.18  32.6 -0.402 19.68 21.78 04a59934o0335c
59934.188482  18.431  0.067   154   10 c  0   1.33  48.98246 -18.08509  3821.53  1404.92 2.29 2.07  39.0 -0.399 19.68 21.74 04a59934o0368c
59934.890967  18.078  0.059   213   12 o  0   1.53  48.98246 -18.08509  2507.28  9730.68 2.98 2.59 -51.5 -0.382 19.49 21.16 03a59935o0262o
59934.894581  18.289  0.078   176   14 o  0   1.14  48.98246 -18.08509  2525.79  9759.97 2.80 2.38 -51.5 -0.393 19.54 21.14 03a59935o0270o
59934.903404  18.211  0.063   189   12 o  0   1.75  48.98246 -18.08509  2472.42  9657.69 3.01 2.62 -54.3 -0.388 19.42 21.11 03a59935o0289o
59934.918619  18.305  0.084   173   15 o  0   1.52  48.98246 -18.08509  2455.15  9734.26 3.05 2.65 -51.5 -0.376 19.42 21.07 03a59935o0322o
59935.842925  18.198  0.060   191   11 o  0   1.66  48.98246 -18.08509  1381.59  3543.49 2.37 1.98 -77.9 -0.406 19.62 21.10 03a59936o0154o
59935.853597  18.279  0.057   177   10 o  0   1.48  48.98246 -18.08509  1395.70  3554.09 2.34 1.96 -72.0 -0.413 19.61 21.10 03a59936o0177o
59935.856751  18.218  0.066   187   12 o  0   1.17  48.98246 -18.08509  1337.83  3467.48 2.38 2.00 -73.4 -0.405 19.59 21.12 03a59936o0184o
59935.869210  18.366  0.072   164   12 o  0   1.55  48.98246 -18.08509  1313.97  3549.71 2.36 1.99 -71.1 -0.412 19.61 21.10 03a59936o0211o
59938.076567  18.469  0.062   149    9 c  0   2.12  48.98246 -18.08509  5442.35  5269.01 2.59 2.46  -7.3 -0.382 19.54 22.03 04a59938o0119c
59938.079729  18.587  0.071   133   10 c  0   1.33  48.98246 -18.08509  5463.17  5304.43 2.46 2.41   2.5 -0.382 19.58 22.03 04a59938o0126c
59938.094717  18.465  0.062   149    9 c  0   1.48  48.98246 -18.08509  5411.04  5212.87 2.46 2.27 -30.9 -0.374 19.58 22.04 04a59938o0157c
59938.101574  18.549  0.067   138    9 c  0   1.32  48.98246 -18.08509  5394.09  5323.76 2.38 2.28 -33.9 -0.376 19.63 22.04 04a59938o0172c
59938.841959  18.150  0.061   200   12 o  0   1.53  48.98246 -18.08509  1384.06  3522.51 2.51 2.14 -75.5 -0.400 19.51 21.06 03a59939o0152o
59938.845563  18.310  0.076   172   13 o  0   1.49  48.98246 -18.08509  1401.29  3552.04 2.49 2.17 -70.8 -0.402 19.54 21.05 03a59939o0160o
59938.855595  18.273  0.071   178   13 o  0   1.48  48.98246 -18.08509  1342.53  3448.05 2.57 2.21 -70.9 -0.400 19.53 21.12 03a59939o0181o
59938.861070  18.558  0.086   137   12 o  0   1.46  48.98246 -18.08509  1319.95  3548.58 2.59 2.22 -70.2 -0.401 19.56 21.15 03a59939o0193o
59939.896838  18.244  0.065   183   12 o  0   1.53  48.98246 -18.08509  1381.90  3371.96 2.30 1.94 -75.0 -0.415 19.61 21.06 03a59940o0270o
59939.899996  18.308  0.069   172   12 o  0   0.89  48.98246 -18.08509  1401.11  3402.47 2.29 1.97 -69.2 -0.411 19.56 20.98 03a59940o0277o
59939.913375  18.289  0.064   176   11 o  0   1.47  48.98246 -18.08509  1349.16  3288.97 2.40 2.00 -69.4 -0.407 19.55 20.93 03a59940o0306o
59939.919086  18.171  0.065   196   13 o  0   1.43  48.98246 -18.08509  1331.33  3389.98 2.33 1.93 -74.0 -0.414 19.58 21.00 03a59940o0318o
59941.082394  18.217  0.072   188   14 o  0   0.98  48.98246 -18.08509  5446.54  5259.16 2.16 2.07 -47.7 -0.399 19.33 20.85 04a59941o0130o
59941.085548  18.325  0.066   170   11 o  0   1.58  48.98246 -18.08509  5465.81  5294.26 2.19 2.02 -43.2 -0.401 19.31 20.84 04a59941o0137o
59941.091854  18.311  0.073   172   13 o  0   1.27  48.98246 -18.08509  5411.04  5210.96 2.15 1.99 -37.2 -0.407 19.35 20.87 04a59941o0151o
59941.102583  18.510  0.078   143   11 o  0   1.39  48.98246 -18.08509  5393.02  5318.14 2.07 1.91 -39.3 -0.415 19.41 20.88 04a59941o0173o
59942.124153  19.100  0.656    83   54 o  0   0.70  48.98246 -18.08509  5459.84  5222.91 2.12 1.93 -47.8 -0.401 19.33 20.77 04a59942o0216o
59942.127306  18.630  0.086   128   11 o  0   1.55  48.98246 -18.08509  5477.99  5258.46 2.08 1.89 -48.4 -0.407 19.35 20.76 04a59942o0223o
59942.134724  18.416  0.093   156   14 o  0   1.11  48.98246 -18.08509  5420.54  5176.96 2.06 1.85 -50.1 -0.405 19.34 20.76 04a59942o0239o
59942.158768  18.538  0.078   140   11 o  0   1.28  48.98246 -18.08509  5397.25  5281.97 2.01 1.83 -49.4 -0.410 19.41 20.88 04a59942o0291o
59942.896103  18.370  0.093   163   15 o  0   1.18  48.98246 -18.08509  1390.57  3352.69 2.86 2.47 -69.4 -0.373 19.23 20.63 03a59943o0270o
59942.902092  18.374  0.104   162   17 o  0   1.31  48.98246 -18.08509  1412.41  3376.02 2.87 2.46 -66.9 -0.390 19.19 20.60 03a59943o0283o
59942.905803  18.446  0.095   152   14 o  0   1.92  48.98246 -18.08509  1357.48  3287.92 2.83 2.42 -71.2 -0.391 19.20 20.63 03a59943o0291o
59942.928399  18.561  0.116   137   16 o  0   1.28  48.98246 -18.08509  1348.60  3345.25 3.08 2.63 -71.2 -0.384 19.16 20.80 03a59943o0340o
59943.845806  18.239  0.083   184   15 o  0   1.85  48.98246 -18.08509  2343.80  5907.68 2.53 2.21 -63.9 -0.401 19.06 20.04 03a59944o0157o
59943.848962  18.821  0.143   108   15 o  0   1.25  48.98246 -18.08509  2361.66  5937.91 2.47 2.14 -67.6 -0.383 19.10 20.05 03a59944o0164o
59943.855421  18.285  0.098   176   17 o  0   1.21  48.98246 -18.08509  2304.77  5842.83 2.44 2.13 -65.4 -0.393 19.13 20.06 03a59944o0178o
59943.876187  18.885  0.172   101   17 o  0   0.98  48.98246 -18.08509  2283.42  5903.31 2.45 2.08 -64.9 -0.387 19.09 20.00 03a59944o0223o
59945.130899  18.363  0.165   164   27 o  0   0.85  48.98246 -18.08509  6508.02  9577.72 2.97 2.39 -79.1 -0.339 18.56 19.30 04a59945o0236o
59945.134141  18.250  0.142   182   26 o  0   1.31  48.98246 -18.08509  6528.31  9615.32 3.05 2.42 -78.7 -0.332 18.56 19.30 04a59945o0243o
59945.139546  18.279  0.169   177   30 o  0   0.91  48.98246 -18.08509  6467.95  9533.45 2.97 2.40 -78.2 -0.338 18.60 19.28 04a59945o0255o
59945.161560  18.474  0.188   148   28 o  0   1.03  48.98246 -18.08509  6445.95  9643.35 3.00 2.38 -77.9 -0.319 18.58 19.30 04a59945o0301o
59946.082635  18.572  0.174   135   24 o  0   1.65  48.98246 -18.08509  6497.04  9607.06 2.98 2.39 -79.4 -0.335 18.55 19.08 04a59946o0130o
59946.092533  18.533  0.181   140   25 o  0   1.50  48.98246 -18.08509  6518.28  9638.17 2.91 2.33 -72.0 -0.357 18.52 19.09 04a59946o0150o
59946.095691  18.800  0.242   110   26 o  0   1.19  48.98246 -18.08509  6460.66  9556.86 2.90 2.31 -74.6 -0.341 18.57 19.11 04a59946o0157o
59946.101096  18.841  0.269   106   28 o  0   1.01  48.98246 -18.08509  6441.83  9670.15 2.88 2.36 -73.8 -0.341 18.56 19.14 04a59946o0169o
59946.836761  19.173  0.280    78   22 o  0   1.59  48.98246 -18.08509  2336.87  5913.31 2.70 2.30 -66.9 -0.367 18.66 19.24 03a59947o0139o
59946.842960  18.605  0.167   131   22 o  0   1.33  48.98246 -18.08509  2354.46  5936.21 2.57 2.27 -60.3 -0.374 18.71 19.25 03a59947o0152o
59946.846118  18.473  0.128   148   19 o  0   1.73  48.98246 -18.08509  2298.27  5849.83 2.55 2.21 -61.3 -0.370 18.71 19.23 03a59947o0159o
59946.860425  19.513  0.456    57   26 o  0   0.95  48.98246 -18.08509  2278.20  5926.34 2.65 2.31 -65.0 -0.375 18.65 19.19 03a59947o0190o
59947.902824  18.514  0.207   143   30 o  0   0.99  48.98246 -18.08509  2362.70  5728.26 3.04 2.53 -58.0 -0.375 18.45 19.02 03a59948o0232o
59947.906453  18.602  0.225   132   30 o  0   1.51  48.98246 -18.08509  2383.63  5757.97 3.13 2.54 -57.7 -0.368 18.38 19.01 03a59948o0240o
59947.913808  19.011  0.344    90   31 o  0   0.92  48.98246 -18.08509  2332.16  5660.52 3.04 2.54 -61.8 -0.372 18.44 19.02 03a59948o0256o
59949.140108  18.921  0.322    98   32 o  0   1.37  48.98246 -18.08509  6440.73  9644.72 2.86 2.21 -73.7 -0.350 18.33 18.75 04a59949o0056o
59950.110796  18.390  0.201   160   32 o  0   0.94  48.98246 -18.08509  6504.96  9580.23 2.98 2.42 -80.2 -0.339 18.35 18.84 04a59950o0188o
59950.113546  18.524  0.197   141   28 o  0   1.51  48.98246 -18.08509  6524.28  9617.70 3.03 2.41 -83.2 -0.321 18.38 18.85 04a59950o0194o
59950.118525  18.671  0.247   124   30 o  0   1.50  48.98246 -18.08509  6467.12  9535.64 3.11 2.77 -72.1 -0.304 18.28 18.82 04a59950o0205o
59950.137718  18.387  0.208   160   33 o  0   1.15  48.98246 -18.08509  6446.30  9645.62 2.86 2.25 -74.9 -0.343 18.37 18.71 04a59950o0246o
59950.869003  18.757  0.178   114   20 o  0   1.27  48.98246 -18.08509  2351.46  5798.39 2.62 2.22 -59.0 -0.384 18.73 19.26 03a59951o0209o
59950.872179  18.922  0.215    98   21 o  0   1.62  48.98246 -18.08509  2371.36  5828.83 2.54 2.15 -57.3 -0.384 18.76 19.24 03a59951o0216o
59950.879437  18.637  0.165   127   21 o  0   1.50  48.98246 -18.08509  2318.69  5731.50 2.54 2.14 -59.1 -0.375 18.75 19.21 03a59951o0231o
59950.901452  18.654  0.174   125   22 o  0   1.41  48.98246 -18.08509  2307.85  5789.74 2.62 2.19 -59.6 -0.378 18.64 19.11 03a59951o0279o
59951.820456  18.807  0.214   109   23 o  0   1.20  48.98246 -18.08509 10112.53  9618.99 2.99 2.25 -54.8 -0.453 18.94 19.73 03a59952o0102o
59951.823609  18.734  0.201   116   23 o  0   1.25  48.98246 -18.08509 10131.62  9650.28 3.07 2.34 -56.2 -0.451 18.95 19.71 03a59952o0109o
59951.827220  18.450  0.181   151   28 o  0   1.16  48.98246 -18.08509   184.55  9378.31 2.85 2.53 -56.7 -0.450 18.86 19.61 03a59952o0117o
59951.829477  18.519  0.153   142   22 o  0   0.82  48.98246 -18.08509 10074.73  9552.90 2.68 2.09 -55.1 -0.438 19.02 19.67 03a59952o0122o
59951.830844  18.774  0.177   112   20 o  0   1.34  48.98246 -18.08509   201.85  9407.36 2.80 2.42 -62.6 -0.415 18.93 19.67 03a59952o0125o
59951.843057  19.275  0.302    71   21 o  0   1.50  48.98246 -18.08509 10053.43  9633.02 2.99 2.24 -54.4 -0.428 18.88 19.58 03a59952o0151o
59951.845389  18.779  0.175   112   20 o  0   1.40  48.98246 -18.08509   145.42  9289.64 2.67 2.31 -63.3 -0.443 18.90 19.59 03a59952o0156o
59951.862342  18.892  0.268   101   27 o  0   1.01  48.98246 -18.08509   125.74  9361.42 3.00 2.64 -71.5 -0.425 18.82 19.51 03a59952o0193o
59952.838145  18.775  0.198   112   22 o  0   0.82  48.98246 -18.08509 10114.27  9566.47 2.87 2.20 -58.7 -0.452 19.09 19.95 03a59953o0129o
59952.841757  18.919  0.211    98   21 o  0   1.14  48.98246 -18.08509 10133.48  9596.56 2.87 2.17 -55.7 -0.459 19.05 19.93 03a59953o0137o
59952.847190  18.812  0.162   108   18 o  0   1.79  48.98246 -18.08509 10078.20  9500.74 2.81 2.15 -57.2 -0.449 19.06 19.88 03a59953o0149o
59952.858460  18.582  0.150   134   20 o  0   1.14  48.98246 -18.08509 10061.75  9587.79 2.85 2.16 -58.8 -0.457 19.00 19.79 03a59953o0174o
59952.859810  18.624  0.161   129   21 o  0   1.34  48.98246 -18.08509   188.73  9286.07 2.76 2.32 -64.8 -0.414 19.04 19.84 03a59953o0177o
59952.862971  18.743  0.175   116   20 o  0   1.27  48.98246 -18.08509   208.40  9316.93 2.76 2.40 -64.1 -0.415 19.07 19.82 03a59953o0184o
59952.868120  18.868  0.208   103   21 o  0   1.86  48.98246 -18.08509   154.83  9225.10 2.69 2.23 -70.7 -0.414 19.02 19.74 03a59953o0195o
59952.890751  18.579  0.166   134   22 o  0   1.57  48.98246 -18.08509   142.75  9282.98 2.82 2.40 -60.3 -0.421 18.93 19.66 03a59953o0245o
59953.122883  18.499  0.167   145   24 o  0   1.86  48.98246 -18.08509  9569.81  3591.56 2.99 2.04 -23.6 -0.422 18.80 19.72 04a59953o0218o
59953.125590  19.053  0.332    87   29 o  0   0.80  48.98246 -18.08509  9588.13  3629.51 2.98 1.97 -24.9 -0.412 18.81 19.68 04a59953o0224o
59953.130995  19.085  0.284    84   24 o  0   1.31  48.98246 -18.08509  9528.54  3549.61 2.88 1.92 -22.1 -0.418 18.84 19.66 04a59953o0236o
59953.142526  18.807  0.208   109   23 o  0   1.41  48.98246 -18.08509  9504.90  3663.42 2.75 1.88 -23.5 -0.434 18.80 19.57 04a59953o0260o
59954.070847  18.737  0.131   116   15 o  0   1.52  48.98246 -18.08509  9568.46  3619.04 3.17 2.22 -24.6 -0.414 19.20 20.69 04a59954o0102o
59954.074060  18.568  0.127   136   17 o  0   1.37  48.98246 -18.08509  9587.21  3655.01 3.07 2.20 -22.5 -0.407 19.24 20.62 04a59954o0109o
59954.079955  18.443  0.120   152   18 o  0   1.91  48.98246 -18.08509  9528.43  3572.69 3.09 2.21 -23.4 -0.429 19.13 20.51 04a59954o0122o
59954.090399  18.566  0.152   136   21 o  0   1.80  48.98246 -18.08509  9510.76  3681.35 2.55 2.15 -34.1 -0.488 19.08 20.25 04a59954o0142o
59954.820653  18.633  0.128   128   16 o  0   1.22  48.98246 -18.08509 10106.17  9596.67 2.98 2.21 -56.5 -0.469 19.46 20.88 03a59955o0099o
59954.823808  18.709  0.142   119   17 o  0   1.30  48.98246 -18.08509 10125.59  9628.21 3.00 2.25 -57.6 -0.459 19.23 20.66 03a59955o0106o
59954.825609  18.824  0.132   107   14 o  0   1.45  48.98246 -18.08509   178.67  9361.13 2.86 2.49 -58.9 -0.421 19.40 20.82 03a59955o0110o
59954.828797  18.905  0.148   100   15 o  0   1.31  48.98246 -18.08509   196.24  9391.51 2.77 2.35 -63.2 -0.427 19.40 20.84 03a59955o0117o
59954.830672  19.074  0.179    85   15 o  0   1.22  48.98246 -18.08509 10068.60  9528.37 2.96 2.24 -61.1 -0.454 18.96 20.39 03a59955o0121o
59954.834787  18.857  0.134   104   14 o  0   1.08  48.98246 -18.08509   140.02  9296.95 2.71 2.30 -58.3 -0.433 19.47 20.87 03a59955o0130o
59954.850119  18.727  0.138   117   16 o  0   1.19  48.98246 -18.08509 10051.31  9591.39 2.81 2.26 -56.4 -0.454 19.37 20.62 03a59955o0163o
59954.850570  18.779  0.138   112   16 o  0   1.12  48.98246 -18.08509   118.36  9371.06 2.76 2.45 -62.1 -0.418 19.35 20.64 03a59955o0164o
59955.871214  19.124  0.215    81   18 o  0   1.38  48.98246 -18.08509 10143.55  9497.14 2.72 2.12 -56.4 -0.458 18.84 20.12 03a59956o0215o
59955.877332 -22.064 36.000    -5  195 o  0   1.61  48.98246 -18.08509 10090.10  9399.89 3.05 2.36 -55.8 -0.544 16.18 17.38 03a59956o0228o
59956.836155  21.485  2.938     9   27 c  0   1.56  48.98246 -18.08509 10114.93  9545.56 3.35 2.78 -57.8 -0.388 18.59 20.64 03a59957o0140c
59956.839314  18.961  0.203    95   19 c  0   1.74  48.98246 -18.08509 10134.29  9577.40 3.80 3.28 -62.6 -0.358 18.70 20.96 03a59957o0147c
59956.848098  20.387  0.871    25   22 c  0   1.33  48.98246 -18.08509 10081.08  9472.19 3.29 2.61 -59.6 -0.398 19.34 21.40 03a59957o0166c
59956.858032  19.601  0.225    52   12 c  0   1.64  48.98246 -18.08509 10065.37  9562.66 3.34 2.72 -60.4 -0.406 19.47 21.58 03a59957o0188c
59956.858483  19.863  0.291    41   12 c  0   2.00  48.98246 -18.08509   191.80  9263.65 3.23 2.86 -48.4 -0.367 19.40 21.53 03a59957o0189c
59956.862850  19.039  0.148    88   13 c  0   1.05  48.98246 -18.08509   213.22  9292.35 3.11 2.77 -44.2 -0.355 19.44 21.54 03a59957o0198c
59956.868273  19.426  0.233    62   14 c  0   1.30  48.98246 -18.08509   158.17  9198.08 3.05 2.60 -62.2 -0.369 19.57 21.67 03a59957o0210c
59956.885826  19.112  0.152    82   12 c  0   1.34  48.98246 -18.08509   146.10  9269.89 2.97 2.59 -50.1 -0.379 19.49 21.31 03a59957o0248c
59956.886277  18.998  0.145    91   13 c  0   1.49  48.98246 -18.08509 10120.89  9431.17 3.15 2.50 -58.4 -0.404 19.45 21.25 03a59957o0249c
59957.073075  18.784  0.163   111   18 o  0   0.93  48.98246 -18.08509  9570.55  3607.33 2.90 2.30  76.0 -0.467 19.12 20.93 04a59957o0109o
59957.076229  18.771  0.128   113   14 o  0   1.49  48.98246 -18.08509  9590.23  3642.86 3.06 2.79  79.8 -0.415 19.11 21.00 04a59957o0116o
59957.081760  18.720  0.134   118   16 o  0   1.39  48.98246 -18.08509  9530.81  3561.41 2.90 2.39  72.4 -0.426 19.21 20.98 04a59957o0128o
59957.091395  18.719  0.127   118   15 o  0   1.55  48.98246 -18.08509  9512.06  3672.33 3.03 2.59  73.1 -0.398 19.11 20.87 04a59957o0148o
59958.121261  18.654  0.128   125   16 o  0   1.43  48.98246 -18.08509  9568.39  3582.26 2.41 2.23 -85.1 -0.484 19.25 20.91 04a59958o0213o
59958.130790  18.692  0.139   121   17 o  0   1.56  48.98246 -18.08509  9526.00  3542.17 2.31 2.18 -66.5 -0.503 19.28 20.89 04a59958o0234o
59958.146917  18.647  0.157   126   20 o  0   0.92  48.98246 -18.08509  9498.67  3655.36 2.52 2.49 -53.7 -0.439 19.15 20.81 04a59958o0269o
59960.809714  19.130  0.138    81   11 c  0   2.08  48.98246 -18.08509 10027.72  7630.93 3.09 2.33 -63.8 -0.389 19.35 21.32 03a59961o0039c
59960.812893  19.172  0.135    78   10 c  0   1.87  48.98246 -18.08509 10046.58  7661.65 3.17 2.42 -66.8 -0.385 19.42 21.41 03a59961o0046c
59960.819247  19.442  0.189    61   12 c  0   1.36  48.98246 -18.08509  9991.08  7564.76 3.01 2.35 -64.5 -0.380 19.48 21.45 03a59961o0060c
59960.825562  19.518  0.182    57   10 c  0   1.62  48.98246 -18.08509   130.02  7369.95 2.67 2.39 -55.3 -0.365 19.42 21.42 03a59961o0074c
59960.828726  20.044  0.272    35   10 c  0   2.02  48.98246 -18.08509   148.86  7400.25 2.72 2.45 -53.7 -0.365 19.41 21.39 03a59961o0081c
59960.833787  19.542  0.206    55   11 c  0   1.94  48.98246 -18.08509  9974.95  7641.88 3.05 2.31 -62.6 -0.386 19.48 21.46 03a59961o0092c
59960.834687  19.490  0.187    58   11 c  0   1.56  48.98246 -18.08509    94.29  7306.87 2.73 2.39 -56.8 -0.371 19.47 21.45 03a59961o0094c
59960.847578  19.996  0.469    36   17 c  0   1.10  48.98246 -18.08509    77.32  7389.47 2.69 2.35 -55.7 -0.362 18.97 20.84 03a59961o0122c
59961.116675  18.605  0.105   131   14 o  0   1.80  48.98246 -18.08509   732.58  9885.83 3.23 2.21 -78.5 -0.386 19.42 20.95 04a59961o0206o
59961.119383  18.766  0.131   113   15 o  0   1.08  48.98246 -18.08509   748.95  9924.27 3.37 2.23 -77.7 -0.382 19.40 20.92 04a59961o0212o
59961.126354  18.796  0.148   110   16 o  0   0.82  48.98246 -18.08509   691.19  9844.20 3.21 2.13 -81.7 -0.410 19.37 20.87 04a59961o0227o
59961.139569  18.944  0.176    96   17 o  0   0.92  48.98246 -18.08509   666.65  9960.66 3.24 2.20 -77.9 -0.378 19.31 20.74 04a59961o0252o
59962.072069  18.588  0.411   133   55 o  0   1.49  48.98246 -18.08509   728.65  9909.15 2.85 2.00 -76.7 -0.418 17.91 20.67 04a59962o0111o
59962.075288  18.706  0.305   120   36 o  0   1.23  48.98246 -18.08509   747.17  9946.00 3.45 2.34  82.0 -0.481 18.57 20.91 04a59962o0118o
59962.081646  18.221  0.342   187   64 o  0   0.95  48.98246 -18.08509   689.58  9863.68 2.74 1.95 -72.9 -0.412 17.85 20.49 04a59962o0132o
59962.837503  17.429  1.367   388  530 c  0   0.81  48.98246 -18.08509  9984.33  7611.91 2.52 2.10 -59.2 -0.494 17.55 19.42 03a59963o0143c
59962.838416 -18.952  1.943   -95  185 c  0   1.06  48.98246 -18.08509   102.93  7277.20 2.47 2.25 -40.8 -0.385 17.36 19.27 03a59963o0145c
59963.886341  19.310  0.138    68    9 c  0   1.61  48.98246 -18.08509  3901.88  1325.85 2.39 2.24 -60.6 -0.388 19.69 21.53 03a59964o0247c
59963.905566  19.163  0.119    78    9 c  0   2.24  48.98246 -18.08509  3924.31  1368.39 2.38 2.28 -61.1 -0.385 19.63 21.45 03a59964o0289c
59963.908398  19.172  0.121    78    9 c  0   1.51  48.98246 -18.08509  3865.57  1288.19 2.44 2.32 -56.0 -0.385 19.59 21.44 03a59964o0295c
59963.923481  19.332  0.151    67   10 c  0   1.52  48.98246 -18.08509  3846.97  1404.53 2.44 2.41 -68.9 -0.375 19.53 21.36 03a59964o0328c
59965.073043  18.847  0.121   105   13 o  0   1.42  48.98246 -18.08509   733.52  9898.42 3.41 2.31 -79.2 -0.367 19.47 21.28 04a59965o0114o
59965.076652  18.943  0.137    96   13 o  0   1.35  48.98246 -18.08509   752.30  9935.08 3.49 2.32 -77.7 -0.354 19.50 21.26 04a59965o0122o
59965.082241  18.724  0.111   118   13 o  0   1.59  48.98246 -18.08509   693.18  9855.07 3.50 2.62 -79.2 -0.339 19.41 21.15 04a59965o0134o
59965.102502  19.124  0.160    81   13 o  0   1.21  48.98246 -18.08509   670.03  9965.58 3.13 2.17 -80.3 -0.408 19.50 21.10 04a59965o0178o
59967.798360  19.419  0.162    62   10 c  0   1.36  48.98246 -18.08509  5370.50  5229.38 2.65 2.34 -55.5 -0.365 19.66 21.58 03a59968o0063c
59967.801511  19.396  0.129    63    8 c  0   1.62  48.98246 -18.08509  5389.86  5268.69 2.50 2.25 -56.5 -0.367 19.72 21.64 03a59968o0070c
59967.811431  19.680  0.172    49    8 c  0   1.88  48.98246 -18.08509  5333.70  5190.85 2.61 2.33 -53.8 -0.362 19.67 21.67 03a59968o0091c
59967.816921  19.394  0.125    63    8 c  0   1.93  48.98246 -18.08509  5312.76  5306.10 2.53 2.27 -53.1 -0.364 19.71 21.69 03a59968o0103c
59969.107499  18.796  0.119   110   13 o  0   1.18  48.98246 -18.08509  3421.02  3355.86 2.17 2.10 -78.8 -0.418 19.37 20.86 04a59969o0192o
59969.111143  19.021  0.157    89   14 o  0   1.41  48.98246 -18.08509  3438.74  3394.69 2.10 2.05  82.7 -0.425 19.35 20.88 04a59969o0200o
59969.116615  18.949  0.125    96   12 o  0   1.45  48.98246 -18.08509  3378.72  3316.62 2.01 1.96  66.7 -0.430 19.38 20.82 04a59969o0212o
59969.127983  19.039  0.121    88   11 o  0   1.65  48.98246 -18.08509  3353.65  3432.12 1.99 1.91  83.7 -0.426 19.36 20.75 04a59969o0237o
59970.063145  19.018  0.147    90   13 o  0   1.45  48.98246 -18.08509  3422.62  3372.13 2.23 2.19  60.4 -0.419 19.24 20.66 04a59970o0095o
59970.066303  18.951  0.124    96   12 o  0   1.44  48.98246 -18.08509  3441.73  3408.89 2.18 2.13  55.3 -0.427 19.27 20.73 04a59970o0102o
59970.071852  19.130  0.185    81   15 o  0   0.89  48.98246 -18.08509  3384.05  3327.36 2.24 2.12  79.6 -0.429 19.26 20.78 04a59970o0114o
59970.085168  18.918  0.139    98   14 o  0   1.42  48.98246 -18.08509  3361.31  3437.97 2.27 2.18  82.1 -0.411 19.24 20.73 04a59970o0143o
59970.800797  18.947  0.131    96   13 o  0   1.58  48.98246 -18.08509  5370.93  5231.80 2.36 2.02 -55.4 -0.392 19.35 20.59 03a59971o0071o
59970.803950  19.059  0.142    86   12 o  0   1.64  48.98246 -18.08509  5388.76  5270.70 2.38 2.05 -58.0 -0.397 19.36 20.58 03a59971o0078o
59970.823014  19.113  0.154    82   13 o  0   1.19  48.98246 -18.08509  5333.93  5192.46 2.28 1.99 -55.1 -0.405 19.35 20.62 03a59971o0119o
59970.842056  19.142  0.183    80   15 o  0   1.13  48.98246 -18.08509  5312.10  5308.56 2.40 2.10 -57.6 -0.394 19.29 20.53 03a59971o0160o
59971.848586  19.108  0.195    82   16 o  0   0.89  48.98246 -18.08509  5376.58  5233.75 2.55 2.23 -40.9 -0.372 19.10 20.21 03a59972o0177o
59971.851743  19.790  0.303    44   13 o  0   1.35  48.98246 -18.08509  5395.55  5273.50 2.45 2.18 -43.3 -0.383 19.11 20.21 03a59972o0184o
59971.861908  19.161  0.223    79   18 o  0   0.97  48.98246 -18.08509  5339.98  5193.79 2.48 2.18 -38.1 -0.377 19.11 20.19 03a59972o0206o
59971.867385  19.040  0.194    88   17 o  0   1.07  48.98246 -18.08509  5318.52  5308.97 2.58 2.28 -32.4 -0.368 19.06 20.20 03a59972o0218o
59973.050736  18.695  0.139   121   17 o  0   1.53  48.98246 -18.08509  3421.74  3373.71 2.27 2.15  71.3 -0.426 18.84 19.81 04a59973o0071o
59973.064145  18.893  0.185   101   19 o  0   1.36  48.98246 -18.08509  3440.89  3406.19 2.34 2.15  89.8 -0.424 18.84 19.83 04a59973o0100o
59973.067299  19.021  0.195    90   18 o  0   1.22  48.98246 -18.08509  3382.83  3325.90 2.32 2.15  80.7 -0.416 18.85 19.84 04a59973o0107o
59973.072716  18.759  0.180   114   20 o  0   1.34  48.98246 -18.08509  3361.79  3438.55 2.34 2.16  78.8 -0.414 18.81 19.80 04a59973o0119o
59974.100362  18.781  0.165   112   18 o  0   1.97  48.98246 -18.08509  3418.64  3353.90 2.30 2.16  46.5 -0.412 18.77 19.66 04a59974o0181o
59974.103599  18.755  0.166   114   19 o  0   1.95  48.98246 -18.08509  3437.81  3392.69 2.12 2.11 -81.7 -0.451 18.78 19.64 04a59974o0188o
59974.109560  19.458  0.394    60   24 o  0   0.80  48.98246 -18.08509  3374.32  3315.71 2.13 2.09  84.9 -0.414 18.75 19.61 04a59974o0201o
59974.119603  19.163  0.275    78   22 o  0   1.35  48.98246 -18.08509  3352.22  3432.10 2.15 2.09 -15.8 -0.461 18.76 19.48 04a59974o0223o
59974.828955  19.242  0.209    73   15 o  0   1.28  48.98246 -18.08509  5381.12  5238.83 2.30 2.04 -50.2 -0.402 19.01 19.79 03a59975o0138o
59974.832145  18.815  0.164   108   18 o  0   0.96  48.98246 -18.08509  5398.61  5277.44 2.38 2.10 -52.4 -0.386 18.97 19.76 03a59975o0145o
59974.837570  18.988  0.191    92   18 o  0   1.25  48.98246 -18.08509  5343.81  5199.01 2.37 2.09 -50.9 -0.452 18.93 19.75 03a59975o0157o
59974.848599  19.003  0.190    91   17 o  0   1.78  48.98246 -18.08509  5319.97  5313.04 2.29 2.04 -49.2 -0.401 18.93 19.60 03a59975o0181o
59975.807745  19.180  0.259    77   20 o  0   1.36  48.98246 -18.08509  6315.80  9613.56 2.78 2.29 -45.4 -0.384 18.87 19.57 03a59976o0078o
59975.810901  18.809  0.200   109   22 o  0   1.27  48.98246 -18.08509  6334.36  9653.34 2.73 2.25 -41.5 -0.391 18.87 19.57 03a59976o0085o
59975.830055  18.918  0.220    98   22 o  0   0.99  48.98246 -18.08509  6280.17  9574.25 2.79 2.35 -44.0 -0.385 18.79 19.50 03a59976o0127o
59977.096386  19.358  0.356    66   23 o  0   0.89  48.98246 -18.08509  1687.86  7331.49 2.65 2.00 -87.6 -0.368 18.67 19.37 04a59977o0176o
59977.099545  19.015  0.250    90   22 o  0   1.25  48.98246 -18.08509  1705.61  7369.46 2.75 2.07 -86.7 -0.368 18.65 19.34 04a59977o0183o
59977.105462  18.993  0.263    92   24 o  0   1.05  48.98246 -18.08509  1647.58  7291.99 2.72 2.09 -87.1 -0.372 18.59 19.31 04a59977o0196o
59977.116022  19.484  0.414    58   24 o  0   1.30  48.98246 -18.08509  1621.99  7408.59 2.90 2.25  84.7 -0.352 18.55 19.27 04a59977o0219o
59978.048073  19.546  0.420    55   23 o  0   1.29  48.98246 -18.08509  1693.34  7342.94 2.81 2.22 -86.6 -0.370 18.56 19.31 04a59978o0071o
59978.052922  18.722  0.232   118   27 o  0   0.83  48.98246 -18.08509  1710.60  7380.07 2.77 2.20 -82.5 -0.358 18.57 19.28 04a59978o0081o
59978.058493  19.146  0.340    80   27 o  0   0.91  48.98246 -18.08509  1653.03  7300.64 2.80 2.23 -86.2 -0.369 18.52 19.24 04a59978o0093o
59978.085206  19.417  0.415    62   26 o  0   1.02  48.98246 -18.08509  1624.94  7408.73 2.74 2.11 -87.0 -0.357 18.57 19.21 04a59978o0150o
59979.830839  19.844  0.635    42   27 o  0   1.01  48.98246 -18.08509  6323.39  9618.24 3.03 2.50 -41.3 -0.376 18.61 19.23 03a59980o0148o
59979.834452  18.940  0.279    96   27 o  0   1.07  48.98246 -18.08509  6341.67  9656.84 2.89 2.39 -39.5 -0.379 18.60 19.18 03a59980o0156o
59979.852535  19.618  0.558    52   29 o  0   1.16  48.98246 -18.08509  6289.20  9576.83 2.81 2.32 -40.7 -0.383 18.58 19.06 03a59980o0195o
59979.858079  19.440  0.465    61   28 o  0   1.16  48.98246 -18.08509  6267.14  9692.38 2.86 2.40 -37.3 -0.373 18.51 19.01 03a59980o0207o
59982.101792  18.862  0.271   104   28 o  0   1.14  48.98246 -18.08509  1675.94  7332.51 2.59 2.01 -82.8 -0.382 18.47 19.11 04a59982o0194o
59982.105915  19.572  0.406    54   22 o  0   2.59  48.98246 -18.08509  1693.10  7371.37 2.46 2.05 -80.5 -0.398 18.46 19.05 04a59982o0203o
59982.114682  18.749  0.280   115   32 o  0   1.06  48.98246 -18.08509  1632.46  7295.53 2.69 2.11 -85.6 -0.355 18.39 18.98 04a59982o0222o
59982.136918  19.557  0.736    55   40 o  0   1.16  48.98246 -18.08509  1600.06  7418.40 2.84 2.18 -86.6 -0.355 18.22 18.76 04a59982o0270o
59982.840679  20.262  3.407    28   97 o  0   0.90  48.98246 -18.08509  6330.16  9621.22 3.15 2.66 -35.5 -0.369 17.35 17.88 03a59983o0174o
59982.843855  19.893  2.573    40  103 o  0   0.99  48.98246 -18.08509  6348.26  9659.85 3.26 2.74 -37.5 -0.367 17.43 18.04 03a59983o0181o
59982.849381  19.000  0.279    91   26 o  0   1.09  48.98246 -18.08509  6293.30  9579.51 2.99 2.55 -36.8 -0.380 18.54 19.37 03a59983o0193o
59982.864651  19.426  0.489    62   30 o  0   1.40  48.98246 -18.08509  6275.65  9695.38 3.06 2.50 -33.5 -0.369 18.45 19.13 03a59983o0226o
59983.773490  18.897  0.320   100   32 o  0   1.77  48.98246 -18.08509  9523.65  3731.94 2.76 2.12 -63.3 -0.344 18.11 18.22 03a59984o0015o
59983.776643  19.393  0.343    64   22 o  0   1.79  48.98246 -18.08509  9541.58  3770.28 2.52 2.00 -61.5 -0.376 18.68 19.07 03a59984o0022o
59983.783872  19.559  0.263    54   14 o  0   1.25  48.98246 -18.08509  9484.26  3689.57 2.50 2.03 -60.5 -0.388 19.23 20.28 03a59984o0038o
59983.793908  19.537  0.235    56   13 o  0   1.25  48.98246 -18.08509  9460.47  3803.68 2.69 2.18 -61.7 -0.382 19.37 20.85 03a59984o0060o
59984.779342  19.043  0.255    88   22 o  0   0.92  48.98246 -18.08509  4410.30  9609.36 2.65 2.23 -48.7 -0.365 18.88 19.51 03a59985o0043o
59984.782945  19.524  0.309    56   17 o  0   1.22  48.98246 -18.08509  4428.70  9638.43 2.74 2.26 -47.2 -0.366 19.13 20.07 03a59985o0051o
59984.794233  19.409  0.190    62   12 o  0   1.49  48.98246 -18.08509  4378.79  9529.72 2.51 2.18 -48.8 -0.388 19.49 20.81 03a59985o0076o
59984.800591  19.729  0.255    47   12 o  0   1.46  48.98246 -18.08509  4360.87  9630.29 2.63 2.19 -47.0 -0.379 19.51 20.90 03a59985o0090o
59985.786281  18.982  0.146    93   14 o  0   1.41  48.98246 -18.08509  4408.53  9582.81 2.72 2.28 -43.0 -0.372 19.36 20.65 03a59986o0059o
59985.789438  19.348  0.176    66   12 o  0   1.97  48.98246 -18.08509  4428.01  9613.58 2.71 2.29 -44.8 -0.373 19.44 20.82 03a59986o0066o
59985.796194  19.138  0.161    80   13 o  0   1.26  48.98246 -18.08509  4376.45  9516.55 2.72 2.26 -41.4 -0.374 19.51 21.00 03a59986o0081o
59985.809699  19.129  0.156    81   13 o  0   1.11  48.98246 -18.08509  4363.29  9599.02 2.73 2.29 -41.6 -0.377 19.50 21.02 03a59986o0110o
59987.024505 -21.827  3.514    -7   24 c  0   1.28  48.98246 -18.08509  5542.68  7132.62 2.83 2.33 -63.7 -0.365 18.51 19.53 04a59987o0032c
59987.027657  21.558  2.419     9   21 c  0   0.86  48.98246 -18.08509  5561.03  7169.18 2.84 2.39 -69.4 -0.369 18.80 20.16 04a59987o0039c
59987.033971  19.488  0.268    58   16 c  0   0.95  48.98246 -18.08509  5503.26  7087.47 2.84 2.40 -71.9 -0.374 19.10 20.95 04a59987o0053c
59987.055288  20.072  0.337    34   11 c  0   1.51  48.98246 -18.08509  5479.25  7200.82 2.68 2.24 -71.9 -0.382 19.30 21.24 04a59987o0100c
59989.822002  19.304  0.171    69   12 o  0   1.83  48.98246 -18.08509  9522.86  3729.92 2.57 2.07 -66.2 -0.386 19.36 20.75 03a59990o0144o
59989.825266  19.478  0.263    59   16 o  0   1.21  48.98246 -18.08509  9544.15  3770.35 2.88 2.26 -68.7 -0.371 19.23 20.72 03a59990o0151o
59989.831700  19.330  0.184    67   12 o  0   1.41  48.98246 -18.08509  9487.85  3690.67 2.58 2.15 -61.8 -0.390 19.30 20.70 03a59990o0165o
59989.845898  19.861  0.305    41   13 o  0   1.27  48.98246 -18.08509  9466.43  3802.21 2.33 2.02 -59.4 -0.397 19.34 20.62 03a59990o0196o
59991.073919  20.580  0.551    21   12 c  0   1.47  48.98246 -18.08509  5527.76  7124.92 2.58 2.13 -68.2 -0.394 19.36 21.24 04a59991o0147c
59991.077088  19.711  0.265    47   12 c  0   1.48  48.98246 -18.08509  5546.16  7164.44 2.67 2.28 -69.5 -0.376 19.28 21.22 04a59991o0154c
59991.082971  20.416  0.383    25   10 c  0   2.18  48.98246 -18.08509  5485.09  7087.85 2.52 2.07 -72.9 -0.385 19.34 21.16 04a59991o0167c
59991.097148  20.890  0.778    16   12 c  0   1.36  48.98246 -18.08509  5457.59  7207.80 2.61 2.14 -71.5 -0.376 19.20 21.05 04a59991o0198c
59993.772193  19.515  0.473    57   27 o  0   1.22  48.98246 -18.08509   562.20  9811.46 2.93 2.52 -43.8 -0.422 18.90 19.64 03a59994o0042o
59993.775349  19.059  0.287    86   25 o  0   0.96  48.98246 -18.08509   580.05  9850.40 3.03 2.65 -39.5 -0.425 19.06 20.09 03a59994o0049o
59993.782638  19.818  0.375    43   16 o  0   1.63  48.98246 -18.08509   524.76  9771.24 2.94 2.57 -41.0 -0.444 19.35 20.62 03a59994o0065o
59993.792206  19.871  0.428    41   18 o  0   0.98  48.98246 -18.08509   501.97  9888.86 2.82 2.43 -42.3 -0.455 19.43 20.73 03a59994o0086o
59997.792371  19.522  0.381    56   22 o  0   1.72  48.98246 -18.08509 10506.67 10092.24 2.97 2.15 -54.4 -0.469 19.37 20.64 03a59998o0095o
59997.795555  18.283  0.164   176   29 o  0   1.38  48.98246 -18.08509 10525.08 10131.26 2.99 2.18 -52.9 -0.461 19.36 20.61 03a59998o0102o
59997.800979 -23.988 27.667    -1   26 o  0   1.35  48.98246 -18.08509 10467.92 10048.61 3.03 2.24 -52.8 -0.494 19.33 20.61 03a59998o0114o
59997.819651  19.875  0.667    41   27 o  0   1.51  48.98246 -18.08509 10448.18 10161.06 3.16 2.38 -52.3 -0.498 19.27 20.57 03a59998o0155o
59997.824650  19.517  0.304    57   17 o  0   1.54  48.98246 -18.08509   570.37  9815.16 2.82 2.59 -38.9 -0.458 19.38 20.68 03a59998o0166o
59997.827823  19.439  0.284    61   17 o  0   1.27  48.98246 -18.08509   589.83  9854.92 2.65 2.37 -38.1 -0.451 19.37 20.67 03a59998o0173o
59997.838001  19.642  0.336    50   17 o  0   1.46  48.98246 -18.08509   540.12  9778.59 2.67 2.36 -44.4 -0.457 19.33 20.61 03a59998o0195o
59997.843514  20.951  1.174    15   18 o  0   1.26  48.98246 -18.08509   514.47  9893.81 2.82 2.54 -32.9 -0.454 19.34 20.55 03a59998o0207o
60005.761550  19.515  0.461    57   26 o  0   1.14  48.98246 -18.08509  3397.26  3368.06 2.39 2.13 -59.5 -0.402 18.51 18.87 03a60006o0041o
60005.769220  20.041  0.581    35   20 o  0   0.99  48.98246 -18.08509  3415.62  3407.11 2.36 2.11 -62.1 -0.402 18.89 19.61 03a60006o0058o
60005.772375  21.088  1.240    13   16 o  0   1.68  48.98246 -18.08509  3358.79  3327.83 2.39 2.14 -64.2 -0.399 18.90 19.69 03a60006o0065o
60005.790331  19.808  0.466    43   20 o  0   0.90  48.98246 -18.08509  3336.68  3443.14 2.30 2.14 -57.0 -0.420 18.91 19.67 03a60006o0104o
60007.015656  20.499  1.096    23   25 o  0   1.31  48.98246 -18.08509  7740.34  5592.24 2.41 2.02 -18.6 -0.406 18.40 18.85 04a60007o0032o
60007.018810  19.764  0.525    45   24 o  0   1.44  48.98246 -18.08509  7758.59  5630.45 2.51 2.12 -28.2 -0.426 18.52 19.18 04a60007o0039o
60007.026083  20.568  1.090    22   24 o  0   1.15  48.98246 -18.08509  7697.19  5551.61 2.56 2.10 -22.3 -0.423 18.65 19.44 04a60007o0055o
60007.037918  21.145  1.815    13   23 o  0   1.53  48.98246 -18.08509  7670.64  5668.66 2.45 2.07 -25.6 -0.431 18.67 19.41 04a60007o0081o
60013.750296  18.786  0.526   111   58 o  0   1.04  48.98246 -18.08509  1582.38  7296.79 4.04 3.25  -2.2 -0.340 17.80 18.38 03a60014o0032o
60013.760244  19.653  0.540    50   27 o  0   1.15  48.98246 -18.08509  1599.83  7334.45 4.65 3.42  -6.2 -0.378 18.52 20.03 03a60014o0054o
60013.768854  20.139  0.533    32   17 o  0   1.34  48.98246 -18.08509  1546.36  7257.48 3.39 2.73  -5.4 -0.368 18.97 20.35 03a60014o0073o
60013.772033  19.532  0.321    56   18 o  0   1.10  48.98246 -18.08509  1524.42  7372.68 2.92 2.61 -27.3 -0.366 19.09 20.31 03a60014o0080o
60015.050509  21.421  2.250    10   22 o  0   1.25  48.98246 -18.08509  6199.58  1722.32 2.76 2.58 -26.6 -0.404 18.63 19.96 04a60015o0138o
60015.053818  20.103  0.564    33   19 o  0   1.57  48.98246 -18.08509  6216.99  1762.63 2.56 2.24 -23.9 -0.421 18.75 19.91 04a60015o0145o
60015.059754  20.521  1.010    22   23 o  0   1.38  48.98246 -18.08509  6153.44  1687.59 2.67 2.48 -16.3 -0.393 18.60 19.88 04a60015o0158o
60015.072144  24.729 59.500     0   28 o  0   1.16  48.98246 -18.08509  6123.79  1811.75 2.69 2.37 -26.0 -0.392 18.35 19.36 04a60015o0185o
60021.741060 -19.349  1.248   -66   82 c  0   0.99  48.98246 -18.08509  5437.65  7182.70 2.61 2.30 -45.8 -0.368 17.31 18.00 03a60022o0025c
60021.744215 -21.566  3.968    -9   34 c  0   0.92  48.98246 -18.08509  5454.90  7218.58 2.78 2.40 -46.4 -0.360 18.19 19.24 03a60022o0032c
60021.760065 -20.684  4.286   -19   83 c  0   0.96  48.98246 -18.08509  5378.45  7250.76 3.03 2.68 -44.6 -0.356 17.25 19.05 03a60022o0067c
60022.993300  19.676  2.180    49  107 o  0   1.14  48.98246 -18.08509  3506.82  5291.52 2.55 2.35 -79.2 -0.460 17.16 17.03 04a60023o0027o
60022.996454  19.449  0.819    60   49 o  0   1.11  48.98246 -18.08509  3522.70  5328.63 2.51 2.28 -75.8 -0.428 17.79 18.13 04a60023o0034o
60023.001863 -20.936  1.648   -15   25 o  0   1.60  48.98246 -18.08509  3461.68  5251.27 2.42 2.23 -79.7 -0.418 18.47 19.30 04a60023o0046o
60023.022426  20.318  0.740    27   20 o  0   1.25  48.98246 -18.08509  3430.49  5374.66 2.58 2.38 -65.8 -0.434 18.68 19.86 04a60023o0091o
60106.437655  15.489  0.832  2314 1926 o  0   1.10  48.98246 -18.08509  7290.48  7196.45 2.88 2.62 -68.1 -0.351 13.85 14.21 04a60106o0791o
60106.440476  16.459  1.172   947 1110 o  0   1.81  48.98246 -18.08509  7270.07  7158.27 2.65 2.41 -61.4 -0.368 14.19 14.43 04a60106o0797o
60106.443281  16.278  0.609  1119  682 o  0   1.11  48.98246 -18.08509  7327.76  7236.17 2.58 2.35 -64.1 -0.373 14.95 14.93 04a60106o0803o
60106.444750 -15.443  0.546 -2414 1319 o  0   1.10  48.98246 -18.08509  7345.92  7120.91 2.75 2.48 -66.1 -0.381 14.22 14.20 04a60106o0806o
60112.434999 -22.733  5.286    -3   16 c  0   1.77  48.98246 -18.08509   518.06  9035.09 2.93 2.29 -75.0 -0.343 19.14 20.63 04a60112o1034c
60112.437747 -23.896 18.400    -1   18 c  0   1.18  48.98246 -18.08509   497.46  8996.50 2.87 2.25 -75.7 -0.345 18.96 20.30 04a60112o1040c
60112.440510  20.592  1.127    21   24 c  0   1.11  48.98246 -18.08509   556.04  9075.15 2.88 2.16 -73.9 -0.337 18.73 19.82 04a60112o1046c
60112.442056 -20.726  1.792   -19   33 c  0   0.78  48.98246 -18.08509   576.53  8957.50 2.82 2.12 -74.2 -0.340 18.49 19.49 04a60112o1049c
60126.409354  20.823  0.993    17   17 o  0   1.09  48.98246 -18.08509   854.97  3114.20 2.02 1.86 -35.8 -0.404 19.07 20.20 04a60126o1015o
60126.412180  21.197  0.928    12   11 o  0   1.48  48.98246 -18.08509   835.23  3075.44 2.04 1.89 -30.5 -0.412 19.14 20.35 04a60126o1021o
60126.433584  20.248  0.494    29   14 o  0   1.55  48.98246 -18.08509   893.17  3156.23 1.97 1.93 -79.8 -0.385 19.14 20.25 04a60126o1067o
60126.436363 -20.808  1.062   -17   18 o  0   1.00  48.98246 -18.08509   911.94  3039.57 2.11 1.85  47.0 -0.415 18.95 19.95 04a60126o1073o
60127.378352  20.242  1.217    29   35 o  0   1.23  48.98246 -18.08509   862.49  3114.24 2.43 2.04  42.1 -0.380 18.13 18.59 04a60127o0939o
60127.381551 -19.741  0.683   -46   32 o  0   1.50  48.98246 -18.08509   843.58  3075.74 2.46 2.02  38.9 -0.374 18.25 18.70 04a60127o0946o
60127.391246  21.802  6.075     7   42 o  0   1.00  48.98246 -18.08509   897.57  3155.48 2.47 2.10  42.6 -0.382 18.14 18.67 04a60127o0967o
60127.396249  20.712  1.784    19   34 o  0   1.33  48.98246 -18.08509   914.15  3039.90 2.47 2.06  41.6 -0.371 18.11 18.63 04a60127o0978o
60128.173430 -20.173  0.919   -31   28 o  0   0.99  48.98246 -18.08509  9121.60  7131.24 2.73 2.42 -42.2 -0.377 18.53 19.09 03a60128o0925o
60128.176221 -21.802  3.868    -7   27 o  0   1.05  48.98246 -18.08509  9102.42  7092.36 2.82 2.52 -36.4 -0.388 18.50 19.10 03a60128o0931o
60128.178979 -20.461  1.147   -24   27 o  0   1.16  48.98246 -18.08509  9159.50  7170.67 2.87 2.55 -41.2 -0.376 18.49 19.11 03a60128o0937o
60128.181722  20.349  0.952    26   25 o  0   1.24  48.98246 -18.08509  9181.39  7054.86 2.79 2.55 -42.2 -0.375 18.52 19.06 03a60128o0943o
60130.387191  20.927  2.213    16   34 o  0   0.96  48.98246 -18.08509  9106.66  5151.17 2.45 2.16  -6.7 -0.396 18.04 18.76 04a60130o0949o
60130.390010  19.720  0.689    47   32 o  0   0.99  48.98246 -18.08509  9085.83  5113.40 2.50 2.14 -11.9 -0.401 18.22 18.92 04a60130o0955o
60130.395110  20.295  1.159    28   32 o  0   0.96  48.98246 -18.08509  9142.20  5190.99 2.54 2.27 -22.1 -0.382 18.44 19.04 04a60130o0966o
60130.419544 -19.981  0.763   -37   28 o  0   0.92  48.98246 -18.08509  9159.46  5079.29 2.60 2.31 -18.5 -0.373 18.53 19.17 04a60130o1019o
60131.166119  19.544  1.439    55   80 o  0   1.35  48.98246 -18.08509  9041.86  5196.30 2.47 2.11 -47.2 -0.388 17.16 17.17 03a60131o1039o
60131.169814 -20.035  1.985   -35   70 o  0   1.34  48.98246 -18.08509  9025.26  5156.48 2.36 2.12 -45.4 -0.406 17.38 17.31 03a60131o1047o
60131.176728  18.492  0.609   146   89 o  0   0.79  48.98246 -18.08509  9080.57  5234.51 2.39 2.13 -44.0 -0.402 17.30 17.18 03a60131o1062o
60131.188396 -20.191  2.531   -30   77 o  0   1.53  48.98246 -18.08509  9103.23  5118.53 2.37 2.04 -48.2 -0.399 17.23 16.97 03a60131o1087o
60132.079231 -19.607  2.400   -52  125 o  0   1.11  48.98246 -18.08509   977.85  4920.85 3.99 3.02 -10.4 -0.346 17.11 17.62 03a60132o0784o
60132.084364  19.729  1.117    47   52 o  0   0.98  48.98246 -18.08509   950.80  4888.45 4.05 3.02  -8.0 -0.360 17.92 18.71 03a60132o0795o
60132.107418  21.064  3.410    14   46 o  0   1.05  48.98246 -18.08509  1007.10  4954.40 3.75 2.92  -9.8 -0.364 17.95 18.75 03a60132o0838o
60132.122594 -19.873  0.983   -41   40 o  0   1.04  48.98246 -18.08509  1017.82  4843.14 3.85 2.73  -8.0 -0.423 18.08 18.83 03a60132o0867o
60138.153421  20.686  0.603    19   12 o  0   1.77  48.98246 -18.08509  2986.38  6814.17 2.35 2.11 -45.6 -0.395 19.38 20.47 03a60138o0950o
60138.162814  20.113  0.371    33   12 o  0   1.24  48.98246 -18.08509  3023.85  6851.83 2.26 2.05 -52.0 -0.399 19.39 20.49 03a60138o0968o
60138.183407  21.059  1.119    14   15 o  0   1.38  48.98246 -18.08509  3050.97  6733.51 2.43 2.19 -25.4 -0.385 19.12 20.05 03a60138o1012o
60139.338421  20.842  1.062    17   18 o  0   1.39  48.98246 -18.08509  3088.01  6913.36 2.54 2.40 -78.3 -0.367 19.00 20.35 04a60139o0838o
60139.341663  20.002  0.615    36   22 o  0   1.35  48.98246 -18.08509  3067.47  6874.58 2.42 2.09 -88.1 -0.362 18.75 20.04 04a60139o0845o
60139.357431  23.190  8.250     2   16 o  0   1.16  48.98246 -18.08509  3118.45  6954.31 2.25 1.88 -85.0 -0.394 19.22 20.44 04a60139o0875o
60139.362564  20.338  0.621    27   16 o  0   1.24  48.98246 -18.08509  3136.21  6839.20 2.29 1.95 -86.1 -0.387 19.22 20.49 04a60139o0886o
60140.329935 -20.435  0.634   -24   15 o  0   1.05  48.98246 -18.08509  2811.57  3041.79 2.30 2.11  56.5 -0.388 19.10 20.41 04a60140o0837o
60140.334050 -20.154  0.498   -32   16 o  0   1.18  48.98246 -18.08509  2790.24  3003.90 2.31 2.11  53.9 -0.378 19.10 20.44 04a60140o0846o
60140.355771 -22.907  5.955    -2   15 o  0   1.07  48.98246 -18.08509  2839.72  3084.60 1.92 1.89  41.7 -0.426 19.29 20.52 04a60140o0891o
60140.361673  21.208  1.250    12   15 o  0   1.51  48.98246 -18.08509  2857.57  2969.44 2.15 2.05  48.9 -0.431 19.24 20.63 04a60140o0904o
60147.122468  20.188  0.435    30   13 c  0   1.04  48.98246 -18.08509  6670.83  9231.89 2.88 2.47 -20.5 -0.384 19.30 21.23 03a60147o0840c
60147.125347  22.786  4.167     3   12 c  0   1.70  48.98246 -18.08509  6651.36  9192.71 2.79 2.42 -23.8 -0.392 19.30 21.19 03a60147o0846c
60147.131296  21.226  1.020    12   12 c  0   1.75  48.98246 -18.08509  6713.66  9267.04 2.63 2.34 -39.5 -0.397 19.22 21.04 03a60147o0857c
60148.378059 -24.391 20.400    -1   13 o  0   1.86  48.98246 -18.08509  5222.17  5378.23 2.01 1.93 -38.6 -0.439 19.22 20.51 04a60148o0677o
60148.381019  20.293  0.500    28   14 o  0   1.00  48.98246 -18.08509  5203.33  5339.47 1.94 1.89 -44.3 -0.454 19.25 20.51 04a60148o0683o
60148.400809  20.893  0.750    16   12 o  0   1.61  48.98246 -18.08509  5264.54  5417.94 2.01 1.96 -47.0 -0.450 19.36 20.64 04a60148o0723o
60148.421706  20.317  0.601    27   16 o  0   1.23  48.98246 -18.08509  5288.94  5302.49 2.28 2.11 -72.5 -0.410 19.17 20.59 04a60148o0766o
60150.394260 -21.962  1.822    -6   11 o  0   1.85  48.98246 -18.08509  4218.12   939.75 2.24 2.10  44.8 -0.399 19.25 20.69 04a60150o0410o
60151.363204  21.401  1.375    10   14 o  0   1.02  48.98246 -18.08509  4157.36  1016.72 1.88 1.80  63.0 -0.434 19.35 20.57 04a60151o0501o
60151.365945  20.809  0.682    17   12 o  0   1.51  48.98246 -18.08509  4138.71   977.91 1.84 1.79  69.6 -0.436 19.36 20.51 04a60151o0507o
60151.375761 -23.457  5.857    -2    9 o  0   3.16  48.98246 -18.08509  4197.74  1057.13 1.87 1.84 -85.7 -0.442 19.32 20.63 04a60151o0526o
60151.388231 -22.919  4.217    -2   10 o  0   1.92  48.98246 -18.08509  4218.25   940.65 1.88 1.84  84.8 -0.448 19.36 20.60 04a60151o0552o
60154.368007 -20.373  0.623   -26   16 o  0   1.10  48.98246 -18.08509  9904.43   630.50 2.37 2.22 -77.3 -0.435 19.39 20.56 04a60154o0871o
60154.382179  21.586  1.725     8   14 o  0   1.36  48.98246 -18.08509  9964.57   710.03 2.50 2.16 -40.3 -0.392 19.43 20.72 04a60154o0901o
