MJD          m      dm   uJy   duJy F err chi/N     RA       Dec        x        y     maj  min   phi  apfit mag5sig Sky   Obs
59710.593655  19.868  0.478    41   20 o  0   1.00 328.33520  -5.23383  1528.30  3367.43 2.94 2.73 -41.1 -0.491 19.03 20.24 01a59710o0771o
59710.606170  19.307  0.257    69   18 o  0   0.96 328.33520  -5.23383  1509.19  3325.94 2.85 2.64 -42.5 -0.508 19.11 20.17 01a59710o0798o
59710.616047  19.102  0.287    83   24 o  0   0.89 328.33520  -5.23383  1569.65  3403.63 2.88 2.73 -25.9 -0.552 18.70 19.58 01a59710o0819o
59710.620668  19.763  0.986    45   44 o  0   1.07 328.33520  -5.23383  1590.00  3287.79 3.08 2.77 -44.5 -0.489 18.07 18.44 01a59710o0829o
59714.597854  18.943  0.435    96   42 o  0   1.04 328.33520  -5.23383   275.66  7749.89 3.81 3.50 -53.6 -0.346 18.28 19.26 01a59714o0791o
59714.598314  20.147  1.433    32   46 o  0   1.05 328.33520  -5.23383 10511.46  7542.28 3.51 3.43  53.4 -0.354 18.39 19.18 01a59714o0792o
59714.603586  18.649  0.284   126   36 o  0   1.00 328.33520  -5.23383   257.24  7711.87 2.96 2.66 -53.0 -0.424 18.55 19.31 01a59714o0803o
59714.607773  20.185  1.180    31   36 o  0   1.12 328.33520  -5.23383   316.83  7787.28 3.10 2.71 -45.0 -0.404 18.57 19.30 01a59714o0812o
59714.617003  18.718  0.412   118   49 o  0   1.09 328.33520  -5.23383   336.82  7669.51 3.02 2.63 -37.8 -0.411 18.36 18.87 01a59714o0832o
59716.595224  19.134  0.290    81   23 o  0   1.48 328.33520  -5.23383  5512.92  5050.45 2.62 1.83  30.1 -0.419 18.67 18.96 02a59716o0729o
59716.599401  20.257  0.852    29   24 o  0   1.09 328.33520  -5.23383  5532.38  5088.64 2.62 1.81  30.3 -0.421 18.66 18.99 02a59716o0738o
59722.590253  19.024  0.241    89   22 o  0   1.54 328.33520  -5.23383  9557.21  1370.37 3.00 2.67 -57.8 -0.515 18.84 19.76 01a59722o0766o
59722.602382  18.953  0.234    95   22 o  0   1.12 328.33520  -5.23383  9536.60  1323.00 2.99 2.67 -57.9 -0.521 18.85 19.77 01a59722o0791o
59722.613563  18.751  0.219   115   25 o  0   0.88 328.33520  -5.23383  9595.57  1401.63 2.77 2.58 -40.6 -0.520 18.71 19.42 01a59722o0815o
59722.618178  18.920  0.379    98   37 o  0   0.88 328.33520  -5.23383  9615.20  1282.17 2.79 2.59 -44.7 -0.537 18.31 18.68 01a59722o0825o
59724.584354  18.733  0.102   117   12 o  0   2.19 328.33520  -5.23383  9108.10  9237.05 2.13 2.09  28.0 -0.452 19.44 20.43 02a59724o0747o
59724.606050  18.993  0.171    92   16 o  0   0.79 328.33520  -5.23383  9124.43  9276.97 2.18 2.14  35.9 -0.438 19.41 20.42 02a59724o0794o
59724.610218  18.772  0.137   112   15 o  0   1.07 328.33520  -5.23383  9066.69  9196.07 2.29 2.10  26.9 -0.441 19.33 20.20 02a59724o0803o
59724.616648  20.373  0.883    26   23 o  0   1.36 328.33520  -5.23383  9047.99  9314.88 2.28 2.13  25.5 -0.439 18.77 19.18 02a59724o0817o
59725.130802  18.916  0.114    98   11 o  0   1.61 328.33520  -5.23383  6533.63  7869.63 2.24 2.19  68.7 -0.467 19.44 20.60 03a59725o0925o
59725.133663  18.716  0.088   118   10 o  0   3.32 328.33520  -5.23383  6513.42  7831.32 2.21 2.07  60.7 -0.492 19.49 20.63 03a59725o0931o
59725.140737  18.910  0.216    99   21 o  0   1.12 328.33520  -5.23383  6571.24  7909.82 2.38 2.23   8.5 -0.555 19.00 20.23 03a59725o0946o
59725.160487  18.809  0.127   109   14 o  0   0.83 328.33520  -5.23383  6586.85  7799.81 2.22 2.14  51.8 -0.482 19.53 20.74 03a59725o0988o
59728.586034 -19.302  2.775   -69  192 c  0   1.36 328.33520  -5.23383  9107.73  9237.15 2.79 2.48  29.3 -0.392 16.95 18.43 02a59728o0751c
59728.603913  19.111  0.444    82   37 c  0   0.97 328.33520  -5.23383  9128.77  9276.07 2.76 2.52  28.2 -0.390 18.41 19.90 02a59728o0789c
59728.608025  18.905  0.277   100   28 c  0   1.21 328.33520  -5.23383  9069.15  9197.98 2.81 2.50  30.7 -0.388 18.55 20.02 02a59728o0798c
59729.160716  18.794  0.098   110   11 o  0   2.07 328.33520  -5.23383  3488.60  1252.42 2.31 2.19  18.4 -0.450 19.43 20.66 03a59729o0744o
59729.163859  18.798  0.119   110   13 o  0   1.14 328.33520  -5.23383  3468.81  1213.63 2.27 2.15   1.9 -0.452 19.44 20.65 03a59729o0750o
59729.172047  18.704  0.113   120   14 o  0   1.27 328.33520  -5.23383  3522.77  1294.77 2.23 2.13   8.7 -0.462 19.26 20.23 03a59729o0767o
59729.184765  19.017  0.456    90   41 o  0   1.01 328.33520  -5.23383  6943.63  9445.45 2.39 2.15   9.3 -0.482 18.16 18.01 03a59729o0792o
59730.592703  18.829  0.183   107   20 o  0   0.88 328.33520  -5.23383  8725.98  9643.31 3.75 3.31  39.8 -0.373 18.96 20.37 01a59730o0771o
59730.596961  18.663  0.140   124   18 o  0   1.14 328.33520  -5.23383  8705.50  9604.00 3.32 3.12  35.6 -0.401 19.08 20.38 01a59730o0780o
59730.604386  18.930  0.207    97   20 o  0   1.25 328.33520  -5.23383  8768.12  9679.43 4.14 3.27   8.6 -0.364 18.86 20.30 01a59730o0796o
59730.618081  18.774  0.483   112   54 o  0   0.90 328.33520  -5.23383  8787.15  9556.33 4.20 3.33  12.6 -0.340 17.86 18.37 01a59730o0824o
59732.530812  18.622  0.093   129   12 c  0   1.46 328.33520  -5.23383  9923.51  5350.54 2.76 2.43  19.4 -0.413 19.49 21.05 02a59732o0631c
59732.538182  18.795  0.111   110   12 c  0   1.63 328.33520  -5.23383  9948.25  5387.96 2.72 2.47  16.9 -0.410 19.52 21.08 02a59732o0647c
59732.542294  19.067  0.146    86   13 c  0   0.94 328.33520  -5.23383  9888.21  5309.84 2.80 2.44  16.2 -0.406 19.52 21.10 02a59732o0656c
59732.556952  18.929  0.119    97   12 c  0   1.13 328.33520  -5.23383  9868.40  5425.78 2.69 2.41  23.0 -0.412 19.54 21.16 02a59732o0688c
59734.580550  19.149  0.188    80   15 o  0   1.28 328.33520  -5.23383  8727.29  9644.87 3.19 2.91  42.6 -0.424 19.18 20.46 01a59734o0743o
59734.599442  18.760  0.159   114   18 o  0   1.07 328.33520  -5.23383  8709.88  9601.00 3.04 2.83  33.1 -0.435 19.22 20.38 01a59734o0784o
59734.609119  18.438  0.116   153   18 o  0   1.21 328.33520  -5.23383  8774.09  9675.73 3.05 2.77  42.3 -0.441 19.04 20.03 01a59734o0805o
59734.616655  18.367  0.228   163   37 o  0   1.23 328.33520  -5.23383  8791.36  9554.79 2.98 2.80  45.4 -0.452 18.36 18.70 01a59734o0821o
59736.533718  18.665  0.094   124   12 c  0   1.16 328.33520  -5.23383  9927.56  5350.36 2.67 2.46  21.4 -0.410 19.53 21.10 02a59736o0635c
59736.536499  18.737  0.096   116   11 c  0   1.28 328.33520  -5.23383  9946.90  5388.75 2.72 2.44  15.9 -0.410 19.52 21.12 02a59736o0641c
59736.542898  18.718  0.107   118   13 c  0   0.72 328.33520  -5.23383  9887.87  5311.90 2.70 2.42  17.1 -0.406 19.53 21.16 02a59736o0655c
59736.552970  18.618  0.095   130   12 c  0   0.92 328.33520  -5.23383  9866.11  5427.37 2.68 2.44  22.6 -0.408 19.57 21.21 02a59736o0677c
59737.082948  18.641  0.091   127   12 o  0   1.52 328.33520  -5.23383  2164.91  7478.59 2.27 2.13  -4.9 -0.426 19.53 20.93 03a59737o0825o
59737.086634  18.778  0.110   112   12 o  0   1.39 328.33520  -5.23383  2144.85  7439.98 3.23 2.24   1.4 -0.391 19.34 20.91 03a59737o0832o
59737.094833  18.747  0.114   115   13 o  0   1.46 328.33520  -5.23383  2198.98  7519.25 2.89 2.21   0.5 -0.415 19.39 20.93 03a59737o0848o
59737.112890  18.883  0.098   102   10 o  0   1.56 328.33520  -5.23383  2220.68  7405.69 2.21 2.14  11.2 -0.439 19.57 20.93 03a59737o0884o
59738.532758  18.573  0.131   135   18 o  0   1.04 328.33520  -5.23383   399.50  9700.19 2.98 2.60 -47.9 -0.508 19.18 20.60 01a59738o0637o
59738.542436  19.011  0.164    90   15 o  0   1.14 328.33520  -5.23383   381.67  9660.26 3.04 2.58 -37.7 -0.499 19.24 20.71 01a59738o0658o
59738.547966  18.948  0.154    96   15 o  0   1.22 328.33520  -5.23383   443.75  9738.41 2.87 2.44 -44.4 -0.524 19.33 20.75 01a59738o0670o
59738.559937  19.286  0.194    70   14 o  0   1.46 328.33520  -5.23383   464.29  9618.31 2.84 2.60 -43.9 -0.502 19.33 20.87 01a59738o0696o
59740.532872  18.484  0.079   147   12 c  0   1.66 328.33520  -5.23383  2880.89  9030.45 2.54 2.37  -1.7 -0.410 19.49 21.06 02a59740o0630c
59740.538824  18.704  0.093   120   11 c  0   1.90 328.33520  -5.23383  2901.83  9067.15 2.82 2.48  -0.9 -0.396 19.47 21.12 02a59740o0643c
59740.542938  18.899  0.119   100   12 c  0   1.58 328.33520  -5.23383  2843.21  8990.53 2.86 2.64   0.7 -0.393 19.41 21.12 02a59740o0652c
59740.558513  19.039  0.133    88   12 c  0   1.54 328.33520  -5.23383  2823.56  9106.01 2.59 2.45   4.9 -0.407 19.53 21.20 02a59740o0686c
59742.502284  19.195  0.389    76   30 o  0   0.72 328.33520  -5.23383   392.12  9702.56 3.38 2.80 -27.9 -0.469 18.63 19.53 01a59742o0568o
59742.507351  18.794  0.265   110   29 o  0   1.11 328.33520  -5.23383   372.56  9661.76 3.79 3.20 -30.4 -0.410 18.50 19.54 01a59742o0579o
59742.510574  18.971  0.259    94   24 o  0   1.34 328.33520  -5.23383   433.49  9739.93 3.49 2.99 -28.5 -0.452 18.57 19.55 01a59742o0586o
59742.524862  19.203  0.420    76   32 o  0   1.02 328.33520  -5.23383   457.99  9620.85 5.12 3.58  -6.9 -0.332 18.33 19.64 01a59742o0617o
59744.515764  18.603  0.394   131   52 o  0   1.75 328.33520  -5.23383  2878.80  9032.51 2.92 2.41  -0.4 -0.404 18.23 18.71 02a59744o0594o
59744.517591  18.779  0.571   112   64 o  0   1.19 328.33520  -5.23383  2897.01  9071.02 3.46 2.66   0.0 -0.387 18.14 18.72 02a59744o0598o
59744.527429  19.683  1.169    49   57 o  0   0.92 328.33520  -5.23383  2838.64  8994.70 2.62 2.25   4.2 -0.400 18.33 18.77 02a59744o0617o
59744.540243  19.425  0.777    62   48 o  0   1.08 328.33520  -5.23383  2819.88  9110.92 2.48 2.15   4.4 -0.420 18.48 18.83 02a59744o0645o
59746.537230  18.604  0.219   131   29 o  0   1.10 328.33520  -5.23383  7724.79  3449.73 3.04 2.90 -10.9 -0.449 18.46 19.09 01a59746o0646o
59746.539531  18.865  0.290   103   30 o  0   1.23 328.33520  -5.23383  7705.49  3411.08 3.26 3.05 -15.7 -0.424 18.44 19.09 01a59746o0651o
59746.546455  18.687  0.271   122   33 o  0   0.87 328.33520  -5.23383  7766.05  3487.35 2.97 2.90 -17.0 -0.455 18.46 19.08 01a59746o0666o
59746.558436  18.741  0.270   116   31 o  0   0.84 328.33520  -5.23383  7785.08  3367.82 3.06 2.94 -17.1 -0.451 18.45 19.10 01a59746o0692o
59747.240494  18.704  0.256   120   31 o  0   1.33 328.33520  -5.23383  5089.82  5548.57 2.18 2.09 -71.8 -0.371 18.15 18.25 04a59747o0421o
59747.243197  18.876  0.330   102   34 o  0   1.31 328.33520  -5.23383  5069.82  5510.25 2.21 2.11 -61.5 -0.378 18.12 18.23 04a59747o0427o
59747.248603  20.061  1.168    34   40 o  0   0.84 328.33520  -5.23383  5127.98  5586.54 2.42 2.33 -52.4 -0.379 18.08 18.31 04a59747o0439o
59747.267869  18.629  0.215   128   28 o  0   1.34 328.33520  -5.23383  5143.46  5468.59 2.06 1.96 -59.0 -0.372 18.25 18.47 04a59747o0481o
59750.572967  19.226  0.237    74   18 o  0   0.99 328.33520  -5.23383  7729.46  3437.79 3.16 2.90  -5.7 -0.439 18.91 19.95 01a59750o0712o
59750.576191  18.777  0.185   112   21 o  0   1.00 328.33520  -5.23383  7708.97  3398.34 3.00 2.81 -14.2 -0.455 18.95 19.95 01a59750o0719o
59750.581711  18.662  0.164   124   20 o  0   1.06 328.33520  -5.23383  7769.13  3474.99 3.02 2.85 -24.0 -0.455 18.93 19.94 01a59750o0731o
59750.599056  19.883  0.440    40   18 o  0   1.00 328.33520  -5.23383  7787.34  3355.23 2.98 2.81  22.4 -0.444 18.99 19.95 01a59750o0768o
59754.528800  19.091  0.144    84   12 o  0   1.62 328.33520  -5.23383  6629.06  7825.70 2.92 2.78  41.2 -0.447 19.33 20.75 01a59754o0622o
59754.540426  19.269  0.178    71   13 o  0   1.32 328.33520  -5.23383  6611.46  7785.24 2.87 2.78   0.7 -0.454 19.34 20.73 01a59754o0647o
59754.552053  19.243  0.161    73   12 o  0   1.38 328.33520  -5.23383  6671.64  7857.42 2.84 2.78  11.6 -0.458 19.34 20.75 01a59754o0671o
59754.556194  19.144  0.167    80   13 o  0   1.42 328.33520  -5.23383  6689.08  7738.85 2.88 2.78   8.7 -0.454 19.34 20.75 01a59754o0680o
59758.398690  18.886  0.194   101   20 o  0   0.99 328.33520  -5.23383  6600.96  7854.00 3.07 2.81 -44.0 -0.462 18.96 20.27 01a59758o0245o
59758.402351  19.302  0.225    69   16 o  0   1.55 328.33520  -5.23383  6580.44  7813.76 3.02 2.96 -15.9 -0.441 18.99 20.32 01a59758o0253o
59758.437628  19.437  0.255    61   16 o  0   0.99 328.33520  -5.23383  6651.42  7881.33 2.89 2.74 -51.9 -0.466 19.15 20.48 01a59758o0329o
59758.465806  19.558  0.252    54   14 o  0   1.18 328.33520  -5.23383  6675.52  7757.08 2.83 2.68 -53.6 -0.474 19.27 20.64 01a59758o0389o
59762.578619  20.587  0.877    21   19 o  0   0.88 328.33520  -5.23383  7234.80  9274.58 4.97 3.38  -0.5 -0.351 18.97 20.89 01a59762o0370o
59762.584234  19.240  0.229    73   17 o  0   0.97 328.33520  -5.23383  7256.94  9313.50 3.90 3.21   4.7 -0.383 19.14 20.87 01a59762o0382o
59762.592923  23.033  6.571     2   15 o  0   1.39 328.33520  -5.23383  7199.27  9237.65 4.16 3.17  -6.6 -0.393 19.05 20.86 01a59762o0401o
59762.600818  19.210  0.198    75   15 o  0   1.22 328.33520  -5.23383  7185.05  9355.88 3.68 3.24   0.9 -0.395 19.13 20.85 01a59762o0418o
59764.588786 -22.005  8.833    -6   51 c  0   0.57 328.33520  -5.23383  9732.38  3385.52 2.59 2.57 -57.7 -0.401 17.59 19.14 02a59764o0306c
59764.592862  20.407  0.650    25   16 c  0   0.88 328.33520  -5.23383  9713.08  3348.86 2.56 2.52 -32.9 -0.397 19.19 20.88 02a59764o0315c
59764.602834  19.867  0.318    41   13 c  0   0.90 328.33520  -5.23383  9772.73  3426.29 2.57 2.50 -52.6 -0.405 19.54 21.27 02a59764o0336c
59764.611684  19.340  0.218    67   14 c  0   0.92 328.33520  -5.23383  9793.46  3310.76 2.57 2.52 -41.9 -0.401 19.45 21.01 02a59764o0355c
59766.513915  19.432  0.209    61   13 o  0   1.48 328.33520  -5.23383  3317.01  1287.87 2.63 2.58 -18.2 -0.502 19.36 20.80 01a59766o0590o
59766.515739  19.696  0.241    48   12 o  0   1.73 328.33520  -5.23383  3296.61  1248.63 2.67 2.60 -22.1 -0.498 19.39 20.79 01a59766o0594o
59766.518486  20.601  0.602    21   13 o  0   1.54 328.33520  -5.23383  3356.77  1325.52 2.70 2.64 -19.9 -0.493 19.40 20.81 01a59766o0600o
59766.525332  19.760  0.272    45   12 o  0   1.65 328.33520  -5.23383  3372.71  1205.18 2.67 2.62 -39.5 -0.501 19.31 20.68 01a59766o0615o
59768.506337  20.086  0.436    34   15 c  0   0.65 328.33520  -5.23383   846.42  7184.19 2.46 2.32 -25.4 -0.426 19.22 21.00 02a59768o0549c
59768.508170  21.783  1.694     7   12 c  0   1.06 328.33520  -5.23383   865.21  7221.75 2.45 2.30 -26.1 -0.430 19.55 21.32 02a59768o0553c
59768.510906  19.839  0.238    42   10 c  0   1.05 328.33520  -5.23383   805.70  7144.29 2.44 2.29 -29.7 -0.427 19.59 21.33 02a59768o0559c
59768.517260  19.542  0.252    55   14 c  0   0.96 328.33520  -5.23383   785.26  7260.96 2.38 2.24 -21.3 -0.431 19.29 20.96 02a59768o0573c
59769.031894  19.652  0.319    50   16 o  0   1.19 328.33520  -5.23383  4600.01  9819.93 4.22 2.59   1.5 -0.366 19.08 20.72 03a59769o0605o
59769.033827  19.648  0.321    50   16 o  0   0.87 328.33520  -5.23383  4579.14  9780.71 3.91 2.53  -0.7 -0.366 19.16 20.75 03a59769o0609o
59769.043550  19.079  0.175    85   15 o  0   1.10 328.33520  -5.23383  4634.12  9861.34 3.33 2.58  -5.5 -0.375 19.21 20.74 03a59769o0629o
59769.053588  20.308  0.463    27   13 o  0   1.64 328.33520  -5.23383  4654.31  9747.17 3.10 2.63  -3.5 -0.391 19.22 20.71 03a59769o0650o
59770.496586  19.298  0.228    69   16 o  0   1.57 328.33520  -5.23383  2234.25  7609.46 2.94 2.75 -23.4 -0.453 19.05 20.21 01a59770o0553o
59770.499773 -15.723  0.004 -1866    7 o  0 134.17 328.33520  -5.23383  2214.78  7570.23 2.76 2.59 -29.5 -0.474 19.13 20.22 01a59770o0560o
59770.502505  19.582  0.314    53   17 o  0   0.99 328.33520  -5.23383  2275.58  7646.51 2.76 2.59 -28.4 -0.469 19.15 20.25 01a59770o0566o
59770.513966  19.990  0.403    37   15 o  0   1.20 328.33520  -5.23383  2296.07  7529.78 2.67 2.54 -40.8 -0.482 19.20 20.39 01a59770o0590o
59772.480401  19.187  0.281    77   22 o  0   1.18 328.33520  -5.23383  8254.68  1061.48 1.98 1.75 -62.3 -0.477 18.80 19.17 02a59772o0507o
59772.483137  19.307  0.274    69   19 o  0   1.14 328.33520  -5.23383  8273.88  1100.28 1.98 1.78 -65.6 -0.465 18.82 19.18 02a59772o0513o
59772.488564  19.625  0.357    51   18 o  0   1.84 328.33520  -5.23383  8214.66  1022.45 1.96 1.73 -65.1 -0.475 18.89 19.20 02a59772o0525o
59772.493990  19.130  0.244    81   20 o  0   1.73 328.33520  -5.23383  8193.38  1140.69 1.91 1.73 -66.6 -0.469 18.86 19.22 02a59772o0537o
59772.993447  19.205  0.390    76   29 o  0   1.24 328.33520  -5.23383  4619.88  9818.39 2.58 2.35 -37.1 -0.388 18.55 18.76 03a59773o0542o
59772.994798  20.285  0.912    28   26 o  0   1.41 328.33520  -5.23383  4600.82  9778.80 2.57 2.32 -34.3 -0.388 18.55 18.76 03a59773o0545o
59773.002023 -21.711  4.310    -8   32 o  0   1.14 328.33520  -5.23383  4652.32  9859.42 3.14 2.42 -16.1 -0.358 18.39 18.78 03a59773o0561o
59773.011997  19.818  0.667    43   29 o  0   1.08 328.33520  -5.23383  4671.91  9744.53 2.80 2.36 -15.7 -0.373 18.47 18.78 03a59773o0583o
59778.522678  19.924  0.623    39   24 o  0   1.04 328.33520  -5.23383  7960.92  5371.42 3.18 2.91  -8.2 -0.427 18.82 19.84 01a59778o0609o
59778.530598 -20.503  0.990   -23   23 o  0   0.98 328.33520  -5.23383  7982.22  5410.29 3.40 2.97  -7.5 -0.417 18.78 19.85 01a59778o0626o
59778.533793  21.017  1.594    14   23 o  0   1.12 328.33520  -5.23383  7923.29  5334.28 3.25 3.01 -13.4 -0.417 18.76 19.85 01a59778o0633o
59778.552332  21.444  2.178    10   21 o  0   1.01 328.33520  -5.23383  7911.23  5452.26 3.12 2.99  35.6 -0.420 18.88 19.90 01a59778o0673o
59780.576559  20.595  0.648    21   14 o  0   1.38 328.33520  -5.23383  3523.99  3201.26 2.33 2.16  39.4 -0.432 19.25 20.26 02a59780o0519o
59780.582009  19.942  0.410    38   16 o  0   0.98 328.33520  -5.23383  3507.40  3166.13 2.77 2.60  41.6 -0.413 19.09 20.24 02a59780o0531o
59780.604678 -21.522  1.551    -9   14 o  0   1.19 328.33520  -5.23383  3567.24  3248.28 2.36 2.15  39.3 -0.424 19.22 20.16 02a59780o0580o
59780.612084  21.956  2.209     6   13 o  0   1.55 328.33520  -5.23383  3584.53  3128.67 2.44 2.20  38.3 -0.422 19.10 20.03 02a59780o0596o
59781.049286  19.307  0.172    69   12 o  0   1.76 328.33520  -5.23383  5442.88  5030.76 2.23 2.12 -23.9 -0.426 19.45 20.63 03a59781o0670o
59781.052463  19.520  0.227    56   13 o  0   1.17 328.33520  -5.23383  5459.79  5070.17 2.24 2.16 -35.4 -0.416 19.44 20.61 03a59781o0677o
59781.058510  19.538  0.227    56   13 o  0   1.91 328.33520  -5.23383  5401.36  4992.54 2.23 2.14 -24.5 -0.432 19.44 20.61 03a59781o0688o
59781.070397  19.284  0.171    70   12 o  0   1.77 328.33520  -5.23383  5374.93  5109.19 2.14 2.10 -39.5 -0.438 19.50 20.60 03a59781o0713o
59783.248262  20.511  0.531    23   12 o  0   1.30 328.33520  -5.23383  8604.83  7748.94 2.75 2.53 -38.0 -0.377 19.39 20.99 04a59783o0644o
59783.250148 -20.374  0.395   -26   10 o  0   1.63 328.33520  -5.23383  8585.77  7710.16 2.54 2.30 -38.1 -0.403 19.48 20.98 04a59783o0648o
59783.259962  20.225  0.441    30   13 o  0   1.24 328.33520  -5.23383  8652.14  7786.18 2.88 2.66 -36.9 -0.367 19.35 21.06 04a59783o0668o
59783.270236  20.190  0.341    30   10 o  0   2.00 328.33520  -5.23383  1964.42  2957.27 2.50 2.17  54.6 -0.385 19.42 21.05 04a59783o0689o
59784.475708  20.321  0.422    27   11 c  0   1.01 328.33520  -5.23383  7050.63  7368.23 2.53 2.38  30.5 -0.413 19.66 21.33 02a59784o0511c
59784.478879  20.260  0.323    29    9 c  0   1.73 328.33520  -5.23383  7069.91  7408.27 2.58 2.46  31.1 -0.409 19.61 21.32 02a59784o0518c
59784.482044  20.121  0.366    32   12 c  0   0.89 328.33520  -5.23383  7011.93  7330.04 2.65 2.52  31.0 -0.407 19.61 21.32 02a59784o0525c
59784.517324  21.686  1.269     8   10 c  0   1.53 328.33520  -5.23383  6998.29  7447.15 2.57 2.40  25.0 -0.412 19.60 21.23 02a59784o0601c
59784.923443  20.302  0.293    28    8 c  0   1.61 328.33520  -5.23383  1526.57  1225.29 2.74 2.38  -3.2 -0.394 19.76 21.92 03a59785o0441c
59784.956601  20.610  0.342    21    7 c  0   2.27 328.33520  -5.23383  1503.57  1187.71 2.45 2.24  -4.1 -0.412 19.84 21.95 03a59785o0513c
59784.965299  20.193  0.248    30    8 c  0   1.37 328.33520  -5.23383  1557.08  1268.50 2.39 2.26 -12.3 -0.411 19.85 21.93 03a59785o0532c
59784.968924 -22.322  2.091    -4    9 c  0   1.16 328.33520  -5.23383  1577.73  1152.15 2.43 2.28 -12.3 -0.413 19.81 21.94 03a59785o0540c
59786.512606  19.302  0.160    69   11 o  0   1.29 328.33520  -5.23383  4883.60  8931.76 2.79 2.74 -20.9 -0.453 19.46 20.99 01a59786o0603o
59786.516645  20.719  0.680    19   13 o  0   1.03 328.33520  -5.23383  4905.89  8970.07 2.83 2.79 -32.6 -0.452 19.40 20.95 01a59786o0611o
59786.551842  20.211  0.459    30   14 o  0   1.11 328.33520  -5.23383  4854.31  8896.39 2.88 2.80 -56.2 -0.445 19.36 20.85 01a59786o0686o
59786.580465  19.914  0.349    39   14 o  0   1.02 328.33520  -5.23383  4842.14  9017.30 2.96 2.87 -49.9 -0.439 19.30 20.83 01a59786o0748o
59787.304253  19.281  0.155    70   11 o  0   1.46 328.33520  -5.23383  5938.99  2631.97 2.15 1.84 -19.1 -0.417 19.42 20.94 04a59787o0640o
59787.307415  19.920  0.303    39   12 o  0   1.16 328.33520  -5.23383  5959.19  2668.12 2.15 1.81 -15.6 -0.419 19.29 20.82 04a59787o0647o
59787.312981  19.617  0.205    52   11 o  0   1.51 328.33520  -5.23383  5902.64  2586.25 2.31 2.03 -16.3 -0.405 19.34 20.88 04a59787o0659o
59787.325346  19.864  0.280    41   12 o  0   1.82 328.33520  -5.23383  5885.71  2694.67 2.17 1.89 -13.5 -0.413 19.28 20.74 04a59787o0686o
59788.458251  19.551  0.160    55    9 c  0   1.70 328.33520  -5.23383  3863.07   768.42 2.31 2.14 -79.9 -0.440 19.69 21.25 02a59788o0476c
59788.460511  20.098  0.244    33    8 c  0   1.84 328.33520  -5.23383  3882.81   808.63 2.31 2.15 -76.4 -0.439 19.64 21.25 02a59788o0481c
59788.463283  19.627  0.194    51   10 c  0   1.27 328.33520  -5.23383  3824.06   728.08 2.33 2.13 -76.1 -0.438 19.64 21.24 02a59788o0487c
59788.490707  20.372  0.424    26   11 c  0   1.40 328.33520  -5.23383  6769.06  9712.13 2.69 2.44  26.7 -0.410 19.61 21.14 02a59788o0546c
59791.278500  20.201  0.268    30    8 c  0   2.11 328.33520  -5.23383  5930.19  2646.57 2.34 2.03 -10.5 -0.388 19.69 21.66 04a59791o0616c
59791.281661  20.412  0.376    25    9 c  0   1.09 328.33520  -5.23383  5949.85  2683.28 2.35 2.04 -13.4 -0.386 19.68 21.65 04a59791o0623c
59791.288017  19.695  0.161    48    8 c  0   1.98 328.33520  -5.23383  5894.63  2599.61 2.46 2.17 -12.7 -0.375 19.61 21.62 04a59791o0637c
59791.298458  20.985  0.541    15    8 c  0   1.52 328.33520  -5.23383  5877.67  2707.82 2.39 2.06 -13.0 -0.382 19.60 21.62 04a59791o0660c
59792.551316  21.151  0.987    13   12 c  0   1.03 328.33520  -5.23383  6716.38  9802.96 2.75 2.57  30.7 -0.398 19.48 21.06 02a59792o0624c
59792.554478  20.683  0.632    19   12 c  0   1.17 328.33520  -5.23383  6696.99  9763.51 2.80 2.56  33.1 -0.392 19.52 21.06 02a59792o0631c
59792.578526  21.376  1.230    10   13 c  0   1.11 328.33520  -5.23383  6753.48  9845.72 2.71 2.56  36.6 -0.398 19.51 21.02 02a59792o0682c
59792.584754  20.186  0.437    31   13 c  0   0.90 328.33520  -5.23383  6775.15  9729.00 2.69 2.56  23.4 -0.401 19.40 21.15 02a59792o0695c
59794.536764  21.655  1.467     8   12 o  0   1.52 328.33520  -5.23383  4755.53  6998.00 2.77 2.57 -51.5 -0.483 19.35 20.75 01a59794o0194o
59794.540426  20.087  0.366    34   12 o  0   1.48 328.33520  -5.23383  4776.52  7037.41 2.72 2.55 -49.9 -0.488 19.38 20.75 01a59794o0202o
59794.545900  19.326  0.197    68   13 o  0   0.95 328.33520  -5.23383  4717.54  6961.19 2.78 2.59 -58.9 -0.474 19.35 20.72 01a59794o0214o
59794.562834  19.714  0.312    47   15 o  0   0.98 328.33520  -5.23383  4700.24  7078.39 2.87 2.68 -52.0 -0.465 19.27 20.64 01a59794o0251o
59796.507860  19.599  0.191    52   10 c  0   1.52 328.33520  -5.23383  6990.16  5428.76 2.47 2.42 -86.1 -0.421 19.61 21.32 02a59796o0166c
59796.511025  20.626  0.437    20    9 c  0   1.46 328.33520  -5.23383  6970.77  5391.12 2.46 2.41  70.1 -0.419 19.63 21.31 02a59796o0173c
59796.516468  19.906  0.207    40    8 c  0   2.69 328.33520  -5.23383  7027.75  5466.48 2.44 2.38  69.1 -0.430 19.63 21.32 02a59796o0185c
59796.527434  20.669  0.486    20   10 c  0   1.23 328.33520  -5.23383  7047.60  5353.88 2.43 2.35  66.7 -0.413 19.66 21.33 02a59796o0209c
59797.051069  20.972  0.542    15    8 c  0   1.41 328.33520  -5.23383  9811.59  5434.21 2.45 2.29 -17.0 -0.385 19.78 21.81 03a59797o0578c
59797.054802  21.409  1.018    10   10 c  0   1.46 328.33520  -5.23383  9828.90  5472.94 2.66 2.29 -11.5 -0.374 19.53 21.57 03a59797o0586c
59797.061498  20.711  0.404    19    8 c  0   1.72 328.33520  -5.23383  9773.56  5394.61 2.43 2.25 -13.8 -0.385 19.75 21.75 03a59797o0600c
59797.073746  21.941  1.133     6    7 c  0   2.39 328.33520  -5.23383  9749.34  5508.63 2.50 2.26 -23.5 -0.378 19.74 21.74 03a59797o0625c
59799.208662  20.331  0.597    27   16 o  0   1.66 328.33520  -5.23383  9768.15  3386.78 3.22 2.33 -20.9 -0.360 18.87 20.09 04a59799o0483o
59799.210015  19.999  0.610    36   22 o  0   1.08 328.33520  -5.23383  9748.83  3348.40 3.31 2.43 -21.6 -0.360 18.85 20.04 04a59799o0486o
59799.214985  19.951  0.545    38   21 o  0   0.99 328.33520  -5.23383  9810.02  3424.96 3.32 2.34 -23.1 -0.357 18.91 20.06 04a59799o0497o
59799.249634  20.018  0.621    36   22 o  0   1.18 328.33520  -5.23383   806.10  7297.17 3.61 3.18  77.4 -0.297 18.71 20.03 04a59799o0570o
59800.494775  20.298  0.884    28   24 o  0   1.37 328.33520  -5.23383  6992.65  5428.73 2.55 2.24  39.9 -0.430 18.67 19.30 02a59800o0552o
59800.498395  20.280  0.698    28   20 o  0   1.57 328.33520  -5.23383  6972.32  5390.19 2.49 2.11  34.6 -0.428 18.74 19.35 02a59800o0560o
59800.504593  19.629  0.399    51   20 o  0   1.34 328.33520  -5.23383  7032.69  5469.41 2.56 2.16  42.0 -0.416 18.78 19.45 02a59800o0573o
59800.534782  20.148  0.752    32   24 o  0   0.98 328.33520  -5.23383  7050.84  5353.67 2.57 2.10  39.6 -0.415 18.79 19.48 02a59800o0637o
59800.927661  19.230  0.435    74   32 o  0   0.78 328.33520  -5.23383  7704.00  1560.75 2.31 2.12 -10.5 -0.420 18.49 18.83 03a59801o0475o
59800.930815  21.115  2.927    13   38 o  0   1.18 328.33520  -5.23383  7685.77  1522.17 2.25 2.08 -18.3 -0.438 18.20 18.41 03a59801o0482o
59800.938094  19.693  0.571    48   28 o  0   1.49 328.33520  -5.23383  7744.15  1600.62 2.26 2.11 -20.5 -0.435 18.34 18.50 03a59801o0497o
59800.947775  22.825  9.571     3   26 o  0   1.28 328.33520  -5.23383  7765.68  1488.02 2.25 2.12  -8.1 -0.429 18.37 18.62 03a59801o0516o
59801.142160  19.396  0.473    63   30 o  0   1.47 328.33520  -5.23383  2357.13  9526.35 2.95 2.14 -81.1 -0.347 18.45 18.70 04a59801o0409o
59801.145528 -22.970 14.500    -2   34 o  0   1.08 328.33520  -5.23383  2338.73  9486.68 2.87 2.07 -80.8 -0.347 18.41 18.51 04a59801o0415o
59801.151577  19.153  0.499    79   40 o  0   0.79 328.33520  -5.23383  2398.08  9563.93 2.88 2.04 -77.2 -0.359 18.28 18.62 04a59801o0427o
59801.156613  18.765  0.331   113   37 o  0   1.37 328.33520  -5.23383  2419.34  9446.11 2.92 2.05 -79.2 -0.364 18.37 18.63 04a59801o0438o
59806.467923  19.479  0.373    59   22 o  0   1.08 328.33520  -5.23383  5680.84   664.78 2.65 2.59   9.4 -0.497 18.64 19.43 01a59806o0528o
59806.471111  19.674  0.452    49   22 o  0   1.35 328.33520  -5.23383  5701.92   704.68 2.79 2.72 -14.6 -0.479 18.67 19.44 01a59806o0535o
59806.477027  19.623  0.449    51   23 o  0   2.03 328.33520  -5.23383  5642.08   626.85 2.67 2.65   1.6 -0.491 18.70 19.30 01a59806o0548o
59806.492178  20.270  0.833    28   24 o  0   1.64 328.33520  -5.23383  5627.34   746.51 2.74 2.68 -29.0 -0.485 18.61 19.22 01a59806o0581o
59807.280618  21.581  1.984     8   17 o  0   1.40 328.33520  -5.23383  8290.42  1046.75 2.67 1.94 -27.7 -0.405 19.05 19.92 04a59807o0710o
59807.292568  20.175  0.658    31   20 o  0   0.94 328.33520  -5.23383  8308.97  1080.10 2.81 1.95 -24.8 -0.380 19.05 19.86 04a59807o0736o
59807.296313  19.610  0.358    52   19 o  0   1.10 328.33520  -5.23383  8252.61  1000.36 2.58 1.85 -27.4 -0.408 19.05 19.87 04a59807o0744o
59807.308788  19.413  0.333    62   21 o  0   1.03 328.33520  -5.23383  8228.89  1112.99 2.73 1.97 -27.5 -0.374 19.04 19.83 04a59807o0771o
59808.464099  20.344  0.550    26   14 o  0   1.37 328.33520  -5.23383  8936.00  5325.33 2.30 2.02  38.0 -0.429 19.30 20.20 02a59808o0478o
59808.467739  20.463  0.573    24   14 o  0   1.51 328.33520  -5.23383  8916.94  5287.08 2.32 2.04  37.9 -0.422 19.31 20.21 02a59808o0486o
59808.475303  20.546  0.667    22   15 o  0   1.31 328.33520  -5.23383  8975.54  5366.09 2.35 2.05  37.6 -0.421 19.29 20.18 02a59808o0502o
59808.512880 -21.708  1.891    -8   14 o  0   1.63 328.33520  -5.23383  8994.47  5254.53 2.31 2.01  29.2 -0.416 19.28 20.13 02a59808o0542o
59810.436229  20.279  0.400    28   11 o  0   1.42 328.33520  -5.23383  5482.85  5039.19 3.02 2.81  39.2 -0.414 19.30 20.78 01a59810o0461o
59810.439442  19.791  0.257    44   11 o  0   1.68 328.33520  -5.23383  5504.13  5078.25 3.12 2.90  37.1 -0.410 19.26 20.77 01a59810o0468o
59810.447107  19.752  0.258    46   12 o  0   1.55 328.33520  -5.23383  5446.05  5001.19 3.15 2.90  38.3 -0.412 19.24 20.76 01a59810o0484o
59810.461322  20.447  0.513    24   12 o  0   1.18 328.33520  -5.23383  5432.62  5119.06 3.17 2.90  39.2 -0.410 19.24 20.71 01a59810o0515o
59811.162820 -23.782  6.417    -1    7 c  0   2.39 328.33520  -5.23383  3552.77  3216.19 1.99 1.90  49.2 -0.405 19.82 21.78 04a59811o0448c
59811.165975  20.394  0.298    25    8 c  0   1.75 328.33520  -5.23383  3536.00  3176.50 2.04 1.95  43.2 -0.401 19.79 21.77 04a59811o0455c
59811.188520  19.816  0.198    43    8 c  0   1.27 328.33520  -5.23383  3609.16  3250.46 2.00 1.91  22.6 -0.406 19.80 21.74 04a59811o0503c
59811.204678  21.611  0.932     8    8 c  0   1.68 328.33520  -5.23383  7002.72  7472.00 2.26 1.97 -37.9 -0.421 19.80 21.71 04a59811o0538c
59812.400861  20.151  0.372    32   12 c  0   1.23 328.33520  -5.23383  8997.12  7281.24 3.16 2.92  30.4 -0.384 19.46 21.50 02a59812o0378c
59812.404023  21.385  1.264    10   13 c  0   0.81 328.33520  -5.23383  9017.34  7319.99 3.01 2.71  28.0 -0.391 19.50 21.50 02a59812o0385c
59812.407188  20.865  0.674    16   11 c  0   1.51 328.33520  -5.23383  8957.99  7240.84 2.99 2.74  27.6 -0.387 19.50 21.50 02a59812o0392c
59812.413064  20.964  0.739    15   11 c  0   1.19 328.33520  -5.23383  8938.61  7358.95 3.14 2.96  30.3 -0.390 19.42 21.49 02a59812o0405c
59812.980472  20.249  0.362    29   10 o  0   1.61 328.33520  -5.23383  1998.54  2732.14 2.62 2.21 -68.1 -0.389 19.50 21.04 03a59813o0490o
59812.983716  20.819  0.516    17    9 o  0   1.55 328.33520  -5.23383  2015.99  2771.86 2.21 1.98 -56.3 -0.419 19.64 21.06 03a59813o0497o
59812.989151  20.472  0.417    24   10 o  0   1.34 328.33520  -5.23383  1956.80  2692.92 2.52 2.12 -67.4 -0.397 19.57 21.01 03a59813o0509o
59813.007175  19.502  0.191    58   11 o  0   1.37 328.33520  -5.23383  1929.93  2811.64 2.22 1.98 -58.0 -0.425 19.62 20.99 03a59813o0548o
59814.428712  21.522  1.404     9   12 o  0   1.14 328.33520  -5.23383  5486.07  5040.89 2.97 2.77  36.3 -0.426 19.31 20.87 01a59814o0452o
59814.462685  20.286  0.484    28   14 o  0   1.29 328.33520  -5.23383  5512.91  5080.07 3.35 3.02  28.4 -0.383 19.17 20.75 01a59814o0525o
59814.465874  19.702  0.310    48   15 o  0   1.08 328.33520  -5.23383  5454.07  5004.49 3.34 3.01  20.8 -0.391 19.17 20.75 01a59814o0532o
59814.473821  23.824 12.400     1   13 o  0   1.29 328.33520  -5.23383  5437.47  5121.10 3.15 2.96  37.0 -0.418 19.20 20.68 01a59814o0549o
59815.209015  19.862  0.186    41    8 c  0   1.71 328.33520  -5.23383  7071.49  7380.14 2.33 2.02 -34.6 -0.416 19.78 21.70 04a59815o0547c
59815.213160  20.729  0.394    19    7 c  0   1.84 328.33520  -5.23383  7092.53  7414.29 2.30 2.00 -33.4 -0.422 19.78 21.72 04a59815o0556c
59815.218576 -22.500  1.938    -4    7 c  0   1.98 328.33520  -5.23383  7036.31  7332.01 2.28 1.99 -32.8 -0.416 19.77 21.74 04a59815o0568c
59818.418986 -21.535  1.561    -9   14 o  0   1.31 328.33520  -5.23383  9172.64  9139.06 3.23 2.90  43.7 -0.413 19.37 20.95 01a59818o0390o
59818.422177  21.101  1.034    13   14 o  0   1.49 328.33520  -5.23383  9194.49  9178.36 3.30 2.96  45.5 -0.405 19.35 20.94 01a59818o0397o
59818.429610  20.673  0.689    20   14 o  0   1.21 328.33520  -5.23383  9135.44  9100.71 3.26 2.93  39.3 -0.406 19.37 20.93 01a59818o0413o
59818.439659  20.364  0.557    26   14 o  0   1.40 328.33520  -5.23383  9121.84  9218.74 3.29 2.82  41.5 -0.415 19.35 20.89 01a59818o0435o
59819.192870  21.371  0.778    10    8 c  0   2.49 328.33520  -5.23383  3878.51   805.56 2.51 2.08  44.3 -0.397 19.76 21.63 04a59819o0509c
59819.196477 -22.830  3.000    -3    8 c  0   1.71 328.33520  -5.23383  3900.35   841.01 2.43 2.06  41.1 -0.397 19.76 21.62 04a59819o0517c
59819.202331  19.580  0.169    53    9 c  0   1.40 328.33520  -5.23383  3844.52   756.46 2.53 2.09  41.7 -0.390 19.76 21.60 04a59819o0530c
59819.237146  21.354  0.802    10    8 c  0   0.97 328.33520  -5.23383  3838.91   844.32 2.40 2.05  43.7 -0.396 19.71 21.58 04a59819o0605c
59820.429330  19.627  0.194    51   10 c  0   1.18 328.33520  -5.23383   252.77  7646.70 2.32 2.19  -1.8 -0.408 19.53 21.34 02a59820o0452c
59820.432496  20.019  0.256    36    9 c  0   1.41 328.33520  -5.23383   235.08  7608.59 2.32 2.20  -8.1 -0.409 19.56 21.34 02a59820o0459c
59820.436571 -19.268  0.261   -71   19 c  0   1.35 328.33520  -5.23383 10516.27  7655.46 2.78 2.52  28.7 -0.400 19.56 21.34 02a59820o0468c
59820.467667  20.823  0.546    17    9 c  0   1.40 328.33520  -5.23383   290.04  7687.13 2.38 2.30  13.0 -0.418 19.52 21.35 02a59820o0534c
59820.470831 -25.040 51.000    -0   18 c  0   0.77 328.33520  -5.23383 10493.36  7620.14 2.81 2.61  23.1 -0.399 19.50 21.35 02a59820o0541c
59820.473542  20.333  0.350    27    9 c  0   1.68 328.33520  -5.23383   312.43  7570.82 2.40 2.33  21.2 -0.403 19.54 21.34 02a59820o0547c
59822.448450  21.075  0.925    14   12 o  0   1.46 328.33520  -5.23383  9173.05  9138.17 3.15 2.73  39.5 -0.427 19.42 20.98 01a59822o0501o
59822.451639 -21.025  0.970   -14   14 o  0   1.03 328.33520  -5.23383  9194.69  9176.74 3.25 2.78  42.1 -0.420 19.39 20.97 01a59822o0508o
59822.472316  20.001  0.351    36   13 o  0   1.51 328.33520  -5.23383  9135.84  9104.32 3.18 2.76  46.6 -0.430 19.38 20.87 01a59822o0549o
59822.481756  20.409  0.513    25   13 o  0   1.45 328.33520  -5.23383  9120.41  9223.24 3.15 2.79  46.7 -0.433 19.33 20.80 01a59822o0569o
59823.141469  20.495  0.509    23   12 c  0   0.88 328.33520  -5.23383  6777.29  9799.18 3.28 2.82 -84.8 -0.322 19.47 21.60 04a59823o0391c
59823.144658  20.918  0.722    16   11 c  0   0.89 328.33520  -5.23383  6759.27  9758.39 3.24 2.82 -77.5 -0.341 19.50 21.58 04a59823o0398c
59823.151998  22.005  1.667     6   10 c  0   1.45 328.33520  -5.23383  6824.53  9834.42 3.31 2.77 -82.3 -0.323 19.50 21.61 04a59823o0414c
59823.165963  21.487  0.852     9    8 c  0   1.96 328.33520  -5.23383  3814.60   902.63 2.77 2.54  44.8 -0.365 19.53 21.64 04a59823o0444c
59824.399554  20.144  0.281    32    9 c  0   1.61 328.33520  -5.23383   260.54  7649.22 2.39 2.23  -1.0 -0.415 19.59 21.43 02a59824o0394c
59824.430864  19.685  0.180    48    9 c  0   1.68 328.33520  -5.23383   239.25  7608.55 2.37 2.29  -1.4 -0.406 19.58 21.35 02a59824o0461c
59824.432236  22.793 30.937     3   86 c  0   0.08 328.33520  -5.23383 10519.93  7656.11 2.83 2.61  29.1 -0.402 19.56 21.34 02a59824o0464c
59824.434044  19.891  0.229    40    9 c  0   1.58 328.33520  -5.23383   299.69  7687.27 2.40 2.30   4.8 -0.417 19.59 21.34 02a59824o0468c
59824.436305 -20.817  0.798   -17   14 c  0   1.84 328.33520  -5.23383 10500.89  7617.41 2.84 2.60  29.6 -0.410 19.57 21.33 02a59824o0473c
59824.462198  21.651  1.250     8   10 c  0   1.13 328.33520  -5.23383   315.09  7572.16 2.40 2.32   6.1 -0.401 19.54 21.29 02a59824o0528c
59826.393080  20.078  0.389    34   13 o  0   1.83 328.33520  -5.23383  9891.45  5232.44 2.92 2.78   7.6 -0.449 19.31 20.61 01a59826o0390o
59826.396272 -20.943  0.987   -15   15 o  0   1.20 328.33520  -5.23383  9912.86  5271.29 2.99 2.78   6.3 -0.445 19.27 20.61 01a59826o0397o
59826.403808 -21.889  2.194    -6   14 o  0   1.21 328.33520  -5.23383  9852.86  5194.80 3.03 2.85  10.2 -0.446 19.26 20.61 01a59826o0413o
59826.415208 -23.211  7.000    -2   13 o  0   1.73 328.33520  -5.23383  9841.08  5314.30 3.08 2.89  26.1 -0.435 19.28 20.67 01a59826o0438o
59827.110075  19.453  0.251    60   15 o  0   1.91 328.33520  -5.23383  7022.30  5432.39 1.95 1.77 -32.2 -0.474 19.21 20.11 04a59827o0312o
59827.111881  19.053  0.176    87   15 o  0   1.29 328.33520  -5.23383  7004.23  5393.57 2.11 1.84 -30.3 -0.428 19.16 20.09 04a59827o0316o
59827.115033  19.587  0.260    53   14 o  0   1.40 328.33520  -5.23383  7064.29  5470.44 2.07 1.83 -31.3 -0.436 19.18 20.14 04a59827o0323o
59827.120445  19.466  0.203    59   12 o  0   2.24 328.33520  -5.23383  7085.28  5354.31 2.08 1.82 -27.4 -0.435 19.15 20.11 04a59827o0335o
59828.850682 -20.542  1.088   -22   24 o  0   1.10 328.33520  -5.23383  9707.16  3435.21 2.55 2.25 -52.0 -0.379 18.66 19.10 03a59829o0297o
59828.852511  19.529  0.409    56   23 o  0   1.19 328.33520  -5.23383  9687.90  3396.66 2.42 2.33 -39.1 -0.393 18.68 19.13 03a59829o0301o
59828.867542  21.720  3.158     7   24 o  0   1.06 328.33520  -5.23383  9761.49  3362.50 2.42 2.24 -58.3 -0.384 18.65 19.01 03a59829o0334o
59836.474594  20.938  1.026    15   16 o  0   1.58 328.33520  -5.23383  8667.36  9715.74 2.32 2.20  48.1 -0.432 19.03 19.78 02a59836o0367o
59836.477543  20.611  0.860    21   18 o  0   1.10 328.33520  -5.23383  8648.44  9676.56 2.30 2.17  45.5 -0.438 19.08 19.77 02a59836o0373o
59836.488852 -20.448  0.812   -24   20 o  0   1.03 328.33520  -5.23383  8708.69  9756.25 2.25 2.22 -84.5 -0.436 19.04 19.74 02a59836o0396o
59836.498193 -21.252  1.384   -12   16 o  0   1.67 328.33520  -5.23383  8728.41  9639.41 2.24 2.21  50.8 -0.436 19.00 19.65 02a59836o0415o
59836.918143  20.810  0.822    17   14 o  0   1.38 328.33520  -5.23383  8242.79  1127.73 2.26 1.97 -50.0 -0.425 19.22 20.18 03a59837o0440o
59836.921312  19.310  0.203    68   14 o  0   1.69 328.33520  -5.23383  8260.04  1167.39 2.23 1.98 -49.5 -0.425 19.22 20.16 03a59837o0447o
59836.929001  19.535  0.204    56   11 o  0   2.48 328.33520  -5.23383  8200.81  1088.17 2.23 2.00 -50.3 -0.428 19.19 20.10 03a59837o0464o
59836.939071  19.301  0.213    69   15 o  0   1.75 328.33520  -5.23383  8175.85  1205.46 2.26 2.01 -53.3 -0.427 19.07 19.93 03a59837o0486o
59838.409353  21.004  0.819    14   12 o  0   1.42 328.33520  -5.23383  4445.11  9103.01 2.61 2.27 -36.3 -0.425 19.49 20.46 01a59838o0429o
59838.416331  19.854  0.302    42   12 o  0   1.35 328.33520  -5.23383  4465.93  9143.20 2.65 2.30 -35.3 -0.421 19.41 20.34 01a59838o0444o
59838.435662  19.303  0.189    69   13 o  0   1.57 328.33520  -5.23383  4407.36  9067.36 2.57 2.17 -42.2 -0.433 19.43 20.30 01a59838o0483o
59838.440982  20.808  0.678    17   12 o  0   1.58 328.33520  -5.23383  4388.68  9184.53 2.55 2.19 -43.8 -0.430 19.42 20.28 01a59838o0494o
59839.162946 -17.962  0.598  -237  142 c  0   1.20 328.33520  -5.23383  1674.95  5252.28 2.46 2.16  71.1 -0.362 16.45 18.45 04a59839o0421c
59839.166099  17.793  0.355   277   98 c  0   0.89 328.33520  -5.23383  1695.58  5288.28 2.50 2.18  70.2 -0.367 17.39 19.42 04a59839o0428c
59839.171673 -19.112  4.917   -82  404 c  0   1.38 328.33520  -5.23383  1638.85  5206.07 2.39 2.10  67.8 -0.367 15.20 17.20 04a59839o0440c
59840.395286 -20.820  0.614   -17   10 o  0   1.96 328.33520  -5.23383  8663.77  9707.96 2.29 2.17 -86.8 -0.445 19.52 20.86 02a59840o0270o
59840.398903 -22.121  2.462    -5   13 o  0   1.21 328.33520  -5.23383  8644.36  9667.79 2.33 2.20 -83.7 -0.439 19.51 20.85 02a59840o0278o
59840.406142 -23.048  6.500    -2   14 o  0   1.27 328.33520  -5.23383  8704.48  9748.37 2.56 2.37 -71.6 -0.433 19.42 20.84 02a59840o0294o
59840.418502  22.209  2.656     5   13 o  0   1.49 328.33520  -5.23383  8726.18  9633.10 2.48 2.34 -71.7 -0.427 19.39 20.74 02a59840o0321o
59842.359844  24.055 11.000     1   10 c  0   1.66 328.33520  -5.23383  3560.94  2905.20 2.97 2.75  41.0 -0.358 19.52 21.53 01a59842o0327c
59842.363075 -22.711  3.190    -3   10 c  0   1.31 328.33520  -5.23383  3581.36  2945.20 2.95 2.72  36.2 -0.359 19.53 21.53 01a59842o0334c
59842.370125  20.872  0.584    16   10 c  0   2.06 328.33520  -5.23383  3523.48  2868.49 2.98 2.72  42.5 -0.364 19.50 21.48 01a59842o0349c
59842.382687  21.596  1.140     8   10 c  0   1.46 328.33520  -5.23383  3506.51  2985.58 3.00 2.75  44.8 -0.360 19.49 21.46 01a59842o0376c
59843.115278  21.275  1.310    11   15 o  0   1.06 328.33520  -5.23383  9005.85  7302.52 2.69 2.18 -14.6 -0.411 19.38 20.89 04a59843o0192o
59843.120024 -21.665  1.469    -8   12 o  0   1.45 328.33520  -5.23383  9028.56  7336.97 2.74 2.20 -16.1 -0.403 19.38 20.92 04a59843o0202o
59843.125890 -22.020  2.606    -6   15 o  0   0.95 328.33520  -5.23383  8973.68  7254.08 2.64 2.11 -15.3 -0.430 19.43 20.91 04a59843o0215o
59843.141224 -20.902  0.791   -16   12 o  0   2.06 328.33520  -5.23383  8960.57  7357.07 2.62 2.09 -19.7 -0.427 19.41 20.93 04a59843o0249o
59844.343411 -23.496  9.273    -2   13 o  0   1.25 328.33520  -5.23383   350.77  9607.46 2.41 1.97 -52.5 -0.445 19.34 20.63 02a59844o0301o
59844.346575  20.427  0.605    24   15 o  0   1.43 328.33520  -5.23383   331.82  9567.28 2.37 1.94 -53.6 -0.453 19.38 20.65 02a59844o0308o
59844.352009  20.727  0.794    19   15 o  0   1.11 328.33520  -5.23383   391.38  9649.40 2.26 1.84 -53.1 -0.464 19.43 20.62 02a59844o0320o
59844.362562 -19.922  0.298   -39   12 o  0   1.83 328.33520  -5.23383   411.82  9531.09 2.07 1.79 -55.4 -0.527 19.42 20.60 02a59844o0343o
59844.872555  20.981  1.763    15   26 c  0   0.96 328.33520  -5.23383  6915.53  7383.59 2.82 2.42 -37.3 -0.375 18.63 20.51 03a59845o0290c
59844.876167 -17.902  0.726  -251  182 c  0   1.31 328.33520  -5.23383  6932.58  7423.06 2.75 2.40 -39.6 -0.390 16.36 18.20 03a59845o0298c
59846.352098 -22.314  2.950    -4   13 c  0   1.07 328.33520  -5.23383  3574.54  2908.06 2.98 2.71  42.0 -0.353 19.20 21.00 01a59846o0316c
59846.355366  21.076  0.757    14   10 c  0   1.58 328.33520  -5.23383  3594.69  2947.55 2.95 2.68  41.6 -0.358 19.41 21.18 01a59846o0323c
59846.365068 -21.004  0.833   -14   12 c  0   1.11 328.33520  -5.23383  3537.03  2871.11 3.00 2.71  43.8 -0.359 19.23 21.00 01a59846o0344c
59846.378005  21.427  2.941    10   29 c  0   0.73 328.33520  -5.23383  3520.24  2988.38 2.98 2.68  48.2 -0.356 18.09 19.80 01a59846o0372c
59848.337731  21.053  1.113    14   15 o  0   1.27 328.33520  -5.23383   351.93  9609.28 2.51 1.93 -57.3 -0.440 19.43 20.76 02a59848o0287o
59848.340899  20.527  0.689    22   15 o  0   1.29 328.33520  -5.23383   333.07  9573.15 2.43 1.90 -58.2 -0.443 19.45 20.75 02a59848o0294o
59848.346339  22.762  5.476     3   16 o  0   0.98 328.33520  -5.23383   389.81  9648.92 2.47 1.91 -58.3 -0.438 19.43 20.78 02a59848o0306o
59848.364593 -21.158  1.019   -12   13 o  0   1.41 328.33520  -5.23383   412.68  9532.35 2.24 1.82 -59.0 -0.471 19.46 20.73 02a59848o0346o
59848.851658  22.827  3.158     3    8 c  0   1.36 328.33520  -5.23383  3888.79   735.73 2.57 2.43 -56.7 -0.377 19.75 21.74 03a59849o0282c
59848.854813  22.230  1.875     5    9 c  0   1.17 328.33520  -5.23383  3906.17   775.95 2.63 2.45 -48.9 -0.374 19.71 21.73 03a59849o0289c
59848.860317  23.731  6.875     1    8 c  0   1.75 328.33520  -5.23383  3846.27   696.55 2.63 2.45 -49.0 -0.376 19.72 21.75 03a59849o0301c
59848.870710 -24.287 12.000    -1    8 c  0   1.19 328.33520  -5.23383  3820.17   815.82 2.58 2.40 -53.4 -0.376 19.74 21.74 03a59849o0324c
59850.338985  21.728  1.140     7    8 c  0   1.20 328.33520  -5.23383  7463.92  2697.57 2.96 2.79  15.1 -0.369 19.71 21.59 01a59850o0292c
59850.342217  22.248  1.688     5    8 c  0   1.28 328.33520  -5.23383  7484.78  2736.82 2.90 2.74   7.6 -0.380 19.75 21.59 01a59850o0299c
59850.347767  21.209  0.650    12    8 c  0   1.75 328.33520  -5.23383  7427.67  2659.53 2.95 2.83  13.3 -0.370 19.72 21.59 01a59850o0311c
59850.358397  24.785 17.333     0    8 c  0   1.46 328.33520  -5.23383  7409.73  2776.67 2.93 2.82  23.6 -0.365 19.70 21.54 01a59850o0334c
59851.092019 -20.567  0.817   -22   18 o  0   1.02 328.33520  -5.23383 10324.64  2942.83 3.01 1.97 -20.8 -0.390 19.51 20.88 04a59851o0265o
59851.095696 -23.181  5.917    -2   12 o  0   1.94 328.33520  -5.23383 10346.38  2978.00 3.09 2.02 -21.7 -0.379 19.50 20.88 04a59851o0273o
59851.102036 -22.961  6.500    -2   15 o  0   1.41 328.33520  -5.23383 10291.70  2893.68 3.00 1.99 -22.5 -0.397 19.53 20.98 04a59851o0287o
59851.108428  20.677  0.797    20   16 o  0   0.95 328.33520  -5.23383    76.16  2951.49 2.67 1.85  47.1 -0.382 19.55 20.98 04a59851o0301o
59851.111583 -20.756  0.653   -18   12 o  0   1.19 328.33520  -5.23383    97.71  2986.94 2.67 1.83  47.4 -0.389 19.53 21.01 04a59851o0308o
59851.116086  20.174  0.520    31   16 o  0   1.52 328.33520  -5.23383 10277.79  2998.34 3.07 2.00 -21.6 -0.395 19.55 21.01 04a59851o0318o
59851.116986  20.457  0.802    24   19 o  0   1.16 328.33520  -5.23383    40.91  2903.27 2.80 1.87  47.5 -0.392 19.54 20.99 04a59851o0320o
59852.842141 -24.175 14.167    -1   11 o  0   1.30 328.33520  -5.23383  3885.64   734.18 2.41 2.18 -51.9 -0.393 19.44 20.74 03a59853o0258o
59852.845751  19.671  0.210    49   10 o  0   1.64 328.33520  -5.23383  3902.61   774.45 2.42 2.16 -51.9 -0.394 19.41 20.73 03a59853o0266o
59852.852071  19.907  0.289    40   11 o  0   1.25 328.33520  -5.23383  3843.46   696.17 2.44 2.14 -47.5 -0.394 19.43 20.77 03a59853o0280o
59852.862565 -20.878  0.677   -16   11 o  0   1.48 328.33520  -5.23383  3817.25   813.97 2.47 2.16 -48.1 -0.392 19.42 20.76 03a59853o0303o
59854.326010  19.869  0.335    41   14 o  0   1.22 328.33520  -5.23383  7481.52  2698.27 2.22 2.19 -11.9 -0.466 19.50 20.44 01a59854o0277o
59854.329857  20.612  0.527    21   11 o  0   1.65 328.33520  -5.23383  7500.94  2735.87 2.19 2.16 -10.9 -0.468 19.51 20.43 01a59854o0285o
59854.335401  20.554  0.537    22   12 o  0   1.77 328.33520  -5.23383  7443.63  2659.63 2.17 2.15  23.5 -0.469 19.51 20.45 01a59854o0297o
59854.345312  19.619  0.192    52   10 o  0   1.81 328.33520  -5.23383  7425.14  2776.35 2.22 2.17  23.2 -0.457 19.51 20.48 01a59854o0318o
59855.097553  19.817  0.551    43   24 o  0   1.12 328.33520  -5.23383 10331.59  2925.01 3.28 2.06 -24.2 -0.360 19.11 20.08 04a59855o0272o
59855.100710  19.799  0.596    44   26 o  0   1.19 328.33520  -5.23383 10353.07  2960.12 3.43 2.01 -21.6 -0.366 19.08 20.12 04a59855o0279o
59855.106130 -21.323  2.000   -11   22 o  0   1.67 328.33520  -5.23383 10296.03  2879.07 3.25 2.06 -20.9 -0.376 19.08 20.11 04a59855o0291o
59855.109287  21.161  1.632    12   20 o  0   1.22 328.33520  -5.23383    80.12  2937.46 3.02 1.90  47.5 -0.365 19.15 20.08 04a59855o0298o
59855.112442 -20.253  0.589   -29   17 o  0   1.15 328.33520  -5.23383   101.67  2972.97 2.89 1.92  47.4 -0.358 19.14 20.13 04a59855o0305o
59855.118316  20.399  1.000    25   25 o  0   0.87 328.33520  -5.23383 10280.71  2986.08 3.24 1.98 -22.1 -0.380 19.08 20.14 04a59855o0318o
59855.118767  20.531  1.152    22   26 o  0   0.95 328.33520  -5.23383    45.68  2888.82 2.96 1.93  47.1 -0.358 19.15 20.14 04a59855o0319o
59855.131553  20.308  1.026    27   28 o  0   1.32 328.33520  -5.23383    30.97  2995.62 2.93 1.98  50.1 -0.363 19.11 20.14 04a59855o0347o
59856.753179 -20.126  0.656   -32   21 o  0   1.91 328.33520  -5.23383  6931.65  5407.85 2.45 2.20 -59.5 -0.442 18.56 18.90 03a59857o0057o
59856.754980  20.435  1.124    24   27 o  0   1.17 328.33520  -5.23383  6912.63  5369.38 2.46 2.22 -56.5 -0.446 18.57 18.89 03a59857o0061o
59856.758131  19.906  0.663    40   26 o  0   1.32 328.33520  -5.23383  6967.99  5448.45 2.53 2.19 -57.9 -0.432 18.55 18.91 03a59857o0068o
59856.764572  19.228  0.786    74   58 o  0   1.07 328.33520  -5.23383  6988.93  5333.28 2.52 2.28 -56.6 -0.452 17.78 17.87 03a59857o0082o
59860.909417  20.662  2.116    20   42 o  0   1.12 328.33520  -5.23383  3491.62  5091.61 2.61 2.30 -54.4 -0.395 17.98 17.98 03a59861o0396o
59860.941763 -19.779  0.879   -44   39 o  0   1.38 328.33520  -5.23383  3520.74  5129.68 2.47 2.18 -57.3 -0.394 17.91 17.79 03a59861o0466o
59860.964583 -18.667  0.418  -124   52 o  0   1.41 328.33520  -5.23383  3474.39  5048.67 2.48 2.30 -46.9 -0.396 17.81 17.60 03a59861o0515o
59860.970885  18.854  0.601   104   63 o  0   1.00 328.33520  -5.23383  3451.51  5159.86 2.73 2.64 -14.7 -0.415 17.64 17.51 03a59861o0527o
59863.155616  21.128  2.347    13   30 o  0   0.91 328.33520  -5.23383   985.08  9101.84 3.06 2.25 -83.4 -0.337 18.43 18.87 04a59863o0393o
59863.158770  21.895  4.294     6   27 o  0   1.51 328.33520  -5.23383  1004.37  9139.52 3.21 2.36 -85.0 -0.318 18.36 18.82 04a59863o0400o
59863.164221 -19.590  0.650   -53   34 o  0   0.92 328.33520  -5.23383   945.75  9060.47 3.11 2.46 -87.9 -0.333 18.40 18.78 04a59863o0412o
59863.180464 -21.569  4.405    -9   38 o  0   1.06 328.33520  -5.23383   923.30  9174.65 3.30 2.45 -86.7 -0.325 18.31 18.73 04a59863o0448o
59864.332885 -21.699  2.333    -8   18 o  0   1.37 328.33520  -5.23383  6611.48  7857.42 2.40 1.91  39.3 -0.438 19.02 19.66 02a59864o0297o
59864.336050  20.799  0.910    17   16 o  0   1.55 328.33520  -5.23383  6592.72  7818.42 2.39 1.90  40.2 -0.436 19.06 19.66 02a59864o0304o
59864.343281 -20.866  1.111   -16   18 o  0   1.11 328.33520  -5.23383  6651.59  7896.37 2.37 1.94  41.9 -0.437 19.05 19.65 02a59864o0320o
59864.356955  19.617  0.388    52   20 o  0   1.18 328.33520  -5.23383  6670.19  7780.55 2.36 1.94  42.7 -0.442 18.96 19.61 02a59864o0350o
59866.339313  18.803  0.378   109   41 o  0   1.36 328.33520  -5.23383 10377.90  1115.02 2.57 2.18 -55.7 -0.390 18.06 18.72 01a59866o0257o
59866.342544  20.665  1.231    20   24 o  0   1.36 328.33520  -5.23383 10398.17  1155.20 2.40 2.09 -57.7 -0.403 18.62 19.26 01a59866o0264o
59866.343005  20.419  0.875    25   22 o  0   1.14 328.33520  -5.23383    85.55  1160.08 2.37 2.30  57.9 -0.441 18.86 19.53 01a59866o0265o
59866.345775  20.406  0.528    25   13 o  0   1.50 328.33520  -5.23383   106.48  1199.41 2.27 2.19  62.5 -0.437 19.29 20.12 01a59866o0271o
59866.349010  20.614  0.994    21   20 o  0   1.03 328.33520  -5.23383 10339.41  1078.59 2.41 2.06 -57.0 -0.422 18.96 19.58 01a59866o0278o
59866.356993  19.629  0.452    51   23 o  0   1.41 328.33520  -5.23383    46.53  1121.73 2.20 2.11  64.1 -0.452 18.65 19.02 01a59866o0295o
59866.359762  24.203 31.400     1   24 o  0   1.27 328.33520  -5.23383 10320.20  1198.69 2.33 2.00 -54.9 -0.429 18.41 18.83 01a59866o0301o
59866.362531  19.417  1.804    62  112 o  0   0.75 328.33520  -5.23383    29.61  1240.62 2.19 2.11  63.4 -0.450 17.40 17.48 01a59866o0307o
59867.079973 -21.728  1.391    -7   10 c  0   1.28 328.33520  -5.23383  1923.70   883.27 3.09 2.11  47.3 -0.374 19.58 21.37 04a59867o0207c
59867.087193 -22.188  2.219    -5   11 c  0   1.05 328.33520  -5.23383  1947.09   915.87 2.98 2.05  47.9 -0.382 19.60 21.40 04a59867o0223c
59867.090347 -21.153  0.829   -13   10 c  0   1.49 328.33520  -5.23383  1888.20   834.88 3.17 2.12  47.2 -0.371 19.56 21.40 04a59867o0230c
59867.100363 -20.852  0.585   -17   10 c  0   1.20 328.33520  -5.23383  1872.76   944.85 3.05 2.07  48.0 -0.382 19.56 21.45 04a59867o0252c
59868.312591 -20.881  0.541   -16    9 c  0   1.40 328.33520  -5.23383  3417.74  1260.52 2.39 2.25  87.3 -0.438 19.55 21.16 02a59868o0262c
59868.315764 -24.579 19.250    -0   10 c  0   1.27 328.33520  -5.23383  3399.17  1222.06 2.39 2.25 -82.3 -0.445 19.52 21.15 02a59868o0269c
59868.321193 -21.534  1.045    -9    9 c  0   1.67 328.33520  -5.23383  3458.56  1301.93 2.40 2.25 -87.6 -0.442 19.53 21.15 02a59868o0281c
59868.334928  21.242  0.800    12    9 c  0   1.10 328.33520  -5.23383  3479.30  1185.38 2.41 2.27 -89.2 -0.442 19.50 21.15 02a59868o0311c
59870.232037  20.866  0.759    16   12 o  0   1.36 328.33520  -5.23383   150.09  9587.86 2.14 1.92 -69.7 -0.549 19.48 20.34 01a59870o0038o
59870.233882  21.426  1.162    10   11 o  0   1.76 328.33520  -5.23383   130.56  9546.79 2.13 1.91 -60.6 -0.553 19.52 20.36 01a59870o0042o
59870.237116  20.880  0.842    16   14 o  0   1.41 328.33520  -5.23383   190.35  9624.48 2.13 1.94 -63.1 -0.548 19.50 20.37 01a59870o0049o
59870.240348  20.202  0.458    30   14 o  0   1.09 328.33520  -5.23383 10438.34  9595.71 2.47 2.07 -55.2 -0.496 19.51 20.36 01a59870o0056o
59870.242656  20.149  0.393    32   12 o  0   1.40 328.33520  -5.23383   212.42  9505.37 2.13 1.94 -63.7 -0.543 19.53 20.40 01a59870o0061o
59870.243117  22.526  3.516     4   12 o  0   1.25 328.33520  -5.23383 10419.45  9556.29 2.50 2.04 -53.4 -0.500 19.52 20.39 01a59870o0062o
59870.246352 -20.507  0.542   -23   12 o  0   1.43 328.33520  -5.23383 10480.49  9633.03 2.60 2.10 -53.8 -0.480 19.55 20.38 01a59870o0069o
59870.257109  19.583  0.235    53   12 o  0   1.33 328.33520  -5.23383 10500.37  9515.60 2.68 2.13 -53.6 -0.493 19.55 20.39 01a59870o0092o
59871.075623 -21.501  1.244    -9   11 c  0   1.35 328.33520  -5.23383  1932.40   879.59 3.54 2.63  49.0 -0.348 19.35 21.30 04a59871o0203c
59871.078777  21.275  1.137    11   13 c  0   1.33 328.33520  -5.23383  1953.59   915.86 3.51 2.63  50.2 -0.349 19.33 21.31 04a59871o0210c
59871.086242 -21.465  1.262    -9   12 c  0   1.45 328.33520  -5.23383  1897.64   830.68 3.57 2.64  50.0 -0.347 19.34 21.34 04a59871o0226c
59871.103864 -24.060 13.750    -1   12 c  0   0.99 328.33520  -5.23383  1882.91   937.71 3.42 2.59  50.7 -0.353 19.38 21.34 04a59871o0265c
59872.293045 -22.535  2.920    -4   10 c  0   1.27 328.33520  -5.23383  3409.56  1255.96 2.50 2.28 -70.1 -0.448 19.57 21.29 02a59872o0225c
59872.296210 -21.940  1.545    -6    9 c  0   1.18 328.33520  -5.23383  3390.87  1216.98 2.48 2.26 -70.7 -0.448 19.57 21.30 02a59872o0232c
59872.302543  20.378  0.378    26   10 c  0   1.40 328.33520  -5.23383  3451.24  1298.48 2.47 2.25 -71.6 -0.444 19.59 21.31 02a59872o0246c
59872.317646 -23.081  4.188    -2    9 c  0   1.45 328.33520  -5.23383  3470.06  1179.22 2.43 2.20 -75.0 -0.450 19.61 21.32 02a59872o0279c
59872.801179  21.236  1.169    12   14 o  0   1.12 328.33520  -5.23383  8837.26  7345.30 3.09 2.39 -60.0 -0.389 19.32 20.86 03a59873o0141o
59872.803883  21.218  1.061    12   12 o  0   1.41 328.33520  -5.23383  8855.62  7386.15 2.82 2.27 -55.7 -0.398 19.34 20.82 03a59873o0147o
59872.812639  21.269  1.231    11   14 o  0   1.04 328.33520  -5.23383  8795.13  7306.74 2.87 2.29 -57.8 -0.389 19.38 20.91 03a59873o0166o
59872.825987  20.664  0.683    20   13 o  0   1.02 328.33520  -5.23383  8769.50  7423.45 2.80 2.18 -57.3 -0.399 19.45 20.98 03a59873o0195o
59874.362266 -21.223  0.969   -12   11 o  0   1.13 328.33520  -5.23383  7059.21  7440.58 2.55 2.31  51.4 -0.391 19.56 20.73 01a59874o0198o
59874.365036 -21.256  0.736   -11    8 o  0   2.15 328.33520  -5.23383  7079.53  7479.21 2.50 2.42  55.6 -0.409 19.55 20.71 01a59874o0204o
59874.371056  21.268  0.827    11    9 o  0   1.26 328.33520  -5.23383  7020.98  7402.86 2.41 2.24 -54.0 -0.428 19.58 20.68 01a59874o0217o
59874.385840 -21.606  1.410    -8   12 o  0   1.27 328.33520  -5.23383  7003.46  7522.61 2.60 2.48 -55.9 -0.404 19.45 20.65 01a59874o0249o
59875.043553 -19.795  0.303   -44   13 c  0   1.10 328.33520  -5.23383 10231.43   970.15 4.31 2.60 -28.7 -0.295 19.44 21.26 04a59875o0128c
59875.046705 -22.830  5.100    -3   14 c  0   1.09 328.33520  -5.23383 10251.47  1006.73 4.62 2.73 -30.5 -0.259 19.38 21.25 04a59875o0135c
59875.053915 -22.731  4.583    -3   14 c  0   1.03 328.33520  -5.23383 10195.07   922.63 4.30 2.46 -30.0 -0.298 19.48 21.26 04a59875o0151c
59875.063840  21.301  0.979    11   11 c  0   1.29 328.33520  -5.23383 10177.97  1033.34 4.13 2.44 -29.3 -0.309 19.53 21.31 04a59875o0173c
59876.276401 -21.716  1.440    -8   11 c  0   1.42 328.33520  -5.23383  2216.62  7560.09 2.63 2.43  28.5 -0.401 19.51 21.17 02a59876o0188c
59876.286286  20.365  0.389    26   10 c  0   1.48 328.33520  -5.23383  2197.92  7520.48 2.63 2.50  30.3 -0.406 19.49 21.20 02a59876o0209c
59876.289908 -21.085  0.778   -13   10 c  0   1.23 328.33520  -5.23383  2257.30  7598.08 2.60 2.43  29.3 -0.403 19.50 21.21 02a59876o0217c
59876.295339 -21.729  1.429    -7   10 c  0   1.44 328.33520  -5.23383  2278.47  7483.37 2.58 2.48  34.9 -0.401 19.51 21.20 02a59876o0229c
59876.795533  23.179  5.692     2   11 o  0   1.72 328.33520  -5.23383  8834.48  7349.88 2.64 2.16 -53.3 -0.398 19.33 20.69 03a59877o0123o
59876.800514  20.762  0.761    18   14 o  0   1.11 328.33520  -5.23383  8850.14  7389.25 2.61 2.18 -52.1 -0.413 19.34 20.64 03a59877o0134o
59876.803750 -21.028  0.935   -14   13 o  0   0.92 328.33520  -5.23383  8793.05  7310.98 2.62 2.19 -56.6 -0.395 19.32 20.63 03a59877o0141o
59876.818016  21.150  1.156    13   15 o  0   1.76 328.33520  -5.23383  8767.09  7427.14 2.71 2.15 -57.1 -0.398 19.13 20.43 03a59877o0172o
59878.284024  22.233  2.655     5   12 o  0   1.44 328.33520  -5.23383  7040.70  7443.96 3.00 2.70 -13.2 -0.377 19.29 20.49 01a59878o0210o
59878.286793  23.970 14.000     1   13 o  0   1.61 328.33520  -5.23383  7060.71  7482.98 3.49 2.78  -8.0 -0.357 19.20 20.49 01a59878o0216o
59878.296568  21.373  1.087    10   11 o  0   1.36 328.33520  -5.23383  7003.79  7406.98 2.55 2.46 -18.2 -0.408 19.48 20.52 01a59878o0237o
59878.314592  20.796  0.674    17   12 o  0   1.52 328.33520  -5.23383  6986.52  7525.67 2.55 2.45 -56.8 -0.413 19.42 20.46 01a59878o0276o
59879.048392 -20.619  0.667   -20   14 c  0   1.11 328.33520  -5.23383 10238.26   958.23 4.30 2.59 -28.5 -0.277 19.36 21.02 04a59879o0131c
59879.051558  23.656 11.800     1   15 c  0   1.02 328.33520  -5.23383 10258.41   995.66 4.45 2.56 -29.4 -0.285 19.35 21.01 04a59879o0138c
59879.056664 -20.539  0.543   -22   12 c  0   1.86 328.33520  -5.23383 10201.81   913.24 4.40 2.45 -30.8 -0.291 19.35 21.02 04a59879o0149c
59879.079317 -20.123  0.362   -32   12 c  0   1.30 328.33520  -5.23383 10187.46  1018.09 4.16 2.39 -30.6 -0.307 19.44 21.11 04a59879o0199c
59880.302571  21.379  1.063    10   11 c  0   1.22 328.33520  -5.23383  2213.40  7558.22 2.73 2.51  45.4 -0.378 19.44 21.14 02a59880o0006c
59880.305737 -20.762  0.675   -18   12 c  0   0.87 328.33520  -5.23383  2192.51  7518.41 2.65 2.49  45.6 -0.385 19.44 21.16 02a59880o0013c
59880.315742  25.892 77.000     0   12 c  0   1.10 328.33520  -5.23383  2248.41  7596.99 2.63 2.54  65.4 -0.385 19.44 21.16 02a59880o0035c
59880.323904  22.317  2.714     4   12 c  0   1.02 328.33520  -5.23383  2268.39  7482.00 2.55 2.48  65.7 -0.399 19.49 21.16 02a59880o0053c
59880.857647  20.825  0.766    17   13 o  0   1.14 328.33520  -5.23383    42.34  2835.84 2.74 2.28 -71.6 -0.371 19.26 20.57 03a59881o0254o
59882.278026  20.021  0.326    36   12 o  0   1.32 328.33520  -5.23383  3820.77   856.54 2.30 2.17  25.6 -0.487 19.46 20.46 01a59882o0175o
59882.281258 -20.098  0.295   -33   10 o  0   2.62 328.33520  -5.23383  3841.40   896.63 2.30 2.17  24.1 -0.488 19.49 20.47 01a59882o0182o
59882.291013  21.140  0.868    13   11 o  0   1.98 328.33520  -5.23383  3783.93   820.74 2.23 2.10  29.3 -0.495 19.52 20.49 01a59882o0203o
59883.047769  20.567  0.904    22   20 o  0   0.85 328.33520  -5.23383  2818.57  7076.29 2.67 2.32  89.1 -0.385 18.97 20.13 04a59883o0130o
59883.050923  22.240  4.136     5   19 o  0   1.24 328.33520  -5.23383  2838.15  7111.70 3.07 2.69  79.9 -0.369 18.81 20.12 04a59883o0137o
59883.056335 -22.309  3.310    -4   14 o  0   1.34 328.33520  -5.23383  2782.43  7030.27 2.60 2.23 -86.1 -0.389 18.97 20.15 04a59883o0149o
59883.075386  23.218  7.538     2   14 o  0   1.36 328.33520  -5.23383  2768.22  7134.82 2.59 2.15 -85.5 -0.381 19.01 20.19 04a59883o0191o
59884.314942 -26.279 147.000    -0   16 o  0   1.11 328.33520  -5.23383  2594.47  5142.13 2.22 1.91  41.8 -0.443 19.08 19.65 02a59884o0266o
59884.318109  20.410  0.655    25   16 o  0   1.18 328.33520  -5.23383  2575.12  5103.71 2.25 1.93  43.7 -0.432 19.01 19.64 02a59884o0273o
59884.326384  20.732  1.073    18   20 o  0   0.79 328.33520  -5.23383  2634.09  5181.45 2.24 1.90  41.6 -0.439 19.06 19.62 02a59884o0291o
59884.337264  20.193  0.562    30   17 o  0   1.15 328.33520  -5.23383  2656.17  5066.41 2.20 1.89  40.4 -0.439 19.03 19.58 02a59884o0315o
59888.825167  19.630  0.913    51   47 o  0   1.00 328.33520  -5.23383   696.51  9096.99 3.09 2.70 -53.8 -0.384 17.42 18.10 03a59889o0184o
59890.316798 -22.281  4.564    -4   20 o  0   1.48 328.33520  -5.23383  3565.31  5233.25 2.34 2.27  56.9 -0.431 18.80 19.08 01a59890o0285o
59890.320034  19.421  0.322    62   20 o  0   1.02 328.33520  -5.23383  3584.86  5272.25 2.29 2.22  52.4 -0.429 18.87 19.11 01a59890o0292o
59890.326497  20.213  0.748    30   22 o  0   1.39 328.33520  -5.23383  3528.66  5197.02 2.60 2.33  52.4 -0.403 18.75 19.08 01a59890o0306o
59890.338507  19.840  0.365    42   15 o  0   1.86 328.33520  -5.23383  3509.51  5314.66 2.31 2.10  54.0 -0.430 18.84 19.01 01a59890o0332o
59891.046093  23.453 19.000     2   29 o  0   1.16 328.33520  -5.23383  3996.50  2706.26 2.14 2.13  64.1 -0.438 18.37 18.77 04a59891o0108o
59891.049695 -22.524  6.724    -4   24 o  0   1.32 328.33520  -5.23383  4016.52  2742.58 2.15 2.12   7.2 -0.429 18.40 18.87 04a59891o0116o
59891.054662 -20.209  1.077   -30   32 o  0   1.25 328.33520  -5.23383  3958.85  2662.02 2.13 2.11 -30.6 -0.448 18.30 18.85 04a59891o0127o
59891.066927 -23.863 26.125    -1   27 o  0   1.02 328.33520  -5.23383  3940.25  2772.37 2.22 2.20 -26.1 -0.417 18.37 18.86 04a59891o0154o
59892.306609  19.864  0.523    41   22 o  0   1.05 328.33520  -5.23383  5759.59  1658.50 2.08 2.02 -83.9 -0.414 18.83 19.18 02a59892o0273o
59892.309772  20.350  0.765    26   20 o  0   1.54 328.33520  -5.23383  5740.48  1620.36 2.12 2.03 -86.1 -0.424 18.75 19.17 02a59892o0280o
59892.330767  19.737  0.495    46   23 o  0   1.46 328.33520  -5.23383  5821.24  1581.54 2.24 2.12 -76.7 -0.419 18.67 19.06 02a59892o0326o
59892.829076 -22.663  9.429    -3   30 o  0   1.35 328.33520  -5.23383   763.38  9023.19 3.11 2.75 -55.0 -0.399 18.57 19.29 03a59893o0187o
59892.843683 -21.899  4.219    -6   27 o  0   1.37 328.33520  -5.23383   782.93  9061.05 2.97 2.52 -47.4 -0.408 18.60 19.23 03a59893o0219o
59892.846386 -20.309  1.074   -27   29 o  0   1.03 328.33520  -5.23383   727.20  8982.13 3.00 2.56 -44.7 -0.388 18.60 19.21 03a59893o0225o
59892.862805  20.149  1.174    32   37 o  0   1.11 328.33520  -5.23383   707.20  9094.36 3.54 3.20 -51.9 -0.358 18.28 19.07 03a59893o0261o
59894.243448  19.941  0.263    38   10 o  0   2.20 328.33520  -5.23383  3553.18  5228.56 2.45 2.20  43.0 -0.415 19.29 20.11 01a59894o0135o
59894.254606  21.219  1.068    12   13 o  0   1.67 328.33520  -5.23383  3574.48  5269.02 2.45 2.27  43.7 -0.418 19.22 20.01 01a59894o0159o
59894.258315  19.369  0.210    65   14 o  0   1.41 328.33520  -5.23383  3516.86  5192.56 2.45 2.32  41.9 -0.412 19.22 19.98 01a59894o0167o
59894.263530  22.033  2.469     6   14 o  0   1.49 328.33520  -5.23383  3498.93  5309.78 2.43 2.27  45.0 -0.418 19.21 19.94 01a59894o0178o
59896.274964  25.040 37.333     0   13 o  0   1.53 328.33520  -5.23383  5767.26  1658.91 2.18 2.10 -73.8 -0.421 19.26 20.33 02a59896o0130o
59896.278580  20.492  0.490    23   11 o  0   1.58 328.33520  -5.23383  5748.20  1620.30 2.19 2.08 -77.3 -0.422 19.27 20.33 02a59896o0138o
59896.284111 -20.755  0.737   -18   13 o  0   1.33 328.33520  -5.23383  5806.94  1698.18 2.19 2.11 -75.8 -0.423 19.29 20.33 02a59896o0150o
59896.294064  21.348  1.301    10   14 o  0   1.52 328.33520  -5.23383  5826.27  1581.75 2.28 2.15 -68.9 -0.417 19.24 20.26 02a59896o0172o
59896.765586  20.874  0.922    16   15 c  0   0.95 328.33520  -5.23383  1919.51   801.78 2.66 2.50 -75.6 -0.385 19.33 20.77 03a59897o0034c
59896.769207 -22.405  2.870    -4   11 c  0   1.37 328.33520  -5.23383  1936.60   840.61 2.83 2.53 -87.6 -0.385 19.40 21.06 03a59897o0042c
59896.774627 -22.698  3.800    -3   12 c  0   1.32 328.33520  -5.23383  1877.31   760.58 2.57 2.43 -73.0 -0.392 19.55 21.21 03a59897o0054c
59896.789104 -25.157 34.000    -0   11 c  0   1.10 328.33520  -5.23383  1852.97   877.93 2.62 2.45 -76.0 -0.396 19.54 21.30 03a59897o0086c
59898.298481  23.527  5.500     1    8 c  0   1.67 328.33520  -5.23383  1627.15  5343.27 2.83 2.71  56.6 -0.361 19.62 21.29 01a59898o0251c
59898.301716  20.839  0.545    17    9 c  0   1.31 328.33520  -5.23383  1646.83  5382.13 2.75 2.70  72.4 -0.371 19.61 21.28 01a59898o0258c
59898.307722  19.869  0.211    41    9 c  0   1.41 328.33520  -5.23383  1588.55  5306.02 2.85 2.74  53.9 -0.359 19.59 21.28 01a59898o0271c
59898.319279 -21.500  1.000    -9    9 c  0   1.21 328.33520  -5.23383  1569.45  5424.00 2.83 2.73  57.3 -0.362 19.58 21.26 01a59898o0296c
59899.015974 -20.308  1.125   -27   31 o  0   1.16 328.33520  -5.23383  7182.37  9289.77 2.96 2.62 -58.5 -0.349 18.41 19.07 04a59899o0036o
59899.018713 -20.180  1.101   -31   34 o  0   1.23 328.33520  -5.23383  7202.91  9327.94 2.89 2.65 -43.2 -0.354 18.16 19.00 04a59899o0042o
59899.023671  17.854  7.125   262 1867 o  0   1.04 328.33520  -5.23383  7145.55  9247.12 3.28 2.96 -31.8 -0.370 14.29 15.33 04a59899o0053o
59899.048745  20.862  1.239    16   20 o  0   0.99 328.33520  -5.23383  7128.96  9349.97 2.90 2.48 -60.6 -0.394 18.92 20.30 04a59899o0108o
59900.232279  21.449  1.301    10   12 o  0   1.50 328.33520  -5.23383  5853.75  3601.63 2.34 1.89  34.9 -0.444 19.33 20.33 02a59900o0110o
59900.246451  22.268  3.105     4   14 o  0   1.11 328.33520  -5.23383  5836.16  3561.82 2.34 1.93  38.2 -0.441 19.37 20.40 02a59900o0141o
59900.249613 -21.862  2.038    -6   13 o  0   1.10 328.33520  -5.23383  5894.17  3639.31 2.44 2.01  36.7 -0.428 19.30 20.39 02a59900o0148o
59900.256562 -20.560  0.522   -22   11 o  0   1.93 328.33520  -5.23383  5914.46  3524.11 2.29 1.95  35.4 -0.439 19.32 20.34 02a59900o0163o
59906.208062  20.255  0.361    29   10 c  0   0.92 328.33520  -5.23383  8971.55  7338.43 2.92 2.81  34.7 -0.387 19.64 21.29 01a59906o0058c
59906.211300 -21.179  0.728   -12    9 c  0   1.22 328.33520  -5.23383  8991.59  7377.80 2.91 2.82  45.8 -0.390 19.63 21.30 01a59906o0065c
59906.221468 -23.619  8.000    -1   10 c  0   0.88 328.33520  -5.23383  8933.25  7301.33 2.99 2.93  45.6 -0.384 19.61 21.31 01a59906o0087c
59906.232687  21.958  1.676     6   10 c  0   1.38 328.33520  -5.23383  8916.55  7420.39 2.96 2.94  54.6 -0.387 19.62 21.32 01a59906o0111c
59908.229212  20.246  0.544    29   16 o  0   1.17 328.33520  -5.23383  4765.26  9903.34 2.47 2.05 -58.4 -0.444 19.34 20.38 02a59908o0105o
59908.232375  20.403  0.582    25   15 o  0   1.48 328.33520  -5.23383  4747.20  9863.90 2.44 2.04 -59.6 -0.444 19.32 20.40 02a59908o0112o
59908.242548  23.557 11.200     1   15 o  0   1.14 328.33520  -5.23383  4806.33  9943.00 2.53 2.07 -57.9 -0.437 19.33 20.41 02a59908o0134o
59908.247986  20.139  0.441    32   14 o  0   1.51 328.33520  -5.23383  4826.98  9824.84 2.56 2.09 -55.7 -0.435 19.31 20.42 02a59908o0146o
59910.216049 -21.766  1.545    -7   11 c  0   1.32 328.33520  -5.23383  8998.21  7381.14 3.00 2.82  37.5 -0.375 19.40 20.88 01a59910o0073c
59916.253100 -21.432  2.236   -10   22 o  0   1.02 328.33520  -5.23383  5068.50  5539.93 2.58 2.03  38.4 -0.423 18.81 19.39 02a59916o0148o
59916.263188  24.587 41.000     0   22 o  0   0.92 328.33520  -5.23383  5052.96  5499.25 2.58 1.99  38.0 -0.422 18.76 19.35 02a59916o0170o
59916.266360 -21.717  3.638    -8   27 o  0   0.71 328.33520  -5.23383  5111.64  5576.66 2.46 2.00  39.6 -0.428 18.75 19.30 02a59916o0177o
59916.273596  19.295  0.370    70   26 o  0   1.14 328.33520  -5.23383  5131.92  5460.66 2.44 2.08  40.1 -0.422 18.60 19.20 02a59916o0193o
59916.787892  14.091  0.700  8383 5864 o  0   1.01 328.33520  -5.23383  2661.01  7019.75 2.50 2.34 -61.2 -0.419 12.90 12.39 03a59917o0058o
59916.793308  14.625  0.772  5128 3956 o  0   1.30 328.33520  -5.23383  2681.43  7058.40 2.60 2.32 -49.2 -0.370 13.59 13.07 03a59917o0070o
59916.796478  15.076  0.880  3386 2981 o  0   1.08 328.33520  -5.23383  2625.25  6978.98 2.76 2.48 -53.2 -0.363 13.76 13.25 03a59917o0077o
59916.812274 -15.843  2.391 -1670 3992 o  0   1.04 328.33520  -5.23383  2610.45  7092.35 2.77 2.46 -50.6 -0.374 13.28 12.84 03a59917o0112o
59919.043532  22.376  8.083     4   33 o  0   1.02 328.33520  -5.23383  7994.24  5393.34 2.74 2.30 -23.6 -0.382 18.32 18.98 04a59919o0067o
59919.046685  20.539  1.336    22   30 o  0   1.18 328.33520  -5.23383  8014.46  5432.89 2.63 2.17 -22.9 -0.405 18.41 18.98 04a59919o0074o
59919.053986  20.217  1.120    30   33 o  0   1.14 328.33520  -5.23383  7953.29  5354.63 2.75 2.33 -27.6 -0.396 18.28 18.91 04a59919o0090o
59919.068527  19.910  0.863    39   34 o  0   0.83 328.33520  -5.23383  7923.69  5474.31 2.65 2.23 -29.0 -0.400 18.23 18.78 04a59919o0122o
59928.195958 -21.048  1.686   -14   23 c  0   1.42 328.33520  -5.23383  1484.84  1355.46 2.60 2.47  74.7 -0.440 18.49 19.52 02a59928o0022c
59928.199122  19.728  0.358    47   17 c  0   1.24 328.33520  -5.23383  1467.33  1315.57 2.59 2.41 -75.4 -0.448 18.88 20.07 02a59928o0029c
59928.205002 -21.960  2.447    -6   15 c  0   1.06 328.33520  -5.23383  1527.63  1394.54 2.58 2.38 -74.9 -0.452 19.23 20.60 02a59928o0042c
59928.220083 -20.894  0.844   -16   14 c  0   1.48 328.33520  -5.23383  1545.78  1272.29 2.84 2.35 -62.8 -0.455 19.27 20.74 02a59928o0075c
60042.395435  20.472  1.354    24   32 o  0   1.05 328.33520  -5.23383  2652.35  5173.68 1.96 1.75 -89.8 -0.411 18.45 18.84 04a60042o0929o
60042.401501  19.809  0.610    43   26 o  0   1.27 328.33520  -5.23383  2630.05  5135.44 1.94 1.72  84.5 -0.409 18.45 18.86 04a60042o0942o
60042.417485  21.177  7.028    12   86 o  0   0.91 328.33520  -5.23383  2682.68  5214.06 2.05 1.78  87.8 -0.420 17.29 17.31 04a60042o0976o
60042.420257  18.460  1.022   150  153 o  0   1.33 328.33520  -5.23383  2700.99  5098.03 2.12 1.84 -89.6 -0.410 16.59 16.53 04a60042o0982o
60050.393989  22.060  3.122     5   17 o  0   1.51 328.33520  -5.23383  5110.90  5557.91 2.18 2.02 -74.3 -0.391 18.78 19.84 04a60050o0923o
60050.396735  20.028  0.570    35   20 o  0   1.27 328.33520  -5.23383  5090.46  5519.34 2.29 2.07 -78.9 -0.394 18.74 19.78 04a60050o0929o
60050.415427  19.650  0.421    50   21 o  0   1.57 328.33520  -5.23383  5145.70  5598.86 2.21 2.03 -67.7 -0.402 18.52 19.33 04a60050o0969o
60050.423213  19.321  0.857    68   58 o  0   1.44 328.33520  -5.23383  5163.67  5483.36 2.24 2.05 -77.6 -0.404 17.40 17.60 04a60050o0985o
60051.386819 -18.708  0.534  -119   64 c  0   1.26 328.33520  -5.23383  5108.10  5558.64 2.61 2.42 -60.3 -0.321 17.35 18.99 04a60051o0923c
60051.390521 -22.373  9.111    -4   37 c  0   1.08 328.33520  -5.23383  5087.49  5520.79 3.07 2.91 -71.3 -0.287 18.03 19.76 04a60051o0931c
60051.409683  20.041  0.396    35   14 c  0   1.13 328.33520  -5.23383  5142.45  5599.80 2.24 2.04 -68.4 -0.354 19.11 20.45 04a60051o0971c
60051.422271 -22.549  7.091    -4   25 c  0   2.10 328.33520  -5.23383  5157.94  5484.61 2.54 2.24 -75.7 -0.332 18.24 19.01 04a60051o0998c
60054.392733  20.578  0.705    21   15 c  0   1.16 328.33520  -5.23383   688.83  5276.88 2.26 2.01  60.1 -0.436 19.28 20.66 04a60054o0945c
60054.402845 -20.614  0.675   -21   14 c  0   0.88 328.33520  -5.23383   667.18  5238.81 2.25 1.98  49.2 -0.379 19.26 20.69 04a60054o0967c
60054.408057 -21.191  0.967   -12   12 c  0   1.89 328.33520  -5.23383   726.81  5316.14 2.23 2.04  66.5 -0.375 19.25 20.68 04a60054o0978c
60054.411257  19.821  0.271    43   12 c  0   1.62 328.33520  -5.23383   745.01  5199.96 2.23 2.00  59.1 -0.381 19.24 20.64 04a60054o0985c
60056.398710  20.196  0.509    30   15 c  0   0.98 328.33520  -5.23383  7712.98  1578.13 2.53 2.42 -22.5 -0.362 19.14 20.72 04a60056o0947c
60056.413159  20.655  0.773    20   15 c  0   1.55 328.33520  -5.23383  7691.24  1540.18 2.52 2.24 -15.6 -0.371 19.18 20.67 04a60056o0976c
60056.417288 -21.305  1.411   -11   15 c  0   1.43 328.33520  -5.23383  7749.70  1617.85 2.70 2.44 -12.9 -0.354 18.97 20.43 04a60056o0985c
60062.402455  21.424  1.571    10   15 c  0   1.20 328.33520  -5.23383  9757.93  3405.54 2.81 2.46 -15.4 -0.364 19.17 20.74 04a60062o0836c
60062.406570  23.721 14.000     1   16 c  0   1.23 328.33520  -5.23383  9737.78  3367.58 3.01 2.80 -15.5 -0.328 19.10 20.75 04a60062o0845c
60062.410260  19.917  0.378    39   15 c  0   1.19 328.33520  -5.23383  9797.34  3444.61 2.91 2.50 -14.0 -0.358 19.16 20.76 04a60062o0853c
60062.420269 -22.362  4.562    -4   19 c  0   1.18 328.33520  -5.23383  9817.72  3328.75 3.19 2.95 -18.5 -0.319 18.88 20.31 04a60062o0874c
60063.404081 -21.118  1.250   -13   16 c  0   0.90 328.33520  -5.23383  9751.47  3408.50 2.84 2.34 -22.9 -0.362 19.22 20.73 04a60063o0970c
60063.408161  22.792  5.071     3   14 c  0   1.29 328.33520  -5.23383  9732.20  3370.28 2.97 2.37 -19.2 -0.346 19.16 20.74 04a60063o0979c
60063.414084 -22.176  3.680    -5   18 c  0   0.82 328.33520  -5.23383  9791.96  3447.79 2.94 2.36 -18.1 -0.353 19.16 20.67 04a60063o0992c
60063.423245 -20.130  0.618   -32   20 c  0   1.07 328.33520  -5.23383  9812.65  3332.06 2.91 2.31 -18.9 -0.357 18.89 19.94 04a60063o1012c
60065.151322  19.700  0.384    48   18 o  0   0.81 328.33520  -5.23383  2233.51  9416.61 2.56 2.20 -44.8 -0.392 19.13 19.97 03a60065o0967o
60065.154519  20.780  0.908    18   16 o  0   0.99 328.33520  -5.23383  2215.59  9377.42 2.48 2.14 -48.6 -0.394 19.16 20.01 03a60065o0974o
60065.163450  20.350  0.596    26   16 o  0   1.19 328.33520  -5.23383  2271.49  9454.46 2.45 2.11 -47.4 -0.398 19.18 19.96 03a60065o0993o
60065.168529  19.315  0.297    68   20 o  0   1.15 328.33520  -5.23383  2293.83  9337.62 2.67 2.24 -25.3 -0.399 18.90 19.66 03a60065o1004o
60066.373266  20.276  0.467    28   13 o  0   1.77 328.33520  -5.23383  3556.31  3247.49 1.85 1.69  77.5 -0.461 19.18 20.24 04a60066o0925o
60066.376465 -20.843  0.699   -17   12 o  0   1.78 328.33520  -5.23383  3535.77  3209.00 1.83 1.69  77.3 -0.459 19.18 20.22 04a60066o0932o
60066.382475 -19.425  0.236   -62   14 o  0   1.37 328.33520  -5.23383  3593.62  3287.13 2.04 1.93 -76.8 -0.447 19.13 20.26 04a60066o0945o
60066.394743  20.086  0.461    34   15 o  0   0.95 328.33520  -5.23383  3612.89  3171.35 1.90 1.74  78.4 -0.454 19.23 20.33 04a60066o0971o
60066.429818 -20.193  1.292   -30   39 o  0   0.85 328.33520  -5.23383  3581.74  3228.05 1.87 1.71  82.0 -0.458 18.25 18.40 04a60066o1047o
60068.113845  20.649  1.072    20   21 o  0   1.31 328.33520  -5.23383  6609.65  9800.21 2.52 2.15 -44.8 -0.407 18.69 19.21 03a60068o0897o
60068.123907 -20.914  1.464   -16   23 o  0   1.01 328.33520  -5.23383  6589.31  9759.63 2.53 2.08 -46.0 -0.408 18.80 19.31 03a60068o0919o
60068.127107  20.453  0.879    24   21 o  0   1.22 328.33520  -5.23383  6646.13  9838.64 2.65 2.08 -41.4 -0.401 18.81 19.37 03a60068o0926o
60068.132655  22.528  5.885     4   21 o  0   1.20 328.33520  -5.23383  6667.41  9721.15 2.48 2.06 -45.3 -0.416 18.88 19.44 03a60068o0938o
60068.173519  19.800  0.477    44   21 o  0   1.73 328.33520  -5.23383  6623.75  9775.55 2.47 2.05 -42.0 -0.411 18.88 19.34 03a60068o1021o
60069.382041 -20.299  1.042   -28   29 o  0   1.37 328.33520  -5.23383  6773.29  9824.10 1.94 1.86 -21.2 -0.418 18.50 18.89 04a60069o0938o
60069.384841  19.560  0.504    54   28 o  0   1.23 328.33520  -5.23383  6753.24  9785.43 2.01 1.83 -33.3 -0.440 18.49 18.90 04a60069o0944o
60069.390832 -21.044  1.746   -14   24 o  0   1.25 328.33520  -5.23383  6812.78  9863.39 1.86 1.82  10.6 -0.417 18.59 18.95 04a60069o0957o
60069.399966  19.123  0.329    81   27 o  0   1.67 328.33520  -5.23383  6832.21  9746.70 1.83 1.75 -30.6 -0.462 18.55 18.96 04a60069o0977o
60069.430854  21.250  2.573    12   30 o  0   0.83 328.33520  -5.23383  6799.75  9805.58 1.89 1.76 -61.2 -0.453 18.52 18.83 04a60069o1044o
60072.355736 -20.077  0.864   -34   29 o  0   0.90 328.33520  -5.23383  8967.82  5348.01 2.30 2.06  -9.3 -0.422 18.53 18.97 04a60072o0875o
60072.370660 -20.071  0.774   -34   26 o  0   1.29 328.33520  -5.23383  8947.71  5312.27 2.19 2.08  -2.3 -0.444 18.54 18.99 04a60072o0905o
60072.373854 -20.260  0.832   -29   24 o  0   1.46 328.33520  -5.23383  9006.49  5389.17 2.21 2.05  -5.0 -0.444 18.58 19.01 04a60072o0912o
60072.379332 -21.531  2.810    -9   25 o  0   1.31 328.33520  -5.23383  9024.78  5274.09 2.06 2.00  79.3 -0.452 18.54 18.97 04a60072o0924o
60074.043658  19.245  0.598    73   44 o  0   0.95 328.33520  -5.23383  1628.78  3224.75 2.45 2.24 -59.6 -0.406 18.11 18.51 03a60074o0768o
60074.053078  18.779  0.345   112   39 o  0   1.79 328.33520  -5.23383  1605.75  3183.15 2.41 2.20 -61.6 -0.395 17.92 18.16 03a60074o0788o
60074.073545  21.671  3.113     8   24 o  0   1.50 328.33520  -5.23383  1660.16  3256.12 2.25 2.02 -60.6 -0.407 18.55 18.87 03a60074o0830o
60074.086589  20.413  1.151    25   29 o  0   1.40 328.33520  -5.23383  1675.06  3138.52 2.26 2.02 -60.7 -0.401 18.50 18.73 03a60074o0857o
60075.362670 -24.027 38.143    -1   34 o  0   1.12 328.33520  -5.23383  1609.04  3342.45 1.95 1.86  69.2 -0.415 18.24 18.37 04a60075o0804o
60075.365888 -20.830  2.065   -17   35 o  0   1.06 328.33520  -5.23383  1589.05  3303.74 1.94 1.82  64.4 -0.409 18.31 18.48 04a60075o0811o
60075.400893 -19.758  0.529   -45   24 o  0   1.26 328.33520  -5.23383  1652.63  3379.72 1.97 1.81  64.7 -0.425 18.43 18.73 04a60075o0887o
60075.420651  19.668  0.629    49   31 o  0   1.51 328.33520  -5.23383  1679.33  3260.87 2.00 1.87  74.3 -0.398 18.23 18.42 04a60075o0928o
60084.384881 -18.144  0.688  -201  138 o  0   1.11 328.33520  -5.23383  7813.90  3523.81 2.05 1.94 -24.4 -0.438 16.82 17.83 04a60084o0813o
60084.388979  20.231  3.400    29  100 o  0   1.06 328.33520  -5.23383  7795.70  3485.02 2.05 1.96 -33.2 -0.445 17.21 18.21 04a60084o0822o
60084.393988 -20.323  1.426   -27   38 o  0   1.39 328.33520  -5.23383  7855.20  3562.09 1.99 1.93 -74.6 -0.467 18.00 19.02 04a60084o0833o
60084.415910 -20.300  1.762   -28   48 o  0   1.19 328.33520  -5.23383  7887.60  3443.71 2.19 1.98 -22.2 -0.432 17.93 19.03 04a60084o0879o
60089.155987 -21.080  0.703   -13    9 c  0   1.25 328.33520  -5.23383  3498.74  1209.42 2.69 2.38 -18.9 -0.368 19.49 21.18 03a60089o1002c
60089.167534 -21.812  1.575    -7   11 c  0   1.12 328.33520  -5.23383  3484.77  1168.23 3.14 2.41   2.1 -0.352 19.43 21.21 03a60089o1026c
60089.169380 -20.444  0.423   -24   10 c  0   1.11 328.33520  -5.23383  3542.00  1248.21 2.76 2.34  -8.7 -0.368 19.48 21.18 03a60089o1030c
60089.172106  20.065  0.280    34   10 c  0   1.54 328.33520  -5.23383  3564.25  1131.68 2.74 2.35 -10.7 -0.359 19.49 21.14 03a60089o1036c
60092.112348  20.083  0.284    34   10 c  0   1.61 328.33520  -5.23383  2588.93  5062.60 2.78 2.22  -5.3 -0.384 19.53 21.26 03a60092o0881c
60092.115159  22.281  2.000     4    9 c  0   1.57 328.33520  -5.23383  2571.16  5023.11 2.52 2.22 -15.6 -0.392 19.61 21.22 03a60092o0887c
60092.121189  20.592  0.482    21   10 c  0   1.35 328.33520  -5.23383  2627.53  5101.45 2.79 2.31  -9.4 -0.383 19.48 21.23 03a60092o0900c
60092.130967 -23.238  5.615    -2   10 c  0   1.27 328.33520  -5.23383  2651.80  4984.85 2.54 2.31 -30.7 -0.395 19.52 21.19 03a60092o0921c
60101.051801  19.586  0.500    53   27 o  0   1.19 328.33520  -5.23383  5038.39  5507.84 3.00 2.35  -6.3 -0.343 18.44 19.00 03a60101o0793o
60101.057575 -19.979  0.635   -37   24 o  0   1.15 328.33520  -5.23383  5016.63  5469.23 2.54 2.23 -21.0 -0.375 18.58 18.99 03a60101o0805o
60101.060359 -25.128 77.000    -0   25 o  0   1.34 328.33520  -5.23383  5071.81  5547.44 2.76 2.34  -9.3 -0.364 18.53 19.02 03a60101o0811o
60101.072586  21.659  3.487     8   28 o  0   1.15 328.33520  -5.23383  5093.13  5431.35 3.52 2.37  -0.7 -0.346 18.41 19.08 03a60101o0837o
60108.336886  19.515  0.253    57   14 o  0   1.68 328.33520  -5.23383  8610.12  7781.65 2.22 1.97  -9.2 -0.407 19.21 20.54 04a60108o0851o
60108.339620  19.901  0.333    40   13 o  0   1.27 328.33520  -5.23383  8591.25  7742.58 2.18 1.92 -11.2 -0.413 19.22 20.53 04a60108o0857o
60108.345071  19.857  0.298    41   12 o  0   1.48 328.33520  -5.23383  8652.90  7819.66 2.18 1.95 -10.5 -0.411 19.21 20.45 04a60108o0869o
60108.357864  20.717  0.824    19   15 o  0   0.87 328.33520  -5.23383  8678.27  7701.84 2.20 1.93 -11.7 -0.415 19.19 20.46 04a60108o0897o
60111.319133 -20.882  0.606   -16   10 c  0   1.38 328.33520  -5.23383  4715.69  7983.25 2.50 1.91 -74.1 -0.397 19.46 21.22 04a60111o0826c
60111.321867  25.224 40.000     0   12 c  0   1.80 328.33520  -5.23383  4697.49  7944.58 2.50 1.91 -73.9 -0.399 19.44 21.22 04a60111o0832c
60111.328753 -21.213  0.927   -12   11 c  0   1.41 328.33520  -5.23383  4760.03  8021.23 2.50 1.86 -74.0 -0.410 19.47 21.21 04a60111o0846c
60111.341108  21.940  2.048     6   12 c  0   1.05 328.33520  -5.23383  4784.87  7903.78 2.54 1.85 -73.4 -0.401 19.47 21.19 04a60111o0873c
60116.065105 -22.380  4.647    -4   19 o  0   1.43 328.33520  -5.23383  3571.13  3145.14 2.35 2.16 -38.1 -0.420 18.77 20.15 03a60116o0022o
60116.066459   0.000 21.120     0   13 o  0   1.38 328.33520  -5.23383  3553.15  3105.23 2.49 2.30 -49.3 -0.419 19.13 20.56 03a60116o0025o
60116.069178  20.639  0.622    20   12 o  0   1.41 328.33520  -5.23383  3609.18  3184.80 2.41 2.28 -43.3 -0.430 19.33 20.74 03a60116o0031o
60116.074170 -21.059  0.814   -14   11 o  0   1.84 328.33520  -5.23383  3632.34  3069.05 2.26 2.09 -49.7 -0.435 19.43 20.79 03a60116o0042o
60119.086940  20.597  0.693    21   14 o  0   1.18 328.33520  -5.23383  6618.03  9785.58 2.64 2.26 -23.0 -0.403 19.34 20.72 03a60119o0794o
60119.089888 -20.226  0.396   -30   12 o  0   1.38 328.33520  -5.23383  6598.42  9746.08 2.62 2.22 -22.6 -0.402 19.36 20.70 03a60119o0800o
60119.096959  19.664  0.279    50   14 o  0   1.44 328.33520  -5.23383  6656.49  9825.64 2.75 2.35 -20.1 -0.393 19.28 20.63 03a60119o0814o
60119.108856  19.739  0.252    46   12 o  0   1.38 328.33520  -5.23383  3900.10   851.40 2.36 2.21 -31.8 -0.397 19.31 20.60 03a60119o0837o
60126.251890 -20.690  1.073   -19   21 o  0   1.65 328.33520  -5.23383   305.79  7709.89 2.33 1.96 -64.0 -0.453 18.72 19.44 04a60126o0672o
60126.254616  21.263  2.062    11   23 o  0   0.87 328.33520  -5.23383   286.59  7670.78 2.29 1.97 -59.6 -0.462 18.72 19.45 04a60126o0678o
60126.261900 -20.734  1.037   -18   19 o  0   0.73 328.33520  -5.23383   347.80  7746.57 2.46 1.95 -78.5 -0.377 18.85 19.56 04a60126o0694o
60126.274270  19.909  0.522    40   21 o  0   0.95 328.33520  -5.23383   371.48  7628.64 2.43 1.95 -78.2 -0.386 18.91 19.66 04a60126o0721o
60127.207905 -20.375  1.500   -26   38 o  0   1.76 328.33520  -5.23383   301.78  7708.80 2.68 2.32  85.7 -0.344 18.15 18.49 04a60127o0574o
60127.211181 -19.911  1.102   -39   43 o  0   1.06 328.33520  -5.23383   281.84  7670.84 2.73 2.34 -86.7 -0.345 18.09 18.37 04a60127o0581o
60127.227062 -19.277  0.739   -71   52 o  0   0.97 328.33520  -5.23383   340.30  7748.99 2.68 2.32  87.5 -0.349 17.88 18.17 04a60127o0615o
60127.232239 -20.173  1.216   -31   38 o  0   0.93 328.33520  -5.23383   360.79  7632.24 2.65 2.20  89.6 -0.343 18.16 18.45 04a60127o0626o
60127.233155  17.489  0.209   367   77 o  0   1.02 328.33520  -5.23383 10529.43  7636.98 2.77 2.22  -0.9 -0.394 18.12 18.35 04a60127o0628o
60128.005815  19.332  0.437    67   29 o  0   1.09 328.33520  -5.23383  9702.17  1510.46 2.47 2.20 -24.8 -0.426 18.56 18.91 03a60128o0569o
60128.010948 -21.974  4.750    -6   28 o  0   1.26 328.33520  -5.23383  9681.60  1471.77 2.73 2.33 -12.9 -0.399 18.47 18.93 03a60128o0580o
60128.019436 -22.231  5.375    -5   25 o  0   1.07 328.33520  -5.23383  9739.45  1550.82 2.52 2.23 -16.5 -0.406 18.56 18.96 03a60128o0598o
60128.022196 -20.534  1.097   -22   24 o  0   1.37 328.33520  -5.23383  9762.62  1434.08 2.48 2.24 -25.5 -0.413 18.57 18.95 03a60128o0604o
60129.301272 -20.324  1.404   -27   38 o  0   1.16 328.33520  -5.23383  9679.42  1467.66 2.87 2.41 -23.9 -0.350 18.26 18.54 04a60129o0783o
60129.302624  22.552 11.222     4   39 o  0   1.14 328.33520  -5.23383  9660.57  1427.61 2.85 2.38 -24.7 -0.367 18.24 18.59 04a60129o0786o
60129.318742 -18.888  0.341  -101   34 o  0   1.80 328.33520  -5.23383  9730.53  1502.06 2.89 2.34 -26.0 -0.366 18.26 18.62 04a60129o0821o
60129.347081 -19.709  0.877   -48   42 o  0   1.06 328.33520  -5.23383   912.37  9219.81 2.98 2.30 -80.4 -0.333 18.10 18.53 04a60129o0882o
60137.016147  21.886  1.082     6    7 c  0   1.84 328.33520  -5.23383  6546.67  7848.69 2.42 2.20 -37.4 -0.400 19.80 21.74 03a60137o0708c
60137.017972  22.640  2.417     3    8 c  0   1.25 328.33520  -5.23383  6528.01  7809.48 2.47 2.20 -23.9 -0.394 19.78 21.75 03a60137o0712c
60137.059003  22.739  3.421     3   10 c  0   0.78 328.33520  -5.23383  3963.16  2678.63 2.84 2.26  -4.0 -0.393 19.62 21.53 03a60137o0720c
60137.063416 -22.955  3.588    -2    9 c  0   1.45 328.33520  -5.23383  3941.47  2795.64 2.40 2.20 -18.3 -0.423 19.61 21.43 03a60137o0729c
60138.304744  20.557  0.514    22   11 o  0   1.71 328.33520  -5.23383  7188.67  9323.61 2.34 2.03 -68.2 -0.433 19.42 20.81 04a60138o0548o
60138.308839  19.578  0.266    54   14 o  0   0.79 328.33520  -5.23383  7210.51  9358.71 2.17 1.98 -55.0 -0.426 19.43 20.82 04a60138o0557o
60138.314769  22.190  2.216     5   11 o  0   1.32 328.33520  -5.23383  7156.27  9274.52 2.41 2.09 -68.5 -0.419 19.39 20.83 04a60138o0570o
60138.324883  21.529  1.333     9   12 o  0   1.37 328.33520  -5.23383  7141.73  9381.83 2.40 2.06 -68.2 -0.425 19.41 20.89 04a60138o0592o
60140.142592 -20.042  0.404   -35   14 c  0   1.23 328.33520  -5.23383  8379.45  3112.88 4.79 3.00  -1.1 -0.375 19.05 21.44 03a60140o0297c
60140.152563  22.003  2.600     6   15 c  0   1.50 328.33520  -5.23383  8400.13  3153.18 4.66 2.90   0.7 -0.396 19.06 21.41 03a60140o0315c
60140.155849 -20.575  0.755   -21   16 c  0   1.11 328.33520  -5.23383  8342.63  3071.54 4.57 3.48  -4.5 -0.356 18.94 21.41 03a60140o0322c
60140.167513 -21.004  1.520   -14   22 c  0   0.90 328.33520  -5.23383  8320.29  3184.34 6.20 2.99  -0.1 -0.387 18.72 21.17 03a60140o0346c
60142.992008  21.481  0.900     9    8 c  0   1.51 328.33520  -5.23383  2606.87  5059.82 2.37 2.24 -45.7 -0.407 19.75 21.69 03a60143o0628c
60142.994791  23.208  3.714     2    7 c  0   1.52 328.33520  -5.23383  2588.04  5020.03 2.43 2.25 -50.2 -0.399 19.73 21.68 03a60143o0634c
60142.997560  21.687  0.951     8    7 c  0   1.47 328.33520  -5.23383  2647.61  5097.89 2.33 2.19 -34.1 -0.394 19.75 21.68 03a60143o0640c
60143.030380  22.489  2.480     4    9 c  0   1.38 328.33520  -5.23383  7882.32  5590.53 2.55 2.29 -46.9 -0.409 19.68 21.56 03a60143o0709c
60153.155808  20.561  0.723    22   16 o  0   1.25 328.33520  -5.23383  1483.50  1404.44 2.20 1.87  44.2 -0.452 19.03 20.07 04a60153o0431o
60153.165034 -20.045  0.796   -35   28 o  0   1.15 328.33520  -5.23383  1464.70  1365.44 2.10 1.84  41.3 -0.437 18.65 19.95 04a60153o0451o
60153.199069  21.075  1.353    14   18 o  0   0.93 328.33520  -5.23383  1530.71  1441.43 1.97 1.83  49.1 -0.457 19.13 20.18 04a60153o0525o
60153.203728 -19.782  0.327   -44   14 o  0   1.62 328.33520  -5.23383  1550.52  1323.20 2.33 1.82  45.4 -0.459 19.14 20.21 04a60153o0535o
60156.169892  19.732  0.567    46   26 o  0   1.35 328.33520  -5.23383  7697.61  1588.13 2.33 2.20 -33.5 -0.422 18.54 18.96 04a60156o0478o
60156.204975  20.636  1.282    20   26 o  0   1.08 328.33520  -5.23383  7686.86  1549.49 2.29 2.04 -20.5 -0.419 18.64 19.13 04a60156o0554o
60156.212519  19.372  0.441    65   28 o  0   0.73 328.33520  -5.23383  7750.21  1623.72 2.28 2.12 -20.3 -0.417 18.53 18.96 04a60156o0570o
