MJD          m      dm   uJy   duJy F err chi/N     RA       Dec        x        y     maj  min   phi  apfit mag5sig Sky   Obs
59298.457724 -21.961  4.255    -6   25 o  0   0.93 154.16092  73.40050  5210.89  5440.00 2.31 2.13 -79.6 -0.375 18.45 18.68 01a59298o0517o
59298.460956  21.636  3.500     8   28 o  0   1.26 154.16092  73.40050  5232.27  5478.69 2.28 2.22 -12.5 -0.373 18.52 18.78 01a59298o0524o
59298.466486 -20.505  0.955   -23   22 o  0   0.91 154.16092  73.40050  5173.04  5402.93 2.13 1.99 -75.4 -0.382 18.76 18.95 01a59298o0536o
59298.478013  19.989  0.730    37   27 o  0   0.67 154.16092  73.40050  5157.57  5521.23 2.30 2.23 -55.8 -0.379 18.67 19.01 01a59298o0561o
59300.410048  19.267  0.671    71   48 o  0   1.14 154.16092  73.40050  5243.62  3391.44 2.37 2.11  34.0 -0.421 17.75 17.75 02a59300o0381o
59300.413261  22.351 18.292     4   76 o  0   0.84 154.16092  73.40050  5223.35  3351.41 2.28 2.01  34.0 -0.440 17.51 17.41 02a59300o0388o
59300.418834 -19.226  0.563   -74   42 o  0   4.75 154.16092  73.40050  5284.06  3428.13 2.18 1.97  32.6 -0.442 17.93 17.88 02a59300o0400o
59300.428911 -19.157  0.446   -79   35 o  0   0.52 154.16092  73.40050  5307.26  3309.28 2.23 1.98  34.6 -0.450 18.36 18.46 02a59300o0422o
59304.353677  21.509  2.048     9   18 o  0   1.28 154.16092  73.40050  5246.35  3405.29 2.11 1.93  22.9 -0.456 18.98 19.60 02a59304o0293o
59304.356877  20.871  1.252    16   20 o  0   1.31 154.16092  73.40050  5222.39  3364.51 2.39 1.84  33.4 -0.455 19.03 19.60 02a59304o0300o
59304.362380 -25.590 90.000    -0   19 o  0   0.83 154.16092  73.40050  5286.70  3442.31 2.11 1.88  28.9 -0.450 18.99 19.56 02a59304o0312o
59304.398021 -20.450  0.868   -24   21 o  0   0.91 154.16092  73.40050  5301.30  3319.26 2.17 1.88  32.8 -0.450 18.96 19.51 02a59304o0383o
59306.448168  17.889  0.068   254   17 o  0   1.18 154.16092  73.40050  8644.21  7237.48 2.34 2.09 -77.9 -0.403 19.16 19.81 01a59306o0112o
59306.452773  17.842  0.070   265   19 o  0   0.70 154.16092  73.40050  8663.81  7275.26 2.35 2.01 -84.6 -0.411 19.12 19.79 01a59306o0122o
59306.458783  17.832  0.059   267   16 o  0   1.66 154.16092  73.40050  8600.81  7208.74 2.29 2.11 -74.2 -0.405 19.09 19.77 01a59306o0135o
59306.470315  17.808  0.070   274   19 o  0   0.90 154.16092  73.40050  8579.08  7329.75 2.38 1.90 -83.9 -0.411 19.15 19.73 01a59306o0160o
59308.485669  16.788  0.203   700  142 o  0   1.00 154.16092  73.40050  7315.99  9756.45 1.99 1.81 -66.1 -0.509 17.46 19.89 02a59308o0129o
59308.491633  16.724  0.072   742   53 o  0   0.86 154.16092  73.40050  7292.96  9721.40 1.95 1.83 -69.2 -0.508 16.90 19.43 02a59308o0142o
59308.504054  15.668  0.391  1963  768 o  0   1.10 154.16092  73.40050  7344.45  9800.80 2.00 1.89 -85.6 -0.498 14.97 17.57 02a59308o0169o
59308.507720  16.917  0.136   621   84 o  0   0.80 154.16092  73.40050  7361.67  9682.51 2.01 1.87 -53.6 -0.484 17.74 20.21 02a59308o0177o
59310.324468  15.788  0.010  1757   17 c  0   2.60 154.16092  73.40050  8633.65  7224.16 2.98 2.52 -88.3 -0.387 19.73 21.68 01a59310o0158c
59310.327697  15.761  0.009  1801   17 c  0   2.81 154.16092  73.40050  8655.79  7260.49 2.89 2.46 -89.7 -0.392 19.78 21.70 01a59310o0165c
59310.333235  15.744  0.009  1830   16 c  0   3.86 154.16092  73.40050  8591.61  7190.25 2.96 2.51 -87.9 -0.392 19.73 21.70 01a59310o0177c
59310.343947  15.770  0.009  1786   16 c  0   4.38 154.16092  73.40050  8575.24  7308.00 2.59 2.50  85.0 -0.388 19.81 21.73 01a59310o0200c
59314.361388  14.703  0.033  4773  159 c  0   1.37 154.16092  73.40050  2454.06  3065.72 2.44 2.23  69.0 -0.406 17.10 18.73 01a59314o0309c
59314.365080  14.928  0.073  3881  283 c  0   0.99 154.16092  73.40050  2472.48  3105.36 2.47 2.18  78.8 -0.401 17.07 18.74 01a59314o0317c
59314.371079  14.704  0.005  4767   25 c  0  18.92 154.16092  73.40050  2416.84  3023.35 2.38 2.18  65.2 -0.412 19.69 21.38 01a59314o0330c
59314.406170  14.726  0.006  4674   26 c  0  18.51 154.16092  73.40050  2414.28  3131.83 2.47 2.28  80.1 -0.415 19.55 21.24 01a59314o0400c
59320.310878  14.430  0.005  6139   30 o  0  21.74 154.16092  73.40050  1461.43  5530.38 2.02 1.85 -56.5 -0.461 19.43 20.45 02a59320o0192o
59320.314085  14.426  0.005  6159   30 o  0  41.84 154.16092  73.40050  1440.33  5488.85 1.95 1.89   8.5 -0.461 19.43 20.49 02a59320o0199o
59320.319576  14.436  0.005  6105   31 o  0  28.45 154.16092  73.40050  1496.49  5557.33 2.10 1.83  25.1 -0.452 19.48 20.57 02a59320o0211o
59320.332444  14.435  0.005  6107   32 o  0  11.60 154.16092  73.40050  1520.19  5439.27 1.98 1.84 -53.1 -0.464 19.52 20.62 02a59320o0239o
59320.342512  14.487  0.006  5823   33 o  0  89.11 154.16092  73.40050 10505.85  5777.81 2.47 1.88 -66.0 -0.466 19.54 20.65 02a59320o0261o
59320.346175  14.453  0.005  6007   32 o  0  32.76 154.16092  73.40050 10486.20  5735.13 2.32 1.93 -64.7 -0.460 19.51 20.66 02a59320o0269o
59322.319147  14.424  0.004  6170   27 o  0  46.14 154.16092  73.40050  6814.02  9245.82 1.92 1.89 -31.4 -0.391 19.53 20.37 01a59322o0211o
59322.353575  14.421  0.005  6189   28 o  0  26.48 154.16092  73.40050  6837.95  9283.96 1.96 1.88 -49.4 -0.392 19.57 20.49 01a59322o0283o
59322.357275  14.405  0.005  6281   29 o  0  21.11 154.16092  73.40050  6768.30  9210.53 1.96 1.89 -51.0 -0.394 19.54 20.48 01a59322o0291o
59322.385385  14.423  0.005  6175   28 o  0  32.12 154.16092  73.40050  6748.82  9331.62 2.05 1.95 -65.0 -0.388 19.47 20.50 01a59322o0345o
59324.425979  14.426  0.005  6160   32 o  0  11.88 154.16092  73.40050  6090.53  1152.21 1.85 1.82  41.3 -0.449 19.22 19.97 02a59324o0376o
59324.461919  14.415  0.005  6225   31 o  0  12.40 154.16092  73.40050  6071.44  1104.60 2.00 1.99 -55.3 -0.438 19.16 20.00 02a59324o0453o
59324.467418  14.432  0.006  6126   34 o  0   5.12 154.16092  73.40050  6137.60  1187.25 1.99 1.92  38.8 -0.438 19.22 20.08 02a59324o0465o
59324.470197  14.423  0.005  6175   30 o  0  26.82 154.16092  73.40050  6161.40  1068.93 1.88 1.86 -54.8 -0.449 19.28 20.13 02a59324o0471o
59326.315380  14.502  0.016  5743   94 o  0   2.49 154.16092  73.40050  6815.02  9243.00 2.29 2.26  22.4 -0.351 16.85 16.86 01a59326o0007o
59326.318621  14.528  0.016  5607   91 o  0   1.34 154.16092  73.40050  6840.06  9280.81 2.21 2.12  84.9 -0.367 17.17 17.17 01a59326o0014o
59326.326454  14.447  0.020  6041  122 o  0   1.35 154.16092  73.40050  6773.04  9207.49 2.20 2.01   0.4 -0.390 16.88 16.94 01a59326o0031o
59326.337544  14.459  0.007  5978   41 o  0   1.68 154.16092  73.40050  6753.96  9326.24 2.92 2.75 -82.9 -0.353 18.40 18.97 01a59326o0055o
59328.309725  14.562  0.007  5436   38 o  0   2.75 154.16092  73.40050  6081.19  1179.00 2.48 2.40 -76.7 -0.412 18.60 19.04 02a59328o0184o
59328.313390  14.543  0.006  5530   35 o  0  12.17 154.16092  73.40050  6062.38  1139.91 2.35 2.18 -52.6 -0.440 18.46 19.04 02a59328o0192o
59328.318896  14.531  0.007  5593   37 o  0   3.53 154.16092  73.40050  6128.89  1219.16 2.38 2.19 -57.7 -0.433 18.54 19.03 02a59328o0204o
59328.329908  14.542  0.006  5536   34 o  0   3.58 154.16092  73.40050  6153.46  1099.82 2.06 1.97 -65.6 -0.440 18.72 19.06 02a59328o0228o
59330.340516  14.493  0.082  5792  472 o  0   1.18 154.16092  73.40050  7649.88   930.84 2.41 2.33 -63.7 -0.432 15.37 15.58 01a59330o0254o
59330.344204  14.466  0.135  5935  803 o  0   1.28 154.16092  73.40050  7669.59   970.39 2.52 2.28 -79.9 -0.424 15.17 15.41 01a59330o0262o
59330.349743  14.399  0.100  6317  634 o  0   1.66 154.16092  73.40050  7617.28   895.63 2.50 2.13 -82.2 -0.469 15.07 15.21 01a59330o0274o
59330.360408  14.682  0.022  4867  107 o  0   1.58 154.16092  73.40050  7606.72  1017.93 2.35 2.25 -71.4 -0.372 16.85 17.05 01a59330o0297o
59332.350554  14.768  0.007  4496   32 o  0   6.88 154.16092  73.40050  7294.66  5111.41 2.10 1.85  38.8 -0.440 18.69 19.10 02a59332o0174o
59332.354240  14.760  0.007  4527   33 o  0   8.52 154.16092  73.40050  7275.32  5070.98 2.16 1.86  38.7 -0.438 18.65 19.10 02a59332o0182o
59332.361584  14.762  0.007  4520   32 o  0   6.92 154.16092  73.40050  7332.96  5150.22 1.95 1.88  83.5 -0.447 18.67 19.07 02a59332o0198o
59332.373581  14.765  0.008  4510   36 o  0   5.74 154.16092  73.40050  7353.44  5032.89 2.24 1.84  36.2 -0.428 18.67 19.04 02a59332o0224o
59334.298479  14.904  0.006  3966   24 o  0  25.07 154.16092  73.40050  7640.61   927.10 2.07 1.94 -75.6 -0.424 19.66 20.73 01a59334o0070o
59334.301707  14.917  0.006  3920   25 o  0  15.75 154.16092  73.40050  7659.26   964.92 2.08 1.97 -85.4 -0.426 19.68 20.77 01a59334o0077o
59334.307278  14.925  0.006  3889   25 o  0  14.31 154.16092  73.40050  7608.00   891.98 2.07 1.99 -74.4 -0.422 19.67 20.79 01a59334o0089o
59334.320211  14.895  0.006  4000   24 o  0  22.92 154.16092  73.40050  7594.99  1011.52 2.04 1.92 -62.0 -0.422 19.71 20.78 01a59334o0117o
59342.281672  15.064  0.007  3422   23 o  0   5.75 154.16092  73.40050  5916.52  1153.75 2.36 2.17  77.4 -0.421 19.47 20.51 01a59342o0097o
59342.285359  15.095  0.007  3327   22 o  0  11.07 154.16092  73.40050  5934.51  1189.00 2.11 2.02 -87.1 -0.417 19.53 20.53 01a59342o0105o
59342.291860  15.147  0.009  3171   28 o  0   2.84 154.16092  73.40050  5881.57  1113.08 4.90 2.46  -1.7 -0.339 18.98 20.41 01a59342o0119o
59342.303004  15.102  0.007  3305   23 o  0   3.74 154.16092  73.40050  5872.04  1231.07 2.45 2.32  85.8 -0.400 19.38 20.57 01a59342o0143o
59344.275524  15.183  0.007  3069   22 c  0   3.75 154.16092  73.40050  1665.44  1521.01 2.42 2.28 -62.4 -0.417 19.50 21.18 02a59344o0080c
59344.278364  15.212  0.007  2986   22 c  0   4.37 154.16092  73.40050  1643.55  1482.72 2.64 2.30 -57.7 -0.415 19.51 21.20 02a59344o0086c
59344.285698  15.207  0.007  2999   22 c  0   4.25 154.16092  73.40050  1710.34  1551.45 2.42 2.26 -63.3 -0.418 19.55 21.22 02a59344o0102c
59344.295463  15.207  0.007  3000   21 c  0   4.93 154.16092  73.40050  1731.58  1426.97 2.39 2.21 -64.0 -0.417 19.58 21.25 02a59344o0123c
59346.312767  15.073  0.006  3394   22 o  0   8.52 154.16092  73.40050  3306.17  7264.26 1.98 1.80 -81.7 -0.427 19.56 20.61 01a59346o0185o
59346.315539  15.101  0.007  3308   23 o  0   5.01 154.16092  73.40050  3327.00  7303.19 2.06 1.82  89.6 -0.416 19.52 20.59 01a59346o0191o
59346.322910  15.103  0.007  3302   23 o  0  11.49 154.16092  73.40050  3263.47  7223.13 1.86 1.80 -25.5 -0.426 19.60 20.52 01a59346o0207o
59346.333545  15.087  0.006  3350   22 o  0  10.84 154.16092  73.40050  3244.14  7337.29 2.00 1.86 -84.9 -0.420 19.52 20.52 01a59346o0230o
59348.278899  15.395  0.009  2524   22 c  0   2.25 154.16092  73.40050  6217.87  7573.97 2.88 2.73 -65.7 -0.411 19.38 21.24 02a59348o0081c
59348.283092  15.380  0.009  2558   23 c  0   1.95 154.16092  73.40050  6199.02  7533.98 2.63 2.38 -61.5 -0.424 19.48 21.23 02a59348o0090c
59348.289068  15.398  0.008  2517   21 c  0   3.32 154.16092  73.40050  6252.62  7612.54 2.61 2.53 -73.1 -0.415 19.48 21.24 02a59348o0103c
59348.314130  15.413  0.009  2481   21 c  0   2.61 154.16092  73.40050  6268.65  7492.28 2.70 2.55  48.1 -0.398 19.48 21.27 02a59348o0119c
59350.282249  15.168  0.008  3109   24 o  0   1.95 154.16092  73.40050  3298.90  7265.63 2.64 2.50 -79.8 -0.397 19.22 20.41 01a59350o0115o
59350.286445  15.167  0.008  3114   24 o  0   2.60 154.16092  73.40050  3320.79  7304.37 2.50 2.25 -80.7 -0.401 19.27 20.39 01a59350o0124o
59350.293828  15.172  0.007  3098   23 o  0   3.57 154.16092  73.40050  3257.60  7224.25 1.97 1.90 -70.0 -0.419 19.51 20.45 01a59350o0140o
59350.305834  15.163  0.007  3123   22 o  0   6.76 154.16092  73.40050  3241.30  7338.07 1.92 1.78 -71.7 -0.426 19.59 20.54 01a59350o0166o
59354.271611  15.397  0.009  2519   24 o  0  10.52 154.16092  73.40050  6082.51  2893.49 1.89 1.71 -89.5 -0.427 19.33 19.77 01a59354o0072o
59354.274374  15.386  0.010  2544   24 o  0   4.10 154.16092  73.40050  6101.57  2931.92 2.19 1.75  85.0 -0.404 19.26 19.78 01a59354o0078o
59354.280362  15.349  0.008  2632   22 o  0   8.25 154.16092  73.40050  6047.96  2856.30 1.90 1.87  69.2 -0.417 19.30 19.78 01a59354o0091o
59354.290519  15.360  0.010  2605   25 o  0   3.64 154.16092  73.40050  6032.98  2974.23 2.32 2.00 -88.8 -0.390 19.16 19.80 01a59354o0113o
59356.281246  15.519  0.012  2251   27 o  0   1.64 154.16092  73.40050  2585.77  7831.70 1.94 1.85 -43.1 -0.441 18.93 19.45 02a59356o0084o
59356.284995  15.533  0.012  2223   26 o  0   2.44 154.16092  73.40050  2568.22  7794.75 2.06 1.76 -53.2 -0.453 18.95 19.45 02a59356o0092o
59356.290511  15.502  0.011  2287   25 o  0   3.00 154.16092  73.40050  2621.12  7865.95 1.99 1.72 -52.1 -0.450 18.93 19.43 02a59356o0104o
59356.302918  15.594  0.021  2101   44 o  0   1.03 154.16092  73.40050  2639.77  7745.20 2.06 1.93 -45.1 -0.435 18.60 19.15 02a59356o0131o
59358.267016  15.708  0.017  1891   32 o  0   1.14 154.16092  73.40050  6033.13  2966.67 2.91 2.55  -8.1 -0.394 18.57 19.16 01a59358o0002o
59358.270251  15.705  0.016  1897   30 o  0   3.83 154.16092  73.40050  6102.84  2923.22 2.11 2.09  75.4 -0.388 18.81 19.12 01a59358o0009o
59358.275801  15.376  0.096  2569  248 o  0   0.82 154.16092  73.40050  6049.31  2847.28 2.07 2.01  -7.0 -0.387 16.42 16.60 01a59358o0021o
59358.285971  15.636  0.012  2021   25 o  0   2.66 154.16092  73.40050  6038.26  2966.45 2.10 1.93  -6.6 -0.405 18.92 19.17 01a59358o0043o
59360.246781  15.729  0.029  1856   54 o  0   1.31 154.16092  73.40050  2590.83  7844.32 2.23 1.78 -57.8 -0.476 18.01 18.16 02a59360o0025o
59360.250003  15.775  0.025  1778   44 o  0   1.53 154.16092  73.40050  2571.81  7803.58 2.23 1.77 -57.5 -0.467 18.19 18.43 02a59360o0032o
59360.260095  15.727  0.021  1859   40 o  0   1.06 154.16092  73.40050  2623.66  7870.51 2.16 1.81 -54.5 -0.453 18.32 18.59 02a59360o0054o
59360.265595  15.689  0.023  1926   44 o  0   1.41 154.16092  73.40050  2642.99  7751.42 2.20 1.74 -52.6 -0.480 18.29 18.58 02a59360o0066o
59362.317492  15.854  0.014  1653   24 o  0   1.26 154.16092  73.40050  2393.92  9448.35 2.00 1.92 -48.2 -0.407 18.91 19.37 01a59362o0021o
59362.321216  15.873  0.014  1624   23 o  0   2.21 154.16092  73.40050  2417.76  9488.45 1.84 1.72 -40.2 -0.429 19.00 19.38 01a59362o0029o
59362.327238  15.885  0.014  1606   22 o  0   1.73 154.16092  73.40050  2348.13  9404.21 1.89 1.79 -46.7 -0.424 18.91 19.33 01a59362o0042o
59362.338381  15.905  0.020  1578   31 o  0   0.80 154.16092  73.40050  2325.25  9518.00 2.36 2.22 -77.0 -0.410 18.67 19.22 01a59362o0066o
59364.287286  15.980  0.013  1472   20 o  0   1.98 154.16092  73.40050  9384.71  3470.74 2.24 1.81 -63.1 -0.437 19.20 20.22 02a59364o0110o
59364.290527  15.951  0.014  1512   20 o  0   2.26 154.16092  73.40050  9364.86  3429.17 2.18 1.85 -62.2 -0.438 19.38 20.44 02a59364o0117o
59364.297387  15.954  0.013  1508   19 o  0   2.64 154.16092  73.40050  9425.85  3513.71 2.10 1.88 -63.9 -0.438 19.42 20.46 02a59364o0132o
59364.307504  15.978  0.014  1475   20 o  0   1.44 154.16092  73.40050  9447.86  3398.67 2.20 1.85 -64.0 -0.439 19.41 20.42 02a59364o0154o
59368.256751  16.086  0.016  1335   21 o  0   1.17 154.16092  73.40050  9387.95  3474.59 2.37 1.83 -62.8 -0.435 19.30 20.25 02a59368o0041o
59368.261864  16.076  0.016  1348   21 o  0   1.35 154.16092  73.40050  9367.64  3431.39 2.25 1.80 -63.0 -0.440 19.46 20.56 02a59368o0052o
59368.265545  16.128  0.016  1284   20 o  0   1.03 154.16092  73.40050  9427.06  3512.00 2.34 2.04 -63.8 -0.428 19.42 20.63 02a59368o0060o
59368.275796  16.110  0.016  1307   21 o  0   1.10 154.16092  73.40050  9450.87  3399.32 2.21 1.74 -60.6 -0.442 19.52 20.68 02a59368o0082o
59370.266652  16.445  0.014   960   13 c  0   3.77 154.16092  73.40050   642.06  2983.79 2.31 2.09  57.9 -0.392 19.75 21.35 01a59370o0068c
59370.271758  16.398  0.014  1002   14 c  0   2.27 154.16092  73.40050   661.06  3024.14 2.51 2.19  65.3 -0.385 19.71 21.38 01a59370o0079c
59370.274524  16.389  0.014  1010   14 c  0   2.24 154.16092  73.40050   606.12  2941.63 2.31 2.06  59.5 -0.394 19.75 21.40 01a59370o0085c
59370.285153  16.414  0.015   987   14 c  0   1.85 154.16092  73.40050   591.12  3051.89 2.62 2.22  69.7 -0.382 19.68 21.46 01a59370o0108c
59372.280119  16.245  0.017  1153   19 o  0   1.60 154.16092  73.40050  6244.10  9318.29 2.26 2.16 -66.4 -0.440 19.32 20.37 02a59372o0089o
59372.285643  16.301  0.018  1095   20 o  0   1.24 154.16092  73.40050  6226.77  9276.19 2.36 2.23 -67.8 -0.429 19.30 20.40 02a59372o0101o
59372.291602  16.239  0.016  1160   19 o  0   1.64 154.16092  73.40050  6277.04  9352.67 2.31 2.25  49.1 -0.431 19.30 20.45 02a59372o0114o
59372.303069  16.262  0.017  1136   20 o  0   2.01 154.16092  73.40050  6295.51  9234.69 2.22 2.12 -58.6 -0.440 19.42 20.48 02a59372o0139o
59374.245943  16.555  0.039   867   34 c  0   1.23 154.16092  73.40050   638.73  2987.63 2.34 2.04  66.5 -0.376 18.43 18.92 01a59374o0020c
59374.248715  16.548  0.030   873   26 c  0   0.92 154.16092  73.40050   657.33  3027.95 2.33 2.03  67.3 -0.377 18.93 19.62 01a59374o0026c
59374.254275  16.506  0.018   907   16 c  0   1.73 154.16092  73.40050   600.70  2941.95 2.35 2.08  62.3 -0.383 19.50 20.74 01a59374o0038c
59374.264593  16.506  0.015   907   14 c  0   1.70 154.16092  73.40050   595.04  3055.06 2.25 2.08  41.3 -0.379 19.79 21.50 01a59374o0060c
59388.297662  17.304  1.803   435  784 o  0   1.00 154.16092  73.40050  9044.23  9829.64 2.68 1.95 -50.4 -0.442 16.38 16.34 02a59388o0120o
59388.300439  16.735  0.082   735   60 o  0   1.46 154.16092  73.40050  9028.20  9790.71 2.71 2.06 -53.9 -0.413 17.73 17.87 02a59388o0126o
59388.306943  16.664  0.050   784   39 o  0   1.25 154.16092  73.40050  9080.21  9878.24 3.06 1.94 -52.9 -0.388 18.54 18.72 02a59388o0140o
59388.317103  16.693  0.059   764   45 o  0   1.09 154.16092  73.40050  9096.68  9760.01 3.26 1.94 -52.2 -0.396 18.52 18.71 02a59388o0162o
59510.557789  20.341  1.852    26   49 o  0   0.49 154.16092  73.40050  1970.00  3275.00 2.67 2.64 -62.1 -0.493 18.53 19.12 01a59510o0804o
59510.567924  20.989  1.935    15   28 o  0   1.09 154.16092  73.40050  1949.47  3243.29 2.72 2.68 -52.8 -0.483 18.56 19.16 01a59510o0826o
59510.573474  20.825  1.667    17   28 o  0   0.79 154.16092  73.40050  2012.57  3317.38 2.71 2.62 -51.0 -0.498 18.53 19.18 01a59510o0838o
59510.578541  19.670  0.570    49   28 o  0   1.14 154.16092  73.40050  2031.82  3204.31 2.79 2.71 -56.3 -0.483 18.50 19.20 01a59510o0849o
59526.490320  20.366  0.761    26   20 o  0   1.39 154.16092  73.40050  3845.91  1290.33 3.02 2.98 -86.8 -0.440 18.96 20.28 01a59526o0670o
59526.493172 -22.356  4.316    -4   18 o  0   1.32 154.16092  73.40050  3823.10  1252.34 2.95 2.90  78.4 -0.445 18.98 20.28 01a59526o0676o
59526.498319  19.821  0.459    43   20 o  0   1.06 154.16092  73.40050  3889.55  1328.34 3.05 3.01  68.7 -0.434 18.95 20.30 01a59526o0687o
59526.508505  20.424  0.714    25   18 o  0   1.23 154.16092  73.40050  3910.77  1209.46 3.00 2.81 -49.2 -0.473 19.02 20.35 01a59526o0709o
59528.597360  19.763  0.349    45   16 c  0   0.62 154.16092  73.40050  4503.60  9420.99 2.78 2.63  65.9 -0.377 19.44 21.21 02a59528o0892c
59528.603408  19.523  0.223    56   12 c  0   1.27 154.16092  73.40050  4524.90  9460.28 2.62 2.53  71.4 -0.389 19.49 21.25 02a59528o0905c
59528.607552  19.813  0.277    43   12 c  0   1.18 154.16092  73.40050  4458.99  9380.53 2.60 2.52  75.7 -0.397 19.50 21.25 02a59528o0914c
59528.621886  19.765  0.305    45   14 c  0   0.94 154.16092  73.40050  4436.87  9495.53 2.72 2.58  64.2 -0.384 19.48 21.26 02a59528o0945c
59534.554599 -19.359  1.826   -66  120 o  0   1.27 154.16092  73.40050  2892.08  9621.94 3.08 3.03 -65.2 -0.437 16.93 17.24 01a59534o0810o
59534.559210  19.609  1.546    52   80 o  0   1.03 154.16092  73.40050  2877.18  9586.28 3.31 3.25 -71.7 -0.402 17.58 18.25 01a59534o0820o
59534.565282  21.013  4.469    14   64 o  0   1.13 154.16092  73.40050  2934.26  9660.04 3.78 3.71  87.6 -0.351 17.62 18.45 01a59534o0833o
59534.576805  19.506  0.897    57   51 o  0   0.95 154.16092  73.40050  2956.75  9541.74 4.12 4.01 -79.2 -0.325 17.84 18.88 01a59534o0858o
59536.565947  20.284  1.009    28   28 o  0   0.82 154.16092  73.40050  3268.41  5490.75 2.62 1.93  41.5 -0.401 18.58 18.91 02a59536o0842o
59536.568754 -21.139  2.200   -13   28 o  0   0.91 154.16092  73.40050  3287.90  5531.12 2.49 1.91  43.2 -0.413 18.63 18.92 02a59536o0848o
59536.577094 -20.044  0.684   -35   24 o  0   1.38 154.16092  73.40050  3229.08  5448.15 2.47 1.90  41.7 -0.418 18.64 18.95 02a59536o0866o
59536.590468  20.457  1.147    24   27 o  0   1.00 154.16092  73.40050  3209.25  5561.61 2.42 1.90  45.4 -0.416 18.67 18.97 02a59536o0895o
59538.569811  19.439  0.571    61   35 o  0   1.30 154.16092  73.40050  4624.41  9416.27 3.03 2.80 -44.8 -0.479 18.37 18.97 01a59538o0633o
59538.572581  19.855  0.873    42   36 o  0   0.91 154.16092  73.40050  4607.53  9378.71 2.99 2.87 -47.6 -0.464 18.36 18.99 01a59538o0639o
59538.578127  23.333 18.375     2   31 o  0   1.07 154.16092  73.40050  4661.96  9455.63 3.01 2.83 -45.9 -0.467 18.39 19.01 01a59538o0651o
59538.588272  21.546  3.875     9   34 o  0   1.11 154.16092  73.40050  4683.83  9336.16 3.06 2.93 -52.3 -0.464 18.39 19.03 01a59538o0673o
59540.596886 -20.317  1.182   -27   32 o  0   1.14 154.16092  73.40050  8940.52  9057.36 2.56 2.42  68.3 -0.404 18.69 19.23 02a59540o0912o
59540.600088 -25.969 219.000    -0   33 o  0   1.15 154.16092  73.40050  8962.63  9094.75 2.56 2.29 -64.2 -0.414 18.75 19.23 02a59540o0919o
59540.606505  21.687  4.200     8   32 o  0   1.35 154.16092  73.40050  8893.36  9022.62 2.58 2.37 -77.0 -0.417 18.73 19.24 02a59540o0933o
59540.617487  20.270  1.168    28   33 o  0   0.98 154.16092  73.40050  8872.62  9144.16 2.57 2.40  75.9 -0.412 18.76 19.27 02a59540o0956o
59542.543353  19.720  0.611    47   29 o  0   1.12 154.16092  73.40050  4621.13  9418.27 3.26 3.14 -47.9 -0.443 18.57 19.48 01a59542o0730o
59542.548781 -19.777  0.608   -45   27 o  0   1.45 154.16092  73.40050  4606.44  9381.31 3.30 3.29 -11.3 -0.430 18.53 19.49 01a59542o0741o
59542.552521  19.099  0.338    83   28 o  0   1.05 154.16092  73.40050  4660.50  9456.81 3.17 3.00 -48.3 -0.457 18.64 19.51 01a59542o0749o
59542.564082 -19.240  0.351   -73   26 o  0   1.26 154.16092  73.40050  4683.54  9338.85 3.18 3.13  75.0 -0.441 18.61 19.55 01a59542o0774o
59544.544642  20.264  0.751    28   21 o  0   1.43 154.16092  73.40050  8933.43  9054.59 2.62 2.45 -67.0 -0.418 19.00 19.77 02a59544o0796o
59544.547903  21.312  1.895    11   20 o  0   1.13 154.16092  73.40050  8954.59  9091.36 2.40 2.33  86.3 -0.421 19.03 19.79 02a59544o0803o
59544.555708  19.757  0.416    45   19 o  0   0.97 154.16092  73.40050  8888.31  9020.44 2.40 2.31 -83.3 -0.417 19.08 19.85 02a59544o0820o
59544.569467  20.203  0.782    30   24 o  0   0.69 154.16092  73.40050  8867.55  9140.73 2.34 2.22 -83.7 -0.433 19.12 19.87 02a59544o0850o
59546.558455  20.203  0.732    30   22 o  0   1.06 154.16092  73.40050  7298.54  3335.71 3.24 3.17  85.9 -0.420 18.81 20.09 01a59546o0826o
59546.561247  20.411  0.835    25   21 o  0   1.04 154.16092  73.40050  7275.99  3294.29 3.19 3.18 -84.2 -0.419 18.82 20.09 01a59546o0832o
59546.566808  21.171  1.809    12   22 o  0   0.91 154.16092  73.40050  7337.36  3373.75 3.40 3.27 -54.4 -0.413 18.82 20.07 01a59546o0844o
59546.576991  21.360  1.929    10   20 o  0   1.10 154.16092  73.40050  7356.93  3255.48 3.30 3.15 -57.5 -0.422 18.87 20.19 01a59546o0866o
59558.581337  20.980  1.681    15   25 o  0   1.22 154.16092  73.40050  4497.31  7664.24 3.64 3.39  58.8 -0.380 18.83 20.33 01a59558o0864o
59558.584115 -22.876  7.200    -3   18 o  0   1.01 154.16092  73.40050  4479.61  7626.39 3.29 3.15  60.1 -0.398 18.97 20.39 01a59558o0870o
59558.587875  20.201  0.710    30   21 o  0   1.14 154.16092  73.40050  4536.08  7702.48 3.38 3.27  79.5 -0.405 18.72 20.18 01a59558o0878o
59558.598072  20.409  0.827    25   21 o  0   1.04 154.16092  73.40050  4556.00  7584.63 3.43 3.34 -87.5 -0.399 18.83 20.30 01a59558o0899o
59562.591755  20.675  0.835    20   16 o  0   1.19 154.16092  73.40050  8234.21  1127.09 3.01 2.99  61.9 -0.451 19.10 20.52 01a59562o0892o
59562.593597  21.103  1.356    13   18 o  0   0.93 154.16092  73.40050  8208.88  1087.13 3.10 3.00 -68.2 -0.453 19.09 20.52 01a59562o0896o
59562.597304 -20.811  0.950   -17   16 o  0   0.96 154.16092  73.40050  8279.16  1167.38 3.06 2.96  35.4 -0.441 19.11 20.51 01a59562o0904o
59562.606549  20.120  0.562    32   18 o  0   1.17 154.16092  73.40050  8296.82  1051.29 3.21 2.86 -64.6 -0.479 19.08 20.48 01a59562o0924o
59564.584855 -22.278  4.914    -4   22 o  0   0.99 154.16092  73.40050  1210.01  7129.31 2.14 2.09 -72.3 -0.458 18.90 19.57 02a59564o0757o
59564.588069  20.531  1.000    22   22 o  0   0.98 154.16092  73.40050  1231.10  7169.69 2.15 2.06  44.3 -0.450 18.88 19.60 02a59564o0764o
59564.593104 -21.108  1.645   -13   22 o  0   0.95 154.16092  73.40050  1170.22  7083.59 2.13 2.01 -64.7 -0.462 18.94 19.65 02a59564o0775o
59564.607066  20.672  0.831    20   16 o  0   1.46 154.16092  73.40050  1148.01  7196.23 2.06 2.01 -68.6 -0.457 19.04 19.86 02a59564o0805o
59566.396628  19.514  0.951    57   54 o  0   0.96 154.16092  73.40050  8256.59  1204.38 2.88 2.55 -60.9 -0.556 17.92 18.21 01a59566o0145o
59566.401305  21.463  5.372     9   51 o  0   0.95 154.16092  73.40050  8235.09  1159.96 2.91 2.58 -62.1 -0.555 17.94 18.27 01a59566o0155o
59566.406469  19.507  0.852    57   49 o  0   1.28 154.16092  73.40050  8299.91  1239.72 2.86 2.52 -63.2 -0.562 17.97 18.30 01a59566o0166o
59566.417618  19.617  1.072    52   55 o  0   0.75 154.16092  73.40050  8320.88  1118.70 2.82 2.51 -61.1 -0.555 17.96 18.33 01a59566o0190o
59574.549409 -20.554  0.821   -22   18 o  0   1.37 154.16092  73.40050  1644.73  7625.29 3.41 2.83 -47.7 -0.446 19.04 20.33 01a59574o0786o
59574.552171  20.499  0.929    23   21 o  0   0.77 154.16092  73.40050  1626.66  7589.46 3.41 2.84 -46.2 -0.449 19.04 20.33 01a59574o0792o
59574.557220  19.610  0.358    52   19 o  0   1.15 154.16092  73.40050  1684.04  7660.82 3.41 2.85 -44.5 -0.442 19.05 20.35 01a59574o0802o
59574.562310 -24.011 21.500    -1   19 o  0   0.99 154.16092  73.40050  1702.38  7538.56 3.26 2.90 -42.0 -0.447 19.04 20.35 01a59574o0813o
59574.580860  25.382 81.000     0   21 o  0   1.30 154.16092  73.40050  9948.84  7590.97 3.71 3.03 -63.7 -0.390 18.99 20.35 01a59574o0853o
59574.582706  21.253  1.689    11   19 o  0   1.40 154.16092  73.40050  9930.18  7548.29 3.64 3.07 -61.8 -0.397 19.00 20.34 01a59574o0857o
59574.589646  21.151  1.776    13   22 o  0   0.85 154.16092  73.40050  9991.36  7632.24 3.72 3.05 -64.0 -0.387 18.99 20.32 01a59574o0870o
59574.597575  20.120  0.594    32   19 o  0   1.24 154.16092  73.40050 10009.73  7514.96 3.55 2.87 -62.0 -0.407 19.03 20.31 01a59574o0886o
59588.499974  21.063  0.802    14   11 c  0   1.45 154.16092  73.40050  9523.23   722.10 2.63 2.19 -65.4 -0.424 19.54 21.60 02a59588o0674c
59588.503642  20.593  0.656    21   14 c  0   0.89 154.16092  73.40050  9543.43   756.17 2.70 2.13 -60.9 -0.433 19.60 21.61 02a59588o0682c
59588.509170  21.764  1.814     7   13 c  0   1.13 154.16092  73.40050  9495.32   684.59 2.75 2.18 -62.0 -0.427 19.56 21.62 02a59588o0694c
59588.517874  19.974  0.308    37   11 c  0   0.99 154.16092  73.40050  9477.40   805.27 2.67 2.15 -61.9 -0.427 19.55 21.63 02a59588o0713c
59588.549934  19.734  0.228    46   11 c  0   1.48 154.16092  73.40050  1526.61   738.93 2.66 2.27 -59.8 -0.452 19.57 21.69 02a59588o0781c
59588.552219  21.368  1.032    10   11 c  0   1.11 154.16092  73.40050  1544.82   780.49 2.58 2.29 -61.1 -0.452 19.57 21.69 02a59588o0786c
59588.554965  21.026  0.765    14   11 c  0   1.05 154.16092  73.40050  1492.70   695.10 2.65 2.25 -61.2 -0.458 19.58 21.69 02a59588o0792c
59588.560907  20.012  0.365    36   13 c  0   0.88 154.16092  73.40050  1477.97   810.55 2.60 2.28 -63.1 -0.455 19.57 21.69 02a59588o0805c
59590.338136  21.904  3.857     6   24 o  0   1.23 154.16092  73.40050  9371.27  1707.89 3.03 2.77 -64.8 -0.505 18.68 19.65 01a59590o0303o
59590.343272  20.487  1.168    23   27 o  0   0.87 154.16092  73.40050  9347.10  1664.58 3.06 2.82 -59.3 -0.491 18.64 19.67 01a59590o0314o
59590.349805 -22.080  4.217    -5   22 o  0   1.52 154.16092  73.40050  9411.11  1746.06 3.08 2.80 -59.7 -0.506 18.66 19.69 01a59590o0328o
59590.360030  21.387  2.667    10   27 o  0   0.87 154.16092  73.40050  9432.96  1623.21 3.17 2.89 -59.4 -0.496 18.65 19.71 01a59590o0350o
59592.492183  20.477  1.076    23   25 o  0   0.96 154.16092  73.40050  9519.81   720.70 2.25 1.83 -60.2 -0.488 18.68 19.28 02a59592o0576o
59592.494013  20.397  1.763    25   44 o  0   0.96 154.16092  73.40050  9538.94   756.72 2.41 1.75 -55.2 -0.503 18.66 19.30 02a59592o0580o
59592.500667 -20.842  1.104   -17   18 o  0   1.86 154.16092  73.40050  9487.40   689.88 2.19 1.88 -65.2 -0.475 18.87 19.68 02a59592o0594o
59592.505320  23.226  9.692     2   18 o  0   1.51 154.16092  73.40050  1510.75   741.48 2.48 1.95 -53.2 -0.475 18.90 19.69 02a59592o0604o
59592.505777  21.214  1.761    12   21 o  0   1.45 154.16092  73.40050  9471.15   809.69 2.33 1.83 -56.5 -0.477 18.99 19.70 02a59592o0605o
59592.507606  20.638  0.951    20   19 o  0   1.54 154.16092  73.40050  1531.20   783.84 2.43 1.98 -55.4 -0.470 18.93 19.68 02a59592o0609o
59592.512777  21.309  1.923    11   21 o  0   1.29 154.16092  73.40050  1477.21   698.65 2.35 2.03 -57.2 -0.466 18.85 19.60 02a59592o0620o
59592.518235 -21.464  1.921    -9   18 o  0   0.86 154.16092  73.40050  1460.40   814.68 2.16 1.93 -58.5 -0.496 18.96 19.71 02a59592o0630o
59594.516494  21.693  3.645     8   28 o  0   1.07 154.16092  73.40050  5232.68  3385.42 3.38 3.13 -54.7 -0.419 18.38 19.24 01a59594o0669o
59594.518367  22.973 12.625     2   30 o  0   1.51 154.16092  73.40050  5211.57  3346.84 3.74 3.47 -48.0 -0.391 18.28 19.25 01a59594o0673o
59594.523470  21.739  3.722     7   27 o  0   1.05 154.16092  73.40050  5275.52  3423.15 3.01 2.86 -49.6 -0.432 18.45 19.26 01a59594o0684o
59594.535976  21.904  5.400     6   34 o  0   0.97 154.16092  73.40050  5294.81  3304.66 3.34 3.24 -71.5 -0.414 18.36 19.25 01a59594o0711o
59598.464559  20.551  1.280    22   28 o  0   1.50 154.16092  73.40050  5233.87  3387.95 2.94 2.88 -86.2 -0.456 18.35 19.02 01a59598o0588o
59598.466399 -19.890  0.823   -40   33 o  0   1.22 154.16092  73.40050  5212.36  3348.63 2.86 2.84 -33.2 -0.458 18.40 19.03 01a59598o0592o
59598.477089  21.342  3.039    10   32 o  0   1.05 154.16092  73.40050  5277.63  3424.64 2.97 2.89  25.7 -0.451 18.36 19.04 01a59598o0614o
59598.485031 -20.089  1.079   -34   36 o  0   0.74 154.16092  73.40050  5296.70  3308.07 3.09 3.02 -33.3 -0.434 18.30 19.03 01a59598o0631o
59602.504178 -20.937  1.299   -15   20 o  0   1.01 154.16092  73.40050  7481.87  9709.34 3.29 2.94  46.0 -0.426 18.98 20.19 01a59602o0672o
59602.506020  20.869  1.270    16   21 o  0   0.96 154.16092  73.40050  7462.47  9669.57 3.08 2.94 -61.2 -0.457 19.02 20.19 01a59602o0676o
59602.508807  21.086  1.500    13   20 o  0   1.05 154.16092  73.40050  7516.42  9749.31 3.09 2.97 -60.7 -0.453 19.00 20.19 01a59602o0682o
59602.518983   0.000 20.577     0   21 o  0   1.16 154.16092  73.40050  7533.69  9630.23 3.23 3.06  49.3 -0.430 18.97 20.18 01a59602o0704o
59604.551653  20.657  0.669    20   13 o  0   0.90 154.16092  73.40050  5350.52  5122.08 2.38 1.89  35.8 -0.428 19.40 20.40 02a59604o0753o
59604.554871  20.227  0.478    30   14 o  0   1.53 154.16092  73.40050  5329.88  5081.61 2.40 1.90  36.4 -0.431 19.37 20.43 02a59604o0760o
59604.588189  23.436  9.154     2   14 o  0   1.12 154.16092  73.40050  5380.51  5154.59 2.32 1.92  35.2 -0.435 19.35 20.37 02a59604o0832o
59604.616776 -22.757  4.833    -3   14 o  0   1.10 154.16092  73.40050  5395.33  5032.90 2.37 1.89  34.5 -0.436 19.28 20.25 02a59604o0894o
59605.549065 -21.648  2.868    -8   23 o  0   0.93 154.16092  73.40050  5351.00  5123.19 2.62 2.04  36.6 -0.423 18.82 19.86 02a59605o0749o
59605.584395   0.000 21.014    -0   14 o  0   1.28 154.16092  73.40050  5325.21  5077.34 2.59 2.01  36.7 -0.424 19.29 20.30 02a59605o0825o
59605.611260 -20.445  0.609   -24   15 o  0   1.20 154.16092  73.40050  5378.71  5149.28 2.63 2.02  36.8 -0.419 19.25 20.31 02a59605o0883o
59605.636034  22.678  5.318     3   16 o  0   0.50 154.16092  73.40050  5396.68  5028.60 2.62 2.04  36.8 -0.421 19.23 20.27 02a59605o0936o
59608.458776  19.895  0.344    40   14 o  0   1.13 154.16092  73.40050  5242.87  5444.35 2.62 2.42  46.3 -0.389 19.33 20.94 02a59608o0569o
59608.464482  21.380  1.386    10   14 o  0   0.95 154.16092  73.40050  5260.15  5482.22 2.44 2.36  51.2 -0.408 19.38 20.93 02a59608o0581o
59608.467222 -20.984  0.676   -15   10 o  0   1.65 154.16092  73.40050  5204.41  5405.39 2.39 2.15  45.8 -0.418 19.48 20.92 02a59608o0587o
59608.472261 -20.606  0.566   -21   12 o  0   1.59 154.16092  73.40050  5185.24  5521.45 2.47 2.17  44.2 -0.411 19.43 20.92 02a59608o0598o
59609.489954  20.669  0.767    20   15 o  0   1.11 154.16092  73.40050  9043.99  4897.21 3.16 3.00 -71.8 -0.455 19.23 20.85 01a59609o0634o
59609.500374 -22.031  3.952    -6   22 o  0   0.71 154.16092  73.40050 10527.17  5585.12 3.70 3.01 -61.8 -0.431 19.14 20.78 01a59609o0656o
59609.523538  21.824  2.586     7   18 o  0   1.05 154.16092  73.40050  9073.54  4934.56 3.25 2.92 -67.8 -0.473 19.21 20.84 01a59609o0705o
59609.526763 -20.456  0.780   -24   19 o  0   0.96 154.16092  73.40050  9013.38  4866.79 3.30 2.98 -67.8 -0.462 19.18 20.84 01a59609o0712o
59609.555258  23.479 11.333     2   17 o  0   1.47 154.16092  73.40050  9006.56  4991.53 3.36 3.08 -66.5 -0.442 19.12 20.76 01a59609o0773o
59613.434338 -24.575 34.000    -0   18 o  0   0.97 154.16092  73.40050  1499.02  5602.70 3.58 3.18 -51.9 -0.428 19.23 21.08 01a59613o0507o
59613.436722 -22.696  5.615    -3   17 o  0   0.83 154.16092  73.40050  1481.84  5565.94 3.28 3.01 -51.4 -0.432 19.28 21.07 01a59613o0512o
59613.439501  19.832  0.425    42   18 o  0   0.65 154.16092  73.40050  1539.24  5635.75 3.19 2.83 -50.8 -0.453 19.32 21.08 01a59613o0518o
59613.444577  20.745  0.776    18   14 o  0   1.30 154.16092  73.40050  1559.38  5517.12 3.14 2.84 -50.9 -0.452 19.31 21.07 01a59613o0528o
59613.479131 -21.064  1.404   -14   19 o  0   0.74 154.16092  73.40050 10529.27  5588.59 3.33 2.96 -65.5 -0.435 19.33 21.04 01a59613o0601o
59615.433243  21.311  1.259    11   14 c  0   1.10 154.16092  73.40050  8630.54  7327.95 2.78 2.71  72.9 -0.402 19.44 21.30 02a59615o0505c
59615.435080  20.609  0.600    21   12 c  0   1.62 154.16092  73.40050  8651.26  7365.19 2.76 2.72  88.3 -0.407 19.48 21.30 02a59615o0509c
59615.438854  20.025  0.357    36   13 c  0   1.38 154.16092  73.40050  8587.67  7293.87 2.82 2.77  67.3 -0.403 19.44 21.28 02a59615o0517c
59615.449178 -23.163  6.400    -2   13 c  0   1.68 154.16092  73.40050  8564.64  7412.29 2.93 2.71  41.7 -0.399 19.41 21.24 02a59615o0539c
59617.525365   0.000 20.822    -0   17 o  0   1.42 154.16092  73.40050  4655.29  9470.06 3.12 2.78 -44.1 -0.484 18.99 20.42 01a59617o0529o
59617.560290 -20.331  0.756   -27   20 o  0   1.04 154.16092  73.40050  4688.26  9511.18 3.10 2.84 -39.8 -0.475 19.03 20.46 01a59617o0604o
59617.563996  21.866  2.871     6   19 o  0   1.24 154.16092  73.40050  4618.06  9435.39 3.00 2.85 -31.1 -0.469 19.06 20.46 01a59617o0612o
59617.569531  23.829 16.400     1   18 o  0   1.02 154.16092  73.40050  4601.13  9554.00 3.08 2.79 -36.6 -0.476 19.03 20.44 01a59617o0624o
59619.493013  20.753  0.730    18   13 c  0   1.12 154.16092  73.40050  8039.60  7579.95 2.59 2.52  59.6 -0.416 19.59 21.47 02a59619o0604c
59619.497142  22.041  2.382     6   13 c  0   0.86 154.16092  73.40050  8020.61  7538.93 2.60 2.48  53.7 -0.414 19.60 21.46 02a59619o0613c
59619.503594 -21.302  1.121   -11   12 c  0   1.11 154.16092  73.40050  8071.18  7614.52 2.75 2.44  40.4 -0.403 19.58 21.47 02a59619o0627c
59619.513675  21.487  1.224     9   11 c  0   1.33 154.16092  73.40050  8088.96  7499.06 2.63 2.42  41.7 -0.410 19.63 21.46 02a59619o0649c
59621.429919  21.186  2.172    12   26 o  0   0.87 154.16092  73.40050  5987.38  1145.07 3.03 2.79 -54.8 -0.480 18.74 19.74 01a59621o0472o
59621.432700  24.864 53.500     0   22 o  0   1.25 154.16092  73.40050  5963.56  1105.52 3.03 2.76 -52.4 -0.476 18.73 19.69 01a59621o0478o
59621.435468  21.708  2.974     8   22 o  0   1.02 154.16092  73.40050  6031.07  1183.32 2.85 2.73 -42.2 -0.478 18.77 19.68 01a59621o0484o
59621.441041 -20.834  1.299   -17   22 o  0   1.19 154.16092  73.40050  6049.35  1065.60 2.86 2.74 -41.8 -0.475 18.81 19.74 01a59621o0496o
59623.322361 -20.345  1.040   -26   28 o  0   0.89 154.16092  73.40050  2531.42  3000.21 2.52 2.28 -58.4 -0.418 18.58 19.14 02a59623o0259o
59623.330180 -20.823  1.532   -17   26 o  0   1.02 154.16092  73.40050  2552.59  3046.08 2.49 2.39 -70.1 -0.417 18.59 19.15 02a59623o0276o
59623.334788 -21.358  2.292   -10   24 o  0   1.24 154.16092  73.40050  2498.15  2963.10 2.52 2.44 -77.0 -0.412 18.58 19.17 02a59623o0286o
59623.344861  20.227  0.696    30   20 o  0   1.50 154.16092  73.40050  2481.66  3077.28 2.47 2.23 -59.4 -0.428 18.64 19.18 02a59623o0308o
59625.511873 -19.539  0.873   -56   48 o  0   1.07 154.16092  73.40050  3243.93  5589.89 3.30 2.77 -41.7 -0.456 18.31 18.98 01a59625o0296o
59625.515173  19.403  0.891    63   56 o  0   0.98 154.16092  73.40050  3265.87  5629.55 3.40 2.90 -45.7 -0.454 18.21 18.98 01a59625o0303o
59625.522643  19.524  0.905    56   51 o  0   1.26 154.16092  73.40050  3205.70  5551.13 3.24 2.77 -46.7 -0.465 18.29 18.98 01a59625o0319o
59625.532878  23.296 28.750     2   50 o  0   1.21 154.16092  73.40050  3193.36  5667.42 3.20 2.74 -46.0 -0.473 18.28 18.96 01a59625o0340o
59627.494096  20.761  1.402    18   25 o  0   0.99 154.16092  73.40050  3863.02  1254.36 1.97 1.79  43.9 -0.467 18.57 18.76 02a59627o0629o
59627.497601  20.795  1.561    18   27 o  0   0.92 154.16092  73.40050  3841.04  1215.76 1.94 1.82  47.3 -0.471 18.60 18.77 02a59627o0636o
59627.503583 -23.427 17.625    -2   27 o  0   0.76 154.16092  73.40050  3906.57  1288.38 1.95 1.81  44.3 -0.466 18.60 18.77 02a59627o0649o
59627.538255 -21.014  1.441   -14   21 o  0   1.37 154.16092  73.40050  3926.58  1163.73 1.97 1.81  45.4 -0.472 18.57 18.72 02a59627o0723o
59629.411514  19.359  0.446    66   29 o  0   1.23 154.16092  73.40050  7302.93  5057.21 3.10 2.83 -61.9 -0.472 18.53 19.36 01a59629o0349o
59629.414702  20.996  1.836    14   27 o  0   1.23 154.16092  73.40050  7283.07  5015.82 3.13 2.86 -58.9 -0.460 18.50 19.37 01a59629o0356o
59629.417906  20.104  0.801    33   26 o  0   1.10 154.16092  73.40050  7342.97  5095.82 3.10 2.72 -61.9 -0.465 18.55 19.37 01a59629o0363o
59629.426121  20.332  0.992    27   26 o  0   1.23 154.16092  73.40050  7360.34  4979.04 3.04 2.93 -61.6 -0.440 18.55 19.36 01a59629o0381o
59631.453767 -20.611  0.725   -21   15 o  0   1.02 154.16092  73.40050  3870.01  1268.42 1.91 1.80 -65.1 -0.478 19.23 19.84 02a59631o0540o
59631.457661 -21.299  1.609   -11   18 o  0   0.94 154.16092  73.40050  3848.03  1228.83 1.89 1.84 -73.9 -0.479 19.19 19.83 02a59631o0548o
59631.492990 -21.928  2.095    -6   13 o  0   1.92 154.16092  73.40050  3910.78  1294.27 1.90 1.87  57.9 -0.470 19.20 19.84 02a59631o0624o
59631.520910  21.458  1.742    10   16 o  0   1.06 154.16092  73.40050  3930.64  1172.64 1.90 1.86  89.7 -0.477 19.18 19.81 02a59631o0684o
59633.450918 -20.717  1.117   -19   21 o  0   1.07 154.16092  73.40050  9055.01  8886.42 3.34 3.14  47.4 -0.398 18.99 20.37 01a59633o0540o
59633.454562  22.849  8.545     3   22 o  0   0.89 154.16092  73.40050  9079.43  8922.98 3.28 3.13  49.6 -0.408 18.95 20.33 01a59633o0548o
59633.460516 -20.931  1.279   -15   20 o  0   0.88 154.16092  73.40050  9010.94  8855.33 3.20 3.02  47.3 -0.408 19.00 20.31 01a59633o0561o
59633.474659  20.114  0.569    33   19 o  0   1.10 154.16092  73.40050  8996.44  8977.81 3.03 2.94 -85.5 -0.435 19.02 20.28 01a59633o0592o
59635.474960 -22.046  2.333    -6   13 c  0   0.93 154.16092  73.40050  2789.10  9561.61 2.50 2.17 -53.0 -0.448 19.64 21.49 02a59635o0582c
59635.477729  21.862  1.773     6   12 c  0   1.63 154.16092  73.40050  2769.88  9519.67 2.58 2.18 -55.9 -0.447 19.62 21.48 02a59635o0588c
59635.484155  20.457  0.524    24   12 c  0   1.07 154.16092  73.40050  2818.58  9588.29 2.45 2.25 -52.2 -0.447 19.61 21.46 02a59635o0602c
59635.495649  21.921  2.068     6   13 c  0   1.00 154.16092  73.40050  2836.26  9473.30 2.46 2.18 -50.3 -0.444 19.62 21.43 02a59635o0627c
59637.368322  21.788  2.680     7   19 o  0   1.03 154.16092  73.40050  1570.39  1601.60 3.52 3.34 -54.6 -0.438 19.02 20.69 01a59637o0357o
59637.371540 -16.116  0.008 -1298   10 o  0 126.29 154.16092  73.40050  1546.13  1566.08 3.46 3.37 -46.1 -0.434 19.06 20.68 01a59637o0364o
59637.395565  22.783  7.545     3   21 o  0   0.76 154.16092  73.40050  8999.24  8853.74 3.42 3.26  64.6 -0.390 19.06 20.64 01a59637o0416o
59637.399135 -20.703  1.088   -19   21 o  0   0.82 154.16092  73.40050  1626.12  1519.93 3.21 3.00 -55.2 -0.472 19.07 20.62 01a59637o0423o
59639.378728  22.452  2.731     4   10 c  0   1.33 154.16092  73.40050  7792.93   999.47 2.61 2.21 -65.9 -0.424 19.60 21.50 02a59639o0370c
59639.380560  20.880  0.679    16   11 c  0   1.24 154.16092  73.40050  7810.89  1037.46 2.64 2.21 -65.2 -0.426 19.60 21.50 02a59639o0374c
59639.384672  22.666  4.286     3   13 c  0   0.86 154.16092  73.40050  7760.75   962.65 2.63 2.22 -65.1 -0.426 19.61 21.51 02a59639o0383c
59639.390621  21.150  0.905    13   11 c  0   0.98 154.16092  73.40050  7744.29  1081.79 2.66 2.24 -65.2 -0.423 19.60 21.52 02a59639o0396c
59641.524969  20.520  0.658    22   15 o  0   1.09 154.16092  73.40050  4230.41  3076.32 2.92 2.75 -47.7 -0.460 19.25 20.78 01a59641o0599o
59641.528627  21.091  1.206    13   16 o  0   0.92 154.16092  73.40050  4251.78  3114.82 2.85 2.78 -46.5 -0.460 19.31 20.78 01a59641o0607o
59641.534114  22.391  3.429     4   14 o  0   1.14 154.16092  73.40050  4200.32  3040.74 2.81 2.74  33.6 -0.461 19.27 20.77 01a59641o0619o
59641.544198  20.279  0.636    28   18 o  0   0.72 154.16092  73.40050  4190.26  3158.30 2.91 2.80  40.4 -0.452 19.25 20.74 01a59641o0641o
59643.465116  22.824  7.500     3   20 c  0   0.84 154.16092  73.40050  4513.72  9381.63 2.47 2.24 -75.4 -0.446 19.12 21.66 02a59643o0518c
59643.468109 -21.160  1.239   -12   16 c  0   1.52 154.16092  73.40050  4496.10  9341.54 2.47 2.24 -75.7 -0.442 19.15 21.68 02a59643o0524c
59643.473607 -20.878  1.220   -16   20 c  0   0.91 154.16092  73.40050  4546.41  9418.45 2.48 2.24 -70.9 -0.455 19.13 21.70 02a59643o0535c
59643.485366  20.912  1.190    16   19 c  0   1.07 154.16092  73.40050  4561.88  9299.99 2.46 2.25 -73.8 -0.449 19.11 21.67 02a59643o0558c
59645.375018 -18.446  0.533  -152   81 o  0   0.98 154.16092  73.40050  6282.72  7540.11 2.95 2.72 -54.5 -0.468 17.42 18.85 01a59645o0363o
59645.377297  19.495  1.299    58   75 o  0   1.46 154.16092  73.40050  6263.51  7500.38 2.95 2.74 -47.9 -0.461 17.41 18.85 01a59645o0368o
59645.380486 -19.099  0.804   -83   67 o  0   0.95 154.16092  73.40050  6321.19  7578.08 2.96 2.81 -57.7 -0.456 17.67 19.11 01a59645o0375o
59645.385956  18.670  0.754   124   93 o  0   1.30 154.16092  73.40050  6336.16  7461.70 2.79 2.62 -51.6 -0.482 18.19 19.59 01a59645o0387o
59647.450178  14.324  1.192  6767 8065 c  0   1.14 154.16092  73.40050  4546.11  9418.82 2.71 2.47  64.8 -0.407 16.48 19.60 02a59647o0309c
59647.460551  21.225  2.031    12   24 c  0   1.04 154.16092  73.40050  4564.77  9300.33 2.65 2.42  85.2 -0.433 18.81 21.57 02a59647o0330c
59649.436893  21.622  2.190     8   18 o  0   1.15 154.16092  73.40050  7826.53  2638.21 2.87 2.68 -60.9 -0.488 19.03 20.18 01a59649o0407o
59649.440092  21.007  1.355    14   20 o  0   1.01 154.16092  73.40050  7847.68  2675.44 2.81 2.62 -56.8 -0.498 19.07 20.18 01a59649o0414o
59649.446046 -20.359  0.667   -26   17 o  0   1.54 154.16092  73.40050  7792.74  2605.68 2.98 2.75 -57.8 -0.486 18.97 20.17 01a59649o0427o
59649.457009  22.790  6.643     3   18 o  0   1.06 154.16092  73.40050  7781.64  2725.96 2.92 2.69 -57.8 -0.487 19.03 20.20 01a59649o0451o
59653.416416  20.240  1.057    29   31 o  0   1.01 154.16092  73.40050  7830.15  2635.50 2.92 2.87  41.0 -0.459 18.50 19.20 01a59653o0042o
59653.419605 -21.055  2.250   -14   31 o  0   0.96 154.16092  73.40050  7850.20  2670.67 3.02 2.88 -70.1 -0.462 18.45 19.20 01a59653o0049o
59653.425138  19.567  0.569    54   31 o  0   0.85 154.16092  73.40050  7796.42  2601.89 2.84 2.83  -6.5 -0.472 18.50 19.20 01a59653o0061o
59653.435165 -20.447  1.188   -24   29 o  0   0.92 154.16092  73.40050  7784.68  2720.20 2.92 2.80 -66.9 -0.481 18.48 19.19 01a59653o0083o
59657.446111  19.562  0.939    54   51 o  0   1.27 154.16092  73.40050  1238.91  7323.98 3.11 2.73 -48.9 -0.463 18.37 19.08 01a59657o0518o
59657.449303  20.928  3.241    15   50 o  0   1.13 154.16092  73.40050  1261.94  7364.47 2.88 2.59 -44.7 -0.477 18.45 19.08 01a59657o0525o
59657.455705 -22.911 22.333    -2   56 o  0   1.12 154.16092  73.40050  1196.64  7281.76 3.13 2.70 -46.6 -0.460 18.42 19.07 01a59657o0539o
59657.467573  20.142  1.700    32   54 o  0   1.03 154.16092  73.40050  1183.60  7397.27 3.02 2.70 -47.7 -0.461 18.40 19.06 01a59657o0565o
59659.411266  21.809  2.984     7   20 o  0   0.81 154.16092  73.40050  4398.93  7643.01 2.16 1.87  32.8 -0.426 19.02 19.54 02a59659o0434o
59659.414490  20.788  1.101    18   19 o  0   1.23 154.16092  73.40050  4380.02  7603.66 2.12 1.85  34.2 -0.433 19.00 19.54 02a59659o0441o
59659.422735  19.941  0.538    38   21 o  0   0.98 154.16092  73.40050  4431.82  7677.47 2.23 1.97  31.6 -0.419 18.94 19.51 02a59659o0459o
59659.434234  19.839  0.534    42   22 o  0   0.83 154.16092  73.40050  4448.79  7558.88 2.19 1.85  32.1 -0.430 18.92 19.43 02a59659o0484o
59665.409167  22.348  4.227     4   18 o  0   1.12 154.16092  73.40050  4097.01  1309.30 2.80 2.68 -58.2 -0.486 19.19 20.47 01a59665o0405o
59665.412359  21.415  1.755    10   17 o  0   1.01 154.16092  73.40050  4116.68  1348.43 2.75 2.69 -25.6 -0.482 19.17 20.45 01a59665o0412o
59665.417846  20.913  1.061    16   17 o  0   1.15 154.16092  73.40050  4063.87  1271.35 2.81 2.67 -46.8 -0.493 19.19 20.44 01a59665o0424o
59665.428846  21.714  2.182     8   16 o  0   1.14 154.16092  73.40050  4057.63  1391.51 2.62 2.56   8.4 -0.491 19.27 20.47 01a59665o0448o
59671.363414  22.149  2.742     5   14 c  0   1.18 154.16092  73.40050  8300.00  1204.64 2.59 2.43 -66.1 -0.415 19.38 21.45 02a59671o0231c
59671.366612  20.950  0.857    15   13 c  0   1.07 154.16092  73.40050  8277.80  1163.72 2.62 2.48 -77.9 -0.412 19.34 21.46 02a59671o0238c
59671.373039  21.289  1.254    11   14 c  0   1.09 154.16092  73.40050  8344.70  1246.83 2.60 2.48 -72.9 -0.408 19.38 21.45 02a59671o0252c
59671.406112  21.373  1.303    10   13 c  0   1.03 154.16092  73.40050  8358.02  1127.73 2.53 2.38 -73.4 -0.414 19.39 21.33 02a59671o0323c
59673.479917 -21.047  2.029   -14   28 o  0   1.30 154.16092  73.40050  6604.88  7522.94 3.06 2.87  42.8 -0.428 18.51 20.01 01a59673o0131o
59673.486316  19.629  1.257    51   64 o  0   1.22 154.16092  73.40050  6628.17  7562.74 2.99 2.86  61.0 -0.445 17.99 19.47 01a59673o0145o
59673.489531  19.172  0.703    78   55 o  0   1.21 154.16092  73.40050  6563.32  7490.46 3.00 2.87  49.1 -0.440 17.69 19.18 01a59673o0152o
59673.500076  22.503  7.556     4   27 o  0   1.25 154.16092  73.40050  6545.05  7611.40 2.99 2.89  60.3 -0.443 18.48 20.04 01a59673o0175o
59675.357673  17.064  2.793   542 1515 c  0   1.16 154.16092  73.40050  1601.59  7457.25 2.43 2.34 -49.6 -0.413 14.79 16.50 02a59675o0311c
59675.373684  18.197  0.562   191  107 c  0   1.37 154.16092  73.40050  9852.19  7698.99 2.79 2.47  35.1 -0.490 16.87 18.68 02a59675o0346c
59675.411284 -20.241  1.043   -29   30 c  0   1.29 154.16092  73.40050  9879.68  7745.50 2.70 2.51  40.0 -0.408 18.48 20.42 02a59675o0427c
59677.329463 -20.497  0.908   -23   21 o  0   0.94 154.16092  73.40050  6580.36  7491.25 2.76 2.74 -15.4 -0.478 18.98 20.04 01a59677o0172o
59677.332666  20.938  1.348    15   21 o  0   1.57 154.16092  73.40050  6603.44  7529.05 3.08 3.00  22.6 -0.455 18.88 20.06 01a59677o0179o
59677.338139  20.537  1.000    22   22 o  0   1.15 154.16092  73.40050  6539.40  7457.22 2.83 2.80 -67.1 -0.476 18.94 20.04 01a59677o0191o
59677.348627  20.408  0.877    25   22 o  0   1.15 154.16092  73.40050  6525.37  7577.03 2.87 2.80   2.2 -0.466 18.96 20.07 01a59677o0214o
59679.320180 -16.135  1.260 -1276 1608 c  0   1.52 154.16092  73.40050  1594.77  7584.15 2.36 2.22 -53.8 -0.460 13.91 15.44 02a59679o0197c
59679.331180  14.799  0.291  4370 1272 c  0   1.50 154.16092  73.40050  1610.60  7461.67 2.38 2.28 -46.1 -0.455 14.71 16.28 02a59679o0221c
59679.370634  19.887  0.962    40   39 c  0   1.04 154.16092  73.40050  9832.15  7660.64 2.70 2.50  42.0 -0.410 18.48 20.09 02a59679o0306c
59679.373834 -19.043  0.397   -88   35 c  0   1.36 154.16092  73.40050  9886.43  7745.83 2.69 2.52  43.3 -0.408 18.51 20.09 02a59679o0313c
59679.381610 -22.812 13.333    -3   36 c  0   1.50 154.16092  73.40050  9900.07  7630.37 2.82 2.53  39.1 -0.407 18.49 20.09 02a59679o0330c
59681.365395  20.003  0.785    36   28 o  0   1.18 154.16092  73.40050  9269.44   560.31 2.79 2.61 -40.7 -0.504 18.65 19.45 01a59681o0302o
59681.368585  21.001  1.808    14   26 o  0   1.28 154.16092  73.40050  9289.31   597.61 2.80 2.62 -41.2 -0.509 18.64 19.45 01a59681o0309o
59681.374522  20.789  1.494    18   26 o  0   1.29 154.16092  73.40050  9238.42   530.15 2.80 2.63 -47.6 -0.515 18.65 19.44 01a59681o0322o
59681.385546 -22.343  7.143    -4   30 o  0   0.91 154.16092  73.40050  9228.90   653.15 2.84 2.71 -32.3 -0.502 18.56 19.40 01a59681o0346o
59681.386923 -20.410  1.376   -25   34 o  0   1.02 154.16092  73.40050  1266.59   902.68 3.07 2.95 -43.0 -0.556 18.60 19.46 01a59681o0349o
59681.391040  19.781  0.774    44   34 o  0   0.93 154.16092  73.40050  1287.37   943.45 3.01 2.81 -54.8 -0.574 18.63 19.46 01a59681o0358o
59681.397420  21.852  4.667     7   31 o  0   1.46 154.16092  73.40050  1233.25   860.01 3.06 2.91 -63.3 -0.552 18.61 19.44 01a59681o0372o
59681.407472  19.014  0.331    90   30 o  0   1.02 154.16092  73.40050  1230.56   978.71 2.71 2.57 -47.7 -0.591 18.62 19.40 01a59681o0394o
59683.376934 -23.829 26.556    -1   28 o  0   0.72 154.16092  73.40050   185.96  5266.69 2.24 2.06  10.2 -0.389 18.50 18.97 02a59683o0313o
59683.380153  21.200  2.263    12   27 o  0   1.05 154.16092  73.40050   166.78  5229.22 2.27 2.10   9.4 -0.373 18.45 18.95 02a59683o0320o
59683.386108 -21.165  2.155   -12   27 o  0   1.13 154.16092  73.40050   224.50  5296.82 2.51 2.30  18.6 -0.390 18.40 18.96 02a59683o0333o
59683.396207 -19.616  0.570   -52   30 o  0   1.12 154.16092  73.40050   246.37  5174.91 2.45 2.33   5.5 -0.377 18.27 18.80 02a59683o0355o
59683.403120 -22.206  8.321    -5   40 o  0   0.89 154.16092  73.40050  9232.44  5185.38 2.57 2.29  30.2 -0.397 18.28 18.67 02a59683o0370o
59683.406320  19.911  1.036    39   41 o  0   1.00 154.16092  73.40050  9213.61  5144.77 2.51 2.18  28.1 -0.396 18.20 18.53 02a59683o0377o
59683.412287 -19.483  1.031   -58   60 o  0   0.91 154.16092  73.40050  9269.49  5228.93 2.96 2.60  30.9 -0.370 17.63 18.00 02a59683o0390o
59683.422417  18.958  2.318    95  220 o  0   1.23 154.16092  73.40050  9289.51  5114.69 2.54 2.23  28.0 -0.396 16.28 16.16 02a59683o0412o
59685.312376 -16.185  0.694 -1219  846 o  0   0.91 154.16092  73.40050  9266.07   584.48 2.90 2.69 -78.4 -0.567 16.09 16.18 01a59685o0174o
59685.328804 -19.254  3.119   -72  225 o  0   0.88 154.16092  73.40050  9202.29   638.24 3.09 2.65 -68.8 -0.539 16.14 16.46 01a59685o0210o
59685.334757 -18.580  0.762  -134  102 o  0   0.99 154.16092  73.40050  1249.66   898.00 3.01 2.88 -62.3 -0.549 16.90 17.37 01a59685o0223o
59685.337957 -19.575  2.284   -54  123 o  0   1.01 154.16092  73.40050  1269.22   939.34 3.07 2.85 -61.6 -0.591 17.49 17.95 01a59685o0230o
59685.344794  18.615  1.108   130  144 o  0   1.15 154.16092  73.40050  1217.26   859.84 2.77 2.72 -59.3 -0.581 16.67 16.91 01a59685o0245o
59685.379115 -16.946  0.744  -605  450 o  0   1.01 154.16092  73.40050  1213.32   974.40 3.25 3.04 -67.4 -0.543 15.59 15.71 01a59685o0319o
59687.289796  20.133  0.828    32   27 o  0   0.79 154.16092  73.40050   203.40  5288.02 2.13 1.78 -56.3 -0.383 18.74 19.05 02a59687o0140o
59687.292993  20.881  1.643    16   26 o  0   0.73 154.16092  73.40050   183.59  5250.72 2.22 1.77 -57.6 -0.393 18.69 19.02 02a59687o0147o
59687.298942 -19.716  0.458   -47   22 o  0   1.28 154.16092  73.40050   240.10  5317.43 2.16 1.84 -55.1 -0.396 18.65 18.98 02a59687o0160o
59687.310411  21.693  3.221     8   25 o  0   0.95 154.16092  73.40050   259.41  5195.50 2.01 1.85  -2.3 -0.398 18.59 18.92 02a59687o0185o
59687.316833  20.181  0.853    31   26 o  0   0.96 154.16092  73.40050  9252.35  5193.83 2.03 1.96  51.4 -0.454 18.69 18.92 02a59687o0199o
59687.350256  20.298  1.039    28   29 o  0   1.24 154.16092  73.40050  9219.56  5148.47 2.17 1.99  29.0 -0.426 18.58 18.89 02a59687o0271o
59687.353909  20.125  0.790    32   26 o  0   1.20 154.16092  73.40050  9276.91  5231.94 2.16 1.99  31.1 -0.441 18.57 18.89 02a59687o0279o
59687.361225 -21.909  4.157    -6   26 o  0   1.18 154.16092  73.40050  9296.22  5116.76 2.18 2.01  31.4 -0.435 18.59 18.88 02a59687o0295o
59689.376726  21.240  2.426    12   28 o  0   1.20 154.16092  73.40050  7119.66  5228.36 2.86 2.84  28.7 -0.463 18.60 19.52 01a59689o0170o
59689.382227  21.044  2.339    14   32 o  0   0.67 154.16092  73.40050  7143.48  5268.53 3.14 2.93  33.9 -0.422 18.53 19.50 01a59689o0182o
59689.386782  24.185 48.000     1   37 o  0   1.06 154.16092  73.40050  7084.26  5197.37 4.19 3.90 -89.3 -0.363 18.16 19.40 01a59689o0192o
59689.401373 -20.774  2.071   -18   37 o  0   1.14 154.16092  73.40050  7070.53  5318.71 2.94 2.84  88.9 -0.456 18.46 19.32 01a59689o0224o
59693.289371 -21.639  1.956    -8   16 o  0   1.36 154.16092  73.40050  7099.96  5212.41 2.76 2.71 -87.5 -0.477 19.09 20.36 01a59693o0149o
59693.292560  20.554  0.842    22   18 o  0   0.91 154.16092  73.40050  7121.72  5249.56 2.76 2.63 -81.7 -0.484 19.13 20.38 01a59693o0156o
59693.298944 -20.102  0.503   -33   17 o  0   1.14 154.16092  73.40050  7062.34  5179.12 2.65 2.62 -68.6 -0.490 19.17 20.40 01a59693o0170o
59693.311716 -19.138  0.690   -80   55 o  0   0.97 154.16092  73.40050  7050.02  5298.66 2.72 2.64 -89.0 -0.477 18.76 19.98 01a59693o0198o
59695.313975 -23.511 10.000    -1   14 c  0   1.17 154.16092  73.40050  9413.55  1711.82 2.52 2.49  22.3 -0.405 19.28 21.18 02a59695o0189c
59695.319504  20.498  0.497    23   11 c  0   2.24 154.16092  73.40050  9392.73  1675.87 2.55 2.37 -67.2 -0.413 19.34 21.18 02a59695o0201c
59695.322707 -21.432  1.435   -10   14 c  0   1.19 154.16092  73.40050  9458.72  1763.20 2.58 2.33 -60.8 -0.419 19.29 21.17 02a59695o0208c
59695.334630 -20.031  0.398   -35   14 c  0   1.09 154.16092  73.40050  9481.88  1648.78 2.44 2.31 -66.7 -0.418 19.35 21.18 02a59695o0234c
59697.373738 -18.346  1.261  -167  210 o  0   1.01 154.16092  73.40050  5190.28  5451.58 2.93 2.67  33.9 -0.438 16.73 18.03 01a59697o0119o
59697.377886  20.079  2.400    34   81 o  0   1.22 154.16092  73.40050  5212.23  5491.06 2.81 2.74  40.2 -0.443 17.40 18.75 01a59697o0128o
59697.422861  21.066  1.536    14   21 o  0   1.08 154.16092  73.40050  5142.46  5541.29 3.02 2.91  57.8 -0.422 18.87 20.14 01a59697o0168o
59699.327229 -21.113  3.741   -13   49 c  0   0.96 154.16092  73.40050  5242.89  3384.45 2.65 2.39  35.7 -0.404 18.03 19.40 02a59699o0216c
59699.330428  19.699  0.554    48   26 c  0   1.22 154.16092  73.40050  5222.35  3344.40 2.65 2.38  36.0 -0.406 18.49 19.93 02a59699o0223c
59699.336390 -18.482  1.088  -147  160 c  0   1.25 154.16092  73.40050  5283.20  3421.10 2.78 2.44  34.9 -0.398 16.34 17.63 02a59699o0236c
59699.348270  21.048  2.588    14   36 c  0   1.12 154.16092  73.40050  5305.42  3303.89 2.69 2.30  32.0 -0.408 18.25 19.65 02a59699o0262c
59709.274634  20.717  1.190    19   22 o  0   1.80 154.16092  73.40050  8635.63  7175.28 2.77 2.70  33.2 -0.464 18.85 19.64 01a59709o0092o
59709.278319 -21.266  2.328   -11   26 o  0   1.17 154.16092  73.40050  8657.79  7210.24 2.89 2.74  40.8 -0.448 18.85 19.64 01a59709o0100o
59709.283849 -19.712  0.669   -47   32 o  0   0.74 154.16092  73.40050  8594.56  7143.07 2.87 2.71 -75.6 -0.464 18.79 19.65 01a59709o0112o
59709.295848 -22.569  7.765    -3   26 o  0   1.25 154.16092  73.40050  8580.72  7265.74 3.06 2.76  31.3 -0.415 18.78 19.63 01a59709o0138o
59711.289934 -21.660  7.606    -8   60 o  0   1.40 154.16092  73.40050  7336.72  9775.33 2.54 2.36 -75.7 -0.446 17.81 18.11 02a59711o0116o
59711.293132 -19.104  0.855   -83   71 o  0   1.25 154.16092  73.40050  7318.86  9733.57 2.82 2.70  84.2 -0.422 17.80 18.16 02a59711o0123o
59711.300451 -20.352  1.865   -26   49 o  0   1.33 154.16092  73.40050  7369.10  9816.27 2.84 2.68  66.3 -0.421 18.14 18.59 02a59711o0139o
59711.312813 -19.861  1.437   -41   59 o  0   1.19 154.16092  73.40050  7384.89  9697.60 2.43 2.36  68.3 -0.437 18.08 18.47 02a59711o0166o
59713.334451  20.834  1.804    17   30 o  0   1.03 154.16092  73.40050  2404.71  3116.71 2.70 2.64 -30.5 -0.498 18.57 19.19 01a59713o0232o
59713.337675 -21.808  4.417    -7   30 o  0   1.03 154.16092  73.40050  2425.65  3156.59 2.80 2.68 -54.4 -0.487 18.50 19.18 01a59713o0239o
59713.343200 -20.066  0.790   -34   27 o  0   1.26 154.16092  73.40050  2370.79  3077.18 2.71 2.64 -37.2 -0.493 18.55 19.18 01a59713o0251o
59713.355228  21.067  1.822    14   25 o  0   1.58 154.16092  73.40050  2359.51  3191.13 2.71 2.66  34.1 -0.481 18.49 19.14 01a59713o0277o
59715.325726  20.064  0.890    34   30 o  0   1.21 154.16092  73.40050  1452.20  5500.02 2.15 1.91  18.4 -0.448 18.29 18.45 02a59715o0207o
59715.329385 -22.748 11.000    -3   32 o  0   1.36 154.16092  73.40050  1432.99  5461.88 2.25 2.00  17.8 -0.435 18.23 18.39 02a59715o0215o
59715.335337 -20.396  1.212   -25   31 o  0   1.15 154.16092  73.40050  1490.18  5531.81 2.14 1.89  19.1 -0.441 18.32 18.44 02a59715o0228o
59715.345410 -19.563  0.532   -54   29 o  0   1.48 154.16092  73.40050  1510.82  5410.35 2.14 1.92  16.8 -0.438 18.34 18.46 02a59715o0250o
59715.349073  20.418  2.476    25   61 o  0   0.65 154.16092  73.40050 10494.69  5770.46 2.20 2.05 -62.4 -0.482 18.41 18.59 02a59715o0258o
59715.352733  21.058  2.536    14   35 o  0   1.50 154.16092  73.40050 10475.11  5728.07 2.18 2.05 -56.3 -0.459 18.46 18.58 02a59715o0266o
59717.274206  19.627  0.468    51   24 o  0   0.64 154.16092  73.40050  2382.29  3111.47 3.60 3.58  41.3 -0.338 18.86 20.37 01a59717o0089o
59717.277433 -21.788  3.040    -7   21 o  0   1.03 154.16092  73.40050  2403.57  3151.93 3.45 3.36 -64.2 -0.414 18.93 20.44 01a59717o0096o
59717.283947  21.156  1.455    12   18 o  0   1.24 154.16092  73.40050  2348.24  3072.16 3.07 3.07 -86.0 -0.425 19.04 20.40 01a59717o0110o
59717.297790 -20.632  1.049   -20   21 o  0   1.22 154.16092  73.40050  2338.82  3188.13 3.27 3.15 -55.9 -0.421 18.80 20.00 01a59717o0140o
59721.294698  20.549  0.812    22   18 o  0   1.25 154.16092  73.40050  6850.88  9238.02 2.66 2.62 -39.6 -0.488 19.03 20.08 01a59721o0137o
59721.300688 -22.258  4.565    -4   21 o  0   0.82 154.16092  73.40050  6874.52  9276.91 2.77 2.68  65.2 -0.470 19.02 20.09 01a59721o0150o
59721.303949  21.011  1.411    14   20 o  0   1.13 154.16092  73.40050  6804.76  9205.57 2.75 2.69  71.9 -0.472 19.02 20.09 01a59721o0157o
59721.318679  21.488  2.444     9   22 o  0   0.86 154.16092  73.40050  6788.44  9330.91 2.93 2.68  39.5 -0.451 19.05 20.11 01a59721o0189o
59723.296435 -21.120  0.935   -13   12 c  0   0.90 154.16092  73.40050  6087.73  1167.14 2.34 2.25  81.0 -0.417 19.41 20.87 02a59723o0131c
59723.302385  23.220  6.000     2   11 c  0   1.53 154.16092  73.40050  6065.51  1125.95 2.43 2.26  69.3 -0.411 19.40 20.90 02a59723o0144c
59723.306513 -22.459  3.231    -4   12 c  0   1.27 154.16092  73.40050  6132.44  1206.05 2.40 2.27 -77.1 -0.417 19.38 20.88 02a59723o0153c
59723.317514  22.158  2.559     5   13 c  0   1.13 154.16092  73.40050  6155.70  1085.99 2.44 2.27  69.9 -0.411 19.34 20.84 02a59723o0177c
59725.257470  19.851  0.480    42   20 o  0   0.79 154.16092  73.40050  6846.09  9228.18 2.71 2.68 -85.5 -0.479 19.17 20.35 01a59725o0057o
59725.262995  22.752  6.133     3   18 o  0   0.92 154.16092  73.40050  6870.00  9266.62 2.76 2.71 -79.2 -0.476 19.18 20.45 01a59725o0069o
59725.270371  25.597 79.000     0   16 o  0   1.04 154.16092  73.40050  6800.99  9196.48 3.02 2.80  38.3 -0.439 19.19 20.46 01a59725o0085o
59725.273607  21.127  1.141    13   15 o  0   1.53 154.16092  73.40050  6784.14  9315.14 2.85 2.76 -62.9 -0.470 19.18 20.47 01a59725o0092o
59727.256010 -20.541  0.913   -22   20 c  0   1.27 154.16092  73.40050  6095.35  1176.61 2.38 2.23  60.6 -0.411 18.63 19.85 02a59727o0042c
59727.260161 -20.448  0.830   -24   20 c  0   1.34 154.16092  73.40050  6073.43  1136.35 2.36 2.26  59.5 -0.408 18.70 20.13 02a59727o0051c
59727.267492  20.894  0.854    16   14 c  0   1.32 154.16092  73.40050  6140.03  1212.89 2.34 2.23  63.2 -0.417 19.22 20.68 02a59727o0067c
59727.279014 -21.148  1.151   -13   14 c  0   0.83 154.16092  73.40050  6163.38  1093.72 2.38 2.25  63.4 -0.411 19.39 20.93 02a59727o0092c
59729.271929  21.659  2.357     8   19 o  0   1.01 154.16092  73.40050  7552.59   907.38 2.73 2.60  15.2 -0.480 19.12 20.27 01a59729o0076o
59729.276068 -19.877  0.585   -41   24 o  0   1.12 154.16092  73.40050  7573.66   945.91 2.81 2.64  21.6 -0.468 18.88 20.09 01a59729o0085o
59729.282996 -17.938  2.072  -243  503 o  0   1.14 154.16092  73.40050  7523.70   875.62 2.68 2.52  20.3 -0.477 16.09 17.27 01a59729o0100o
59729.296395  19.114  1.131    82   93 o  0   0.80 154.16092  73.40050  7516.75   998.81 2.68 2.59  -3.0 -0.484 18.28 19.45 01a59729o0129o
59731.327971 -21.461  1.375   -10   13 c  0   1.37 154.16092  73.40050  7285.98  5100.67 3.09 2.47  34.5 -0.376 19.38 21.09 02a59731o0030c
59731.333454  20.774  0.763    18   14 c  0   1.02 154.16092  73.40050  7268.21  5063.30 2.96 2.49  30.6 -0.378 19.38 21.10 02a59731o0042c
59731.345824 -20.582  0.586   -21   12 c  0   1.37 154.16092  73.40050  7324.18  5141.24 2.90 2.49  31.6 -0.383 19.36 21.09 02a59731o0069c
59731.349025  20.813  0.730    17   12 c  0   1.32 154.16092  73.40050  7345.99  5026.47 2.91 2.50  28.6 -0.386 19.39 21.09 02a59731o0076c
59733.246740  19.401  0.715    63   45 o  0   0.82 154.16092  73.40050  7548.83   908.07 2.55 2.45 -39.7 -0.546 18.15 18.39 01a59733o0028o
59733.249982  19.922  0.738    39   29 o  0   0.96 154.16092  73.40050  7569.98   945.64 2.60 2.44 -46.2 -0.548 18.64 19.23 01a59733o0035o
59733.255508  22.446  4.909     4   19 o  0   1.18 154.16092  73.40050  7518.56   874.22 2.59 2.52 -22.3 -0.516 19.07 20.07 01a59733o0047o
59733.266097  19.793  0.378    44   17 o  0   1.24 154.16092  73.40050  7509.36   996.24 2.62 2.49 -37.9 -0.523 19.24 20.40 01a59733o0070o
59735.252184 -20.173  0.893   -31   28 o  0   1.42 154.16092  73.40050  7305.87  5116.94 2.35 1.78  33.3 -0.437 18.44 18.60 02a59735o0033o
59735.255841  21.150  1.565    13   20 o  0   1.61 154.16092  73.40050  7286.14  5071.88 2.38 1.79  32.9 -0.433 18.87 19.31 02a59735o0041o
59735.263213 -20.432  0.644   -24   16 o  0   1.29 154.16092  73.40050  7342.76  5149.40 2.40 1.77  33.3 -0.438 19.19 19.87 02a59735o0057o
59735.274269  23.035  6.842     2   15 o  0   1.13 154.16092  73.40050  7362.48  5031.87 2.30 1.83  32.1 -0.444 19.23 19.93 02a59735o0081o
59737.270900  25.020 69.000     0   25 o  0   0.82 154.16092  73.40050  5841.40  1155.92 2.72 2.58  24.2 -0.475 18.97 19.89 01a59737o0077o
59737.276450  20.323  0.812    27   22 o  0   0.80 154.16092  73.40050  5862.51  1194.12 2.66 2.59  38.4 -0.520 18.97 19.91 01a59737o0089o
59737.282435  20.252  0.735    29   21 o  0   1.03 154.16092  73.40050  5810.72  1120.39 2.81 2.62  31.1 -0.462 18.92 19.85 01a59737o0102o
59737.294504  23.353 13.556     2   22 o  0   1.03 154.16092  73.40050  5804.36  1241.37 2.73 2.63  26.7 -0.472 18.90 19.84 01a59737o0128o
59739.308330 -20.773  0.869   -18   16 o  0   1.56 154.16092  73.40050  1664.22  1477.86 2.02 1.98  64.1 -0.460 18.98 19.60 02a59739o0153o
59739.311548 -21.495  2.013    -9   18 o  0   1.12 154.16092  73.40050  1642.45  1440.86 2.10 2.01 -69.9 -0.468 18.93 19.59 02a59739o0160o
59739.317984  22.456  4.688     4   18 o  0   1.33 154.16092  73.40050  1708.64  1512.89 2.16 1.91 -60.3 -0.474 19.02 19.57 02a59739o0174o
59739.328979 -20.855  1.419   -16   23 o  0   1.17 154.16092  73.40050  1732.13  1393.64 2.29 1.95 -57.2 -0.473 18.94 19.53 02a59739o0198o
59745.293382 -20.699  3.030   -19   58 o  0   1.22 154.16092  73.40050  3313.98  7309.49 2.77 2.75  27.7 -0.466 18.41 18.93 01a59745o0119o
59745.296608 -19.652  1.179   -50   59 o  0   1.19 154.16092  73.40050  3337.16  7350.14 2.79 2.68 -33.6 -0.471 18.40 18.91 01a59745o0126o
59745.302614 -20.453  2.607   -24   62 o  0   1.25 154.16092  73.40050  3273.11  7269.72 2.91 2.85  17.3 -0.442 18.33 18.87 01a59745o0139o
59745.313713 -19.733  1.667   -46   77 o  0   0.85 154.16092  73.40050  3257.50  7385.40 3.05 2.86  37.8 -0.414 18.27 18.84 01a59745o0163o
59753.256301  22.554  7.389     4   26 o  0   1.04 154.16092  73.40050  6043.03  2902.64 2.81 2.67  27.4 -0.465 18.62 19.37 01a59753o0039o
59753.260919 -20.977  1.556   -15   23 o  0   0.92 154.16092  73.40050  6064.53  2940.44 2.78 2.74  20.8 -0.459 18.80 19.82 01a59753o0049o
59753.268300  22.362  5.222     4   22 o  0   1.15 154.16092  73.40050  6009.99  2867.78 2.82 2.78  24.6 -0.455 18.88 20.05 01a59753o0065o
59753.282592  22.519  5.000     4   18 o  0   0.88 154.16092  73.40050  6002.82  2989.21 2.85 2.82  14.1 -0.451 19.02 20.24 01a59753o0096o
59769.251131  20.014  2.437    36   87 o  0   1.08 154.16092  73.40050   598.01  3064.62 2.55 2.38 -43.5 -0.580 17.55 17.63 01a59769o0025o
59769.256599 -19.183  0.526   -77   40 o  0   0.88 154.16092  73.40050   622.53  3103.47 2.40 2.33 -48.0 -0.577 18.40 18.96 01a59769o0037o
59769.263893  19.340  0.603    67   40 o  0   1.26 154.16092  73.40050   569.22  3018.41 2.48 2.35 -49.6 -0.580 18.00 18.58 01a59769o0053o
59769.267081 -20.854  2.971   -16   49 o  0   1.08 154.16092  73.40050   556.07  3132.46 2.42 2.35 -37.0 -0.576 17.92 18.45 01a59769o0060o
59869.588040 -20.000  0.417   -36   15 o  0   1.45 154.16092  73.40050  5601.21  9403.33 2.67 2.54  62.5 -0.389 19.15 20.05 01a59869o0854o
59869.590815 -20.932  1.127   -15   17 o  0   1.02 154.16092  73.40050  5587.14  9360.27 2.72 2.58  63.6 -0.387 19.13 20.05 01a59869o0860o
59869.597752  20.157  0.549    31   17 o  0   1.58 154.16092  73.40050  5644.56  9436.72 2.72 2.56  67.1 -0.394 19.16 20.12 01a59869o0875o
59869.621534  20.586  0.708    21   15 o  0   1.35 154.16092  73.40050  5681.40  9317.89 2.59 2.47  70.8 -0.402 19.23 20.15 01a59869o0926o
59885.484402  20.485  0.845    23   20 o  0   0.99 154.16092  73.40050  1005.00  9885.09 2.67 2.53 -43.8 -0.451 19.19 20.21 01a59885o0642o
59885.496732 -20.067  0.563   -34   19 o  0   1.01 154.16092  73.40050   998.28  9848.92 2.64 2.55 -67.6 -0.445 19.17 20.22 01a59885o0668o
59885.501024 -20.988  1.258   -15   18 o  0   1.25 154.16092  73.40050  1052.00  9921.06 2.66 2.50 -53.0 -0.449 19.19 20.20 01a59885o0677o
59885.507113  21.263  1.611    11   18 o  0   0.94 154.16092  73.40050  1076.88  9803.49 2.62 2.46 -44.7 -0.458 19.23 20.22 01a59885o0690o
59885.599417  21.085  1.636    13   22 o  0   0.82 154.16092  73.40050  9063.34  9952.30 2.87 2.69 -64.6 -0.413 19.01 20.11 01a59885o0889o
59885.609365 -22.598  5.091    -3   17 o  0   1.03 154.16092  73.40050  9051.70  9907.07 2.64 2.52 -66.0 -0.428 19.22 20.26 01a59885o0910o
59885.614711 -20.407  0.754   -25   19 o  0   1.74 154.16092  73.40050  9106.89  9988.13 2.67 2.51 -58.2 -0.427 18.91 19.94 01a59885o0921o
59885.617514 -20.755  1.186   -18   22 o  0   0.99 154.16092  73.40050  9127.60  9870.47 2.73 2.55 -59.9 -0.431 18.93 19.97 01a59885o0927o
59893.607497 -21.424  2.307   -10   23 o  0   1.06 154.16092  73.40050  3436.24  5350.41 2.57 2.40  54.3 -0.397 18.78 19.23 01a59893o0844o
59893.623460 -21.206  2.282   -12   27 o  0   0.73 154.16092  73.40050  3420.84  5311.26 3.24 2.61  47.6 -0.341 18.68 19.28 01a59893o0877o
59893.638736  20.665  1.093    20   22 o  0   1.15 154.16092  73.40050  3479.33  5385.58 3.11 2.44  45.4 -0.353 18.73 19.29 01a59893o0909o
59893.641069 -20.018  0.671   -36   24 o  0   0.97 154.16092  73.40050  3498.52  5268.17 3.01 2.47  45.4 -0.366 18.75 19.28 01a59893o0914o
59895.621738  20.230  1.124    29   33 o  0   1.19 154.16092  73.40050  1184.18  8885.21 3.31 3.19 -39.5 -0.436 18.30 19.33 02a59895o0432o
59895.624938 -23.106 14.100    -2   29 o  0   1.00 154.16092  73.40050  1204.43  8926.79 2.84 2.75 -70.4 -0.436 18.56 19.36 02a59895o0439o
59895.644588 -21.975  5.531    -6   33 o  0   1.10 154.16092  73.40050  1136.97  8836.02 2.67 2.54 -63.1 -0.459 18.58 19.30 02a59895o0481o
59895.656014 -21.388  7.576   -10   77 o  0   1.22 154.16092  73.40050  1114.22  8949.20 3.50 3.34 -39.8 -0.444 17.86 18.50 02a59895o0506o
59897.618308 -20.639  0.891   -20   18 o  0   1.18 154.16092  73.40050  5384.49  5212.12 2.70 2.56  53.7 -0.407 18.99 19.80 01a59897o0934o
59897.638703 -23.454 11.545    -2   17 o  0   1.32 154.16092  73.40050  5364.13  5169.95 2.67 2.41  45.4 -0.413 19.09 19.87 01a59897o0976o
59897.641964 -20.354  0.683   -26   18 o  0   0.93 154.16092  73.40050  5421.63  5247.63 2.59 2.40  51.0 -0.413 19.07 19.83 01a59897o0983o
59897.644836  22.847  6.600     3   17 o  0   0.90 154.16092  73.40050  5441.46  5131.50 2.61 2.38  45.6 -0.414 19.03 19.75 01a59897o0989o
59899.589650  23.022  8.000     2   18 o  0   1.17 154.16092  73.40050  5325.66  7191.10 2.60 2.18  41.3 -0.410 19.06 19.94 02a59899o0890o
59899.592832 -21.649  1.982    -8   16 o  0   1.30 154.16092  73.40050  5353.29  7230.60 2.46 2.14  39.3 -0.422 19.11 19.96 02a59899o0897o
59899.598295 -22.511  4.192    -4   15 o  0   1.27 154.16092  73.40050  5292.94  7152.74 2.46 2.10  41.1 -0.423 19.14 19.98 02a59899o0909o
59899.611101  21.785  2.717     7   19 o  0   1.33 154.16092  73.40050  5275.53  7267.76 2.60 2.22  43.5 -0.414 19.09 20.01 02a59899o0937o
59901.563080  20.617  0.758    21   16 o  0   1.11 154.16092  73.40050  5370.79  5210.23 2.97 2.51  43.7 -0.383 19.19 20.35 01a59901o0765o
59901.572350  22.454  4.278     4   16 o  0   1.03 154.16092  73.40050  5353.33  5174.58 3.66 2.97  44.9 -0.308 19.02 20.30 01a59901o0784o
59901.576067  20.612  0.691    21   14 o  0   1.09 154.16092  73.40050  5412.63  5250.27 2.64 2.44  49.4 -0.407 19.27 20.31 01a59901o0792o
59901.590914  21.628  2.140     8   17 o  0   0.74 154.16092  73.40050  5435.39  5130.55 3.46 2.77  43.6 -0.327 19.09 20.28 01a59901o0824o
59905.631767  21.788  1.838     7   13 c  0   0.81 154.16092  73.40050  1988.93  3331.83 3.32 3.08  48.8 -0.338 19.54 21.58 01a59905o0915c
59905.637657  25.725 56.000     0   10 c  0   1.11 154.16092  73.40050  1968.37  3296.37 3.30 3.02  51.4 -0.344 19.56 21.54 01a59905o0927c
59905.641929 -21.197  0.857   -12   10 c  0   1.37 154.16092  73.40050  2030.35  3368.39 3.37 3.08  49.7 -0.336 19.48 21.43 01a59905o0936c
59907.606279  22.671  4.300     3   13 o  0   1.37 154.16092  73.40050  3224.92   816.65 2.63 2.15 -58.8 -0.459 19.35 20.69 02a59907o0930o
59907.610356  21.545  1.722     9   15 o  0   1.14 154.16092  73.40050  3243.29   855.88 2.69 2.20 -57.2 -0.449 19.35 20.71 02a59907o0939o
59907.616938 -24.324 20.400    -1   14 o  0   0.82 154.16092  73.40050  3196.60   773.95 2.44 1.96 -58.7 -0.477 19.42 20.73 02a59907o0953o
59909.550451 -21.009  0.810   -14   12 c  0   1.09 154.16092  73.40050  2000.58  3316.15 3.10 3.01  38.2 -0.360 19.43 21.23 01a59909o0780c
59909.553250  22.317  3.444     4   15 c  0   1.14 154.16092  73.40050  1979.02  3279.75 3.63 3.47  45.7 -0.327 19.29 21.21 01a59909o0786c
59909.559745  23.416  8.167     2   13 c  0   1.06 154.16092  73.40050  2040.87  3353.43 4.09 3.64  45.0 -0.248 19.22 21.24 01a59909o0800c
59909.575148  23.868 14.000     1   14 c  0   0.91 154.16092  73.40050  2060.26  3237.70 4.17 3.63  48.5 -0.223 19.27 21.25 01a59909o0833c
59915.583557 -21.570  1.694    -9   14 o  0   1.23 154.16092  73.40050  9127.80  5049.35 2.20 2.03  46.3 -0.439 19.47 20.61 02a59915o0881o
59915.585371  20.311  0.468    27   13 o  0   1.13 154.16092  73.40050  9146.99  5085.96 2.24 2.06  43.0 -0.436 19.44 20.61 02a59915o0885o
59915.588542  21.696  1.841     8   14 o  0   1.11 154.16092  73.40050  9090.32  5015.31 2.22 2.05  43.8 -0.436 19.46 20.59 02a59915o0892o
59915.592163 -20.622  0.688   -20   14 o  0   0.61 154.16092  73.40050    75.78  4833.68 2.05 1.89  36.9 -0.431 19.39 20.52 02a59915o0900o
59915.595328  17.701  0.054   302   16 o  0  81.38 154.16092  73.40050    95.20  4874.77 1.98 1.87  35.6 -0.424 19.38 20.51 02a59915o0907o
59915.596683  21.202  0.941    12   11 o  0   1.55 154.16092  73.40050  9070.30  5134.67 2.25 2.01  44.0 -0.434 19.43 20.56 02a59915o0910o
59915.600757 -20.645  0.921   -20   18 o  0   0.91 154.16092  73.40050    37.14  4786.71 2.00 1.90  34.1 -0.424 19.42 20.50 02a59915o0919o
59919.521433  20.511  2.191    23   50 o  0   0.91 154.16092  73.40050  9077.07  5015.29 2.13 2.09  69.3 -0.442 17.91 18.11 02a59919o0324o
59919.631638 -20.400  1.278   -25   32 o  0   1.19 154.16092  73.40050  9076.48  5147.68 2.78 2.21  30.4 -0.397 18.25 18.77 02a59919o0337o
59927.531124 -20.898  1.416   -16   22 o  0   1.09 154.16092  73.40050  4518.10  9413.09 2.48 2.17  42.9 -0.402 18.95 19.76 02a59927o0742o
59927.533414 -21.224  1.753   -12   21 o  0   1.36 154.16092  73.40050  4544.55  9450.73 2.32 2.12  47.5 -0.418 18.99 19.77 02a59927o0747o
59927.538421 -20.051  0.622   -35   22 o  0   1.17 154.16092  73.40050  4477.51  9371.14 2.29 2.15  42.1 -0.420 18.95 19.76 02a59927o0758o
59927.549235  20.930  1.196    15   18 o  0   1.40 154.16092  73.40050  4450.63  9485.92 2.35 2.21  48.4 -0.414 18.93 19.79 02a59927o0781o
59959.495506  20.694  0.781    19   15 o  0   0.87 154.16092  73.40050  8008.16  2733.11 2.14 2.08  73.2 -0.417 19.30 20.37 02a59959o0654o
59959.497314 -24.214 17.167    -1   13 o  0   1.32 154.16092  73.40050  8025.19  2771.41 2.21 2.11  64.4 -0.416 19.28 20.38 02a59959o0658o
59959.500937  21.798  1.952     7   14 o  0   0.94 154.16092  73.40050  7972.99  2698.00 2.04 1.98  76.2 -0.429 19.33 20.36 02a59959o0666o
59959.507381  23.088  8.222     2   17 o  0   0.69 154.16092  73.40050  7953.84  2819.44 2.16 2.03  47.7 -0.420 19.27 20.33 02a59959o0680o
59963.555418 -20.956  0.965   -15   14 o  0   0.79 154.16092  73.40050  8120.63  1529.56 2.03 1.85 -67.8 -0.455 19.48 20.73 02a59963o0557o
59963.587590 -23.038  6.591    -2   15 o  0   0.92 154.16092  73.40050  8099.41  1484.81 1.96 1.83 -71.3 -0.458 19.47 20.64 02a59963o0627o
59963.590787  23.917 11.800     1   12 o  0   1.50 154.16092  73.40050  8161.60  1567.58 1.99 1.77 -71.0 -0.462 19.46 20.62 02a59963o0634o
59963.596274  21.088  0.827    13   11 o  0   1.56 154.16092  73.40050  8184.30  1451.34 2.02 1.84 -67.2 -0.463 19.43 20.64 02a59963o0646o
59967.550944 -21.986  2.118    -6   12 o  0   1.17 154.16092  73.40050  9364.51  3444.65 2.06 2.03  26.8 -0.431 19.51 20.94 02a59967o0649o
59967.554119 -20.681  0.525   -19   10 o  0   1.84 154.16092  73.40050  9344.97  3402.33 2.00 1.99  -9.3 -0.434 19.58 20.93 02a59967o0656o
59967.606387  24.804 29.000     0   13 o  0   1.34 154.16092  73.40050  9404.23  3484.17 2.35 2.31 -31.3 -0.410 19.34 20.83 02a59967o0685o
59967.633506  20.941  0.984    15   15 o  0   0.98 154.16092  73.40050  9416.95  3369.58 2.14 2.06   9.2 -0.431 19.49 20.87 02a59967o0744o
60015.393835  20.891  1.163    16   19 o  0   1.30 154.16092  73.40050  2120.31  6596.35 2.40 2.31  26.9 -0.424 18.93 19.92 02a60015o0287o
60015.397013 -22.719  7.100    -3   21 o  0   1.07 154.16092  73.40050  2099.97  6557.53 2.36 2.26  25.7 -0.423 18.98 19.92 02a60015o0294o
60015.402479 -23.085  6.714    -2   14 o  0   2.18 154.16092  73.40050  2161.16  6626.69 2.39 2.27  29.8 -0.424 18.94 19.91 02a60015o0306o
60015.437884 -22.242  3.417    -5   16 o  0   1.25 154.16092  73.40050  2184.30  6497.56 2.29 2.02  28.6 -0.419 19.06 19.93 02a60015o0381o
60019.438571 -21.980  2.176    -6   13 o  0   1.66 154.16092  73.40050  4792.17   627.75 2.06 1.96  73.4 -0.441 19.38 20.58 02a60019o0473o
60019.441738  22.561  4.138     3   14 o  0   0.94 154.16092  73.40050  4769.01   586.92 2.09 1.99  81.9 -0.447 19.31 20.61 02a60019o0480o
60019.447211 -20.310  0.395   -27   11 o  0   1.82 154.16092  73.40050  4846.93   662.31 1.98 1.90  84.2 -0.449 19.37 20.62 02a60019o0492o
60019.459741 -24.219 19.000    -1   14 o  0   1.17 154.16092  73.40050  4878.27   540.92 1.97 1.87  80.0 -0.451 19.38 20.63 02a60019o0519o
60023.358840 -19.954  4.895   -38  185 o  0   1.90 154.16092  73.40050  2402.56  6333.93 2.28 1.98  35.3 -0.433 16.25 17.24 02a60023o0298o
60023.362038  18.032  0.716   222  159 o  0   1.00 154.16092  73.40050  2422.36  6374.34 2.33 1.90  33.2 -0.421 16.64 17.58 02a60023o0305o
60023.367501  21.258  2.304    11   26 o  0   1.36 154.16092  73.40050  2368.01  6296.18 2.26 1.96  33.8 -0.439 18.56 19.67 02a60023o0317o
60023.372986  22.811  6.053     3   16 o  0   0.89 154.16092  73.40050  2350.82  6406.78 2.26 2.02  33.4 -0.437 19.21 20.40 02a60023o0329o
60023.423557 -20.770  0.846   -18   15 o  0   1.47 154.16092  73.40050  4791.95   626.96 2.09 1.89  64.6 -0.436 18.87 20.09 02a60023o0437o
60023.427669 -21.672  1.952    -8   15 o  0   1.16 154.16092  73.40050  4769.39   585.64 1.89 1.76  79.9 -0.451 19.11 20.30 02a60023o0446o
60023.453632  22.975  6.684     2   16 o  0   1.24 154.16092  73.40050  4848.01   665.38 1.91 1.80 -82.1 -0.453 19.14 20.26 02a60023o0501o
60023.460004 -21.589  2.014    -8   17 o  0   0.86 154.16092  73.40050  4879.39   540.44 1.93 1.78 -78.4 -0.454 19.21 20.32 02a60023o0512o
60027.448901  18.364  0.789   164  129 o  0   1.19 154.16092  73.40050  3905.44   497.55 2.05 1.90  75.0 -0.468 17.00 18.00 02a60027o0264o
60027.454195  20.366  0.668    26   17 o  0   0.86 154.16092  73.40050  3883.87   457.00 2.00 1.87  76.7 -0.451 19.10 20.24 02a60027o0275o
60027.467497  22.149  3.881     5   20 o  0   1.13 154.16092  73.40050  3951.75   529.57 2.01 1.90  88.0 -0.444 19.26 20.37 02a60027o0299o
60027.472270 -19.510  0.429   -57   24 o  0   0.60 154.16092  73.40050  3975.77   408.82 1.98 1.82 -84.9 -0.454 18.73 19.85 02a60027o0309o
60031.347861  21.030  1.189    14   17 o  0   0.86 154.16092  73.40050  3896.34   536.30 2.05 1.88 -60.2 -0.459 19.15 19.99 02a60031o0272o
60031.351497  22.433  4.028     4   16 o  0   1.24 154.16092  73.40050  3874.93   496.11 2.03 1.83 -64.4 -0.461 19.14 19.99 02a60031o0280o
60031.384726  20.822  1.013    17   17 o  0   1.46 154.16092  73.40050  3936.66   558.46 2.06 1.84 -62.4 -0.464 19.12 19.94 02a60031o0351o
60031.391109 -21.252  1.435   -12   16 o  0   1.43 154.16092  73.40050  3961.85   435.58 2.05 1.78 -64.8 -0.467 19.15 19.89 02a60031o0365o
60042.401911  17.095  0.734   527  387 o  0   1.10 154.16092  73.40050   269.48  5208.27 2.69 2.10  22.3 -0.398 15.04 15.25 02a60042o0208o
60042.408902 -21.083 55.545   -13  744 o  0   0.98 154.16092  73.40050   328.96  5274.27 2.17 2.05  20.5 -0.470 14.61 14.61 02a60042o0223o
60042.420221 -17.238  1.113  -462  514 o  0   1.14 154.16092  73.40050   352.88  5151.64 2.13 1.97  28.5 -0.457 15.35 15.24 02a60042o0247o
60042.424601 -14.804  2.368 -4348 10297 o  0   1.13 154.16092  73.40050  9333.81  5196.36 4.93 4.24 -89.0 -0.336 13.65 13.90 02a60042o0256o
60044.408866 -21.777  2.438    -7   17 o  0   1.69 154.16092  73.40050  9497.43  1713.08 2.14 1.70 -61.7 -0.500 18.98 19.71 02a60044o0350o
60044.413116 -20.675  1.148   -20   22 o  0   0.85 154.16092  73.40050  9476.59  1669.90 2.24 1.78 -59.2 -0.495 19.00 19.68 02a60044o0359o
60044.418712 -21.554  2.289    -9   20 o  0   1.14 154.16092  73.40050  9541.82  1755.28 2.17 1.75 -59.9 -0.493 18.98 19.67 02a60044o0371o
60044.429063  20.295  0.838    28   23 o  0   1.00 154.16092  73.40050  9567.68  1638.42 2.21 1.76 -62.2 -0.492 18.93 19.63 02a60044o0393o
60046.363053  20.056  1.333    34   46 c  0   0.92 154.16092  73.40050  5338.41  3380.58 2.63 2.46  40.9 -0.399 18.16 19.74 02a60046o0275c
60046.366225 -18.669  0.593  -124   73 c  0   1.53 154.16092  73.40050  5318.69  3341.12 2.64 2.46  36.0 -0.390 17.14 18.71 02a60046o0282c
60046.371588  17.877  0.899   257  231 c  0   1.10 154.16092  73.40050  5379.88  3416.46 2.72 2.54  43.8 -0.400 16.73 18.26 02a60046o0293c
60046.381700 -20.175  2.000   -31   62 c  0   0.94 154.16092  73.40050  5402.15  3297.92 3.11 2.97  49.4 -0.407 17.42 19.18 02a60046o0315c
60048.433990  20.313  0.404    27   11 c  0   2.06 154.16092  73.40050  7414.69  9752.11 2.52 2.48  84.2 -0.418 19.41 21.11 02a60048o0423c
60048.465495 -21.280  1.349   -11   15 c  0   0.82 154.16092  73.40050  7392.31  9705.99 2.52 2.42  35.2 -0.416 19.40 21.05 02a60048o0485c
60048.468675 -20.998  1.025   -14   15 c  0   0.93 154.16092  73.40050  7441.74  9786.56 2.55 2.42  33.3 -0.414 19.38 21.05 02a60048o0491c
60048.473972 -20.086  0.406   -34   14 c  0   1.30 154.16092  73.40050  7459.05  9670.07 2.53 2.44  25.1 -0.414 19.41 21.06 02a60048o0501c
60050.348539  21.155  0.950    12   12 c  0   1.34 154.16092  73.40050  1551.39  5495.06 2.35 2.34   5.9 -0.427 19.35 20.98 02a60050o0242c
60050.353746 -21.073  1.091   -14   15 c  0   1.05 154.16092  73.40050  1534.30  5456.49 2.36 2.31 -49.3 -0.432 19.36 20.97 02a60050o0253c
60050.358041 -21.888  2.286    -6   15 c  0   0.66 154.16092  73.40050  1591.07  5525.46 2.33 2.28   8.1 -0.430 19.37 20.95 02a60050o0262c
60050.368086 -21.196  1.228   -12   15 c  0   0.95 154.16092  73.40050  1610.64  5404.27 2.34 2.30 -57.6 -0.428 19.34 20.93 02a60050o0282c
60052.352979 -18.656  1.333  -125  167 c  0   1.25 154.16092  73.40050  6173.38  1168.30 2.34 2.19 -73.8 -0.412 16.48 17.77 02a60052o0263c
60052.356165  17.922  0.550   246  135 c  0   0.94 154.16092  73.40050  6152.65  1126.70 2.37 2.21 -73.1 -0.411 16.68 18.05 02a60052o0270c
60052.362451  21.029  5.250    14   74 c  0   1.28 154.16092  73.40050  6218.19  1204.51 2.38 2.25 -78.4 -0.413 17.26 18.58 02a60052o0282c
60052.372896 -20.643  0.926   -20   19 c  0   1.22 154.16092  73.40050  6244.46  1084.78 2.35 2.20 -74.0 -0.417 18.71 20.15 02a60052o0305c
60056.352029  25.012 39.500     0   14 c  0   0.88 154.16092  73.40050  1754.86  1485.05 2.57 2.46  87.3 -0.425 19.22 20.79 02a60056o0265c
60056.354957  20.840  0.837    17   14 c  0   1.41 154.16092  73.40050  1733.52  1446.71 2.80 2.67 -83.0 -0.412 19.13 20.78 02a60056o0271c
60056.360140 -21.532  1.565    -9   14 c  0   1.22 154.16092  73.40050  1799.35  1514.06 2.66 2.55  86.8 -0.415 19.23 20.77 02a60056o0282c
60056.370269 -23.091  6.273    -2   13 c  0   1.45 154.16092  73.40050  1823.27  1391.02 2.67 2.52 -73.1 -0.415 19.18 20.74 02a60056o0304c
60058.309105  21.062  1.057    14   14 c  0   1.13 154.16092  73.40050  6320.53  7579.11 2.40 2.29  42.1 -0.420 19.33 20.79 02a60058o0174c
60058.312815  20.293  0.552    28   15 c  0   1.14 154.16092  73.40050  6302.41  7537.93 2.44 2.34  36.8 -0.416 19.34 20.79 02a60058o0182c
60058.318991  20.729  0.812    19   15 c  0   1.15 154.16092  73.40050  6355.42  7615.70 2.42 2.33  37.1 -0.418 19.39 20.82 02a60058o0195c
60058.329042 -20.629  0.682   -20   14 c  0   1.09 154.16092  73.40050  6373.50  7496.56 2.43 2.32  34.1 -0.417 19.39 20.83 02a60058o0217c
60060.323231  21.897 13.591     6   86 o  0   0.65 154.16092  73.40050  2675.23  7813.93 1.99 1.90  32.9 -0.430 17.61 18.11 02a60060o0199o
60060.326589  20.561  1.083    22   24 o  0   1.21 154.16092  73.40050  2657.45  7771.06 1.94 1.90 -44.7 -0.442 18.88 19.53 02a60060o0206o
60060.335066  21.828  2.379     7   16 o  0   1.71 154.16092  73.40050  2711.51  7844.69 1.93 1.88 -46.1 -0.439 18.99 19.67 02a60060o0223o
60060.357032 -21.330  1.600   -11   17 o  0   1.31 154.16092  73.40050  2727.89  7722.48 1.94 1.92 -45.0 -0.437 18.93 19.62 02a60060o0265o
60066.318820 -21.257  1.963   -11   22 o  0   1.29 154.16092  73.40050  4132.10  3001.09 1.94 1.88  31.2 -0.474 18.77 19.10 02a60066o0189o
60066.321997  20.017  0.755    36   27 o  0   0.93 154.16092  73.40050  4112.06  2960.76 1.97 1.94  11.6 -0.477 18.76 19.14 02a60066o0196o
60066.329454  20.286  0.694    28   19 o  0   1.53 154.16092  73.40050  4174.85  3032.78 1.94 1.84  29.8 -0.477 18.79 19.13 02a60066o0212o
60066.339420 -21.830  3.569    -7   24 o  0   1.02 154.16092  73.40050  4196.85  2910.66 1.95 1.82  30.9 -0.477 18.77 19.08 02a60066o0233o
60068.329983  21.909  5.491     6   34 o  0   0.94 154.16092  73.40050  1145.92  9803.15 2.28 1.69 -51.2 -0.529 18.63 18.92 02a60068o0205o
60068.333161  23.298 15.786     2   28 o  0   1.02 154.16092  73.40050  1129.01  9763.28 2.27 1.82 -52.1 -0.512 18.56 18.91 02a60068o0212o
60068.342398  20.644  1.553    20   31 o  0   1.16 154.16092  73.40050  1178.38  9833.05 2.36 1.74 -52.9 -0.523 18.58 18.89 02a60068o0232o
60068.346469  20.481  1.215    23   28 o  0   1.29 154.16092  73.40050  9145.98  9836.12 2.53 2.22 -66.0 -0.432 18.59 18.93 02a60068o0241o
60068.349643 -20.970  1.663   -15   25 o  0   1.90 154.16092  73.40050  9130.06  9796.41 2.47 2.02 -62.2 -0.452 18.68 18.92 02a60068o0248o
60068.353491 -21.170  2.681   -12   33 o  0   0.76 154.16092  73.40050  1197.44  9708.80 2.36 1.86 -54.4 -0.510 18.52 18.80 02a60068o0256o
60068.356205  25.994 233.000     0   34 o  0   0.91 154.16092  73.40050  9181.25  9879.48 2.45 2.11 -61.9 -0.444 18.63 18.90 02a60068o0262o
60068.420470  20.151  1.658    32   52 o  0   1.14 154.16092  73.40050  9190.66  9752.41 2.52 2.36 -56.9 -0.430 18.01 18.25 02a60068o0292o
60070.428898 -19.884  1.011   -40   41 o  0   0.84 154.16092  73.40050  3493.31  5214.43 2.40 2.06  32.0 -0.430 18.10 18.31 02a60070o0168o
60070.432533 -22.259  7.353    -4   33 o  0   1.44 154.16092  73.40050  3474.99  5178.98 2.29 1.99  30.3 -0.429 18.14 18.34 02a60070o0176o
60070.438068 -20.557  1.703   -22   37 o  0   0.96 154.16092  73.40050  3532.47  5253.38 2.32 2.08  38.4 -0.425 18.14 18.30 02a60070o0188o
60070.448740  19.199  0.581    76   44 o  0   0.88 154.16092  73.40050  3553.40  5135.57 2.58 2.18  41.8 -0.400 18.02 18.23 02a60070o0211o
60072.323780  21.358  1.740    10   18 o  0   1.13 154.16092  73.40050  5434.02  5111.46 2.76 1.89  32.8 -0.417 19.04 19.90 02a60072o0203o
60072.327275 -21.522  1.909    -9   17 o  0   1.31 154.16092  73.40050  5420.09  5072.66 2.40 1.75  35.9 -0.431 19.12 19.82 02a60072o0210o
60072.334727 -20.333  0.639   -27   17 o  0   1.19 154.16092  73.40050  5476.99  5147.46 2.48 1.80  32.3 -0.429 19.04 19.71 02a60072o0226o
60072.345882 -20.225  0.699   -30   21 o  0   0.96 154.16092  73.40050  5499.06  5029.46 2.38 1.80  36.1 -0.433 18.98 19.55 02a60072o0249o
60076.382061  21.347  1.500    10   16 c  0   1.01 154.16092  73.40050  8105.49  7563.38 2.68 2.36  36.3 -0.408 19.34 20.70 02a60076o0095c
60076.384959 -20.540  0.732   -22   16 c  0   0.97 154.16092  73.40050  8086.70  7521.08 2.63 2.37  35.3 -0.411 19.31 20.70 02a60076o0101c
60076.390586 -20.563  0.754   -22   16 c  0   1.08 154.16092  73.40050  8141.33  7603.67 2.65 2.40  34.8 -0.409 19.31 20.68 02a60076o0113c
60076.402307 -22.520  4.600    -4   16 c  0   1.02 154.16092  73.40050  8160.18  7486.81 2.73 2.34  32.6 -0.400 19.27 20.63 02a60076o0137c
60078.314754 -21.697  1.741    -8   13 c  0   1.09 154.16092  73.40050  3963.01  1242.03 2.33 2.13 -67.1 -0.444 19.37 20.82 02a60078o0173c
60078.317929 -21.188  1.059   -12   13 c  0   0.84 154.16092  73.40050  3942.12  1201.79 2.34 2.12 -68.3 -0.445 19.37 20.83 02a60078o0180c
60078.323492 -22.277  2.469    -4   11 c  0   1.15 154.16092  73.40050  4006.94  1275.27 2.28 2.14 -76.4 -0.442 19.38 20.82 02a60078o0192c
60078.334229 -21.430  1.371   -10   13 c  0   1.09 154.16092  73.40050  4029.97  1151.03 2.27 2.15  85.6 -0.439 19.37 20.82 02a60078o0214c
60082.330997  23.004  6.000     2   14 o  0   0.88 154.16092  73.40050   287.01  5223.30 1.94 1.80 -39.5 -0.412 19.29 20.14 02a60082o0201o
60082.334355 -20.903  0.861   -16   14 o  0   1.36 154.16092  73.40050   267.70  5185.81 1.95 1.80 -39.6 -0.413 19.28 20.12 02a60082o0208o
60082.341772  21.004  0.892    14   13 o  0   1.24 154.16092  73.40050   325.97  5253.22 2.11 1.84  14.9 -0.405 19.19 20.17 02a60082o0224o
60082.344298  20.659  0.783    20   16 o  0  28.32 154.16092  73.40050  9325.02  5179.13 2.17 2.08  20.2 -0.423 19.30 20.21 02a60082o0229o
60082.347473  20.845  0.992    17   16 o  0   0.86 154.16092  73.40050  9306.44  5136.37 2.17 2.11  15.0 -0.429 19.26 20.21 02a60082o0236o
60082.352972 -20.434  0.605   -24   15 o  0   1.20 154.16092  73.40050   347.09  5128.35 1.98 1.87 -36.9 -0.418 19.25 20.06 02a60082o0248o
60082.353900 -22.131  3.425    -5   18 o  0   0.84 154.16092  73.40050  9364.35  5219.14 2.27 2.07  24.5 -0.420 19.24 20.17 02a60082o0250o
60082.364462  23.498 12.583     1   18 o  0   0.74 154.16092  73.40050  9386.21  5105.90 2.12 2.01 -50.2 -0.445 19.28 20.09 02a60082o0272o
60084.295542  22.174  2.622     5   13 o  0   1.40 154.16092  73.40050  7396.23  3352.85 2.05 1.87  35.8 -0.439 19.35 20.38 02a60084o0129o
60084.298725 -20.916  0.779   -16   12 o  0   1.20 154.16092  73.40050  7376.96  3311.78 2.02 1.89  45.3 -0.437 19.33 20.38 02a60084o0136o
60084.305558  21.197  1.175    12   14 o  0   1.17 154.16092  73.40050  7437.91  3391.31 2.01 1.85  40.4 -0.445 19.34 20.38 02a60084o0151o
60084.315755  20.338  0.492    27   13 o  0   1.09 154.16092  73.40050  7459.43  3274.50 2.03 1.89  39.5 -0.444 19.37 20.43 02a60084o0173o
60086.260134 -20.803  0.815   -17   14 o  0   1.28 154.16092  73.40050  4487.28  7633.43 2.30 2.04  30.8 -0.431 19.31 20.44 02a60086o0049o
60086.264090  22.542  4.222     4   15 o  0   0.94 154.16092  73.40050  4472.20  7595.02 2.23 2.04  31.1 -0.427 19.30 20.41 02a60086o0057o
60086.271023  21.942  2.377     6   14 o  0   1.14 154.16092  73.40050  4525.71  7670.38 2.09 1.92  32.4 -0.437 19.39 20.42 02a60086o0071o
60086.283099 -24.353 25.500    -1   17 o  0   1.23 154.16092  73.40050  4542.39  7546.55 2.53 2.31  30.6 -0.424 19.16 20.41 02a60086o0095o
60088.281371  21.266  1.063    11   12 o  0   1.14 154.16092  73.40050  8385.95  1198.42 2.07 1.76 -63.1 -0.463 19.35 20.43 02a60088o0094o
60088.284539  20.255  0.529    29   15 o  0   1.30 154.16092  73.40050  8364.85  1155.88 2.14 1.81 -66.4 -0.464 19.33 20.43 02a60088o0101o
60088.290010 -20.550  0.602   -22   13 o  0   1.47 154.16092  73.40050  8431.00  1238.84 2.11 1.79 -63.4 -0.462 19.36 20.44 02a60088o0113o
60088.302186  21.548  1.569     9   14 o  0   1.16 154.16092  73.40050  8455.42  1121.77 2.25 1.94 -64.2 -0.450 19.22 20.32 02a60088o0139o
60090.279420  23.513  9.286     1   13 o  0   1.78 154.16092  73.40050  1563.56  7515.62 1.98 1.77 -44.6 -0.464 19.22 20.02 02a60090o0088o
60090.283288  20.487  0.682    23   16 o  0   0.92 154.16092  73.40050  1546.73  7479.69 2.00 1.78 -48.3 -0.463 19.21 20.01 02a60090o0096o
60090.288460  20.443  0.779    24   19 o  0   0.89 154.16092  73.40050  1600.82  7548.99 2.00 1.77 -47.6 -0.465 19.21 19.99 02a60090o0107o
60090.298856  21.451  1.613    10   15 o  0   1.12 154.16092  73.40050  1618.49  7424.45 1.97 1.79 -41.6 -0.456 19.17 19.93 02a60090o0128o
60090.305829  21.691  2.400     8   18 o  0   1.07 154.16092  73.40050  9864.88  7696.89 2.33 2.06 -63.3 -0.445 19.23 20.01 02a60090o0142o
60090.309917 -20.276  0.816   -28   23 o  0   0.69 154.16092  73.40050  9845.91  7653.66 2.31 2.02 -63.7 -0.450 19.22 19.98 02a60090o0150o
60090.315172 -20.507  0.808   -23   18 o  0   1.37 154.16092  73.40050  9900.27  7738.39 2.27 2.00 -66.8 -0.451 19.24 19.97 02a60090o0161o
60090.328303 -20.845  1.142   -17   19 o  0   1.11 154.16092  73.40050  9913.43  7620.93 2.19 2.08  23.9 -0.452 19.17 19.96 02a60090o0187o
60092.273110 -19.802  0.446   -44   19 o  0   1.07 154.16092  73.40050   216.44  5258.94 2.08 1.84  16.7 -0.389 18.83 19.45 02a60092o0044o
60092.278530 -24.808 74.333    -0   32 o  0   1.13 154.16092  73.40050   198.23  5225.69 2.04 1.86 -42.4 -0.379 18.39 19.06 02a60092o0055o
60092.283944 -18.258  0.528  -181   95 o  0   1.18 154.16092  73.40050   255.73  5292.29 2.10 1.84 -53.6 -0.409 17.02 17.23 02a60092o0066o
60092.300667  19.615  0.519    52   27 o  0   1.24 154.16092  73.40050   275.98  5165.22 2.06 1.81 -51.2 -0.416 18.16 18.63 02a60092o0100o
60092.306118  22.901  8.722     2   22 o  0   1.39 154.16092  73.40050  9258.39  5188.29 2.10 2.02  66.9 -0.443 18.86 19.43 02a60092o0111o
60092.309577 -19.568  0.454   -54   24 o  0   1.33 154.16092  73.40050  9238.86  5145.84 2.12 1.99  37.5 -0.441 18.80 19.52 02a60092o0118o
60092.317225 -21.549  2.297    -9   20 o  0   1.12 154.16092  73.40050  9294.36  5229.92 2.35 1.93  28.7 -0.420 18.91 19.56 02a60092o0134o
60092.328727 -21.001  1.536   -14   22 o  0   0.96 154.16092  73.40050  9316.89  5115.86 2.08 2.01  85.9 -0.451 19.00 19.62 02a60092o0158o
60094.291076 -18.537  2.068  -140  289 o  0   1.35 154.16092  73.40050  9436.65  1711.31 2.22 1.81 -62.1 -0.413 15.74 15.83 02a60094o0035o
60094.293980  18.518  7.607   142 1082 o  0   0.85 154.16092  73.40050  9415.08  1668.61 2.13 1.84 -65.3 -0.450 14.63 14.51 02a60094o0041o
60094.300643 -20.946  4.694   -15   71 o  0   1.38 154.16092  73.40050  9478.77  1750.16 2.17 1.78 -60.2 -0.500 16.89 17.20 02a60094o0055o
60096.263695 -22.418  5.382    -4   21 o  0   1.35 154.16092  73.40050  5270.56  3379.63 2.16 1.83  33.5 -0.460 18.69 19.17 02a60096o0051o
60096.266425 -21.555  2.685    -9   23 o  0   1.17 154.16092  73.40050  5250.35  3339.32 2.23 1.83  34.7 -0.455 18.74 19.20 02a60096o0057o
60096.273710  23.732 18.100     1   21 o  0   1.16 154.16092  73.40050  5311.72  3413.12 2.12 1.78  34.0 -0.458 18.59 19.00 02a60096o0072o
60096.285649 -22.641  7.565    -3   24 o  0   1.59 154.16092  73.40050  5330.04  3288.47 2.52 1.91  34.3 -0.443 18.64 19.20 02a60096o0097o
60098.296750  18.212  0.828   188  156 o  0   0.97 154.16092  73.40050  7352.92  9759.39 2.36 1.97 -60.5 -0.462 16.97 16.96 02a60098o0124o
60098.302084  19.307  1.297    69   89 o  0   0.70 154.16092  73.40050  7337.73  9717.18 2.34 1.94 -59.5 -0.453 17.71 17.74 02a60098o0135o
60098.312039  18.251  2.293   182  417 o  0   1.41 154.16092  73.40050  7387.40  9797.44 2.32 1.96 -66.8 -0.497 16.27 16.10 02a60098o0156o
60098.316521  18.860  0.748   104   78 o  0   1.93 154.16092  73.40050  7403.69  9679.76 2.33 1.93 -58.8 -0.468 17.46 17.61 02a60098o0165o
60100.266236  20.976  1.067    15   16 o  0   1.87 154.16092  73.40050  1484.23  5490.61 2.03 1.91  17.2 -0.464 19.12 19.83 02a60100o0050o
60100.271843 -21.065  1.229   -14   17 o  0   1.07 154.16092  73.40050  1464.50  5451.31 2.15 1.93  23.5 -0.446 18.95 19.59 02a60100o0061o
60100.277596  21.383  1.989    10   20 o  0   1.17 154.16092  73.40050  1523.11  5525.38 2.07 1.98   9.6 -0.455 18.84 19.38 02a60100o0073o
60100.290797 -23.142 13.353    -2   27 o  0   1.04 154.16092  73.40050  1543.36  5400.75 2.07 2.01   6.3 -0.460 18.64 19.07 02a60100o0100o
60100.302989  19.950  3.722    38  141 o  0   0.24 154.16092  73.40050 10525.25  5761.33 2.37 2.00 -58.6 -0.495 18.68 19.08 02a60100o0125o
60100.308157  19.554  0.860    55   47 o  0   0.96 154.16092  73.40050 10506.21  5719.10 2.44 2.02 -59.5 -0.504 18.61 19.02 02a60100o0136o
60102.267116 -22.830  5.818    -3   16 o  0   1.11 154.16092  73.40050  6120.35  1157.75 2.14 2.06 -75.4 -0.449 19.14 20.15 02a60102o0057o
60102.272417  22.235  3.475     5   16 o  0   0.95 154.16092  73.40050  6098.84  1115.67 2.15 1.96  48.1 -0.441 19.20 20.19 02a60102o0068o
60102.283501  20.248  0.531    29   15 o  0   1.42 154.16092  73.40050  6166.61  1195.54 2.10 1.89 -64.3 -0.454 19.22 20.18 02a60102o0091o
60102.286889 -21.911  2.017    -6   13 o  0   1.37 154.16092  73.40050  6189.83  1077.64 2.05 1.79 -62.1 -0.470 19.24 20.17 02a60102o0098o
60104.279251 -20.840  0.904   -17   15 c  0   1.15 154.16092  73.40050  7317.87  5095.29 3.01 2.87  43.4 -0.378 19.21 21.01 02a60104o0075c
60104.283697  25.397 53.000     0   13 c  0   1.69 154.16092  73.40050  7301.08  5057.12 3.10 3.03 -84.0 -0.386 19.13 20.98 02a60104o0084c
60104.288888  22.253  3.438     5   16 c  0   1.29 154.16092  73.40050  7358.16  5137.05 3.28 3.19  76.1 -0.393 19.07 20.96 02a60104o0095c
60104.299955 -20.775  1.016   -18   18 c  0   1.00 154.16092  73.40050  7377.81  5019.38 3.23 3.17  89.4 -0.392 19.03 20.90 02a60104o0118c
60108.259029 -20.118  0.713   -33   23 c  0   1.10 154.16092  73.40050  6233.12  7553.36 3.14 3.10 -56.4 -0.399 18.80 20.28 02a60108o0034c
60108.264732  20.615  0.901    21   19 c  0   1.11 154.16092  73.40050  6216.99  7515.33 3.25 3.20 -77.7 -0.403 18.96 20.70 02a60108o0046c
60108.268588 -20.446  0.686   -24   16 c  0   1.13 154.16092  73.40050  6270.17  7592.54 2.92 2.89 -52.7 -0.393 19.15 20.83 02a60108o0054c
60112.255224 -21.597  2.839    -8   24 c  0   1.53 154.16092  73.40050  9392.42  3426.68 2.46 2.25 -63.9 -0.402 18.61 19.58 02a60112o0025c
60112.261124  22.177  4.000     5   20 c  0   0.85 154.16092  73.40050  9452.12  3510.43 2.53 2.25 -62.6 -0.401 19.17 20.43 02a60112o0037c
60112.271396  22.392  3.480     4   14 c  0   1.22 154.16092  73.40050  9473.52  3393.18 2.58 2.29 -63.6 -0.404 19.35 20.83 02a60112o0059c
60116.255952 -20.194  0.976   -30   30 c  0   1.13 154.16092  73.40050  4078.27  2995.91 2.35 2.27  37.0 -0.424 18.40 19.33 02a60116o0025c
60116.265801  21.436  1.348    10   13 c  0   1.41 154.16092  73.40050  4056.49  2955.08 2.31 2.28  57.8 -0.420 19.13 20.46 02a60116o0046c
60116.268845 -21.090  1.056   -13   14 c  0   1.02 154.16092  73.40050  4117.53  3027.33 2.33 2.27  47.6 -0.419 19.24 20.57 02a60116o0052c
