MJD          m      dm   uJy   duJy F err chi/N     RA       Dec        x        y     maj  min   phi  apfit mag5sig Sky   Obs
59665.457358 -21.799  1.256    -7    9 c  0   1.46 212.59867  44.23368  9026.50  8558.34 2.76 2.51  33.6 -0.395 19.70 21.76 02a59665o0523c
59665.459192  21.755  1.409     7   10 c  0   1.18 212.59867  44.23368  9047.46  8597.92 2.78 2.51  39.8 -0.391 19.64 21.77 02a59665o0527c
59665.461938  18.858  0.117   104   12 c  0   4.85 212.59867  44.23368  8987.02  8520.38 2.77 2.51  34.3 -0.396 19.67 21.76 02a59665o0533c
59665.486216 -21.875  1.514    -6   10 c  0   1.02 212.59867  44.23368  8970.21  8643.43 2.91 2.60  36.6 -0.386 19.62 21.83 02a59665o0583c
59665.528506  21.428  1.340    10   13 o  0   1.15 212.59867  44.23368  8720.10  6803.94 2.81 2.77 -47.2 -0.465 19.37 20.81 01a59665o0665o
59665.531698 -20.718  0.663   -19   12 o  0   1.19 212.59867  44.23368  8741.70  6842.68 2.77 2.73 -52.3 -0.468 19.41 20.82 01a59665o0672o
59665.538106 -20.626  0.626   -20   13 o  0   1.03 212.59867  44.23368  8682.21  6769.43 2.77 2.69 -53.6 -0.474 19.39 20.83 01a59665o0686o
59665.573684 -22.628  4.188    -3   14 o  0   1.06 212.59867  44.23368  8674.75  6890.17 2.98 2.93  62.4 -0.434 19.30 20.78 01a59665o0763o
59666.551342  21.158  0.674    12    8 c  0   1.30 212.59867  44.23368  1818.89  5607.89 2.50 2.34  29.0 -0.415 19.66 21.81 02a59666o0730c
59666.554611  20.784  0.565    18   10 c  0   1.02 212.59867  44.23368  1803.10  5569.05 2.63 2.45  35.3 -0.409 19.59 21.82 02a59666o0736c
59666.584189  21.053  0.701    14   10 c  0   1.14 212.59867  44.23368  1859.61  5645.17 2.54 2.33  30.9 -0.416 19.66 21.79 02a59666o0795c
59666.596656 -21.286  0.947   -11   10 c  0   0.87 212.59867  44.23368  1871.95  5528.60 2.61 2.35  31.2 -0.415 19.58 21.66 02a59666o0820c
59667.525051 -20.450  1.143   -24   27 o  0   1.03 212.59867  44.23368  8716.44  6803.07 2.96 2.90 -70.7 -0.443 18.55 20.13 01a59667o0677o
59667.551592 -21.299  3.278   -11   36 o  0   1.18 212.59867  44.23368  8746.51  6844.26 3.10 3.05 -87.1 -0.434 18.21 19.85 01a59667o0733o
59667.556821 -19.733  0.925   -46   43 o  0   1.26 212.59867  44.23368  8684.53  6769.00 3.01 2.99  78.6 -0.436 17.79 19.44 01a59667o0744o
59667.560035 -19.873  0.682   -41   28 o  0   0.99 212.59867  44.23368  8669.03  6886.73 2.85 2.81  81.5 -0.446 18.45 20.05 01a59667o0751o
59669.556543 -21.442  0.903   -10    9 c  0   1.55 212.59867  44.23368  1819.11  5610.30 2.41 2.25  26.7 -0.422 19.68 21.80 02a59669o0741c
59669.559755  20.909  0.655    16   10 c  0   1.17 212.59867  44.23368  1799.91  5571.51 2.44 2.27  29.1 -0.424 19.66 21.80 02a59669o0748c
59669.566978 -20.971  0.738   -15   11 o  0   1.27 212.59867  44.23368  8738.18  6809.26 2.80 2.76 -56.7 -0.459 19.43 20.99 01a59669o0122o
59669.567144 -20.742  0.534   -18   10 c  0   0.94 212.59867  44.23368  1858.77  5645.78 2.50 2.29  19.3 -0.416 19.67 21.77 02a59669o0764c
59669.570633 -20.247  0.438   -29   13 o  0   1.00 212.59867  44.23368  8759.87  6847.04 2.86 2.78 -55.1 -0.454 19.45 20.96 01a59669o0130o
59669.576578 -22.114  2.346    -5   12 o  0   1.26 212.59867  44.23368  8699.55  6774.54 2.93 2.90  30.3 -0.435 19.39 20.96 01a59669o0143o
59669.600230  20.232  0.312    29    9 c  0   1.51 212.59867  44.23368  1869.75  5528.18 2.48 2.30  29.6 -0.421 19.60 21.67 02a59669o0834c
59669.606367 -21.004  0.811   -14   12 o  0   1.27 212.59867  44.23368  8691.20  6899.31 2.89 2.87 -86.2 -0.441 19.37 20.82 01a59669o0207o
59671.389297  20.605  0.534    21   11 c  0   0.97 212.59867  44.23368  8751.09  4970.20 3.26 2.67  25.5 -0.376 19.48 21.70 02a59671o0287c
59671.400864  20.128  0.351    32   11 c  0   1.05 212.59867  44.23368  8779.50  5008.63 2.82 2.57  35.5 -0.387 19.55 21.70 02a59671o0312c
59671.427613  22.320  2.600     4   11 c  0   0.80 212.59867  44.23368  8728.61  4934.53 2.83 2.61  36.5 -0.387 19.50 21.69 02a59671o0369c
59671.430913  20.484  0.426    23   10 c  0   1.48 212.59867  44.23368  8710.50  5053.83 2.90 2.56  36.6 -0.376 19.53 21.68 02a59671o0376c
59671.451561  21.474  1.161     9   11 o  0   1.21 212.59867  44.23368  1825.35  3739.34 2.68 2.53 -46.9 -0.506 19.45 20.93 01a59671o0511o
59671.454293  20.490  0.500    23   12 o  0   0.96 212.59867  44.23368  1805.03  3701.35 2.73 2.58 -47.3 -0.497 19.45 20.92 01a59671o0517o
59671.472210 -21.464  1.196    -9   11 o  0   1.29 212.59867  44.23368  1866.12  3774.89 2.70 2.54 -48.4 -0.502 19.44 20.96 01a59671o0553o
59671.475439  22.004  2.206     6   13 o  0   0.84 212.59867  44.23368  1882.80  3657.71 2.69 2.55 -48.9 -0.498 19.46 20.97 01a59671o0560o
59672.458298 -20.582  0.625   -21   13 o  0   0.94 212.59867  44.23368  5981.78  7483.82 2.83 2.78 -43.2 -0.468 19.30 20.66 01a59672o0520o
59672.478429 -20.993  0.973   -14   14 o  0   0.96 212.59867  44.23368  5961.05  7442.05 2.88 2.86 -50.0 -0.452 19.26 20.68 01a59672o0559o
59672.480713  20.912  0.812    16   13 o  0   1.48 212.59867  44.23368  6019.88  7518.30 2.80 2.76  84.2 -0.457 19.32 20.68 01a59672o0564o
59672.483923  20.686  0.621    19   12 o  0   1.40 212.59867  44.23368  6036.14  7401.66 2.81 2.78 -57.9 -0.457 19.28 20.66 01a59672o0571o
59673.442146  19.429  1.595    61   98 c  0   0.87 212.59867  44.23368  8772.27  4974.74 2.82 2.49  36.2 -0.420 17.13 19.06 02a59673o0485c
59673.444438 -19.401  1.463   -63   92 c  0   1.33 212.59867  44.23368  8792.16  5013.08 2.83 2.50  34.2 -0.423 17.09 18.98 02a59673o0490c
59673.447639 -19.764  0.538   -45   24 c  0   1.00 212.59867  44.23368  8734.08  4937.98 2.91 2.53  34.9 -0.377 18.53 20.59 02a59673o0497c
59673.454042  20.852  1.348    17   22 c  0   1.02 212.59867  44.23368  8716.51  5055.04 2.81 2.48  37.8 -0.379 18.69 20.73 02a59673o0511c
59675.445824 -17.474  0.399  -372  148 c  0   1.68 212.59867  44.23368  3016.64  8886.99 2.60 2.42  39.3 -0.384 16.54 18.54 02a59675o0502c
59675.447654  18.111  0.618   207  128 c  0   1.35 212.59867  44.23368  3035.16  8926.39 2.90 2.48  36.1 -0.366 16.86 18.92 02a59675o0506c
59675.450851  21.004  3.714    14   54 c  0   0.78 212.59867  44.23368  2977.40  8847.71 2.69 2.43  39.1 -0.390 18.00 20.09 02a59675o0513c
59675.457499  20.401  0.522    25   13 c  0   0.94 212.59867  44.23368  2953.66  8963.60 2.61 2.36  38.0 -0.397 19.45 21.66 02a59675o0527c
59677.440020  21.263  1.107    11   13 o  0   1.50 212.59867  44.23368  5991.67  7480.61 3.01 2.85  51.9 -0.438 19.28 20.69 01a59677o0412o
59677.441860  20.542  0.591    22   13 o  0   1.26 212.59867  44.23368  5972.40  7441.88 3.00 2.84  48.2 -0.438 19.29 20.72 01a59677o0416o
59677.445519  20.245  0.477    29   14 o  0   0.87 212.59867  44.23368  6031.48  7518.43 2.83 2.74 -52.3 -0.461 19.34 20.75 01a59677o0424o
59677.450990  20.491  0.518    23   12 o  0   1.62 212.59867  44.23368  6047.76  7402.88 3.01 2.92 -24.4 -0.455 19.28 20.78 01a59677o0436o
59679.434031  20.514  0.842    23   19 c  0   1.26 212.59867  44.23368  3011.09  8884.37 2.65 2.41  42.2 -0.384 19.07 20.80 02a59679o0443c
59679.437704  19.347  0.285    66   19 c  0   1.50 212.59867  44.23368  3031.27  8924.25 2.67 2.39  41.1 -0.388 19.08 20.83 02a59679o0451c
59679.440902  19.677  0.328    49   16 c  0   1.47 212.59867  44.23368  2972.27  8845.53 2.71 2.41  39.9 -0.383 19.10 20.84 02a59679o0458c
59679.446386  21.197  1.562    12   19 c  0   0.98 212.59867  44.23368  2951.97  8961.86 2.68 2.41  38.3 -0.387 19.15 20.86 02a59679o0470c
59681.495196  20.006  0.667    36   24 o  0   0.90 212.59867  44.23368  4804.90  6666.09 2.83 2.75 -13.6 -0.460 18.83 19.79 01a59681o0585o
59681.498408  19.879  0.500    41   20 o  0   1.39 212.59867  44.23368  4826.50  6704.89 2.82 2.73 -15.0 -0.463 18.88 19.80 01a59681o0592o
59681.505285  19.504  0.405    57   23 o  0   1.08 212.59867  44.23368  4769.66  6629.30 3.05 2.86  42.5 -0.416 18.80 19.80 01a59681o0607o
59681.538611  19.597  0.416    53   22 o  0   1.00 212.59867  44.23368  4760.31  6749.56 3.14 2.86  36.4 -0.410 18.80 19.79 01a59681o0679o
59682.379044  19.367  0.304    65   20 o  0   1.48 212.59867  44.23368 10140.10  1021.35 1.85 1.64 -63.2 -0.532 18.79 19.33 02a59682o0318o
59682.397978  19.528  0.278    56   16 o  0   1.44 212.59867  44.23368 10169.47  1057.93 2.02 1.58 -59.2 -0.521 18.98 19.51 02a59682o0359o
59682.401655  20.372  0.739    26   19 o  0   1.21 212.59867  44.23368 10114.29   981.05 1.96 1.55 -59.3 -0.526 18.98 19.50 02a59682o0367o
59682.418687  19.755  0.412    46   19 o  0   1.25 212.59867  44.23368 10093.71  1103.83 1.98 1.56 -59.1 -0.544 18.96 19.52 02a59682o0402o
59682.432462  19.774  0.399    45   18 o  0   1.25 212.59867  44.23368   661.33  1033.93 1.95 1.74 -56.4 -0.498 19.10 19.63 02a59682o0432o
59682.434760  19.726  0.367    47   17 o  0   1.32 212.59867  44.23368   681.26  1075.22 1.95 1.74 -58.2 -0.490 19.02 19.61 02a59682o0437o
59682.462203  19.197  0.247    76   19 o  0   0.96 212.59867  44.23368   629.04   999.18 1.92 1.82 -52.8 -0.500 19.03 19.66 02a59682o0489o
59682.467570  19.272  0.214    71   15 o  0   1.21 212.59867  44.23368   616.35  1114.35 2.02 1.85 -52.7 -0.492 19.08 19.68 02a59682o0500o
59683.460043  19.243  3.587    73  262 o  0   0.63 212.59867  44.23368   443.66  9562.43 2.15 1.75 -49.7 -0.489 17.01 17.01 02a59683o0494o
59683.463271  19.659  0.574    50   28 o  0   1.40 212.59867  44.23368   424.64  9523.96 2.06 1.64 -55.3 -0.457 18.57 18.84 02a59683o0501o
59683.469235  22.102  4.600     5   24 o  0   1.25 212.59867  44.23368   479.64  9598.68 2.29 1.89 -53.3 -0.446 18.68 19.22 02a59683o0514o
59683.472443  19.228  0.328    74   24 o  0   0.89 212.59867  44.23368  9935.90  9556.27 2.27 2.19  17.2 -0.444 18.72 19.19 02a59683o0521o
59683.476122  21.827  3.474     7   23 o  0   0.84 212.59867  44.23368  9916.89  9515.29 2.21 2.11 -64.8 -0.437 18.88 19.34 02a59683o0529o
59683.479339  23.448 13.462     2   20 o  0   1.06 212.59867  44.23368   497.82  9478.67 2.19 1.73 -56.4 -0.614 18.81 19.27 02a59683o0536o
59683.482551  19.884  0.575    40   23 o  0   0.99 212.59867  44.23368  9973.64  9596.85 2.32 2.14 -63.1 -0.415 18.83 19.35 02a59683o0543o
59683.492667  19.924  0.578    39   22 o  0   1.18 212.59867  44.23368  9990.08  9479.69 2.33 2.18 -58.8 -0.432 18.83 19.37 02a59683o0565o
59685.404675 -16.871  0.673  -648  436 o  0   1.00 212.59867  44.23368  5725.61  3873.22 3.26 2.88  56.9 -0.451 15.52 15.83 01a59685o0374o
59687.381256  19.593  0.482    53   25 o  0   0.99 212.59867  44.23368 10149.21  1024.66 2.05 1.61 -59.6 -0.520 18.63 19.00 02a59687o0338o
59687.385390  20.082  0.677    34   23 o  0   1.55 212.59867  44.23368 10169.15  1063.54 1.96 1.61 -60.1 -0.520 18.64 19.00 02a59687o0347o
59687.388595  19.128  0.382    81   31 o  0   0.78 212.59867  44.23368 10114.01   988.43 2.02 1.59 -61.3 -0.561 18.63 19.00 02a59687o0354o
59687.403516  19.569  0.482    54   26 o  0   1.41 212.59867  44.23368 10091.73  1106.86 1.92 1.78 -69.9 -0.520 18.59 19.05 02a59687o0386o
59687.411286  19.593  0.430    53   23 o  0   1.10 212.59867  44.23368   658.42  1039.22 2.02 1.81 -60.5 -0.509 18.65 18.98 02a59687o0403o
59687.413578  19.849  0.694    42   29 o  0   0.69 212.59867  44.23368   677.90  1078.32 1.98 1.85 -70.0 -0.541 18.59 18.99 02a59687o0408o
59687.416322  20.506  0.982    23   22 o  0   1.24 212.59867  44.23368   620.80   998.47 1.94 1.78 -60.3 -0.523 18.65 18.98 02a59687o0414o
59687.421807  19.930  0.593    39   23 o  0   1.16 212.59867  44.23368   603.58  1115.07 1.81 1.76  74.0 -0.520 18.58 18.99 02a59687o0426o
59689.446672  19.626  0.488    51   25 o  0   1.02 212.59867  44.23368  6101.54   800.60 2.92 2.83 -62.6 -0.476 18.78 19.76 01a59689o0323o
59689.450323  20.081  0.689    34   23 o  0   0.97 212.59867  44.23368  6122.44   839.26 3.11 3.02 -56.4 -0.465 18.78 19.81 01a59689o0331o
59689.456263  21.333  2.421    11   26 o  0   0.86 212.59867  44.23368  6065.56   763.71 3.59 3.42 -59.3 -0.418 18.67 19.85 01a59689o0344o
59689.466294  19.188  0.254    77   20 o  0   1.11 212.59867  44.23368  6054.69   882.83 2.70 2.64 -41.8 -0.505 18.91 19.86 01a59689o0366o
59691.443252  17.774  1.771   282  500 o  0   0.99 212.59867  44.23368  3891.67  5927.48 2.60 2.13  30.7 -0.422 15.51 16.30 02a59691o0370o
59691.450618  18.722  0.480   118   57 o  0   0.71 212.59867  44.23368  3947.44  6003.14 2.70 2.05  30.0 -0.413 17.76 18.64 02a59691o0386o
59691.460730 -17.338  0.699  -422  295 o  0   0.90 212.59867  44.23368  3966.50  5888.57 2.55 1.98  31.4 -0.426 16.06 16.66 02a59691o0408o
59693.395494  19.321  0.215    68   15 o  0   1.11 212.59867  44.23368  4391.83  9754.90 2.87 2.69  61.2 -0.454 19.34 20.73 01a59693o0379o
59693.397782  19.286  0.393    70   28 o  0   0.86 212.59867  44.23368  4372.91  9716.41 2.76 2.65  61.5 -0.465 18.94 20.31 01a59693o0384o
59693.400974 -21.228  4.941   -12   58 o  0   0.99 212.59867  44.23368  4429.95  9793.18 2.72 2.66 -35.7 -0.480 17.81 19.16 01a59693o0391o
59693.411048 -19.762  3.591   -45  162 o  0   1.23 212.59867  44.23368  4446.72  9674.39 2.79 2.74 -52.5 -0.476 18.02 19.32 01a59693o0412o
59695.366827  19.759  0.244    45   11 c  0   0.95 212.59867  44.23368  6687.41  4621.95 2.76 2.45  39.9 -0.394 19.52 21.48 02a59695o0304c
59695.370059  19.802  0.263    44   11 c  0   1.03 212.59867  44.23368  6708.68  4662.43 2.91 2.48  38.4 -0.385 19.52 21.48 02a59695o0311c
59695.373341  20.005  0.278    36   10 c  0   1.08 212.59867  44.23368  6648.30  4585.57 2.70 2.39  38.4 -0.393 19.54 21.48 02a59695o0318c
59695.386746  19.441  0.167    61   10 c  0   1.10 212.59867  44.23368  6629.77  4704.82 2.68 2.36  40.2 -0.392 19.50 21.44 02a59695o0347c
59697.478350  18.963  0.337    94   32 o  0   1.20 212.59867  44.23368  4251.25   951.58 2.68 2.63 -50.5 -0.484 18.05 19.37 01a59697o0288o
59697.482959  18.902  0.583   100   58 o  0   1.67 212.59867  44.23368  4272.03   991.21 2.84 2.70  39.9 -0.445 17.51 18.86 01a59697o0298o
59697.489872  20.075  0.552    34   19 o  0   1.19 212.59867  44.23368  4215.01   914.64 2.62 2.60 -31.9 -0.479 19.09 20.41 01a59697o0313o
59697.500067  19.447  0.201    60   12 o  0   1.44 212.59867  44.23368  4203.79  1033.84 2.67 2.66  28.5 -0.476 19.27 20.63 01a59697o0335o
59699.428850 -21.725  5.500    -7   41 c  0   0.90 212.59867  44.23368  7960.03  7925.08 2.84 2.44  30.8 -0.394 18.20 19.66 02a59699o0438c
59699.463045  19.807  0.920    43   40 c  0   0.97 212.59867  44.23368  7930.59  7886.21 2.77 2.37  32.0 -0.390 18.25 19.65 02a59699o0512c
59699.466268  18.906  0.329   100   33 c  0   1.04 212.59867  44.23368  7988.54  7967.42 2.84 2.41  31.5 -0.391 18.45 19.91 02a59699o0519c
59699.472244  19.475  0.466    59   27 c  0   0.75 212.59867  44.23368  8007.60  7851.88 2.81 2.37  30.9 -0.398 18.66 20.18 02a59699o0532c
59709.414812  18.271  0.088   178   16 o  0   1.57 212.59867  44.23368  6421.96  2934.28 2.78 2.72  13.9 -0.467 19.13 20.21 01a59709o0395o
59709.418958  18.032  0.074   222   16 o  0   1.10 212.59867  44.23368  6444.30  2972.15 2.76 2.68   9.7 -0.469 19.15 20.20 01a59709o0404o
59709.454479  18.085  0.075   212   16 o  0   1.28 212.59867  44.23368  6396.43  2899.07 2.73 2.69 -14.9 -0.471 19.16 20.21 01a59709o0480o
59709.460018  18.050  0.074   219   16 o  0   1.31 212.59867  44.23368  6379.84  3016.23 2.76 2.67  14.7 -0.468 19.13 20.20 01a59709o0492o
59711.406571  18.069  0.112   215   24 o  0   0.93 212.59867  44.23368  3799.38  4034.31 2.92 2.15  31.5 -0.418 18.70 19.29 02a59711o0370o
59711.440385  17.820  0.094   270   25 o  0   0.74 212.59867  44.23368  3772.45  3995.17 2.85 2.08  31.5 -0.413 18.74 19.29 02a59711o0443o
59711.443591  18.134  0.137   202   28 o  0   1.40 212.59867  44.23368  3833.21  4070.87 2.89 2.26  31.2 -0.403 18.57 19.12 02a59711o0450o
59711.471124  18.052  0.140   218   31 o  0   1.21 212.59867  44.23368  3851.68  3956.56 2.78 2.19  32.5 -0.414 18.33 18.78 02a59711o0509o
59713.401835  17.888  0.120   254   30 o  0   1.21 212.59867  44.23368  5049.82  8789.41 2.88 2.74 -32.6 -0.477 18.66 19.39 01a59713o0378o
59713.405061  18.152  0.166   199   33 o  0   1.30 212.59867  44.23368  5072.35  8828.36 3.23 3.15  19.9 -0.421 18.52 19.38 01a59713o0385o
59713.411972  18.067  0.175   215   38 o  0   1.00 212.59867  44.23368  5012.63  8753.03 3.53 3.40  49.3 -0.389 18.41 19.36 01a59713o0400o
59713.423951  17.702  0.108   301   33 o  0   0.99 212.59867  44.23368  4999.40  8871.13 2.86 2.79  29.7 -0.455 18.68 19.34 01a59713o0426o
59715.418235  18.036  0.105   222   23 o  0   1.37 212.59867  44.23368  2406.95  9887.39 2.31 1.66 -58.3 -0.488 18.76 18.94 02a59715o0409o
59715.421440  18.127  0.107   204   22 o  0   1.80 212.59867  44.23368  2389.35  9847.49 2.21 1.62 -60.0 -0.508 18.76 18.94 02a59715o0416o
59715.427838  17.956  0.080   238   19 o  0   1.45 212.59867  44.23368  2444.57  9924.21 2.04 1.65 -56.7 -0.505 18.77 18.93 02a59715o0430o
59715.437917  18.195  0.121   192   23 o  0   1.40 212.59867  44.23368  2465.06  9804.62 2.01 1.69 -53.4 -0.501 18.68 18.92 02a59715o0452o
59717.395288  17.900  0.098   251   24 o  0   1.07 212.59867  44.23368  5052.21  8789.37 3.62 3.58  36.0 -0.376 18.62 19.83 01a59717o0350o
59717.398515  17.942  0.125   242   30 o  0   1.17 212.59867  44.23368  5074.49  8827.28 4.18 4.14 -45.4 -0.336 18.32 19.68 01a59717o0357o
59717.431594  17.964  0.126   237   30 o  0   1.07 212.59867  44.23368  5018.90  8753.23 3.29 3.23 -41.0 -0.409 18.60 19.65 01a59717o0428o
59717.436689  18.330  0.186   169   31 o  0   0.92 212.59867  44.23368  5004.21  8872.74 3.71 3.59  49.1 -0.365 18.55 19.68 01a59717o0439o
59721.385562  18.246  0.067   183   12 o  0   1.27 212.59867  44.23368  2751.94  4854.36 2.65 2.51 -40.9 -0.495 19.41 20.88 01a59721o0334o
59721.389703  18.150  0.063   200   13 o  0   1.15 212.59867  44.23368  2775.00  4893.75 2.58 2.51 -27.3 -0.493 19.46 20.86 01a59721o0343o
59721.397073  18.251  0.069   182   12 o  0   1.40 212.59867  44.23368  2718.28  4817.65 2.66 2.46 -39.6 -0.508 19.42 20.84 01a59721o0359o
59721.407666  18.231  0.065   185   12 o  0   1.39 212.59867  44.23368  2704.79  4935.10 2.57 2.52 -16.1 -0.490 19.39 20.80 01a59721o0382o
59723.387632  18.533  0.083   140   12 c  0   0.89 212.59867  44.23368  9695.19  5760.66 2.72 2.44  28.5 -0.398 19.63 21.34 02a59723o0330c
59723.391744  18.671  0.076   124    9 c  0   1.58 212.59867  44.23368  9675.66  5721.07 2.79 2.48  26.4 -0.393 19.60 21.32 02a59723o0339c
59723.398153  18.552  0.079   138   11 c  0   0.99 212.59867  44.23368  9733.25  5800.22 2.83 2.47  23.6 -0.391 19.59 21.35 02a59723o0353c
59723.408693  18.392  0.069   160   11 c  0   0.82 212.59867  44.23368  9752.32  5686.07 2.83 2.46  23.6 -0.395 19.59 21.34 02a59723o0376c
59725.358596  18.453  0.080   151   12 o  0   1.10 212.59867  44.23368  2749.23  4848.00 2.72 2.69   9.4 -0.471 19.40 20.89 01a59725o0276o
59725.361821  18.411  0.083   157   13 o  0   1.37 212.59867  44.23368  2771.75  4887.52 2.79 2.67 -37.6 -0.479 19.42 20.84 01a59725o0283o
59725.367809  18.484  0.082   147   12 o  0   1.44 212.59867  44.23368  2712.45  4810.81 2.84 2.70 -41.5 -0.476 19.35 20.87 01a59725o0296o
59725.402534  18.584  0.105   134   14 o  0   1.23 212.59867  44.23368  2705.91  4929.88 2.76 2.68 -39.3 -0.476 19.29 20.67 01a59725o0370o
59727.361459  18.509  0.296   143   42 c  0   1.17 212.59867  44.23368  9700.91  5764.03 2.69 2.39  26.5 -0.393 18.01 19.49 02a59727o0272c
59727.364664  18.337  0.239   168   40 c  0   0.83 212.59867  44.23368  9682.76  5725.12 2.70 2.39  26.7 -0.398 18.10 19.54 02a59727o0279c
59727.370153  19.239  0.792    73   58 c  0   0.98 212.59867  44.23368  9740.95  5803.83 2.71 2.40  27.1 -0.399 17.76 19.22 02a59727o0291c
59727.405241  18.942  0.110    96   11 c  0   1.02 212.59867  44.23368  9752.31  5690.28 2.66 2.37  26.2 -0.403 19.64 21.43 02a59727o0367c
59729.368654  18.643  0.106   127   14 o  0   1.67 212.59867  44.23368  2844.31  6787.72 2.60 2.48 -35.0 -0.495 19.32 20.65 01a59729o0280o
59729.373260  18.853  0.116   104   12 o  0   1.47 212.59867  44.23368  2864.71  6827.35 2.55 2.48 -33.1 -0.490 19.35 20.71 01a59729o0290o
59729.378976  18.596  0.090   132   12 o  0   1.49 212.59867  44.23368  2806.37  6749.53 2.62 2.57   5.3 -0.472 19.34 20.76 01a59729o0302o
59729.389141  18.729  0.128   117   15 o  0   0.93 212.59867  44.23368  2792.58  6867.58 2.61 2.58   9.5 -0.468 19.25 20.61 01a59729o0324o
59731.405021  18.977  0.127    93   12 c  0   0.91 212.59867  44.23368  8029.33  9595.37 2.99 2.62  36.2 -0.389 19.62 21.59 02a59731o0198c
59731.408224  19.349  0.158    66   10 c  0   0.86 212.59867  44.23368  8010.86  9555.11 2.76 2.59  36.0 -0.395 19.66 21.56 02a59731o0205c
59731.415103  19.631  0.212    51   11 c  0   1.16 212.59867  44.23368  8067.50  9635.55 2.83 2.68  31.5 -0.394 19.59 21.52 02a59731o0220c
59731.428848  19.350  0.160    66   11 c  0   1.12 212.59867  44.23368  8087.30  9517.23 2.73 2.51  32.8 -0.402 19.67 21.43 02a59731o0250c
59733.352778  19.265  0.130    72    9 o  0   1.38 212.59867  44.23368  2844.69  6791.51 2.61 2.51 -31.8 -0.483 19.56 21.13 01a59733o0258o
59733.356005  19.397  0.164    63   10 o  0   1.35 212.59867  44.23368  2866.75  6830.30 2.61 2.53 -31.1 -0.480 19.54 21.15 01a59733o0265o
59733.362459  19.072  0.121    85   10 o  0   1.29 212.59867  44.23368  2807.50  6753.88 2.64 2.51 -34.7 -0.486 19.49 21.08 01a59733o0279o
59733.396786  19.080  0.137    85   12 o  0   1.09 212.59867  44.23368  2801.97  6871.54 2.72 2.65  27.4 -0.454 19.44 21.03 01a59733o0352o
59735.334765  18.969  0.136    94   13 o  0   1.75 212.59867  44.23368  8045.47  9598.72 2.53 2.34  36.1 -0.417 19.39 20.55 02a59735o0213o
59735.338421  18.965  0.143    94   14 o  0   1.01 212.59867  44.23368  8026.59  9558.72 2.18 1.98  37.7 -0.448 19.52 20.56 02a59735o0221o
59735.345289  19.108  0.147    83   12 o  0   1.07 212.59867  44.23368  8082.73  9638.98 2.11 2.02  74.6 -0.449 19.54 20.54 02a59735o0236o
59735.379854  19.560  0.236    54   13 o  0   0.79 212.59867  44.23368  8092.71  9518.17 2.09 2.01  69.0 -0.455 19.58 20.67 02a59735o0311o
59737.364315  19.782  0.273    44   12 o  0   1.36 212.59867  44.23368   877.96  6887.14 2.63 2.35 -45.6 -0.496 19.35 20.63 01a59737o0279o
59737.368480  19.070  0.171    86   15 o  0   0.86 212.59867  44.23368   901.13  6926.34 3.15 2.82  58.4 -0.365 19.06 20.65 01a59737o0288o
59737.374482  19.326  0.187    68   13 o  0   1.48 212.59867  44.23368   841.18  6848.39 2.52 2.38 -48.7 -0.487 19.37 20.69 01a59737o0301o
59737.384649  19.273  0.197    71   14 o  0   1.02 212.59867  44.23368   827.79  6965.80 2.54 2.43 -47.5 -0.479 19.33 20.69 01a59737o0323o
59739.362686  19.931  0.396    39   15 o  0   0.94 212.59867  44.23368  5819.67  5861.20 2.75 2.04  31.3 -0.403 19.23 20.03 02a59739o0271o
59739.365891  19.438  0.237    61   14 o  0   1.19 212.59867  44.23368  5799.63  5822.15 2.68 2.00  29.7 -0.416 19.22 20.03 02a59739o0278o
59739.371389  19.550  0.276    55   15 o  0   0.94 212.59867  44.23368  5856.40  5900.18 2.63 1.96  28.9 -0.414 19.20 20.02 02a59739o0290o
59739.385138  20.674  0.663    20   13 o  0   1.35 212.59867  44.23368  5875.42  5783.71 2.42 1.88  30.8 -0.431 19.27 19.99 02a59739o0320o
59741.333227  19.869  0.549    41   22 o  0   0.94 212.59867  44.23368   872.26  6882.92 2.69 2.43 -45.0 -0.490 18.98 19.83 01a59741o0211o
59741.336452  19.501  0.331    58   19 o  0   1.14 212.59867  44.23368   895.47  6922.66 2.66 2.44 -44.3 -0.487 18.95 19.83 01a59741o0218o
59741.343356  21.094  1.575    13   21 o  0   0.82 212.59867  44.23368   835.88  6845.14 2.57 2.44 -46.9 -0.489 18.93 19.81 01a59741o0233o
59741.353968  19.740  0.425    46   20 o  0   1.24 212.59867  44.23368   822.77  6962.83 2.58 2.40 -51.7 -0.486 18.94 19.78 01a59741o0256o
59745.329400  22.719  8.231     3   24 o  0   1.03 212.59867  44.23368 10240.16  2517.47 3.55 2.89  12.9 -0.401 18.62 19.69 01a59745o0197o
59745.334521  20.028  0.729    35   26 o  0   0.97 212.59867  44.23368 10261.48  2555.28 3.24 2.90 -56.2 -0.484 18.76 19.68 01a59745o0208o
59745.338203  20.002  0.678    36   25 o  0   1.00 212.59867  44.23368 10203.66  2482.29 3.05 2.88 -37.5 -0.468 18.79 19.67 01a59745o0216o
59745.342344  19.919  0.552    39   22 o  0   1.19 212.59867  44.23368   593.98  2804.62 2.86 2.69 -48.2 -0.536 18.81 19.67 01a59745o0225o
59745.345578  19.275  0.319    71   23 o  0   1.27 212.59867  44.23368   616.40  2844.47 2.97 2.80 -51.5 -0.535 18.78 19.66 01a59745o0232o
59745.348345  20.068  0.781    34   27 o  0   1.02 212.59867  44.23368 10190.50  2602.33 3.13 2.95 -24.9 -0.464 18.69 19.62 01a59745o0238o
59745.351112  19.859  0.536    41   22 o  0   1.20 212.59867  44.23368   556.68  2765.55 2.89 2.72 -48.6 -0.540 18.75 19.66 01a59745o0244o
59745.365903  20.914  1.444    16   23 o  0   1.34 212.59867  44.23368   545.74  2882.75 2.84 2.69 -45.6 -0.534 18.77 19.61 01a59745o0276o
59749.319669  20.296  0.477    28   13 o  0   1.50 212.59867  44.23368 10237.30  2516.22 3.09 2.70 -52.4 -0.492 19.41 21.05 01a59749o0081o
59749.322894  20.695  0.744    19   14 o  0   0.87 212.59867  44.23368 10259.78  2553.58 2.98 2.64 -54.1 -0.503 19.34 20.88 01a59749o0088o
59749.331179  21.122  1.727    13   22 o  0   0.91 212.59867  44.23368 10204.56  2480.59 3.01 2.66 -56.4 -0.498 18.96 20.47 01a59749o0106o
59749.336244  19.741  0.288    46   13 o  0   0.93 212.59867  44.23368   593.35  2801.80 2.78 2.57 -46.6 -0.535 19.44 21.02 01a59749o0117o
59749.340384  20.896  0.813    16   13 o  0   1.11 212.59867  44.23368   614.46  2841.59 3.04 2.69 -50.8 -0.525 19.40 21.02 01a59749o0126o
59749.341767  20.293  0.455    28   13 o  0   1.33 212.59867  44.23368 10190.39  2600.48 2.88 2.73 -22.9 -0.474 19.38 20.99 01a59749o0129o
59749.346853  20.414  0.554    25   14 o  0   1.19 212.59867  44.23368   557.31  2764.34 2.93 2.60 -50.7 -0.534 19.29 20.86 01a59749o0140o
59749.357455  19.842  0.345    42   14 o  0   1.24 212.59867  44.23368   544.75  2880.27 2.77 2.50 -50.0 -0.548 19.28 20.84 01a59749o0163o
59751.316199  20.685  0.440    19    8 c  0   1.09 212.59867  44.23368  3579.37  1908.73 2.41 2.32  58.0 -0.420 19.68 21.56 02a59751o0159c
59751.319856  20.208  0.329    30   10 c  0   1.02 212.59867  44.23368  3559.52  1869.67 2.57 2.31  40.2 -0.406 19.68 21.56 02a59751o0167c
59751.325807  20.328  0.286    27    8 c  0   1.70 212.59867  44.23368  3620.22  1946.16 2.38 2.25  48.7 -0.414 19.71 21.54 02a59751o0180c
59751.336793  20.932  0.622    15   10 c  0   1.04 212.59867  44.23368  3639.75  1831.21 2.42 2.35  66.7 -0.414 19.68 21.54 02a59751o0204c
59753.341754  20.823  0.753    17   13 o  0   1.06 212.59867  44.23368  9064.44  8432.30 3.18 2.87  39.4 -0.409 19.42 21.09 01a59753o0224o
59753.345435  19.752  0.296    46   14 o  0   0.84 212.59867  44.23368  9088.83  8470.85 2.89 2.84 -75.7 -0.440 19.44 21.06 01a59753o0232o
59753.350979  24.868 29.000     0   12 o  0   1.38 212.59867  44.23368  9025.81  8397.14 3.15 2.82  39.3 -0.415 19.44 21.10 01a59753o0244o
59753.362966  23.562  8.000     1   11 o  0   1.52 212.59867  44.23368  9012.54  8517.42 2.92 2.81  67.8 -0.438 19.46 21.09 01a59753o0270o
59757.301224  20.593  0.607    21   13 o  0   1.08 212.59867  44.23368  9051.92  8425.38 3.26 3.18 -58.6 -0.402 19.37 21.14 01a59757o0134o
59757.304946  19.994  0.331    36   12 o  0   0.88 212.59867  44.23368  9072.46  8463.52 3.30 2.94  36.1 -0.403 19.41 21.11 01a59757o0142o
59757.312320  20.190  0.373    30   11 o  0   1.07 212.59867  44.23368  9011.03  8389.69 3.18 3.12  36.9 -0.414 19.40 21.10 01a59757o0158o
59757.322461  20.331  0.491    27   13 o  0   1.15 212.59867  44.23368  8997.43  8509.70 3.30 3.23  52.5 -0.387 19.40 21.12 01a59757o0180o
59761.316968  20.655  0.671    20   13 o  0   1.26 212.59867  44.23368  8712.18  4855.87 3.58 3.43 -42.8 -0.414 19.18 21.01 01a59761o0039o
59761.319754  20.772  0.937    18   17 o  0   1.09 212.59867  44.23368  8733.82  4893.78 4.20 3.95 -45.5 -0.383 18.99 20.98 01a59761o0045o
59761.325673  21.543  1.867     9   16 o  0   0.94 212.59867  44.23368  8675.61  4821.60 3.69 3.39 -46.9 -0.426 19.13 20.99 01a59761o0058o
59761.336630 -24.409 22.500    -1   14 o  0   1.24 212.59867  44.23368  8662.59  4940.52 3.81 3.53 -49.7 -0.420 19.09 20.97 01a59761o0082o
59765.288136  20.054  0.423    35   15 o  0   1.17 212.59867  44.23368  8703.66  4851.05 3.03 2.74  24.1 -0.429 19.28 20.71 01a59765o0107o
59765.291795 -21.503  1.417    -9   13 o  0   1.13 212.59867  44.23368  8725.86  4889.48 2.93 2.74  21.8 -0.444 19.36 20.75 01a59765o0115o
59765.298168  21.979  2.065     6   12 o  0   1.12 212.59867  44.23368  8667.40  4816.29 2.86 2.68 -57.0 -0.481 19.33 20.76 01a59765o0129o
59765.308215 -22.016  2.462    -6   14 o  0   1.48 212.59867  44.23368  8654.97  4934.02 3.04 2.93  22.1 -0.430 19.17 20.58 01a59765o0151o
59767.285810 -18.416  3.048  -156  476 o  0   1.35 212.59867  44.23368  2138.53  7750.00 2.02 1.89 -36.1 -0.458 15.45 15.43 02a59767o0069o
59767.288986 -18.032  1.662  -222  370 o  0   1.20 212.59867  44.23368  2118.31  7710.99 2.09 1.97  -7.6 -0.429 15.84 15.84 02a59767o0076o
59767.294457  20.013  1.148    36   41 o  0   0.95 212.59867  44.23368  2175.02  7787.18 2.03 1.91 -18.5 -0.427 18.15 18.52 02a59767o0088o
59767.308181  20.515  2.291    23   52 o  0   1.82 212.59867  44.23368  2193.38  7667.69 1.99 1.88  -8.8 -0.452 16.79 17.33 02a59767o0118o
59769.325532 -22.989 34.400    -2   80 o  0   0.74 212.59867  44.23368  3068.23  8922.79 2.60 2.51 -44.8 -0.485 18.12 18.60 01a59769o0188o
59769.328727  18.561  1.050   137  144 o  0   0.89 212.59867  44.23368  3090.36  8961.97 2.68 2.57  59.4 -0.470 17.71 18.05 01a59769o0195o
59769.334219  18.936  1.413    97  137 o  0   1.20 212.59867  44.23368  3028.14  8884.96 2.61 2.59 -84.4 -0.470 17.63 18.04 01a59769o0207o
59769.345192  20.969  5.780    15   86 o  0   1.03 212.59867  44.23368  3010.86  9004.33 2.67 2.45 -43.1 -0.498 18.05 18.47 01a59769o0231o
59771.313481  20.278  1.377    28   39 o  0   1.11 212.59867  44.23368  1845.01  3683.10 2.21 1.94  29.5 -0.435 18.19 18.40 02a59771o0151o
59771.316701  19.323  0.451    68   30 o  0   1.78 212.59867  44.23368  1825.78  3643.48 2.24 1.99  29.9 -0.446 18.13 18.42 02a59771o0158o
59771.326847 -20.750  1.347   -18   24 o  0   1.51 212.59867  44.23368  1883.68  3718.70 2.23 1.87  27.7 -0.438 18.49 18.70 02a59771o0180o
59771.333631  21.629  3.333     8   27 o  0   1.46 212.59867  44.23368  1908.58  3601.12 2.19 1.90  28.7 -0.437 18.47 18.62 02a59771o0195o
59773.284140  20.577  1.400    21   30 o  0   1.29 212.59867  44.23368  3062.11  8919.75 2.97 2.72 -40.4 -0.460 18.65 19.53 01a59773o0095o
59773.287328  20.222  1.057    30   31 o  0   0.93 212.59867  44.23368  3085.64  8958.28 2.87 2.75 -32.7 -0.457 18.69 19.52 01a59773o0102o
59773.293273  20.359  1.316    26   34 o  0   1.11 212.59867  44.23368  3023.57  8882.92 3.25 3.01 -39.6 -0.436 18.56 19.51 01a59773o0115o
59773.304251 -21.119  2.455   -13   32 o  0   1.25 212.59867  44.23368  3009.47  9000.17 2.92 2.86 -41.8 -0.436 18.61 19.48 01a59773o0139o
59777.364476  17.463  0.857   376  322 o  0   0.88 212.59867  44.23368   517.47  1138.61 4.92 4.75 -74.6 -0.343 15.42 16.49 01a59777o0004o
59777.368580  21.584 16.600     8  140 o  0   1.32 212.59867  44.23368   540.33  1178.22 5.21 5.02 -62.2 -0.463 16.95 17.95 01a59777o0013o
59777.374044  20.192  1.873    30   57 o  0   1.04 212.59867  44.23368   483.47  1097.64 3.86 3.78 -81.1 -0.466 17.76 18.91 01a59777o0025o
59777.387288 -20.737  3.487   -18   64 o  0   1.11 212.59867  44.23368   474.20  1214.65 3.56 3.43 -54.4 -0.687 18.03 19.04 01a59777o0054o
59783.281634 -22.071  1.425    -5    8 c  0   1.91 212.59867  44.23368  5933.12  7513.60 2.41 2.28  21.0 -0.418 19.65 21.27 02a59783o0088c
59783.285703 -21.606  1.131    -8    9 c  0   1.47 212.59867  44.23368  5912.11  7471.75 2.43 2.26  23.6 -0.417 19.65 21.24 02a59783o0097c
59783.293407 -21.143  0.747   -13   10 c  0   1.00 212.59867  44.23368  5968.00  7550.03 2.49 2.28  25.1 -0.417 19.64 21.21 02a59783o0114c
59783.308827  20.989  0.714    15   10 c  0   1.36 212.59867  44.23368  5989.33  7431.96 2.66 2.45  23.1 -0.402 19.52 21.15 02a59783o0148c
59787.291369  21.589  1.174     8   10 c  0   1.09 212.59867  44.23368  5756.73  3932.02 2.85 2.67  33.8 -0.387 19.49 21.35 02a59787o0113c
59787.296838  20.691  0.554    19   11 c  0   0.98 212.59867  44.23368  5738.44  3890.11 2.87 2.76  37.1 -0.389 19.42 21.32 02a59787o0125c
59787.308310  21.069  0.784    14   11 c  0   1.02 212.59867  44.23368  5797.57  3967.29 2.84 2.68  33.4 -0.389 19.45 21.31 02a59787o0150c
59787.313740  21.085  0.845    13   11 c  0   0.92 212.59867  44.23368  5816.63  3848.73 2.86 2.71  36.5 -0.394 19.46 21.32 02a59787o0162c
59791.267350  21.048  0.640    14    9 c  0   1.33 212.59867  44.23368  5763.79  3932.50 2.49 2.24  34.5 -0.401 19.61 21.26 02a59791o0003c
59791.270529 -23.111  3.800    -2    8 c  0   1.41 212.59867  44.23368  5745.65  3891.53 2.49 2.24  32.1 -0.405 19.60 21.29 02a59791o0010c
59791.276025  20.898  0.495    16    8 c  0   1.33 212.59867  44.23368  5799.17  3966.72 2.50 2.24  32.7 -0.403 19.56 21.22 02a59791o0022c
59791.290701  20.596  0.625    21   13 c  0   0.89 212.59867  44.23368  5822.89  3849.36 2.50 2.26  33.9 -0.404 19.33 20.91 02a59791o0054c
59793.247019  21.471  2.345     9   22 o  0   0.95 212.59867  44.23368  2497.08  2713.60 2.60 2.42 -41.5 -0.523 18.86 19.62 01a59793o0029o
59793.250202 -21.410  1.600   -10   16 o  0   1.52 212.59867  44.23368  2519.25  2752.92 2.63 2.49 -38.8 -0.510 19.10 20.16 01a59793o0036o
59793.257947  19.603  0.257    52   13 o  0   1.45 212.59867  44.23368  2465.63  2676.10 2.59 2.48 -43.9 -0.512 19.34 20.56 01a59793o0053o
59793.268464  20.643  0.586    20   12 o  0   1.67 212.59867  44.23368  2453.58  2793.50 2.69 2.52 -47.7 -0.505 19.31 20.58 01a59793o0076o
59801.285756 -20.997  4.611   -14   67 o  0   0.78 212.59867  44.23368  6769.25  6510.80 2.70 2.62  40.5 -0.475 18.21 18.80 01a59801o0122o
59801.291272 -19.703  1.767   -48   84 o  0   0.96 212.59867  44.23368  6789.64  6551.26 2.71 2.61 -51.6 -0.493 17.84 18.30 01a59801o0134o
59801.307281  20.533  2.265    22   50 o  0   1.16 212.59867  44.23368  6732.02  6479.27 2.73 2.68 -78.7 -0.477 18.18 18.66 01a59801o0169o
59801.320194 -19.802  1.760   -44   77 o  0   1.78 212.59867  44.23368  6717.05  6600.18 2.75 2.68 -55.0 -0.485 17.99 18.41 01a59801o0197o
59803.258823  23.846 25.667     1   27 o  0   1.21 212.59867  44.23368  6170.25  9664.49 2.65 2.54  14.9 -0.437 18.63 19.20 02a59803o0056o
59803.262475  20.912  1.800    16   28 o  0   1.26 212.59867  44.23368  6149.93  9624.27 2.86 2.53  27.5 -0.419 18.56 19.14 02a59803o0064o
59803.268406 -20.387  1.165   -25   30 o  0   1.07 212.59867  44.23368  6204.99  9703.14 2.79 2.63   7.0 -0.430 18.47 19.08 02a59803o0077o
59803.278401  21.604  4.167     8   34 o  0   0.69 212.59867  44.23368  6222.50  9584.99 2.60 2.55   1.5 -0.429 18.54 18.99 02a59803o0099o
59809.294603  21.868  2.437     6   16 o  0   1.28 212.59867  44.23368  8019.05   633.43 2.91 2.71 -50.1 -0.469 19.13 20.48 01a59809o0130o
59809.297802 -20.868  0.964   -16   16 o  0   1.05 212.59867  44.23368  8039.41   672.63 2.82 2.69 -61.4 -0.473 19.16 20.47 01a59809o0137o
59809.308332  20.361  0.731    26   19 o  0   0.76 212.59867  44.23368  7983.36   601.18 2.75 2.61 -50.1 -0.499 19.12 20.39 01a59809o0160o
59809.316071  25.678 91.000     0   18 o  0   1.01 212.59867  44.23368  7966.09   723.84 2.74 2.54 -57.0 -0.520 19.13 20.41 01a59809o0177o
59811.266107 -21.979  1.909    -6   11 c  0   1.00 212.59867  44.23368  4042.12  7600.15 2.34 2.25 -31.1 -0.419 19.48 21.10 02a59811o0081c
59811.269282 -22.149  1.946    -5   10 c  0   1.13 212.59867  44.23368  4023.59  7562.96 2.34 2.28 -28.1 -0.412 19.45 21.10 02a59811o0088c
59811.279349 -22.914  3.500    -2    9 c  0   1.84 212.59867  44.23368  4078.77  7640.27 2.35 2.27 -12.1 -0.418 19.47 21.07 02a59811o0110c
59811.287556 -22.842  4.389    -3   12 c  0   0.87 212.59867  44.23368  4097.58  7523.16 2.46 2.35  10.1 -0.399 19.36 21.02 02a59811o0128c
59813.293887 -19.816  0.372   -43   16 o  0   0.81 212.59867  44.23368  8021.10   637.51 2.93 2.85  21.3 -0.445 19.08 20.39 01a59813o0156o
59813.305381 -20.795  1.049   -18   18 o  0   0.91 212.59867  44.23368  8044.84   678.40 2.97 2.86  31.7 -0.437 19.04 20.34 01a59813o0181o
59813.320961 -22.390  4.381    -4   18 o  0   1.16 212.59867  44.23368  7988.78   610.31 2.69 2.57 -60.5 -0.509 19.00 20.14 01a59813o0215o
59813.324193  20.118  0.560    33   18 o  0   0.92 212.59867  44.23368  7972.03   730.00 2.71 2.63 -58.0 -0.492 18.99 20.11 01a59813o0222o
59819.240357  20.951  0.713    15   11 c  0   1.79 212.59867  44.23368  5587.28  1793.94 2.51 2.27  41.6 -0.401 19.10 20.43 02a59819o0035c
59819.243532  20.812  0.656    17   11 c  0   0.88 212.59867  44.23368  5567.37  1754.88 2.51 2.27  38.4 -0.403 19.27 20.77 02a59819o0042c
59819.248963  22.830  3.889     3   10 c  0   1.43 212.59867  44.23368  5626.36  1833.47 2.52 2.37  49.0 -0.405 19.33 21.01 02a59819o0054c
59819.258979 -21.051  0.732   -14   10 c  0   1.30 212.59867  44.23368  5648.04  1714.35 2.42 2.34  72.1 -0.408 19.40 21.07 02a59819o0076c
59825.269653  21.877  3.071     6   20 o  0   1.00 212.59867  44.23368  2398.04  1066.76 3.13 2.89  74.5 -0.429 18.83 20.06 01a59825o0073o
59825.272840 -20.105  0.623   -33   20 o  0   1.04 212.59867  44.23368  2419.25  1106.46 2.89 2.83  59.4 -0.463 18.82 20.02 01a59825o0080o
59825.302052 -23.626 15.800    -1   20 o  0   1.30 212.59867  44.23368  2367.16  1029.20 3.14 3.05  15.3 -0.440 18.73 19.92 01a59825o0102o
59835.222871 -19.361  0.975   -65   64 o  0   0.81 212.59867  44.23368  7737.97  3865.35 2.44 2.27  36.3 -0.424 17.79 17.47 02a59835o0026o
59835.226041 -19.857  1.008   -41   42 o  0   1.02 212.59867  44.23368  7720.62  3822.93 2.52 2.33  35.7 -0.435 18.29 18.47 02a59835o0033o
59835.231474  19.353  0.332    66   22 o  0   1.52 212.59867  44.23368  7779.72  3898.60 2.65 2.55  39.5 -0.410 18.77 19.65 02a59835o0045o
59835.241910 -20.455  0.619   -24   15 o  0   1.45 212.59867  44.23368  7800.35  3780.70 2.45 2.44  74.6 -0.413 19.09 20.18 02a59835o0068o
59841.217016  19.159  0.951    79   75 c  0   0.91 212.59867  44.23368  8112.19  8734.92 3.15 2.86  50.6 -0.366 17.38 18.95 01a59841o0019c
59841.221175  20.137  0.979    32   31 c  0   1.18 212.59867  44.23368  8135.07  8774.00 2.97 2.84  69.0 -0.374 18.30 19.94 01a59841o0028c
59841.231369  21.251  1.492    12   17 c  0   0.96 212.59867  44.23368  8074.93  8701.92 3.04 2.87  65.5 -0.363 18.98 20.87 01a59841o0050c
59841.237835 -21.856  2.556    -7   17 c  0   0.93 212.59867  44.23368  8054.45  8821.70 3.04 2.90  72.9 -0.367 19.01 20.89 01a59841o0064c
59909.631206 -20.984  0.820   -15   12 c  0   1.25 212.59867  44.23368  4030.14  7706.24 3.69 3.36  39.6 -0.296 19.15 20.96 01a59909o0953c
59909.635575 -22.460  3.375    -4   13 c  0   1.14 212.59867  44.23368  4016.19  7667.68 3.68 3.36  43.9 -0.295 19.19 21.00 01a59909o0962c
59909.645656  22.002  2.333     6   13 c  0   1.17 212.59867  44.23368  4074.28  7740.54 3.57 3.50  61.7 -0.316 19.11 20.79 01a59909o0983c
59909.653722  19.520  0.408    56   23 c  0   1.29 212.59867  44.23368  4100.31  7629.28 3.76 3.37  41.4 -0.270 18.48 19.47 01a59909o1000c
59927.634965  20.902  0.991    16   16 o  0   1.35 212.59867  44.23368   863.21  4829.62 2.47 2.19  32.7 -0.424 18.94 19.86 02a59927o0968o
59927.641378 -20.337  0.584   -27   16 o  0   1.25 212.59867  44.23368   880.98  4867.30 2.27 1.96  27.5 -0.437 19.11 19.92 02a59927o0982o
59927.667729  21.266  2.632    11   30 o  0   1.58 212.59867  44.23368   807.16  4898.27 2.41 2.05  28.6 -0.424 18.22 18.61 02a59927o1035o
59959.588761  21.997  2.231     6   13 o  0   1.02 212.59867  44.23368   978.68  8429.96 2.02 1.96  22.2 -0.468 19.30 20.39 02a59959o0858o
59959.591946 -20.230  0.379   -29   11 o  0   1.59 212.59867  44.23368   997.78  8469.07 2.00 1.93  11.2 -0.469 19.36 20.40 02a59959o0865o
59959.597848 -20.326  0.500   -27   14 o  0   1.24 212.59867  44.23368   938.08  8388.46 2.02 1.96  12.3 -0.463 19.33 20.41 02a59959o0878o
59959.608622  23.065  7.000     2   15 o  0   0.81 212.59867  44.23368   917.71  8504.64 2.08 1.96  25.3 -0.461 19.30 20.44 02a59959o0901o
59963.653377 -20.923  0.742   -16   12 o  0   0.63 212.59867  44.23368  1987.66  1072.84 1.98 1.85  59.3 -0.484 19.59 21.06 02a59963o0771o
59963.671477 -25.134 47.667    -0   15 o  0   1.43 212.59867  44.23368  1915.33  1110.48 2.04 1.84  52.7 -0.508 19.13 19.86 02a59963o0810o
59967.629289  22.379  2.114     4    9 o  0   1.41 212.59867  44.23368  8420.62  2841.37 2.16 2.04  45.3 -0.418 19.62 21.22 02a59967o0735o
59967.632473  21.424  0.841    10    8 o  0   1.62 212.59867  44.23368  8439.12  2881.69 2.21 2.05  40.6 -0.427 19.61 21.23 02a59967o0742o
59967.642712 -21.234  0.806   -12    9 o  0   1.08 212.59867  44.23368  8383.02  2806.56 2.19 2.06  47.2 -0.426 19.61 21.27 02a59967o0764o
59967.650401 -20.731  0.506   -18    9 o  0   0.91 212.59867  44.23368  8367.56  2927.87 2.21 2.05  36.5 -0.424 19.63 21.29 02a59967o0781o
59967.676272  19.994  0.825    36   30 o  0   1.09 212.59867  44.23368  2168.88  7698.31 2.26 1.88  17.9 -0.406 18.44 18.76 02a59967o0837o
59999.630543 -20.827  2.971   -17   50 c  0   0.94 212.59867  44.23368  4335.20  9736.19 2.52 2.50 -48.1 -0.392 18.30 19.98 02a59999o0102c
59999.635286  20.799  1.413    17   25 c  0   2.27 212.59867  44.23368  4317.37  9697.03 2.57 2.54 -49.7 -0.393 18.63 20.45 02a59999o0112c
59999.640391  21.140  1.947    13   25 c  0   1.01 212.59867  44.23368  4372.92  9777.45 2.51 2.46   6.5 -0.390 18.72 20.54 02a59999o0123c
59999.656294 -19.679  0.594   -49   29 c  0   0.97 212.59867  44.23368  4390.20  9652.56 2.50 2.47   8.4 -0.396 18.74 20.43 02a59999o0154c
59999.666564  20.841  4.375    17   73 c  0   0.75 212.59867  44.23368  4352.15  9711.41 2.63 2.52  29.5 -0.373 17.99 19.10 02a59999o0174c
60009.421176  20.230  1.161    29   34 o  0   0.73 212.59867  44.23368  3719.06   591.48 2.38 2.25 -77.0 -0.447 18.42 19.01 02a60009o0379o
60009.425145 -19.938  0.810   -38   31 o  0   0.94 212.59867  44.23368  3736.90   631.69 2.39 2.30 -83.2 -0.436 18.42 19.03 02a60009o0386o
60009.435268 -21.120  2.532   -13   33 o  0   0.69 212.59867  44.23368  3682.65   552.55 2.52 2.41  81.3 -0.422 18.28 19.08 02a60009o0407o
60009.450505 -20.015  0.649   -36   23 o  0   1.20 212.59867  44.23368  3672.02   667.37 2.17 2.07 -80.1 -0.427 18.56 19.13 02a60009o0439o
60015.419390  20.877  1.205    16   20 o  0   1.04 212.59867  44.23368  6175.15  6321.84 2.83 2.39  41.2 -0.418 18.91 19.93 02a60015o0342o
60015.422304 -20.561  0.877   -22   19 o  0   0.99 212.59867  44.23368  6196.82  6359.87 2.69 2.16  36.8 -0.416 19.04 19.95 02a60015o0348o
60015.455330 -20.215  0.587   -30   18 o  0   0.88 212.59867  44.23368  6154.63  6282.81 2.68 2.05  35.0 -0.415 19.13 20.05 02a60015o0418o
60015.464345  22.630  4.190     3   14 o  0   1.23 212.59867  44.23368  6143.82  6402.00 2.75 2.09  42.5 -0.416 19.10 20.09 02a60015o0436o
60018.512022 -22.181  3.552    -5   17 o  0   1.44 212.59867  44.23368  8116.40  1933.83 2.04 2.01   3.9 -0.427 18.93 20.25 02a60018o0629o
60018.513830  23.026  5.250     2   12 o  0   1.13 212.59867  44.23368  8135.19  1973.06 2.01 1.99  61.2 -0.433 19.48 20.85 02a60018o0633o
60018.516994  21.214  1.833    12   22 o  0   0.87 212.59867  44.23368  8079.56  1896.42 1.97 1.95  12.2 -0.438 17.76 19.01 02a60018o0640o
60019.499058 -21.570  1.091    -8    9 o  0   1.38 212.59867  44.23368  8108.95  1933.45 2.03 1.98 -79.8 -0.445 19.52 21.05 02a60019o0604o
60019.500869 -23.541  8.636    -1   12 o  0   0.94 212.59867  44.23368  8126.54  1971.98 2.10 2.00 -83.1 -0.436 19.38 20.95 02a60019o0608o
60019.505606 -20.717  0.673   -19   13 o  0   0.65 212.59867  44.23368  8071.56  1896.37 2.05 1.97  87.8 -0.437 19.47 21.09 02a60019o0618o
60019.512416  21.034  0.715    14   10 o  0   1.24 212.59867  44.23368  8053.46  2014.34 2.08 2.03  65.9 -0.434 19.58 21.12 02a60019o0633o
60019.573414  19.412  1.378    62   86 o  0   1.06 212.59867  44.23368  6001.58  5073.18 2.61 1.83  34.6 -0.442 17.22 18.15 02a60019o0762o
60022.351944 -22.688  7.263    -3   22 o  0   1.30 212.59867  44.23368  8045.56  1925.93 2.10 1.83 -52.3 -0.454 18.80 19.70 02a60022o0288o
60022.355161  20.487  0.534    23   12 o  0   1.17 212.59867  44.23368  8065.58  1964.59 2.04 1.83 -48.3 -0.443 19.31 20.25 02a60022o0295o
60022.358335 -21.696  1.681    -8   13 o  0   1.27 212.59867  44.23368  8009.31  1889.45 1.98 1.88 -49.5 -0.447 19.28 20.23 02a60022o0302o
60022.363875 -21.480  2.365    -9   22 o  0   0.94 212.59867  44.23368  7994.27  2007.18 2.02 1.95 -44.8 -0.443 18.73 19.67 02a60022o0314o
60023.462248  23.321  4.875     2    8 o  0   1.99 212.59867  44.23368  8101.91  1930.93 2.01 1.84 -59.6 -0.446 19.52 21.06 02a60023o0516o
60023.464056 -21.896  1.714    -6   11 o  0   1.12 212.59867  44.23368  8120.90  1969.81 2.00 1.80 -59.6 -0.455 19.49 21.01 02a60023o0520o
60023.475209  22.487  4.810     4   18 o  0   0.78 212.59867  44.23368  8069.35  1893.91 2.00 1.89 -62.8 -0.449 18.89 20.16 02a60023o0544o
60023.478029 -20.614  1.226   -21   25 o  0   1.19 212.59867  44.23368  8050.66  2012.29 1.99 1.89 -66.7 -0.440 18.63 19.85 02a60023o0550o
60027.544938  22.262  2.765     4   12 o  0   0.81 212.59867  44.23368  7830.21  5045.32 2.44 1.97  29.7 -0.416 19.47 20.80 02a60027o0463o
60027.548589 -21.319  0.889   -11   10 o  0   1.38 212.59867  44.23368  7810.22  5005.46 2.47 2.00  29.5 -0.419 19.49 20.82 02a60027o0471o
60027.554491  21.498  0.920     9    8 o  0   2.11 212.59867  44.23368  7868.29  5083.51 2.34 1.93  31.0 -0.424 19.57 20.83 02a60027o0484o
60027.564710  20.157  0.947    31   30 o  0   1.00 212.59867  44.23368  7888.05  4968.00 2.43 2.02  29.4 -0.422 18.09 19.29 02a60027o0506o
60031.369633 -22.558  3.414    -3   12 o  0   1.47 212.59867  44.23368  2762.05  4040.18 2.05 1.99  41.2 -0.455 19.26 20.20 02a60031o0319o
60031.371444  20.226  0.522    30   15 o  0   0.87 212.59867  44.23368  2781.85  4078.80 2.10 1.95  37.4 -0.454 19.28 20.20 02a60031o0323o
60031.399776 -20.495  0.487   -23   11 o  0   1.29 212.59867  44.23368  2739.75  3999.79 2.11 1.96  49.9 -0.451 19.31 20.32 02a60031o0383o
60031.427060  22.655  3.679     3   12 o  0   0.75 212.59867  44.23368  2729.92  4117.08 2.12 1.88  40.0 -0.451 19.42 20.44 02a60031o0437o
60036.582091 -21.392  3.400   -10   34 o  0   1.06 212.59867  44.23368  7958.61  3845.59 2.37 1.92  33.3 -0.419 18.25 18.78 02a60036o0519o
60036.585296 -19.813  0.714   -43   31 o  0   1.41 212.59867  44.23368  7939.67  3805.57 2.55 2.19  37.7 -0.414 18.37 19.04 02a60036o0526o
60036.620680 -19.166  1.258   -78   98 o  0   1.32 212.59867  44.23368  8004.39  3881.59 2.36 2.00  34.1 -0.444 17.16 18.15 02a60036o0541o
60036.626343  18.419  1.383   156  215 o  0   1.00 212.59867  44.23368  8024.71  3764.76 2.62 2.27  33.8 -0.436 16.39 17.38 02a60036o0553o
60042.476112 -18.560  1.186  -137  162 o  0   0.88 212.59867  44.23368   672.08  9558.60 1.90 1.65 -43.7 -0.535 16.83 16.92 02a60042o0366o
60042.481282 -17.692  0.633  -304  192 o  0   1.06 212.59867  44.23368   653.12  9521.66 2.06 1.75 -44.6 -0.420 16.19 16.26 02a60042o0377o
60042.494098 -15.664  1.671 -1969 3290 o  0   1.28 212.59867  44.23368   727.91  9474.97 7.75 3.23   0.7 -0.318 14.55 14.75 02a60042o0404o
60042.494551 -16.797  1.196  -694  830 o  0   1.02 212.59867  44.23368 10145.12  9534.41 2.03 1.95 -65.1 -0.635 14.99 14.88 02a60042o0405o
60042.581566 -20.381  2.401   -26   61 o  0   1.71 212.59867  44.23368 10217.14  9489.38 2.15 1.88  27.9 -0.468 17.52 17.68 02a60042o0426o
60044.474094  21.446  1.757    10   17 o  0   0.62 212.59867  44.23368  4129.45  5955.20 2.50 1.92  27.8 -0.421 19.20 20.04 02a60044o0491o
60044.519018  23.509 11.667     1   17 o  0   0.86 212.59867  44.23368  4107.03  5914.18 2.79 2.17  32.8 -0.407 19.04 19.97 02a60044o0541o
60044.547494 -20.270  0.710   -28   20 o  0   0.77 212.59867  44.23368  4163.63  5985.41 2.76 2.26  33.1 -0.404 18.97 19.87 02a60044o0600o
60044.550694 -23.315 10.556    -2   18 o  0   1.10 212.59867  44.23368  4180.97  5865.46 3.20 2.30  34.5 -0.386 18.99 19.91 02a60044o0606o
60048.319046  21.736  1.265     7    9 c  0   1.28 212.59867  44.23368  6558.79  6539.77 2.39 2.28  25.0 -0.420 19.56 21.37 02a60048o0197c
60048.354430 -20.966  0.691   -15   10 c  0   0.97 212.59867  44.23368  6592.98  6580.01 2.44 2.36  44.4 -0.416 19.63 21.49 02a60048o0264c
60048.381980  21.520  1.069     9   10 c  0   1.06 212.59867  44.23368  6548.11  6502.70 2.54 2.31  41.4 -0.409 19.61 21.48 02a60048o0318c
60048.392669  21.531  1.070     9   10 c  0   1.10 212.59867  44.23368  6534.28  6623.20 2.59 2.31  41.2 -0.411 19.61 21.47 02a60048o0339c
60050.475446  22.963  4.562     2   11 c  0   1.11 212.59867  44.23368  2640.43  9873.35 2.33 2.13 -45.6 -0.436 19.47 21.15 02a60050o0510c
60050.478620  20.338  0.476    27   13 c  0   1.05 212.59867  44.23368  2621.43  9833.70 2.30 2.10 -47.4 -0.445 19.29 20.95 02a60050o0517c
60050.484073 -20.816  0.575   -17   10 c  0   1.37 212.59867  44.23368  2676.92  9909.56 2.33 2.15 -45.5 -0.438 19.57 21.29 02a60050o0529c
60050.517835  21.574  1.254     8   11 c  0   1.23 212.59867  44.23368  2698.48  9782.60 2.32 2.14 -51.7 -0.440 19.53 21.27 02a60050o0600c
60052.467845  21.375  1.096    10   11 c  0   1.06 212.59867  44.23368    99.42  5779.71 2.36 2.24 -19.3 -0.393 19.47 21.19 02a60052o0505c
60052.471033  20.829  0.664    17   11 c  0   1.49 212.59867  44.23368    79.81  5740.27 2.33 2.21 -27.6 -0.392 19.44 21.19 02a60052o0512c
60052.506445  20.856  0.589    16   10 c  0   1.16 212.59867  44.23368   141.91  5808.42 2.34 2.20  -0.6 -0.385 19.44 21.12 02a60052o0586c
60052.509689  22.090  2.333     5   12 c  0   0.84 212.59867  44.23368  9924.87  5754.70 2.54 2.41  21.4 -0.416 19.46 21.12 02a60052o0593c
60052.513747  21.563  1.566     9   14 c  0   0.79 212.59867  44.23368  9906.93  5716.98 2.54 2.43  19.3 -0.414 19.49 21.10 02a60052o0601c
60052.517569  20.600  0.435    21    9 c  0   1.57 212.59867  44.23368   164.52  5685.53 2.34 2.21  -4.0 -0.383 19.43 21.04 02a60052o0609c
60052.519210 -25.895 77.000    -0   12 c  0   1.04 212.59867  44.23368  9966.20  5793.60 2.54 2.41  17.9 -0.418 19.43 21.08 02a60052o0612c
60052.554475  21.138  0.868    13   11 c  0   0.98 212.59867  44.23368  9986.46  5675.46 2.57 2.46  19.8 -0.415 19.45 21.11 02a60052o0685c
60056.468277  21.880  1.581     6   10 c  0   0.99 212.59867  44.23368  6056.04  5859.55 2.59 2.24  32.8 -0.401 19.57 21.19 02a60056o0515c
60056.471443  21.716  1.420     8   11 c  0   0.90 212.59867  44.23368  6036.69  5819.89 2.59 2.22  31.6 -0.400 19.54 21.18 02a60056o0522c
60056.499248  21.113  0.895    13   12 c  0   0.97 212.59867  44.23368  6093.57  5893.97 2.62 2.25  32.5 -0.387 19.52 21.12 02a60056o0579c
60056.527535  21.157  0.935    12   12 c  0   1.06 212.59867  44.23368  6113.79  5774.52 2.69 2.30  32.5 -0.392 19.47 21.15 02a60056o0639c
60057.457604 -25.917 58.000    -0    9 c  0   1.54 212.59867  44.23368  6066.68  5867.61 2.67 2.31  32.8 -0.394 19.58 21.40 02a60057o0489c
60057.460564  21.389  1.108    10   11 c  0   0.86 212.59867  44.23368  6047.34  5827.15 2.68 2.28  34.8 -0.399 19.60 21.39 02a60057o0495c
60057.496054  22.084  1.818     5   10 c  0   1.74 212.59867  44.23368  6100.17  5898.17 2.69 2.35  36.7 -0.396 19.54 21.27 02a60057o0567c
60057.524689 -23.201  5.500    -2   10 c  0   1.09 212.59867  44.23368  6122.00  5777.57 2.65 2.32  38.9 -0.395 19.53 21.29 02a60057o0626c
60058.350403  24.023 13.400     1   12 c  0   0.94 212.59867  44.23368  6813.88  8668.16 2.86 2.45  39.1 -0.387 19.46 21.15 02a60058o0262c
60058.352212  20.771  0.642    18   12 c  0   1.03 212.59867  44.23368  6836.85  8708.20 2.65 2.43  41.0 -0.405 19.52 21.17 02a60058o0266c
60058.355022 -20.441  0.476   -24   12 c  0   1.21 212.59867  44.23368  6776.77  8631.82 2.62 2.43  41.1 -0.403 19.49 21.18 02a60058o0272c
60058.360066  20.918  0.695    16   11 c  0   1.13 212.59867  44.23368  6757.88  8751.10 2.60 2.40  41.6 -0.406 19.53 21.22 02a60058o0283c
60060.273756  19.995  0.489    36   18 o  0   1.34 212.59867  44.23368   790.66  8403.97 2.17 1.80 -56.1 -0.488 18.94 19.88 02a60060o0096o
60060.276526  22.213  3.444     5   16 o  0   1.39 212.59867  44.23368   812.21  8443.91 2.16 1.81 -54.0 -0.486 18.96 19.89 02a60060o0102o
60060.298562 -21.577  1.800    -8   15 o  0   1.36 212.59867  44.23368   764.00  8362.98 2.11 1.75 -57.4 -0.495 19.08 19.88 02a60060o0148o
60060.302179 -20.969  1.221   -15   18 o  0   0.62 212.59867  44.23368   744.53  8478.33 2.15 1.74 -55.3 -0.483 19.11 19.91 02a60060o0156o
60066.417927 -21.694  2.354    -8   18 o  0   1.26 212.59867  44.23368  6141.07  7505.05 2.34 1.91  33.6 -0.434 18.93 19.33 02a60066o0399o
60066.420798 -19.794  0.467   -44   20 o  0   1.10 212.59867  44.23368  6122.28  7465.19 2.32 1.90  34.1 -0.438 18.96 19.32 02a60066o0405o
60066.452501 -20.129  0.663   -32   21 o  0   0.70 212.59867  44.23368  6177.89  7535.06 2.43 1.88  32.5 -0.421 18.91 19.31 02a60066o0472o
60066.459349  21.928  2.709     6   17 o  0   1.64 212.59867  44.23368  6199.05  7419.10 2.25 1.85  34.2 -0.442 18.91 19.29 02a60066o0487o
60069.418798 -21.429  2.705   -10   26 o  0   1.12 212.59867  44.23368  5973.32  3921.94 2.50 1.87  33.0 -0.440 18.59 18.77 02a60069o0402o
60069.422694 -21.024  1.712   -14   24 o  0   1.37 212.59867  44.23368  5953.75  3882.83 2.43 1.84  31.5 -0.442 18.63 18.79 02a60069o0410o
60069.428121  20.374  1.053    26   27 o  0   0.80 212.59867  44.23368  6012.68  3959.10 2.51 1.88  32.0 -0.435 18.56 18.78 02a60069o0422o
60069.440155 -20.889  1.723   -16   28 o  0   1.13 212.59867  44.23368  6032.38  3841.48 2.42 1.91  33.2 -0.435 18.57 18.77 02a60069o0444o
60070.484116 -19.543  0.856   -55   47 o  0   0.82 212.59867  44.23368  4494.60  9724.51 2.15 2.09 -40.7 -0.405 18.28 18.51 02a60070o0286o
60070.487386  22.784 36.400     3  102 o  0   1.76 212.59867  44.23368  4475.86  9683.74 2.07 2.05 -36.0 -0.412 18.05 18.29 02a60070o0293o
60070.493619  20.267  1.108    28   31 o  0   0.82 212.59867  44.23368  4531.97  9761.29 2.14 2.08 -56.1 -0.411 18.63 18.91 02a60070o0306o
60070.516841  19.813  0.854    43   37 o  0   1.11 212.59867  44.23368  4558.31  9640.39 2.19 2.17 -69.2 -0.396 18.54 18.80 02a60070o0355o
60070.623461  20.482  3.425    23   80 o  0   1.83 212.59867  44.23368  4548.51  9702.66 2.52 2.31 -43.4 -0.391 17.71 17.90 02a60070o0477o
60071.407965  19.751  2.796    46  128 o  0   2.17 212.59867  44.23368  4503.56  9744.94 2.14 1.98  30.4 -0.399 17.79 18.15 02a60071o0379o
60071.412193  21.114  4.296    13   56 o  0   0.72 212.59867  44.23368  4484.78  9706.30 2.12 1.99  32.3 -0.393 18.24 18.52 02a60071o0387o
60071.442649 -20.207  0.832   -30   25 o  0   0.88 212.59867  44.23368  4537.75  9775.98 2.07 2.06  49.1 -0.407 18.83 19.26 02a60071o0450o
60071.465716  21.876  3.123     6   20 o  0   1.09 212.59867  44.23368  4556.50  9655.59 2.14 2.10  33.7 -0.396 18.87 19.28 02a60071o0497o
60072.408601  20.453  0.805    24   19 o  0   1.25 212.59867  44.23368  6369.58  9648.60 2.08 1.98  39.6 -0.448 19.12 19.69 02a60072o0385o
60072.411767  23.578 10.833     1   15 o  0   1.36 212.59867  44.23368  6350.67  9608.43 2.14 1.99  34.8 -0.443 19.09 19.69 02a60072o0392o
60072.417674 -20.522  0.628   -22   14 o  0   1.73 212.59867  44.23368  6406.76  9686.15 2.18 2.00  30.8 -0.443 19.07 19.70 02a60072o0405o
60072.448796  20.604  0.883    21   18 o  0   1.45 212.59867  44.23368  6424.96  9564.19 2.24 2.01  34.3 -0.485 19.05 19.66 02a60072o0471o
60076.444611  22.277  2.088     4    9 c  0   1.16 212.59867  44.23368  5781.92  1777.07 2.37 2.25  55.2 -0.405 19.51 21.14 02a60076o0226c
60076.448231 -21.630  1.032    -8    8 c  0   1.13 212.59867  44.23368  5763.75  1738.76 2.36 2.23  65.7 -0.409 19.55 21.13 02a60076o0234c
60076.453760 -21.166  0.698   -12    9 c  0   1.09 212.59867  44.23368  5822.40  1819.06 2.32 2.24  66.9 -0.404 19.54 21.14 02a60076o0245c
60076.466598  20.321  0.368    27   10 c  0   0.93 212.59867  44.23368  5846.39  1696.62 2.36 2.22  65.7 -0.415 19.52 21.05 02a60076o0271c
60078.403943 -21.979  1.171    -6    7 c  0   1.77 212.59867  44.23368  7961.10  5785.72 2.44 2.33  42.7 -0.411 19.66 21.44 02a60078o0366c
60078.407129 -24.252 14.800    -1   11 c  0   0.97 212.59867  44.23368  7943.11  5747.15 2.52 2.30  35.1 -0.404 19.66 21.42 02a60078o0373c
60078.412623 -20.596  0.508   -21   11 c  0   1.25 212.59867  44.23368  7999.14  5825.18 2.98 2.42  31.6 -0.374 19.54 21.44 02a60078o0385c
60078.422450  20.835  0.579    17   10 c  0   1.20 212.59867  44.23368  8021.06  5710.09 2.55 2.30  33.6 -0.401 19.67 21.39 02a60078o0406c
60082.405725 -21.143  1.101   -13   14 o  0   0.90 212.59867  44.23368   641.44  9541.62 1.87 1.64 -27.7 -0.540 19.46 20.46 02a60082o0360o
60082.408915  23.344  6.211     2   10 o  0   1.68 212.59867  44.23368   623.14  9502.16 1.89 1.61 -34.2 -0.491 19.49 20.49 02a60082o0367o
60082.411418  21.302  1.273    11   14 o  0   0.85 212.59867  44.23368 10132.52  9559.10 2.12 1.91 -63.4 -0.477 19.48 20.54 02a60082o0372o
60082.415255 -20.262  0.457   -28   13 o  0   1.15 212.59867  44.23368 10113.16  9518.16 2.07 1.94 -69.9 -0.488 19.46 20.49 02a60082o0380o
60082.415706 -20.674  0.530   -20   10 o  0   1.82 212.59867  44.23368   680.75  9578.39 1.88 1.63 -34.5 -0.537 19.48 20.47 02a60082o0381o
60082.420682 -20.344  0.470   -26   12 o  0   1.31 212.59867  44.23368 10171.89  9601.01 2.16 1.91 -65.0 -0.472 19.46 20.52 02a60082o0392o
60082.425927 -22.767  3.571    -3   10 o  0   1.69 212.59867  44.23368   702.77  9455.60 1.97 1.76 -16.2 -0.508 19.43 20.52 02a60082o0403o
60082.430928 -20.473  0.433   -24   10 o  0   2.04 212.59867  44.23368 10190.97  9480.63 2.10 1.89 -64.2 -0.477 19.47 20.50 02a60082o0414o
60086.359647 -22.243  2.082    -5   10 o  0   1.04 212.59867  44.23368  1777.21  2025.86 1.88 1.84   2.3 -0.461 19.67 20.95 02a60086o0261o
60086.363761   0.000 21.455     0   10 o  0   1.25 212.59867  44.23368  1755.83  1987.14 1.96 1.88  31.1 -0.458 19.65 20.94 02a60086o0270o
60086.398241 -24.809 24.750    -0   11 o  0   1.25 212.59867  44.23368  1813.18  2056.84 2.07 1.93  37.8 -0.453 19.52 20.86 02a60086o0343o
60086.403689 -21.939  1.688    -6   10 o  0   1.06 212.59867  44.23368  1835.55  1938.83 1.96 1.78  35.9 -0.464 19.60 20.84 02a60086o0355o
60088.382650  21.973  2.042     6   12 o  0   1.01 212.59867  44.23368  2026.20  5605.01 2.35 2.02  25.8 -0.422 19.49 20.77 02a60088o0299o
60088.386749 -20.267  0.362   -28   10 o  0   1.85 212.59867  44.23368  2006.45  5565.25 2.32 2.06  25.5 -0.425 19.46 20.77 02a60088o0308o
60088.392254  21.669  1.562     8   12 o  0   1.23 212.59867  44.23368  2064.94  5639.90 2.32 2.02  24.4 -0.425 19.43 20.71 02a60088o0320o
60088.404591 -22.349  2.576    -4   11 o  0   1.19 212.59867  44.23368  2086.37  5519.10 2.36 2.05  25.8 -0.429 19.43 20.68 02a60088o0347o
60089.350286  21.656  1.507     8   12 o  0   1.60 212.59867  44.23368  1865.84  5624.23 2.15 2.00   5.7 -0.441 19.43 20.52 02a60089o0245o
60089.353794  23.065  4.529     2   10 o  0   1.32 212.59867  44.23368  1846.81  5586.64 2.24 2.12  -4.7 -0.445 19.37 20.59 02a60089o0252o
60089.359228 -21.031  0.900   -14   13 o  0   0.93 212.59867  44.23368  1905.33  5660.65 2.09 1.94  10.5 -0.445 19.47 20.57 02a60089o0264o
60090.384551  21.114  0.943    13   12 o  0   1.24 212.59867  44.23368  7613.44  1707.03 1.90 1.80 -63.6 -0.457 19.45 20.44 02a60090o0305o
60090.387275 -20.400  0.480   -25   12 o  0   1.19 212.59867  44.23368  7595.12  1667.53 1.88 1.79 -61.2 -0.459 19.47 20.45 02a60090o0311o
60090.392268 -20.785  0.620   -18   11 o  0   1.00 212.59867  44.23368  7654.85  1744.93 1.89 1.84 -57.0 -0.461 19.45 20.48 02a60090o0322o
60090.403392 -21.467  1.029    -9   10 o  0   2.19 212.59867  44.23368  7678.69  1628.94 1.87 1.79 -65.3 -0.458 19.48 20.48 02a60090o0346o
60092.373252  20.975  1.806    15   27 o  0   1.22 212.59867  44.23368   475.54  9563.19 1.93 1.49 -57.0 -0.506 18.50 18.93 02a60092o0250o
60092.376980  22.997 13.158     2   30 o  0   0.86 212.59867  44.23368   457.95  9521.81 2.07 1.45 -54.3 -0.534 18.58 19.11 02a60092o0258o
60092.382608 -19.930  1.529   -39   59 o  0   0.68 212.59867  44.23368   514.90  9597.49 2.10 1.49 -56.9 -0.477 17.83 18.10 02a60092o0270o
60092.385882 -19.179  0.784   -77   61 o  0   1.49 212.59867  44.23368  9967.95  9562.16 2.34 1.93 -59.8 -0.681 17.90 18.18 02a60092o0277o
60092.388605  19.880  2.186    41   89 o  0   0.98 212.59867  44.23368  9948.87  9521.65 2.46 1.94 -60.4 -0.441 17.47 17.79 02a60092o0283o
60092.392329  19.815  1.627    43   70 o  0   1.01 212.59867  44.23368   536.92  9477.79 2.06 1.53 -55.1 -0.587 17.70 17.96 02a60092o0291o
60092.394781  19.250  0.384    72   28 o  0   7.57 212.59867  44.23368 10006.55  9602.06 2.41 1.91 -60.3 -0.447 18.23 18.61 02a60092o0296o
60092.404510 -18.786  1.081  -111  120 o  0   1.48 212.59867  44.23368 10025.82  9484.83 2.31 1.90 -60.6 -0.685 17.46 17.73 02a60092o0317o
60094.363974  18.938  0.486    97   47 o  0   0.81 212.59867  44.23368  3943.97  5959.12 2.44 1.94  28.2 -0.419 17.89 18.20 02a60094o0189o
60094.366711  19.142  2.926    80  234 o  0   0.99 212.59867  44.23368  3924.40  5921.42 2.64 2.05  31.7 -0.387 16.34 16.70 02a60094o0195o
60094.372790 -19.322  1.035   -68   70 o  0   1.06 212.59867  44.23368  3982.17  5997.28 2.42 1.81  27.6 -0.424 17.49 17.80 02a60094o0208o
60094.382310  20.324  4.396    27  118 o  0   1.09 212.59867  44.23368  4002.07  5880.06 2.40 1.82  28.8 -0.411 17.10 18.21 02a60094o0229o
60096.362156 -20.833  1.167   -17   20 o  0   1.41 212.59867  44.23368  7998.66  7927.34 2.28 1.94  32.7 -0.434 19.03 19.57 02a60096o0260o
60096.365371  22.652  5.704     3   18 o  0   1.19 212.59867  44.23368  7980.13  7887.62 2.27 1.92  34.4 -0.440 19.04 19.56 02a60096o0267o
60096.370370 -20.594  1.436   -21   30 o  0   1.45 212.59867  44.23368  8037.90  7965.80 2.30 1.95  33.1 -0.446 18.76 19.21 02a60096o0278o
60096.382396  22.194  4.561     5   22 o  0   1.07 212.59867  44.23368  8057.95  7848.49 2.24 1.91  30.6 -0.448 18.97 19.45 02a60096o0304o
60098.374673 -18.222  0.423  -187   79 o  0   1.14 212.59867  44.23368  3852.14  4029.62 2.25 1.82  28.7 -0.473 17.53 17.41 02a60098o0285o
60098.377385 -20.256  1.775   -29   51 o  0   1.31 212.59867  44.23368  3833.03  3990.62 2.16 1.77  27.2 -0.473 17.72 17.73 02a60098o0291o
60098.383312 -19.653  1.037   -50   52 o  0   0.99 212.59867  44.23368  3892.08  4066.70 2.28 1.80  28.6 -0.450 17.89 17.95 02a60098o0303o
60098.393362  18.176  0.411   195   80 o  0   1.05 212.59867  44.23368  3913.17  3948.83 2.26 1.83  30.9 -0.482 17.30 17.22 02a60098o0324o
60099.374928 -17.475  1.671  -371  620 o  0   1.22 212.59867  44.23368  3901.29  4072.39 2.19 1.88  20.5 -0.413 14.86 14.60 02a60099o0289o
60099.388326  18.307  1.574   173  272 o  0   0.88 212.59867  44.23368  3922.39  3956.17 2.37 1.83  30.0 -0.460 16.11 15.99 02a60099o0318o
60100.362596 -21.505  1.796    -9   16 o  0   1.72 212.59867  44.23368  2461.01  9880.27 2.00 1.78 -49.1 -0.471 18.95 19.48 02a60100o0250o
60100.367754 -20.621  0.827   -20   17 o  0   1.30 212.59867  44.23368  2442.88  9840.74 1.99 1.73 -49.2 -0.489 19.00 19.50 02a60100o0261o
60100.373494  21.599  2.161     8   18 o  0   1.25 212.59867  44.23368  2499.18  9916.61 1.98 1.74 -49.2 -0.486 19.00 19.52 02a60100o0273o
60100.394297  21.229  1.521    12   18 o  0   1.31 212.59867  44.23368  2521.71  9794.73 2.06 1.77 -49.3 -0.474 19.01 19.54 02a60100o0317o
60102.368936 -20.203  0.510   -30   15 o  0   0.92 212.59867  44.23368  9750.61  5758.50 2.12 2.04 -47.0 -0.460 19.35 20.21 02a60102o0268o
60102.371667 -25.047 34.000    -0   12 o  0   1.92 212.59867  44.23368  9732.60  5720.17 2.15 2.02 -62.6 -0.456 19.33 20.19 02a60102o0274o
60102.377130  21.171  1.074    12   13 o  0   1.51 212.59867  44.23368  9791.83  5798.38 2.11 2.02 -59.0 -0.456 19.31 20.16 02a60102o0286o
60102.388276 -21.098  1.064   -13   14 o  0   1.02 212.59867  44.23368  9810.91  5680.81 2.18 2.10  -8.0 -0.451 19.21 20.08 02a60102o0310o
60104.356783 -21.666  1.441    -8   11 c  0   1.45 212.59867  44.23368  8087.38  9590.34 3.13 2.96 -75.6 -0.403 19.50 21.59 02a60104o0237c
60104.360637  22.259  2.792     4   13 c  0   0.72 212.59867  44.23368  8068.98  9550.26 2.80 2.72 -72.0 -0.395 19.53 21.59 02a60104o0245c
60104.365857 -20.410  0.439   -25   11 c  0   1.01 212.59867  44.23368  8126.38  9629.51 2.74 2.67  84.7 -0.390 19.61 21.57 02a60104o0256c
60104.378334  22.046  2.182     6   12 c  0   0.86 212.59867  44.23368  8147.54  9511.67 2.64 2.57 -81.1 -0.404 19.64 21.52 02a60104o0283c
60106.343607  21.495  1.121     9   10 c  0   0.96 212.59867  44.23368  5876.94  5861.77 2.65 2.44  32.0 -0.397 19.64 21.64 02a60106o0212c
60106.347889  21.549  1.086     9   10 c  0   1.19 212.59867  44.23368  5858.35  5821.91 2.61 2.39  32.2 -0.396 19.67 21.66 02a60106o0221c
60106.354121 -20.834  0.640   -17   11 c  0   0.85 212.59867  44.23368  5916.09  5899.22 2.63 2.37  30.7 -0.398 19.69 21.64 02a60106o0234c
60106.366171  21.016  0.633    14    9 c  0   1.11 212.59867  44.23368  5937.71  5783.04 2.71 2.40  34.6 -0.395 19.64 21.65 02a60106o0260c
60108.347684 -21.834  1.293    -7    9 c  0   1.42 212.59867  44.23368  3621.58  1893.67 2.63 2.54  59.2 -0.405 19.59 21.62 02a60108o0180c
60108.350486  23.304  5.364     2    9 c  0   1.09 212.59867  44.23368  3602.66  1853.58 2.56 2.48 -87.9 -0.415 19.60 21.62 02a60108o0186c
60108.356553  21.036  0.698    14   10 c  0   1.18 212.59867  44.23368  3664.35  1929.68 2.58 2.54  66.6 -0.408 19.59 21.62 02a60108o0199c
60108.366605  20.966  0.576    15    9 c  0   1.13 212.59867  44.23368  3686.76  1811.55 2.49 2.41  84.4 -0.414 19.62 21.60 02a60108o0220c
60110.352996  21.699  1.189     8    9 c  0   1.11 212.59867  44.23368  9637.90  2153.39 2.62 2.16 -61.6 -0.424 19.66 21.54 02a60110o0231c
60110.355802   0.000 21.420    -0   10 c  0   0.92 212.59867  44.23368  9619.55  2112.91 2.61 2.17 -62.2 -0.418 19.69 21.55 02a60110o0237c
60110.360929 -22.386  1.862    -4    8 c  0   1.54 212.59867  44.23368  9679.53  2192.67 2.55 2.16 -61.9 -0.423 19.67 21.57 02a60110o0248c
60110.370959  20.697  0.471    19    9 c  0   1.27 212.59867  44.23368  9703.26  2074.64 2.57 2.12 -61.7 -0.423 19.70 21.60 02a60110o0269c
60112.326773 -21.320  0.812   -11    9 c  0   1.53 212.59867  44.23368  2189.00  7745.49 2.31 2.22  -9.4 -0.420 19.65 21.30 02a60112o0174c
60112.329955  20.781  0.523    18    9 c  0   1.30 212.59867  44.23368  2169.82  7706.65 2.38 2.29 -13.3 -0.419 19.61 21.30 02a60112o0181c
60112.335189  21.133  0.706    13    9 c  0   1.30 212.59867  44.23368  2227.61  7782.38 2.28 2.20 -20.0 -0.420 19.62 21.30 02a60112o0192c
60112.349505  22.079  1.786     5   10 c  0   1.18 212.59867  44.23368  2249.76  7662.11 2.31 2.20  -9.8 -0.421 19.58 21.26 02a60112o0222c
60114.329666  23.049  3.588     2    8 c  0   1.29 212.59867  44.23368  1900.05  3678.07 2.26 2.25  74.8 -0.427 19.73 21.59 02a60114o0175c
60114.333125  20.884  0.589    16   10 c  0   0.81 212.59867  44.23368  1880.35  3639.25 2.28 2.26 -89.3 -0.421 19.69 21.58 02a60114o0182c
60114.339434  22.212  1.778     5    8 c  0   1.21 212.59867  44.23368  1939.07  3713.92 2.32 2.25  43.8 -0.421 19.69 21.59 02a60114o0195c
60114.350741  21.561  1.060     9    9 c  0   0.85 212.59867  44.23368  1960.64  3594.90 2.30 2.21  34.0 -0.425 19.70 21.56 02a60114o0219c
60116.350320  21.635  1.186     8   10 c  0   1.07 212.59867  44.23368  5985.46  7504.32 2.36 2.28  20.8 -0.420 19.60 21.27 02a60116o0220c
60116.353035 -21.811  1.569    -7   11 c  0   0.80 212.59867  44.23368  5967.79  7464.94 2.35 2.27  27.1 -0.419 19.60 21.25 02a60116o0226c
60116.359912  20.274  0.402    28   11 c  0   0.70 212.59867  44.23368  6025.15  7542.06 2.43 2.27  30.9 -0.415 19.58 21.22 02a60116o0240c
60116.376969  20.171  0.350    31   11 c  0   1.09 212.59867  44.23368  6047.46  7423.49 2.45 2.27  35.8 -0.415 19.55 21.16 02a60116o0276c
60117.304438  21.391  0.985    10   10 c  0   1.09 212.59867  44.23368  5988.23  7512.19 2.52 2.41  36.6 -0.409 19.62 21.47 02a60117o0129c
60117.316639  20.575  0.450    21   10 c  0   1.17 212.59867  44.23368  5971.83  7469.45 2.67 2.55  36.4 -0.401 19.56 21.53 02a60117o0154c
60117.319353  23.686  8.500     1   10 c  0   1.08 212.59867  44.23368  6029.86  7548.97 2.60 2.41  35.0 -0.402 19.63 21.53 02a60117o0160c
60117.325241 -21.838  1.413    -7    9 c  0   1.05 212.59867  44.23368  6049.33  7431.09 2.53 2.31  36.9 -0.413 19.69 21.53 02a60117o0173c
60118.330636 -21.620  1.562    -8   13 o  0   0.93 212.59867  44.23368  5808.00  3920.25 2.67 2.46  43.2 -0.432 19.33 20.79 02a60118o0162o
60118.333599 -22.872  5.105    -3   13 o  0   0.87 212.59867  44.23368  5788.78  3881.00 2.41 2.17  35.4 -0.425 19.43 20.77 02a60118o0168o
60124.309930  20.966  0.848    15   13 o  0   2.15 212.59867  44.23368  4284.44  7576.77 2.22 1.95  30.1 -0.444 19.17 19.91 02a60124o0138o
60124.313368  20.777  1.070    18   19 o  0   0.61 212.59867  44.23368  4264.54  7538.06 2.35 2.06  29.4 -0.433 19.12 19.91 02a60124o0145o
60124.320682 -21.106  1.035   -13   14 o  0   0.95 212.59867  44.23368  4319.50  7615.11 2.23 1.97  29.1 -0.436 19.16 19.92 02a60124o0160o
60124.330731  22.330  2.795     4   12 o  0   1.84 212.59867  44.23368  4339.19  7498.35 2.19 1.91  26.0 -0.438 19.22 19.90 02a60124o0181o
60126.316871  17.118  0.787   516  406 o  0   0.97 212.59867  44.23368  5819.97  1764.43 1.91 1.90 -46.7 -0.463 15.52 15.16 02a60126o0157o
60126.320379 -21.071  2.219   -14   30 o  0   2.22 212.59867  44.23368  5799.25  1724.86 1.92 1.86 -55.6 -0.437 17.94 18.18 02a60126o0164o
60126.326343  19.443  1.029    61   62 o  0   1.01 212.59867  44.23368  5858.33  1803.09 1.90 1.90 -76.0 -0.419 17.43 17.34 02a60126o0176o
60126.337142 -18.387  0.585  -160   94 o  0   1.09 212.59867  44.23368  5877.02  1684.48 1.95 1.92  86.0 -0.520 17.09 17.13 02a60126o0198o
60129.334396  19.514  0.590    57   34 o  0   1.09 212.59867  44.23368  4029.86  2808.95 2.35 2.20  33.9 -0.445 18.22 18.69 02a60129o0191o
60129.337108  20.965  1.731    15   26 o  0   1.04 212.59867  44.23368  4010.87  2770.02 2.21 2.05  36.2 -0.449 18.47 18.80 02a60129o0197o
60129.342618 -20.207  0.923   -30   28 o  0   1.04 212.59867  44.23368  4068.71  2847.12 2.14 1.90  33.8 -0.468 18.48 18.80 02a60129o0208o
60129.353943 -20.318  0.698   -27   19 o  0   1.46 212.59867  44.23368  4086.68  2729.09 2.15 1.99  29.4 -0.451 18.72 19.20 02a60129o0232o
60130.317899  22.432  3.405     4   13 o  0   1.54 212.59867  44.23368  3989.44   851.01 2.03 1.93  78.8 -0.455 19.13 19.86 02a60130o0151o
60130.321239  20.975  1.308    15   19 o  0   0.95 212.59867  44.23368  3968.88   811.74 2.18 2.09 -85.2 -0.451 18.84 19.64 02a60130o0158o
60130.326598  18.254  0.494   181   90 o  0   1.23 212.59867  44.23368  4025.38   888.14 2.11 2.01 -89.3 -0.443 17.24 17.63 02a60130o0169o
60130.339030 -23.903 18.000    -1   18 o  0   1.01 212.59867  44.23368  4045.04   770.87 1.97 1.86 -88.7 -0.464 19.02 19.60 02a60130o0195o
60132.315500  21.080  0.771    13   10 o  0   1.39 212.59867  44.23368  5789.00   785.55 2.14 1.93 -68.6 -0.474 19.51 20.92 02a60132o0149o
60132.318433 -21.684  1.476    -8   11 o  0   0.99 212.59867  44.23368  5770.75   745.61 2.27 1.99 -63.2 -0.462 19.52 20.91 02a60132o0155o
60132.324418 -20.847  0.580   -17   10 o  0   1.12 212.59867  44.23368  5828.07   822.75 2.08 1.87 -70.5 -0.466 19.55 20.87 02a60132o0167o
60132.335604 -22.273  2.342    -4   10 o  0   1.02 212.59867  44.23368  5848.85   703.16 2.22 1.98 -70.8 -0.453 19.50 20.86 02a60132o0190o
60134.310322 -19.869  0.562   -41   23 c  0   1.09 212.59867  44.23368  5944.18  4856.10 2.42 2.34  41.0 -0.412 18.54 19.94 02a60134o0138c
60134.313261 -22.193  5.312    -5   26 c  0   0.88 212.59867  44.23368  5925.19  4817.07 2.41 2.38  60.3 -0.407 18.61 20.06 02a60134o0144c
60134.318927 -20.874  1.162   -16   19 c  0   1.08 212.59867  44.23368  5982.19  4894.02 2.44 2.32  38.6 -0.403 18.84 20.35 02a60134o0156c
60134.332468 -22.612  6.154    -3   20 c  0   0.94 212.59867  44.23368  5998.95  4777.40 2.51 2.40  48.3 -0.402 18.85 20.35 02a60134o0185c
60136.303548 -19.038  9.778   -88  861 c  0   1.20 212.59867  44.23368  3818.70  9227.54 2.78 2.62 -52.0 -0.395 14.68 15.96 02a60136o0123c
60136.311830 -19.522  0.827   -56   47 c  0   1.00 212.59867  44.23368  3857.82  9266.47 2.93 2.56 -53.8 -0.405 18.21 19.81 02a60136o0141c
60136.323168 -20.310  5.556   -27  152 c  0   0.94 212.59867  44.23368  3874.67  9149.46 2.93 2.63 -50.9 -0.401 16.81 18.26 02a60136o0165c
60138.289659 -20.404  0.447   -25   11 c  0   1.09 212.59867  44.23368  7710.30  2655.65 2.81 2.58 -64.4 -0.381 19.38 21.09 02a60138o0093c
60138.293315  22.494  5.455     4   20 c  0   1.10 212.59867  44.23368  7691.82  2616.68 3.25 3.08 -66.4 -0.374 18.83 20.62 02a60138o0101c
60138.298647 -22.538  4.000    -4   14 c  0   1.42 212.59867  44.23368  7751.04  2694.22 3.43 3.25 -61.7 -0.366 19.12 21.10 02a60138o0112c
60138.308838  20.845  0.667    17   11 c  0   1.17 212.59867  44.23368  7772.76  2575.49 3.22 3.01 -65.9 -0.366 19.21 21.17 02a60138o0134c
60140.291898  22.684  4.200     3   13 c  0   1.22 212.59867  44.23368  7615.31  1704.08 3.08 2.73 -68.9 -0.394 19.37 21.27 02a60140o0102c
60140.295069  20.205  0.286    30    9 c  0   1.39 212.59867  44.23368  7595.98  1663.98 2.63 2.30 -65.6 -0.412 19.53 21.27 02a60140o0109c
60140.301339  20.527  0.500    22   11 c  0   1.17 212.59867  44.23368  7654.94  1745.42 2.85 2.59 -68.4 -0.401 19.45 21.27 02a60140o0122c
60140.311701  21.476  1.576     9   15 c  0   0.88 212.59867  44.23368  7676.04  1627.38 3.61 3.26 -68.4 -0.377 19.18 21.26 02a60140o0144c
60146.304160 -21.189  0.889   -12   11 c  0   1.02 212.59867  44.23368  7996.92  7928.20 2.63 2.52  35.2 -0.409 19.53 21.25 02a60146o0131c
60146.308091  19.460  0.191    60   11 c  0   3.87 212.59867  44.23368  7977.34  7885.88 2.52 2.50  39.6 -0.415 19.56 21.25 02a60146o0139c
60146.313466  22.182  1.933     5    9 c  0   1.49 212.59867  44.23368  8035.20  7966.99 2.53 2.47  33.8 -0.418 19.57 21.25 02a60146o0150c
60146.325209  20.800  0.617    17   11 c  0   0.97 212.59867  44.23368  8055.57  7847.39 2.51 2.50  21.5 -0.417 19.56 21.18 02a60146o0175c
60148.264670  21.574  1.612     8   14 o  0   1.02 212.59867  44.23368  3853.50  4030.35 2.14 1.90  31.4 -0.460 19.40 20.43 02a60148o0052o
60148.268025 -22.005  2.137    -6   12 o  0   0.99 212.59867  44.23368  3832.99  3990.40 2.12 1.94  29.6 -0.464 19.38 20.47 02a60148o0059o
60148.273620 -21.615  1.486    -8   12 o  0   1.14 212.59867  44.23368  3888.55  4065.47 2.32 1.89  33.4 -0.453 19.40 20.49 02a60148o0071o
60148.284603  21.463  1.430     9   14 o  0   1.02 212.59867  44.23368  3906.74  3945.37 2.27 1.94  33.2 -0.460 19.39 20.49 02a60148o0094o
60150.264991  21.231  1.491    12   17 o  0   1.35 212.59867  44.23368  2458.62  9880.19 3.06 2.61 -53.9 -0.420 19.08 20.42 02a60150o0055o
60150.268170  20.715  0.884    19   17 o  0   1.01 212.59867  44.23368  2439.91  9841.08 3.06 2.71 -56.9 -0.415 18.95 20.45 02a60150o0062o
60150.273376  20.257  0.603    29   17 o  0   1.22 212.59867  44.23368  2494.69  9915.84 3.32 2.91 -55.7 -0.383 18.94 20.46 02a60150o0073o
60150.283533 -20.770  1.011   -18   18 o  0   0.98 212.59867  44.23368  2513.50  9795.00 2.94 2.55 -54.5 -0.464 19.08 20.43 02a60150o0095o
60152.282375 -20.143  0.590   -32   19 o  0   1.13 212.59867  44.23368  9745.80  5755.91 2.97 2.73 -67.6 -0.434 19.02 20.27 02a60152o0092o
60152.286006 -22.462  5.000    -4   19 o  0   1.04 212.59867  44.23368  9726.40  5715.61 3.10 2.90 -72.9 -0.402 19.00 20.26 02a60152o0100o
60152.292271  22.654  7.100     3   22 o  0   0.88 212.59867  44.23368  9782.67  5794.71 3.66 3.45 -65.5 -0.361 18.88 20.25 02a60152o0113o
60152.302347 -21.202  1.452   -12   17 o  0   1.16 212.59867  44.23368  9799.68  5677.34 2.76 2.60 -65.0 -0.424 19.02 20.21 02a60152o0134o
60154.268924 -21.657  2.340    -8   18 o  0   1.00 212.59867  44.23368  8082.87  9591.56 2.52 2.21 -62.1 -0.432 19.17 19.97 02a60154o0064o
60154.272206 -21.962  2.973    -6   18 o  0   0.91 212.59867  44.23368  8063.78  9551.22 2.60 2.36 -65.8 -0.421 19.06 19.97 02a60154o0071o
60154.279654 -19.393  0.264   -64   17 o  0   0.91 212.59867  44.23368  8121.63  9630.97 2.54 2.24 -62.1 -0.432 19.07 19.95 02a60154o0087o
60154.289699 -21.216  1.450   -12   17 o  0   1.10 212.59867  44.23368  8139.61  9511.64 2.53 2.23 -58.3 -0.424 19.12 19.91 02a60154o0107o
60156.264475 -20.849  1.029   -17   17 o  0   1.32 212.59867  44.23368  5880.17  5865.90 2.15 1.99  37.1 -0.472 18.95 19.53 02a60156o0054o
60156.267639  21.901  2.444     6   15 o  0   1.75 212.59867  44.23368  5861.65  5827.15 2.15 1.95  33.5 -0.482 18.95 19.52 02a60156o0061o
60156.274189 -21.303  1.787   -11   20 o  0   1.05 212.59867  44.23368  5918.01  5900.83 2.16 1.93  35.7 -0.474 18.93 19.49 02a60156o0075o
