MJD          m      dm   uJy   duJy F err chi/N     RA       Dec        x        y     maj  min   phi  apfit mag5sig Sky   Obs
59961.330347 -21.205  1.723   -12   21 o  0   0.88 199.62971 -31.63044  8425.30  4930.83 2.32 1.94 -25.1 -0.433 19.12 20.17 04a59961o0645o
59961.333519 -21.579  1.983    -8   17 o  0   1.19 199.62971 -31.63044  8406.86  4893.31 2.39 2.07 -24.1 -0.420 19.07 20.07 04a59961o0652o
59961.338492  20.250  0.567    29   16 o  0   1.55 199.62971 -31.63044  8467.50  4969.90 2.31 1.97 -29.6 -0.430 19.15 20.19 04a59961o0663o
59961.356260 -20.556  1.644   -22   36 o  0   1.02 199.62971 -31.63044  8496.67  4856.08 2.40 2.11 -28.3 -0.414 18.23 19.14 04a59961o0698o
59962.370492  22.043  3.326     6   18 o  0   1.04 199.62971 -31.63044  8468.18  4914.50 2.27 1.97 -32.4 -0.421 19.09 20.01 04a59962o0726o
59963.039116  20.281  0.462    28   13 c  0   3.58 199.62971 -31.63044  5662.51  9024.33 2.67 2.32 -53.0 -0.377 18.95 20.69 03a59963o0569c
59963.042349 -21.624  1.357    -8   11 c  0   0.89 199.62971 -31.63044  5652.16  8984.06 2.52 2.25 -63.4 -0.388 19.66 21.47 03a59963o0576c
59963.048839 -22.288  3.037    -4   13 c  0   0.92 199.62971 -31.63044  5713.45  9074.16 2.65 2.32 -53.9 -0.377 19.44 21.24 03a59963o0590c
59963.062114  23.931 11.429     1   11 c  0   1.43 199.62971 -31.63044  5744.78  8973.80 2.56 2.22 -55.3 -0.385 19.74 21.46 03a59963o0617c
59964.088554 -23.505  6.917    -1   10 c  0   1.18 199.62971 -31.63044  6890.93  3339.15 2.34 2.10 -57.7 -0.412 19.67 21.39 03a59964o0679c
59964.093663 -23.053  5.167    -2   11 c  0   1.05 199.62971 -31.63044  6873.34  3299.70 2.35 2.12 -56.6 -0.413 19.68 21.38 03a59964o0690c
59964.097727  22.007  1.750     6   10 c  0   1.55 199.62971 -31.63044  6929.04  3377.39 2.36 2.10 -56.2 -0.407 19.69 21.36 03a59964o0699c
59964.107497 -23.109  5.750    -2   12 c  0   1.56 199.62971 -31.63044  6953.81  3263.30 2.43 2.22 -58.1 -0.407 19.48 20.89 03a59964o0718c
59964.116997 -20.312  0.761   -27   21 c  0   0.93 199.62971 -31.63044  6914.23  3320.85 2.30 2.10 -55.3 -0.414 18.80 19.39 03a59964o0738c
59965.300113 -21.532  1.758    -9   16 o  0   0.79 199.62971 -31.63044  8421.22  4927.31 2.44 2.13 -26.0 -0.421 19.41 20.92 04a59965o0587o
59968.059583  21.755  1.622     7   12 c  0   1.79 199.62971 -31.63044  7716.81  9630.28 3.11 2.58 -40.3 -0.396 19.64 21.53 03a59968o0610c
59968.062779  22.127  2.028     5   10 c  0   1.49 199.62971 -31.63044  7698.83  9589.89 2.57 2.26 -55.7 -0.398 19.71 21.54 03a59968o0617c
59968.070508  20.634  0.613    20   12 c  0   1.45 199.62971 -31.63044  7757.83  9668.59 2.83 2.41 -44.9 -0.555 19.69 21.55 03a59968o0632c
59968.081965  20.785  0.761    18   13 c  0   1.06 199.62971 -31.63044  7779.01  9554.37 2.84 2.33 -43.8 -0.403 19.74 21.56 03a59968o0657c
59968.114232  22.756  5.684     3   16 c  0   0.88 199.62971 -31.63044  7741.63  9613.71 2.79 2.31 -47.0 -0.389 19.39 20.58 03a59968o0720c
59969.319126  19.870  0.383    41   16 o  0   0.95 199.62971 -31.63044  8713.79  1238.23 2.31 2.02 -30.7 -0.429 19.61 21.08 04a59969o0645o
59969.322279  20.280  0.539    28   15 o  0   1.34 199.62971 -31.63044  8696.30  1199.93 2.28 2.01 -34.4 -0.433 19.60 21.06 04a59969o0652o
59969.334901  19.823  0.335    43   14 o  0   1.31 199.62971 -31.63044  8779.18  1160.00 2.26 2.13 -38.1 -0.425 19.58 20.99 04a59969o0680o
59969.370295  20.149  0.558    32   18 o  0   0.85 199.62971 -31.63044  8769.08  1221.58 2.28 2.08 -31.0 -0.424 19.40 20.61 04a59969o0753o
59970.310001  16.879  0.029   643   19 o  0   1.88 199.62971 -31.63044  8713.75  1237.86 2.27 2.08 -35.1 -0.417 19.42 20.56 04a59970o0619o
59970.313154  16.895  0.027   634   17 o  0   2.23 199.62971 -31.63044  8695.84  1199.15 2.28 2.09 -41.5 -0.422 19.42 20.64 04a59970o0626o
59970.316343  16.910  0.034   625   21 o  0   1.28 199.62971 -31.63044  8755.07  1276.58 2.27 2.22 -40.2 -0.425 19.38 20.67 04a59970o0633o
59970.321626  16.914  0.031   623   19 o  0   2.24 199.62971 -31.63044  8776.82  1158.72 2.28 2.06 -33.9 -0.426 19.50 20.75 04a59970o0643o
59971.045264  16.200  0.014  1202   17 c  0   3.07 199.62971 -31.63044  7709.81  9630.54 2.94 2.51 -53.9 -0.381 19.52 21.32 03a59971o0568c
59971.048417  16.215  0.014  1186   17 c  0   2.42 199.62971 -31.63044  7690.84  9589.91 2.80 2.41 -53.8 -0.390 19.60 21.32 03a59971o0575c
59971.053889  16.172  0.015  1234   19 c  0   1.57 199.62971 -31.63044  7749.80  9668.44 3.01 2.66 -47.3 -0.367 19.49 21.34 03a59971o0587c
59971.067613  16.217  0.016  1184   19 c  0   1.39 199.62971 -31.63044  7773.76  9552.99 3.08 2.76 -52.3 -0.374 19.50 21.38 03a59971o0614c
59972.065875  16.037  0.014  1397   19 c  0   2.15 199.62971 -31.63044  7709.35  9633.43 2.83 2.44 -45.4 -0.393 19.72 21.66 03a59972o0632c
59972.069029  16.049  0.013  1382   18 c  0   3.30 199.62971 -31.63044  7690.45  9594.89 2.76 2.36 -51.7 -0.400 19.76 21.67 03a59972o0639c
59972.092206  16.057  0.013  1371   18 c  0   2.41 199.62971 -31.63044  7753.27  9671.92 2.78 2.44 -52.6 -0.398 19.75 21.73 03a59972o0685c
59972.114282  16.039  0.013  1394   18 c  0   3.19 199.62971 -31.63044  7780.59  9556.54 2.58 2.28 -60.0 -0.396 19.59 21.08 03a59972o0726c
59973.305745  16.054  0.017  1375   23 o  0   1.56 199.62971 -31.63044  8712.48  1235.31 2.56 2.38 -42.2 -0.380 19.43 20.82 04a59973o0608o
59973.307547  16.045  0.016  1387   22 o  0   2.72 199.62971 -31.63044  8694.93  1197.03 2.63 2.40 -29.1 -0.386 19.37 20.91 04a59973o0612o
59973.311157  16.084  0.016  1338   22 o  0   2.31 199.62971 -31.63044  8753.23  1273.92 2.54 2.28 -38.0 -0.388 19.40 20.87 04a59973o0620o
59973.321929  16.067  0.015  1359   21 o  0   3.68 199.62971 -31.63044  8779.08  1158.27 2.44 2.19 -43.3 -0.411 19.49 20.94 04a59973o0642o
59974.329538  15.920  0.013  1556   20 o  0   4.16 199.62971 -31.63044  8727.21  1239.59 2.45 2.06 -33.1 -0.407 19.52 21.00 04a59974o0673o
59974.331790  15.950  0.015  1514   23 o  0   3.53 199.62971 -31.63044  8709.00  1201.80 2.34 2.07 -35.8 -0.421 19.51 20.92 04a59974o0678o
59974.335020  15.963  0.014  1496   21 o  0   3.83 199.62971 -31.63044  8768.50  1278.65 2.51 2.17 -33.1 -0.405 19.49 20.96 04a59974o0685o
59974.344599  15.931  0.014  1540   22 o  0   3.40 199.62971 -31.63044  8794.31  1161.98 2.40 2.06 -30.0 -0.415 19.52 20.97 04a59974o0706o
59975.063902  15.707  0.011  1894   20 c  0   2.66 199.62971 -31.63044  7713.17  9631.73 2.99 2.62 -50.5 -0.386 19.65 21.69 03a59975o0637c
59975.066605  15.720  0.011  1872   20 c  0   2.76 199.62971 -31.63044  7693.79  9593.15 2.94 2.59 -51.0 -0.391 19.65 21.71 03a59975o0643c
59975.072538  15.718  0.010  1873   19 c  0   4.33 199.62971 -31.63044  7753.06  9673.55 2.84 2.45 -51.9 -0.392 19.73 21.71 03a59975o0656c
59975.082994  15.696  0.011  1912   20 c  0   3.65 199.62971 -31.63044  7776.93  9557.84 2.83 2.46 -45.8 -0.387 19.72 21.70 03a59975o0679c
59976.032779  15.650  0.009  1995   19 c  0   4.93 199.62971 -31.63044  2572.87  5164.90 2.48 2.25 -51.0 -0.393 19.79 21.86 03a59976o0546c
59976.035932  15.686  0.010  1931   18 c  0   4.15 199.62971 -31.63044  2555.48  5125.10 2.43 2.21 -51.2 -0.399 19.80 21.85 03a59976o0553c
59976.041741  15.658  0.010  1981   19 c  0   4.29 199.62971 -31.63044  2611.75  5203.63 2.39 2.18 -50.5 -0.399 19.82 21.88 03a59976o0564c
59976.052801  15.669  0.010  1960   19 c  0   4.51 199.62971 -31.63044  2636.19  5087.97 2.40 2.20 -45.0 -0.398 19.82 21.88 03a59976o0588c
59977.324102  15.713  0.011  1883   20 o  0   4.44 199.62971 -31.63044  1669.36  7462.74 2.24 1.82 -80.0 -0.404 19.58 21.09 04a59977o0659o
59977.326958  15.702  0.011  1901   22 o  0   3.58 199.62971 -31.63044  1651.59  7424.52 2.32 1.87 -80.3 -0.397 19.58 21.09 04a59977o0665o
59977.330111  15.716  0.011  1877   21 o  0   5.42 199.62971 -31.63044  1712.25  7504.04 2.47 1.93 -80.8 -0.392 19.58 21.11 04a59977o0672o
59977.335730  15.730  0.012  1854   22 o  0   6.29 199.62971 -31.63044  1736.10  7388.50 2.31 1.87 -80.3 -0.415 19.55 21.12 04a59977o0684o
59978.290686  15.673  0.014  1953   28 o  0   3.55 199.62971 -31.63044  1649.58  7461.84 2.32 1.86 -81.0 -0.394 19.00 19.89 04a59978o0568o
59978.297496  15.721  0.014  1870   26 o  0   4.58 199.62971 -31.63044  1631.93  7423.97 2.32 1.92 -83.3 -0.396 19.04 19.96 04a59978o0582o
59978.299749  15.670  0.013  1959   25 o  0   3.12 199.62971 -31.63044  1693.09  7502.07 2.36 1.85 -77.9 -0.394 19.06 19.98 04a59978o0587o
59978.305260  15.653  0.012  1990   24 o  0   4.01 199.62971 -31.63044  1716.49  7385.27 2.28 1.82 -78.6 -0.409 19.13 20.05 04a59978o0599o
59979.041816  15.640  0.012  2014   25 o  0   1.70 199.62971 -31.63044  2578.01  5159.62 2.34 2.05 -59.4 -0.409 19.01 19.79 03a59979o0485o
59979.043616  15.671  0.014  1957   27 o  0   1.63 199.62971 -31.63044  2558.72  5121.51 2.41 2.11 -57.2 -0.400 19.01 19.80 03a59979o0489o
59979.046422  15.658  0.013  1981   25 o  0   1.27 199.62971 -31.63044  2613.49  5201.30 2.40 2.10 -53.7 -0.395 19.00 19.82 03a59979o0494o
59979.052729  15.653  0.013  1990   26 o  0   1.67 199.62971 -31.63044  2636.80  5086.42 2.36 2.14 -52.5 -0.410 19.04 19.87 03a59979o0508o
59980.054800  15.632  0.014  2028   27 o  0   1.52 199.62971 -31.63044  2578.03  5159.38 2.39 2.15 -60.0 -0.407 18.91 19.54 03a59980o0629o
59980.056632  15.651  0.014  1993   27 o  0   1.87 199.62971 -31.63044  2559.62  5120.11 2.34 2.11 -52.2 -0.401 18.92 19.55 03a59980o0633o
59980.062742  15.652  0.013  1992   27 o  0   1.90 199.62971 -31.63044  2616.27  5199.90 2.18 2.03 -63.5 -0.439 18.97 19.56 03a59980o0645o
59980.068834  15.620  0.014  2051   28 o  0   1.49 199.62971 -31.63044  2638.50  5085.12 2.35 1.99 -61.7 -0.410 18.93 19.55 03a59980o0658o
59981.281948  15.607  0.014  2077   29 o  0   2.22 199.62971 -31.63044  1646.52  7464.40 2.38 1.90 -80.3 -0.388 18.55 18.90 04a59981o0471o
59981.285101  15.618  0.019  2056   39 o  0   1.26 199.62971 -31.63044  1628.12  7425.32 2.46 1.98 -78.1 -0.387 18.48 18.91 04a59981o0478o
59981.291658  15.782  0.020  1767   36 o  0   1.35 199.62971 -31.63044  1689.38  7504.54 2.28 1.86 -84.5 -0.419 18.53 18.99 04a59981o0490o
59981.302869  15.614  0.016  2063   33 o  0   1.69 199.62971 -31.63044  1718.49  7387.87 2.40 1.88 -81.9 -0.378 18.56 18.95 04a59981o0511o
59982.302654  15.608  0.018  2074   36 o  0   1.07 199.62971 -31.63044  1658.30  7464.97 2.41 1.91 -79.9 -0.382 18.50 18.84 04a59982o0626o
59982.305368  15.609  0.016  2071   34 o  0   2.34 199.62971 -31.63044  1640.64  7426.05 2.42 1.97 -79.0 -0.387 18.50 18.84 04a59982o0632o
59982.310841  15.541  0.015  2206   33 o  0   2.55 199.62971 -31.63044  1703.44  7505.33 2.32 1.82 -78.9 -0.399 18.57 18.84 04a59982o0644o
59982.319682  15.577  0.015  2134   32 o  0   2.50 199.62971 -31.63044  1729.25  7389.77 2.26 1.86 -77.8 -0.413 18.54 18.87 04a59982o0663o
59986.032288  15.496  0.109  2300  250 o  0   1.00 199.62971 -31.63044  5912.78  6876.12 2.69 2.32 -52.4 -0.396 16.16 15.71 03a59986o0588o
59986.035018  15.879  0.283  1616  457 o  0   1.05 199.62971 -31.63044  5894.94  6842.77 2.58 2.24 -57.9 -0.412 15.57 14.97 03a59986o0594o
59986.038608  15.379  0.468  2560 1198 o  0   1.18 199.62971 -31.63044  5958.11  6926.83 2.62 2.35 -53.9 -0.409 14.48 13.88 03a59986o0601o
59986.091688  15.564  0.012  2159   27 o  0   2.94 199.62971 -31.63044  6016.72  6925.90 2.27 2.08 -57.1 -0.433 18.85 19.35 03a59986o0615o
59987.257952  15.577  0.019  2135   41 o  0   4.47 199.62971 -31.63044  7785.59  7651.09 2.06 1.83 -47.7 -0.492 18.31 18.60 04a59987o0524o
59987.289633  15.559  0.017  2170   36 o  0   3.54 199.62971 -31.63044  7776.72  7616.84 2.09 1.82 -17.2 -0.456 18.44 19.02 04a59987o0587o
59987.292596  15.578  0.017  2133   36 o  0   3.18 199.62971 -31.63044  7837.43  7694.10 2.07 1.86 -24.1 -0.440 18.47 18.81 04a59987o0592o
59987.296652  15.584  0.016  2120   34 o  0   3.51 199.62971 -31.63044  7858.35  7577.54 2.09 1.85 -26.8 -0.431 18.45 18.79 04a59987o0601o
59990.023101  15.553  0.010  2182   22 o  0   2.83 199.62971 -31.63044  2795.16   998.85 2.49 2.32 -56.8 -0.393 19.31 20.68 03a59990o0576o
59990.026278  15.572  0.010  2144   21 o  0   2.52 199.62971 -31.63044  2777.40   959.07 2.46 2.29 -49.0 -0.385 19.32 20.68 03a59990o0583o
59990.031683  15.546  0.011  2196   25 o  0   1.48 199.62971 -31.63044  2834.54  1039.21 2.41 2.20 -63.6 -0.393 19.33 20.66 03a59990o0595o
59990.037113  15.543  0.011  2201   24 o  0   1.64 199.62971 -31.63044  2857.10   923.32 2.41 2.21 -60.9 -0.395 19.37 20.71 03a59990o0607o
59990.132380  15.576  0.022  2136   47 o  0   1.33 199.62971 -31.63044  7721.50  9587.65 3.16 2.76 -42.5 -0.401 18.19 18.88 03a59990o0801o
59991.280086  15.529  0.011  2231   24 o  0  11.43 199.62971 -31.63044  7797.70  7660.08 2.23 1.93 -62.7 -0.440 19.44 20.83 04a59991o0545o
59991.283241  15.563  0.011  2162   24 o  0   7.96 199.62971 -31.63044  7779.48  7622.20 2.15 1.90 -59.4 -0.434 19.45 20.84 04a59991o0552o
59991.288209  15.548  0.010  2191   23 o  0  16.12 199.62971 -31.63044  7842.29  7699.63 2.11 1.90 -45.3 -0.431 19.44 20.78 04a59991o0563o
59991.293236  15.549  0.011  2190   24 o  0  11.37 199.62971 -31.63044  7863.01  7583.66 2.16 1.95 -61.2 -0.432 19.41 20.78 04a59991o0574o
59995.257649  15.573  0.010  2142   21 c  0   7.04 199.62971 -31.63044  1006.27  3092.37 2.39 1.91  39.7 -0.396 19.62 21.45 04a59995o0512c
59995.260494  15.582  0.009  2124   20 c  0   9.86 199.62971 -31.63044   988.13  3053.17 2.36 1.91  41.3 -0.401 19.66 21.46 04a59995o0518c
59995.263648  15.573  0.010  2142   20 c  0   9.49 199.62971 -31.63044  1048.94  3132.44 2.37 1.90  42.1 -0.404 19.65 21.46 04a59995o0525c
59995.270485  15.578  0.010  2132   21 c  0   8.16 199.62971 -31.63044  1071.93  3016.62 2.33 1.88  39.3 -0.404 19.66 21.47 04a59995o0540c
59998.021705  15.505  0.010  2280   22 o  0   5.63 199.62971 -31.63044  8356.59  4979.75 2.19 1.93 -56.8 -0.442 19.62 21.01 03a59998o0582o
59998.023508  15.514  0.010  2262   23 o  0   3.40 199.62971 -31.63044  8338.36  4941.65 2.15 1.90 -49.9 -0.440 19.65 20.99 03a59998o0586o
59998.026663  15.487  0.010  2319   22 o  0   5.21 199.62971 -31.63044  8394.97  5019.83 2.15 1.89 -50.0 -0.445 19.65 20.97 03a59998o0593o
59998.036457  15.506  0.010  2279   22 o  0   5.41 199.62971 -31.63044  8419.08  4906.85 2.08 1.83 -54.2 -0.450 19.68 20.97 03a59998o0613o
59999.219111  15.651  0.010  1993   21 c  0   5.34 199.62971 -31.63044   993.45  3090.40 2.46 1.98  42.0 -0.394 19.58 21.46 04a59999o0452c
59999.220915  15.646  0.011  2003   22 c  0   3.68 199.62971 -31.63044   974.53  3051.37 2.42 1.98  44.1 -0.392 19.59 21.47 04a59999o0456c
59999.224070  15.653  0.011  1989   21 c  0   5.45 199.62971 -31.63044  1035.36  3129.97 2.33 1.89  42.3 -0.402 19.67 21.48 04a59999o0463c
59999.229938  15.646  0.012  2002   23 c  0   2.72 199.62971 -31.63044  1055.37  3014.37 2.37 1.90  41.7 -0.403 19.65 21.49 04a59999o0476c
59999.398991  15.664  0.015  1970   30 c  0   3.32 199.62971 -31.63044  9684.61  7517.10 2.61 2.23 -40.3 -0.426 18.89 19.71 04a59999o0819c
60002.008791  15.535  0.010  2218   23 o  0   2.67 199.62971 -31.63044  1966.34  7039.16 2.48 2.21 -57.8 -0.397 19.53 21.11 03a60002o0019o
60002.015376  15.533  0.011  2223   23 o  0   1.32 199.62971 -31.63044  1991.51  6937.55 2.45 2.20 -60.3 -0.399 19.57 21.06 03a60002o0033o
60003.200809  15.715  0.011  1879   21 c  0  10.64 199.62971 -31.63044  5754.92  9225.66 2.57 1.97 -64.6 -0.471 19.61 21.61 04a60003o0412c
60003.227487  15.732  0.011  1851   20 c  0  12.17 199.62971 -31.63044  5742.58  9190.44 2.64 1.97 -67.3 -0.453 19.66 21.63 04a60003o0468c
60003.249905  15.725  0.011  1862   21 c  0   9.32 199.62971 -31.63044  5812.46  9270.57 2.72 1.99 -70.6 -0.438 19.66 21.66 04a60003o0512c
60003.253175  15.719  0.010  1872   19 c  0   7.74 199.62971 -31.63044  5833.56  9154.46 2.81 1.96 -75.6 -0.406 19.68 21.67 04a60003o0518c
60005.991748  15.569  0.011  2150   23 o  0   4.46 199.62971 -31.63044  8724.59  1296.72 2.19 1.97 -45.8 -0.450 19.34 20.41 03a60006o0543o
60005.994003  15.535  0.011  2218   25 o  0   2.64 199.62971 -31.63044  8707.11  1257.87 2.24 1.98 -44.3 -0.443 19.40 20.44 03a60006o0548o
60005.997161  15.516  0.010  2257   23 o  0   7.33 199.62971 -31.63044  8762.25  1336.83 2.20 1.95 -47.3 -0.447 19.39 20.49 03a60006o0555o
60006.003233  15.563  0.011  2161   23 o  0   2.94 199.62971 -31.63044  8786.84  1218.51 2.21 1.93 -49.8 -0.450 19.40 20.54 03a60006o0567o
60007.244833  15.508  0.012  2274   27 o  0   7.10 199.62971 -31.63044  5781.73  9233.17 2.10 1.74 -62.2 -0.444 19.08 19.92 04a60007o0530o
60007.247808  15.476  0.012  2342   28 o  0   7.28 199.62971 -31.63044  5763.72  9194.37 2.16 1.77 -71.1 -0.468 19.10 19.97 04a60007o0535o
60007.251865  15.472  0.011  2351   26 o  0  10.44 199.62971 -31.63044  5825.75  9272.09 2.13 1.78 -67.8 -0.466 19.15 19.99 04a60007o0544o
60007.257281  15.475  0.012  2344   27 o  0   7.91 199.62971 -31.63044  5849.32  9155.25 2.20 1.80 -76.0 -0.464 19.11 20.02 04a60007o0556o
60011.208863  15.590  0.018  2109   38 o  0   2.18 199.62971 -31.63044  4842.39  2940.36 2.15 2.08 -86.3 -0.471 18.17 18.34 04a60011o0457o
60011.211176  15.523  0.019  2242   43 o  0   1.89 199.62971 -31.63044  4826.52  2902.16 2.13 2.07 -63.6 -0.475 18.19 18.35 04a60011o0462o
60011.214780  15.523  0.019  2244   43 o  0   1.55 199.62971 -31.63044  4884.07  2981.07 2.09 2.05 -64.7 -0.480 18.21 18.37 04a60011o0470o
60011.221590  15.558  0.018  2172   39 o  0   3.18 199.62971 -31.63044  4906.40  2866.03 2.05 1.99 -69.0 -0.482 18.26 18.38 04a60011o0485o
60015.319581  15.577  0.018  2134   39 o  0   2.16 199.62971 -31.63044  5877.12  7658.68 2.28 1.88 -74.3 -0.423 18.48 18.85 04a60015o0716o
60015.322787  15.590  0.017  2108   35 o  0   3.88 199.62971 -31.63044  5895.83  7695.10 2.15 1.89 -68.5 -0.435 18.38 18.71 04a60015o0723o
60015.328088  15.619  0.018  2052   36 o  0   2.48 199.62971 -31.63044  5839.01  7613.64 2.00 1.71 -75.7 -0.421 18.58 18.91 04a60015o0734o
60015.339844  15.647  0.018  2000   35 o  0   2.55 199.62971 -31.63044  5818.66  7721.38 2.08 1.77 -74.7 -0.419 18.39 18.61 04a60015o0759o
60017.946532  15.645  0.012  2004   25 o  0   2.73 199.62971 -31.63044  7629.73  7672.35 2.62 2.19 -48.9 -0.396 19.23 20.39 03a60018o0427o
60017.949690  15.796  0.169  1744  295 o  0   1.01 199.62971 -31.63044  7611.34  7633.82 2.76 2.33 -49.1 -0.406 16.10 16.66 03a60018o0434o
60017.958782  15.616  0.011  2059   24 o  0   3.39 199.62971 -31.63044  7691.82  7596.44 2.60 2.21 -41.1 -0.399 19.23 20.38 03a60018o0454o
60019.191325  15.596  0.013  2098   26 o  0  10.05 199.62971 -31.63044  9895.48  9467.94 2.30 2.17   4.9 -0.515 19.44 20.89 04a60019o0449o
60019.193588  15.550  0.012  2187   26 o  0   9.00 199.62971 -31.63044  9875.88  9429.58 2.49 2.38  30.2 -0.467 19.41 20.91 04a60019o0454o
60019.215181  15.624  0.013  2043   26 o  0  13.79 199.62971 -31.63044  9950.02  9510.59 2.33 1.98   7.5 -0.513 19.48 20.88 04a60019o0500o
60019.219238  15.599  0.013  2091   28 o  0  11.83 199.62971 -31.63044  9970.07  9393.57 2.32 2.04  -1.5 -0.519 19.43 20.87 04a60019o0509o
60021.974835  16.053  0.044  1377   61 c  0   0.99 199.62971 -31.63044  7644.76  7674.12 2.52 2.23 -54.0 -0.394 17.88 19.74 03a60022o0533c
60022.010447  16.033  0.015  1402   21 c  0   1.69 199.62971 -31.63044  2947.03  2917.23 2.25 2.12 -52.0 -0.411 19.48 21.37 03a60022o0608c
60022.038879  16.070  0.043  1355   58 c  0   1.13 199.62971 -31.63044  2889.80  2840.86 2.28 2.12 -54.4 -0.405 18.09 19.88 03a60022o0665c
60022.042613  16.224  0.078  1176   92 c  0   1.06 199.62971 -31.63044  2865.95  2956.52 2.27 2.09 -50.7 -0.403 17.25 19.01 03a60022o0673c
60023.233014  15.598  0.013  2092   27 o  0   6.19 199.62971 -31.63044  9932.78  9475.13 2.56 2.39  28.9 -0.440 19.52 21.19 04a60023o0547o
60023.234818  15.598  0.012  2094   25 o  0   7.33 199.62971 -31.63044  9914.34  9436.59 2.45 2.31  27.9 -0.457 19.55 21.22 04a60023o0551o
60023.237972  15.601  0.013  2088   27 o  0   6.14 199.62971 -31.63044  9979.00  9513.72 2.40 2.31  -6.0 -0.468 19.54 21.19 04a60023o0558o
60023.248278  15.589  0.012  2110   26 o  0  12.14 199.62971 -31.63044 10005.95  9395.88 2.32 2.12  12.8 -0.501 19.59 21.18 04a60023o0580o
60025.952446  16.047  0.018  1385   26 c  0   1.14 199.62971 -31.63044  9776.33  8978.80 2.86 2.47 -55.1 -0.382 19.08 20.98 03a60026o0466c
60025.954268  16.102  0.018  1316   24 c  0   2.25 199.62971 -31.63044  9757.79  8943.31 2.89 2.46 -51.2 -0.386 19.04 20.94 03a60026o0470c
60025.957342  16.067  0.021  1359   28 c  0   1.45 199.62971 -31.63044  9821.46  9027.02 3.04 2.63 -33.3 -0.376 19.01 20.94 03a60026o0476c
60025.985047  16.011  0.042  1431   60 c  0   0.93 199.62971 -31.63044  9864.52  8971.92 2.74 2.39 -60.2 -0.381 17.92 19.68 03a60026o0529c
60027.193702  15.696  0.011  1913   20 o  0   6.33 199.62971 -31.63044  4584.46  5164.67 2.02 1.90 -66.3 -0.427 19.51 21.15 04a60027o0443o
60027.195985  15.696  0.013  1912   24 o  0   3.77 199.62971 -31.63044  4566.46  5126.04 2.02 1.90 -66.9 -0.430 19.53 21.15 04a60027o0448o
60027.198719  15.690  0.011  1922   22 o  0   5.53 199.62971 -31.63044  4627.10  5203.38 1.97 1.88 -62.2 -0.429 19.53 21.14 04a60027o0454o
60027.204940  15.694  0.012  1915   22 o  0   4.96 199.62971 -31.63044  4650.19  5088.98 1.95 1.77 -82.9 -0.430 19.58 21.15 04a60027o0467o
60031.182541  15.733  0.011  1848   21 o  0   2.93 199.62971 -31.63044  4585.61  5168.60 2.00 1.81 -82.4 -0.424 19.55 21.22 04a60031o0438o
60031.214084  15.750  0.012  1820   22 o  0   3.61 199.62971 -31.63044  4594.44  5128.65 1.88 1.76 -79.2 -0.436 19.58 21.27 04a60031o0499o
60031.236820  15.721  0.012  1870   23 o  0   5.00 199.62971 -31.63044  6102.21  5439.28 2.04 1.82 -43.2 -0.431 19.56 21.21 04a60031o0544o
60031.253705  15.773  0.106  1781  188 o  0   0.24 199.62971 -31.63044  6085.93  5537.37 2.02 1.82 -41.0 -0.447 19.60 21.15 04a60031o0577o
60033.895193  15.827  0.017  1696   29 o  0   2.59 199.62971 -31.63044  5572.35  9198.07 4.44 3.92 -18.7 -0.357 18.62 20.35 03a60034o0366o
60033.898371  15.772  0.015  1783   28 o  0   2.94 199.62971 -31.63044  5552.91  9159.08 4.33 3.53 -31.4 -0.290 18.79 20.39 03a60034o0373o
60033.904086  15.767  0.017  1792   30 o  0   2.01 199.62971 -31.63044  5611.42  9236.49 3.97 3.10 -32.6 -0.311 18.74 20.14 03a60034o0384o
60033.909395  15.723  0.011  1865   21 o  0   3.84 199.62971 -31.63044  5634.70  9120.50 2.51 2.09 -37.0 -0.396 19.24 20.26 03a60034o0395o
60035.971751  15.747  0.013  1825   24 o  0   1.73 199.62971 -31.63044  4996.37  1367.80 2.38 2.25 -31.2 -0.424 19.14 20.18 03a60036o0544o
60035.978872  15.768  0.013  1790   23 o  0   1.57 199.62971 -31.63044  5014.23  1407.87 2.28 2.11  -8.9 -0.426 19.21 20.20 03a60036o0559o
60035.981665  15.738  0.012  1840   23 o  0   1.84 199.62971 -31.63044  4957.79  1329.23 2.15 2.03 -32.8 -0.431 19.25 20.19 03a60036o0565o
60035.991713  15.746  0.012  1826   22 o  0   2.10 199.62971 -31.63044  4934.38  1446.50 2.09 1.96 -47.2 -0.434 19.27 20.20 03a60036o0586o
60037.100599  15.708  0.019  1892   36 o  0   2.05 199.62971 -31.63044  6487.87  5054.08 2.23 2.12 -51.8 -0.462 18.58 19.25 04a60037o0277o
60037.103419  15.746  0.017  1826   32 o  0   1.74 199.62971 -31.63044  6463.59  5016.84 2.00 1.87 -39.9 -0.435 18.73 19.30 04a60037o0283o
60037.108669  15.735  0.016  1845   29 o  0   2.54 199.62971 -31.63044  6524.67  5093.60 1.99 1.85 -38.6 -0.430 18.72 19.33 04a60037o0294o
60037.118441  15.724  0.015  1864   28 o  0   2.49 199.62971 -31.63044  6547.24  4979.51 1.99 1.83 -38.5 -0.429 18.78 19.38 04a60037o0315o
60038.924949  15.775  0.017  1778   31 o  0   1.25 199.62971 -31.63044  4688.89   950.17 2.11 1.97 -40.8 -0.434 18.68 18.93 03a60039o0435o
60038.926760  15.771  0.016  1784   28 o  0   1.62 199.62971 -31.63044  4671.11   912.05 2.18 1.98 -44.5 -0.415 18.64 18.91 03a60039o0439o
60038.929947  15.765  0.015  1795   27 o  0   2.36 199.62971 -31.63044  4727.53   991.47 2.13 1.97 -38.5 -0.424 18.66 18.88 03a60039o0446o
60038.935426  15.735  0.017  1845   31 o  0   1.62 199.62971 -31.63044  4751.41   874.62 2.10 1.97 -31.1 -0.430 18.65 18.84 03a60039o0458o
60043.248600  15.717  0.020  1877   37 o  0   3.15 199.62971 -31.63044 10257.82  5790.52 2.39 2.05  -8.6 -0.432 18.63 19.04 04a60043o0600o
60043.251901  15.734  0.021  1846   39 o  0   3.98 199.62971 -31.63044 10276.79  5826.79 2.42 1.96 -10.4 -0.452 18.55 18.87 04a60043o0607o
60043.257036  15.756  0.022  1810   41 o  0   3.02 199.62971 -31.63044 10217.63  5744.10 2.44 1.92  -8.7 -0.442 18.54 18.84 04a60043o0618o
60043.266857  15.759  0.025  1805   45 o  0   1.67 199.62971 -31.63044 10196.75  5854.94 2.46 1.93 -11.1 -0.454 18.46 18.74 04a60043o0639o
60043.305040  15.754  0.022  1812   41 o  0   1.42 199.62971 -31.63044   341.16  5769.03 2.23 1.87  75.6 -0.394 18.34 18.50 04a60043o0716o
60043.330523  15.747  0.021  1825   38 o  0   1.80 199.62971 -31.63044   353.57  5799.21 2.30 1.90  70.8 -0.368 18.30 18.47 04a60043o0767o
60043.355653  15.790  0.024  1755   43 o  0   1.12 199.62971 -31.63044   284.33  5722.42 2.36 1.93  68.2 -0.362 18.25 18.38 04a60043o0818o
60043.380946  15.777  0.027  1776   49 o  0   1.52 199.62971 -31.63044   252.60  5843.50 2.49 2.01  61.8 -0.356 18.11 18.27 04a60043o0868o
60043.415194  15.751  0.036  1818   66 o  0   1.28 199.62971 -31.63044   272.42  5801.09 2.34 2.06  79.3 -0.390 17.71 17.67 04a60043o0933o
60043.416111  15.742  0.040  1833   73 o  0   1.55 199.62971 -31.63044 10162.44  5796.49 2.44 2.07  -6.5 -0.409 17.61 17.59 04a60043o0935o
60045.004865  15.796  0.014  1745   24 o  0   2.17 199.62971 -31.63044  3731.27  9178.24 2.89 2.36 -34.2 -0.359 19.02 19.95 03a60045o0471o
60045.008807  15.792  0.013  1751   23 o  0   1.84 199.62971 -31.63044  3750.57  9218.51 2.65 2.22 -37.4 -0.374 19.08 19.94 03a60045o0479o
60045.014383  15.800  0.015  1737   25 o  0   1.42 199.62971 -31.63044  3695.26  9140.46 2.79 2.39 -35.2 -0.371 18.99 19.92 03a60045o0490o
60045.025743  15.813  0.015  1717   25 o  0   1.45 199.62971 -31.63044  3674.86  9258.94 2.91 2.44 -32.4 -0.366 18.98 19.89 03a60045o0513o
60046.235446  15.823  0.014  1702   23 o  0   3.02 199.62971 -31.63044  3806.92  7286.16 2.16 1.72 -80.4 -0.426 19.27 20.38 04a60046o0569o
60046.238668  15.826  0.015  1696   26 o  0   2.81 199.62971 -31.63044  3825.51  7322.22 2.20 1.73 -80.7 -0.416 19.25 20.33 04a60046o0576o
60046.246007  15.818  0.015  1710   26 o  0   2.87 199.62971 -31.63044  3767.96  7239.35 2.07 1.73 -81.7 -0.438 19.22 20.27 04a60046o0592o
60046.257699  15.807  0.016  1727   27 o  0   3.86 199.62971 -31.63044  3749.01  7348.24 2.10 1.69 -81.5 -0.445 19.11 20.06 04a60046o0617o
60049.220579  16.316  0.017  1081   19 c  0   1.94 199.62971 -31.63044  2847.67  1012.98 2.79 2.19  47.5 -0.379 19.49 21.55 04a60049o0542c
60049.223779  16.296  0.018  1100   20 c  0   1.42 199.62971 -31.63044  2867.03  1049.71 2.63 2.09  45.6 -0.385 19.56 21.54 04a60049o0549c
60049.229735  16.324  0.018  1073   20 c  0   1.31 199.62971 -31.63044  2807.57   967.17 3.10 2.51  47.9 -0.360 19.38 21.54 04a60049o0560c
60049.239937  16.287  0.018  1110   20 c  0   2.06 199.62971 -31.63044  2787.96  1076.27 2.65 2.08  46.2 -0.391 19.56 21.49 04a60049o0579c
60049.253382  16.307  0.016  1090   18 c  0   2.40 199.62971 -31.63044  2828.00  1004.89 2.56 2.00  46.8 -0.399 19.55 21.45 04a60049o0605c
60050.937446  15.823  0.013  1701   21 o  0   2.71 199.62971 -31.63044  7995.33  5426.42 2.21 1.94 -58.4 -0.447 19.66 21.17 03a60051o0479o
60050.941311  15.790  0.012  1753   21 o  0   3.28 199.62971 -31.63044  8013.38  5466.42 2.16 1.91 -54.9 -0.452 19.68 21.15 03a60051o0487o
60050.948796  15.823  0.012  1701   21 o  0   2.27 199.62971 -31.63044  7955.84  5387.49 2.17 1.92 -57.1 -0.453 19.68 21.11 03a60051o0502o
60050.959213  15.819  0.012  1708   20 o  0   3.48 199.62971 -31.63044  7933.72  5504.13 2.15 1.91 -50.2 -0.448 19.66 21.07 03a60051o0523o
60052.193063  16.406  0.022   994   22 c  0   1.32 199.62971 -31.63044  7948.85  9555.87 2.96 2.54 -78.4 -0.337 19.49 21.47 04a60052o0454c
60052.196287  16.370  0.020  1028   20 c  0   1.22 199.62971 -31.63044  7968.32  9592.34 2.80 2.42 -76.6 -0.355 19.52 21.46 04a60052o0461c
60052.201427  16.344  0.018  1053   20 c  0   2.63 199.62971 -31.63044  7910.46  9509.23 2.81 2.44 -69.1 -0.359 19.49 21.47 04a60052o0472c
60052.211945  16.387  0.019  1012   19 c  0   2.73 199.62971 -31.63044  7892.09  9617.44 2.74 2.39 -72.1 -0.361 19.53 21.40 04a60052o0494c
60053.971076  15.848  0.013  1663   22 o  0   3.52 199.62971 -31.63044  2210.47  5583.54 2.45 2.12 -60.9 -0.403 19.36 20.95 03a60054o0492o
60053.974375  15.890  0.014  1599   23 o  0   2.96 199.62971 -31.63044  2228.93  5621.91 2.42 2.20 -62.0 -0.407 19.23 20.77 03a60054o0498o
60053.984683  15.859  0.015  1646   24 o  0   1.49 199.62971 -31.63044  2172.05  5544.97 3.31 2.61  -8.0 -0.398 19.07 20.89 03a60054o0516o
60053.990355  15.834  0.015  1684   26 o  0   2.18 199.62971 -31.63044  2149.78  5661.52 2.38 2.14 -58.6 -0.412 19.15 20.71 03a60054o0526o
60058.174768  16.382  0.020  1017   20 c  0   1.87 199.62971 -31.63044  9088.89  3176.65 2.79 2.17 -24.0 -0.373 19.57 21.65 04a60058o0471c
60058.178080  16.394  0.018  1006   18 c  0   2.39 199.62971 -31.63044  9110.92  3213.01 2.77 2.10 -22.9 -0.377 19.57 21.59 04a60058o0478c
60058.184567  16.432  0.018   970   17 c  0   2.73 199.62971 -31.63044  9050.92  3128.30 2.81 2.14 -19.6 -0.366 19.57 21.54 04a60058o0492c
60058.216987  16.416  0.020   986   19 c  0   2.74 199.62971 -31.63044  9031.26  3220.67 2.73 2.05 -20.9 -0.383 19.58 21.46 04a60058o0560c
60059.929807  15.883  0.012  1610   20 o  0   3.13 199.62971 -31.63044  2933.44  2887.58 2.11 1.93 -58.5 -0.446 19.69 21.20 03a60060o0466o
60059.935751  15.912  0.012  1568   18 o  0   8.34 199.62971 -31.63044  2951.13  2927.74 2.08 1.91 -57.2 -0.448 19.68 21.19 03a60060o0478o
60059.938637  15.900  0.012  1585   20 o  0   3.08 199.62971 -31.63044  2894.39  2849.15 2.15 1.99 -60.8 -0.435 19.66 21.18 03a60060o0484o
60059.949064  15.896  0.012  1591   20 o  0   3.21 199.62971 -31.63044  2870.83  2965.49 2.14 1.98 -53.5 -0.435 19.67 21.12 03a60060o0505o
60062.921388  15.911  0.012  1569   19 o  0   2.91 199.62971 -31.63044  9574.31  7631.88 2.63 2.07 -46.7 -0.392 19.42 20.67 03a60063o0457o
60062.926635  15.957  0.014  1504   21 o  0   4.51 199.62971 -31.63044  9592.24  7672.54 2.49 2.03 -50.3 -0.400 19.49 20.68 03a60063o0464o
60062.930094  15.938  0.013  1530   20 o  0   3.33 199.62971 -31.63044  9534.56  7592.28 2.53 2.05 -48.3 -0.395 19.47 20.66 03a60063o0471o
60062.940170  15.931  0.013  1541   21 o  0   3.54 199.62971 -31.63044  9511.81  7707.72 2.56 2.10 -44.9 -0.402 19.47 20.71 03a60063o0492o
60065.897928  15.979  0.024  1473   36 o  0   1.18 199.62971 -31.63044  5746.89  7670.66 2.26 1.98 -44.1 -0.428 18.52 18.95 03a60066o0383o
60065.900872  15.949  0.021  1516   31 o  0   1.51 199.62971 -31.63044  5764.03  7709.51 2.32 1.99 -44.1 -0.417 18.54 18.93 03a60066o0389o
60065.905997  16.003  0.028  1441   40 o  0   1.10 199.62971 -31.63044  5708.26  7630.77 2.44 2.04 -43.8 -0.405 18.35 18.65 03a60066o0400o
60065.920757  15.997  0.023  1450   33 o  0   1.57 199.62971 -31.63044  5684.97  7748.16 2.36 2.02 -46.4 -0.409 18.52 18.88 03a60066o0430o
60071.931060  16.075  0.021  1350   28 o  0   1.25 199.62971 -31.63044  4143.15  5519.36 2.46 2.17 -48.1 -0.389 18.68 19.25 03a60072o0513o
60071.934252  16.057  0.022  1372   30 o  0   1.08 199.62971 -31.63044  4160.69  5558.78 2.43 2.19 -45.9 -0.386 18.69 19.24 03a60072o0520o
60071.940000  16.069  0.020  1356   28 o  0   1.70 199.62971 -31.63044  4105.57  5481.28 2.42 2.13 -50.1 -0.380 18.69 19.24 03a60072o0532o
60071.949874  16.084  0.021  1338   28 o  0   1.48 199.62971 -31.63044  4084.80  5597.93 2.54 2.35 -54.8 -0.378 18.59 19.19 03a60072o0553o
60073.176230  16.072  0.017  1353   23 o  0   2.41 199.62971 -31.63044  4221.32  5531.88 1.94 1.72 -85.7 -0.435 19.01 19.78 04a60073o0489o
60073.179540  16.099  0.020  1320   27 o  0   1.83 199.62971 -31.63044  4240.49  5568.07 1.97 1.78 -83.5 -0.457 18.94 19.67 04a60073o0496o
60073.186143  16.108  0.020  1309   26 o  0   2.31 199.62971 -31.63044  4182.29  5487.27 1.96 1.73 -80.1 -0.442 18.94 19.64 04a60073o0510o
60073.196297  16.139  0.019  1272   24 o  0   2.99 199.62971 -31.63044  4161.68  5596.76 1.93 1.71 -79.9 -0.448 18.94 19.66 04a60073o0532o
60074.910472  16.106  0.017  1311   22 o  0   1.72 199.62971 -31.63044  7650.93  7648.14 2.83 2.22 -14.4 -0.394 19.15 20.25 03a60075o0453o
60074.913345  16.118  0.017  1296   21 o  0   1.70 199.62971 -31.63044  7668.36  7687.11 2.64 2.19 -24.7 -0.397 19.16 20.23 03a60075o0459o
60074.920260  16.111  0.016  1305   21 o  0   2.04 199.62971 -31.63044  7613.70  7609.16 2.91 2.24  -7.1 -0.382 19.08 20.20 03a60075o0473o
60074.930437  16.112  0.016  1304   21 o  0   2.18 199.62971 -31.63044  7590.34  7723.84 2.62 2.21 -25.9 -0.402 19.18 20.21 03a60075o0494o
60076.146668  16.191  0.019  1212   23 o  0   1.52 199.62971 -31.63044  7121.75  3227.49 2.25 2.02 -27.9 -0.411 19.22 20.58 04a60076o0432o
60076.150290  16.182  0.017  1222   21 o  0   2.34 199.62971 -31.63044  7141.40  3263.44 2.26 2.03 -30.4 -0.407 19.20 20.56 04a60076o0440o
60076.155503  16.153  0.019  1255   24 o  0   1.35 199.62971 -31.63044  7081.25  3183.17 2.35 2.06 -22.9 -0.401 19.09 20.42 04a60076o0451o
60076.166431  16.180  0.024  1224   30 o  0   1.31 199.62971 -31.63044  7061.06  3291.10 2.17 1.94 -31.6 -0.405 18.81 19.93 04a60076o0475o
60079.144423  16.104  0.021  1314   27 o  0   2.85 199.62971 -31.63044  9861.11  9477.50 2.66 2.57  45.4 -0.438 19.34 20.96 04a60079o0160o
60079.147726  16.075  0.020  1349   27 o  0   3.36 199.62971 -31.63044  9880.59  9514.81 2.57 2.44  20.2 -0.460 19.37 20.93 04a60079o0167o
60079.152898  16.131  0.023  1281   29 o  0   2.27 199.62971 -31.63044  9821.26  9430.33 2.52 2.45 -87.5 -0.449 19.39 20.91 04a60079o0178o
60079.154846  16.227  0.026  1173   30 o  0   3.98 199.62971 -31.63044    72.98  9509.04 3.20 2.21 -79.2 -0.352 19.38 20.91 04a60079o0182o
60079.157727  15.823  0.018  1701   30 o  0  64.40 199.62971 -31.63044    92.24  9545.45 2.82 2.10 -71.6 -0.391 19.34 20.84 04a60079o0188o
60079.162948  16.047  0.018  1384   25 o  0   4.07 199.62971 -31.63044  9803.09  9541.24 2.65 2.44  35.8 -0.443 19.36 20.84 04a60079o0199o
60079.163399  20.488  1.336    23   31 o  0   0.95 199.62971 -31.63044    35.16  9464.63 3.06 2.25 -77.9 -0.354 19.33 20.84 04a60079o0200o
60080.879715  16.929  0.024   614   15 c  0   1.61 199.62971 -31.63044  8976.39  1308.80 2.34 2.09 -46.5 -0.422 19.83 21.67 03a60081o0410c
60080.882982  16.875  0.021   646   14 c  0   2.15 199.62971 -31.63044  8994.35  1348.40 2.49 2.14 -51.9 -0.412 19.80 21.69 03a60081o0417c
60080.890531  16.905  0.023   628   14 c  0   1.50 199.62971 -31.63044  8935.40  1269.42 2.43 2.20 -34.8 -0.412 19.78 21.70 03a60081o0433c
60080.900981  16.943  0.023   606   14 c  0   1.72 199.62971 -31.63044  8910.60  1385.25 2.43 2.24 -43.9 -0.416 19.77 21.72 03a60081o0455c
60082.130896  16.263  0.019  1134   22 o  0   1.76 199.62971 -31.63044  6968.85  1286.37 2.28 2.09 -35.4 -0.421 19.24 20.81 04a60082o0391o
60082.133730  16.251  0.020  1148   23 o  0   1.89 199.62971 -31.63044  6988.31  1323.24 2.27 2.08 -35.3 -0.415 19.28 20.77 04a60082o0397o
60082.139257  16.280  0.019  1116   21 o  0   2.82 199.62971 -31.63044  6928.64  1240.03 2.19 2.03 -34.0 -0.426 19.40 20.79 04a60082o0409o
60082.149265  16.274  0.017  1123   19 o  0   3.02 199.62971 -31.63044  6907.73  1349.07 2.14 2.01 -44.6 -0.423 19.34 20.74 04a60082o0430o
60083.876432  17.068  0.024   540   13 c  0   1.39 199.62971 -31.63044  1772.43  7328.96 2.52 2.26 -45.5 -0.404 19.84 21.94 03a60084o0403c
60083.879204  17.099  0.023   525   12 c  0   2.01 199.62971 -31.63044  1790.51  7367.46 2.54 2.28 -43.7 -0.402 19.83 21.92 03a60084o0409c
60083.885683  16.990  0.025   581   15 c  0   1.06 199.62971 -31.63044  1734.46  7289.91 2.46 2.20 -43.5 -0.408 19.82 21.91 03a60084o0423c
60083.896432  17.022  0.025   564   14 c  0   1.24 199.62971 -31.63044  1710.38  7406.95 2.40 2.19 -41.9 -0.404 19.85 21.89 03a60084o0446c
60085.129483  16.398  0.019  1002   19 o  0   1.35 199.62971 -31.63044  1887.06  7416.14 2.49 1.97 -84.4 -0.389 19.38 20.98 04a60085o0413o
60085.132283  16.424  0.020   978   19 o  0   1.49 199.62971 -31.63044  1906.81  7452.11 2.50 1.94 -85.0 -0.387 19.43 20.99 04a60085o0419o
60085.138445  16.382  0.020  1017   20 o  0   1.46 199.62971 -31.63044  1849.50  7371.44 2.44 1.93 -85.1 -0.386 19.41 20.97 04a60085o0432o
60085.151998  16.378  0.020  1021   20 o  0   1.66 199.62971 -31.63044  1829.83  7477.98 2.45 1.94 -89.3 -0.382 19.41 20.96 04a60085o0461o
60086.876022  17.435  0.239   385   92 c  0   1.21 199.62971 -31.63044   967.59  2980.28 2.29 2.13 -53.5 -0.394 17.28 19.09 03a60087o0401c
60086.879476  17.172  0.081   491   40 c  0   1.45 199.62971 -31.63044   986.95  3019.52 2.34 2.18 -41.1 -0.385 18.15 19.99 03a60087o0408c
60086.885030  17.101  0.074   524   39 c  0   1.08 199.62971 -31.63044   928.16  2940.62 2.36 2.17 -57.6 -0.387 18.19 20.05 03a60087o0420c
60086.895256  17.232  0.071   465   33 c  0   0.92 199.62971 -31.63044   904.96  3056.25 2.33 2.16 -48.3 -0.397 18.57 20.42 03a60087o0442c
60092.848657  16.879  0.033   644   22 o  0   1.40 199.62971 -31.63044 10154.07  5926.42 2.91 2.44 -54.4 -0.362 18.96 20.03 03a60093o0354o
60092.851444  16.769  0.030   712   21 o  0   1.61 199.62971 -31.63044 10172.13  5966.39 2.99 2.60 -51.8 -0.362 18.94 20.07 03a60093o0360o
60092.856570  16.850  0.029   660   19 o  0   1.46 199.62971 -31.63044 10115.21  5885.94 2.92 2.47 -57.6 -0.363 18.98 20.12 03a60093o0371o
60092.861193  16.847  0.032   663   21 o  0   1.60 199.62971 -31.63044   266.23  5688.15 2.89 2.50 -71.7 -0.383 18.97 20.21 03a60093o0381o
60092.863958  16.835  0.032   670   21 o  0   1.82 199.62971 -31.63044   284.11  5725.98 2.89 2.55 -67.0 -0.383 19.00 20.21 03a60093o0387o
60092.866685  16.876  0.035   645   23 o  0   1.23 199.62971 -31.63044 10091.21  6001.65 3.10 2.64 -57.4 -0.367 18.90 20.14 03a60093o0393o
60092.868997  16.914  0.036   623   22 o  0   1.25 199.62971 -31.63044   227.77  5649.55 2.81 2.46 -66.8 -0.387 19.02 20.19 03a60093o0398o
60092.879394  16.849  0.039   661   26 o  0   1.26 199.62971 -31.63044   204.35  5767.10 2.88 2.53 -66.1 -0.383 19.00 20.18 03a60093o0420o
60101.863389  17.355  0.054   415   23 o  0   0.98 199.62971 -31.63044  7768.40  9607.21 2.75 2.22 -38.2 -0.399 19.02 19.82 03a60102o0384o
60101.866735  17.427  0.058   388   23 o  0   1.01 199.62971 -31.63044  7785.85  9646.88 2.78 2.28 -36.6 -0.399 19.00 19.81 03a60102o0390o
60101.872437  17.274  0.052   447   23 o  0   0.97 199.62971 -31.63044  7732.22  9567.13 2.75 2.27 -39.9 -0.398 19.00 19.83 03a60102o0401o
60101.886059  17.378  0.060   406   24 o  0   1.11 199.62971 -31.63044  7712.13  9683.47 2.69 2.29 -41.3 -0.403 18.99 19.77 03a60102o0430o
60106.075897  18.319  0.099   171   17 c  0   1.13 199.62971 -31.63044  1987.31  9358.70 3.29 2.37 -80.4 -0.343 19.35 21.55 04a60106o0236c
60106.079125  18.495  0.098   145   14 c  0   1.32 199.62971 -31.63044  2006.16  9394.42 3.25 2.30 -81.2 -0.339 19.41 21.60 04a60106o0243c
60106.084364  18.399  0.111   159   18 c  0   1.00 199.62971 -31.63044  1949.61  9313.70 3.33 2.46 -81.8 -0.326 19.37 21.54 04a60106o0254c
60106.096866  18.257  0.089   181   16 c  0   0.98 199.62971 -31.63044  1929.05  9421.63 3.24 2.32 -81.0 -0.333 19.39 21.49 04a60106o0281c
60109.066081  18.397  0.091   159   14 c  0   0.99 199.62971 -31.63044  9084.83  3151.19 3.00 2.33 -21.8 -0.355 19.39 21.57 04a60109o0269c
60109.068873  18.167  0.075   196   15 c  0   1.51 199.62971 -31.63044  9104.65  3187.98 3.10 2.40 -23.0 -0.349 19.38 21.59 04a60109o0275c
60109.078756  18.284  0.083   176   15 c  0   1.40 199.62971 -31.63044  9045.49  3103.02 3.19 2.50 -23.8 -0.345 19.38 21.62 04a60109o0296c
60109.089370  18.293  0.084   175   15 c  0   0.96 199.62971 -31.63044  9023.93  3212.82 3.02 2.34 -21.9 -0.351 19.38 21.57 04a60109o0319c
60112.071793  18.488  0.103   146   15 c  0   1.42 199.62971 -31.63044  9705.95  7513.48 2.71 2.41 -26.2 -0.402 19.47 21.47 04a60112o0281c
60112.081899  18.340  0.126   167   21 c  0   1.24 199.62971 -31.63044  9725.17  7548.32 2.67 2.35 -28.5 -0.423 18.94 20.71 04a60112o0302c
60112.086539  18.317  0.111   171   19 c  0   0.76 199.62971 -31.63044  9665.69  7465.96 2.64 2.31 -29.8 -0.423 19.26 21.12 04a60112o0312c
60112.095192  18.608  0.120   131   16 c  0   1.31 199.62971 -31.63044  9642.85  7576.56 2.58 2.27 -27.5 -0.433 19.47 21.40 04a60112o0330c
60116.819470  17.700  0.055   302   17 o  0   1.06 199.62971 -31.63044  5728.67  7689.33 2.58 2.27 -36.5 -0.413 19.46 20.87 03a60117o0296o
60116.822186  17.737  0.053   292   15 o  0   1.29 199.62971 -31.63044  5746.67  7728.43 2.49 2.16 -40.9 -0.417 19.47 20.93 03a60117o0302o
60116.832706  17.568  0.054   341   18 o  0   1.03 199.62971 -31.63044  5690.41  7649.88 2.48 2.14 -38.8 -0.411 19.47 20.86 03a60117o0323o
60116.843153  17.647  0.051   317   16 o  0   1.05 199.62971 -31.63044  5666.72  7763.30 2.56 2.18 -39.0 -0.401 19.47 20.87 03a60117o0345o
60119.793014  17.685  0.070   306   22 o  0   1.38 199.62971 -31.63044  6052.15  5477.44 2.19 1.96 -48.9 -0.432 19.04 19.99 03a60120o0239o
60119.796775  17.819  0.083   271   23 o  0   1.03 199.62971 -31.63044  6069.99  5516.44 2.19 1.99 -52.9 -0.437 19.03 19.93 03a60120o0247o
60119.802393  17.558  0.054   344   18 o  0   1.26 199.62971 -31.63044  6012.41  5436.78 2.23 1.99 -51.0 -0.434 19.12 20.17 03a60120o0259o
60119.812350  17.609  0.077   328   25 o  0   0.74 199.62971 -31.63044  5990.43  5552.04 2.26 1.98 -48.3 -0.422 18.89 19.81 03a60120o0280o
60125.803252  17.813  0.116   272   32 o  0   0.70 199.62971 -31.63044  7008.41  3366.69 2.32 2.23 -13.3 -0.473 18.66 19.04 03a60126o0002o
60127.120897  18.064  0.183   216   40 o  0   1.05 199.62971 -31.63044  7093.84  3185.90 2.33 2.08 -32.0 -0.405 18.06 18.29 04a60127o0393o
60127.124081  17.820  0.141   270   38 o  0   1.30 199.62971 -31.63044  7111.54  3225.22 2.36 2.11 -26.8 -0.399 18.14 18.41 04a60127o0400o
60127.138380  17.567  0.141   341   48 o  0   1.47 199.62971 -31.63044  7043.50  3150.06 2.31 2.05 -24.0 -0.395 17.79 17.94 04a60127o0430o
60127.148198  17.869  0.237   258   61 o  0   1.03 199.62971 -31.63044  7017.73  3268.38 2.57 2.33 -23.7 -0.370 17.55 17.74 04a60127o0451o
60128.853044  18.053  0.131   218   28 o  0   1.25 199.62971 -31.63044  9645.81  9594.30 2.84 2.22 -39.0 -0.425 18.60 18.99 03a60129o0345o
60128.858283  17.608  0.097   329   32 o  0   1.34 199.62971 -31.63044  9663.86  9631.62 2.91 2.31 -39.7 -0.428 18.55 18.97 03a60129o0356o
60128.885270  17.897  0.143   252   36 o  0   1.18 199.62971 -31.63044  9611.31  9544.53 2.98 2.39 -42.6 -0.421 18.42 18.79 03a60129o0412o
60128.888128  17.906  0.133   250   33 o  0   1.49 199.62971 -31.63044  9588.68  9658.20 3.18 2.52 -40.1 -0.421 18.34 18.75 03a60129o0418o
60130.074937  17.819  0.093   271   25 o  0   1.02 199.62971 -31.63044  8943.96  1167.36 2.78 2.31 -30.8 -0.364 18.74 19.60 04a60130o0291o
60130.077693  17.793  0.086   277   24 o  0   1.44 199.62971 -31.63044  8961.21  1205.27 2.82 2.19 -28.5 -0.371 18.75 19.58 04a60130o0297o
60130.087381  17.950  0.106   240   25 o  0   1.14 199.62971 -31.63044  8895.51  1123.83 2.85 2.19 -27.6 -0.364 18.73 19.55 04a60130o0318o
60130.097106  17.883  0.100   255   26 o  0   1.10 199.62971 -31.63044  8870.32  1240.19 2.90 2.13 -26.9 -0.364 18.70 19.52 04a60130o0339o
60131.782686  17.729  0.073   294   22 o  0   0.93 199.62971 -31.63044  6952.35  1344.68 2.30 2.16 -38.2 -0.450 18.84 20.25 03a60132o0196o
60131.785428  17.717  0.073   297   22 o  0   1.18 199.62971 -31.63044  6969.43  1382.41 2.19 2.05 -40.0 -0.455 19.22 20.63 03a60132o0202o
60131.791829  17.794  0.086   277   24 o  0   1.17 199.62971 -31.63044  6914.40  1305.25 2.27 2.11 -16.0 -0.455 18.84 20.28 03a60132o0215o
60131.803870  17.802  0.081   275   22 o  0   1.17 199.62971 -31.63044  6890.61  1420.85 2.32 2.14 -15.2 -0.443 18.82 20.21 03a60132o0240o
60133.026942 -21.441 14.857   -10  143 o  0   0.79 199.62971 -31.63044  6959.00  1258.93 2.57 2.29 -27.0 -0.385 16.80 17.96 04a60133o0185o
60133.030635  17.474  0.436   372  162 o  0   1.02 199.62971 -31.63044  6977.61  1295.95 2.49 2.24 -26.9 -0.393 16.53 17.71 04a60133o0193o
60133.035720  19.488  2.472    58  144 o  0   1.79 199.62971 -31.63044  6917.92  1215.19 2.42 2.18 -30.4 -0.401 16.76 17.84 04a60133o0204o
60133.047861  17.234  0.623   464  289 o  0   1.19 199.62971 -31.63044  6894.32  1327.31 2.37 2.18 -32.8 -0.404 16.27 17.38 04a60133o0229o
60136.073031  17.750  0.092   288   27 o  0   1.01 199.62971 -31.63044   963.25  3032.03 3.62 3.09  46.7 -0.357 18.70 20.74 04a60136o0092o
60136.075836  17.921  0.085   246   21 o  0   1.70 199.62971 -31.63044   980.39  3068.32 3.76 3.17  49.0 -0.350 18.80 20.87 04a60136o0098o
60136.080958  17.952  0.087   240   21 o  0   1.36 199.62971 -31.63044   920.75  2991.70 3.65 3.07  45.5 -0.364 18.95 20.96 04a60136o0109o
60136.091227  18.169  0.116   196   23 o  0   1.11 199.62971 -31.63044   894.99  3107.88 3.79 3.33  47.7 -0.346 18.80 20.88 04a60136o0131o
60137.744650  18.966  0.135    94   13 c  0   1.01 199.62971 -31.63044  5828.34  9629.18 2.66 2.34 -42.8 -0.391 19.78 21.74 03a60138o0121c
60137.748495  18.465  0.078   149   12 c  0   1.12 199.62971 -31.63044  5845.41  9668.80 2.71 2.37 -41.6 -0.387 19.75 21.73 03a60138o0129c
60137.756164  18.678  0.107   123   13 c  0   1.21 199.62971 -31.63044  5789.61  9589.66 2.77 2.36 -41.1 -0.389 19.79 21.77 03a60138o0145c
60137.766005  18.615  0.102   130   13 c  0   1.06 199.62971 -31.63044  5769.34  9706.42 2.74 2.40 -36.3 -0.387 19.77 21.77 03a60138o0162c
60139.034015  17.881  0.073   256   19 o  0   1.21 199.62971 -31.63044  6035.63  9574.51 2.80 2.07 -79.6 -0.412 19.30 20.95 04a60139o0194o
60139.037222  17.860  0.075   261   20 o  0   1.27 199.62971 -31.63044  6053.49  9612.58 2.70 2.08 -77.3 -0.426 19.35 20.96 04a60139o0201o
60139.045112  17.912  0.071   248   18 o  0   1.22 199.62971 -31.63044  5993.27  9531.49 2.74 2.06 -78.9 -0.402 19.37 20.94 04a60139o0218o
60139.054937  17.744  0.056   290   16 o  0   1.32 199.62971 -31.63044  5971.21  9646.28 2.68 2.04 -78.7 -0.418 19.39 20.92 04a60139o0239o
60140.768165  18.861  0.121   104   12 c  0   1.55 199.62971 -31.63044  5096.40  3333.72 3.02 2.59 -13.7 -0.379 19.55 21.78 03a60141o0046c
60140.781352  18.810  0.124   109   13 c  0   1.10 199.62971 -31.63044  5116.53  3373.13 3.08 2.71 -10.2 -0.382 19.51 21.79 03a60141o0073c
60140.790052  18.440  0.094   153   14 c  0   1.30 199.62971 -31.63044  5059.14  3293.57 3.89 2.71  -4.5 -0.381 19.42 21.78 03a60141o0088c
60140.793549  18.537  0.088   140   12 c  0   1.46 199.62971 -31.63044  5037.37  3408.79 3.05 2.57 -13.7 -0.381 19.54 21.75 03a60141o0095c
60142.004808  17.825  0.070   269   19 o  0   1.26 199.62971 -31.63044 10243.32  5771.33 2.96 2.40 -19.5 -0.418 19.23 20.76 04a60142o0131o
60142.006174  17.896  0.065   252   16 o  0   1.25 199.62971 -31.63044   331.65  5782.84 2.71 2.21  60.9 -0.391 19.28 20.80 04a60142o0134o
60142.007555  17.899  0.063   252   16 o  0   1.66 199.62971 -31.63044 10261.47  5808.95 2.96 2.32 -15.5 -0.418 19.24 20.80 04a60142o0137o
60142.009444  17.965  0.068   236   16 o  0   1.38 199.62971 -31.63044   350.53  5819.00 2.64 2.19  60.6 -0.388 19.29 20.78 04a60142o0141o
60142.014547  17.978  0.081   234   19 o  0   1.16 199.62971 -31.63044 10201.84  5727.36 2.88 2.34 -13.9 -0.416 19.29 20.78 04a60142o0152o
60142.015914  17.839  0.060   266   16 o  0   1.08 199.62971 -31.63044   291.37  5739.49 2.74 2.25  59.6 -0.375 19.30 20.80 04a60142o0155o
60142.024613  17.920  0.073   247   18 o  0   1.17 199.62971 -31.63044 10179.80  5839.11 2.80 2.29 -17.5 -0.431 19.28 20.82 04a60142o0174o
60142.026482  18.050  0.066   219   14 o  0   1.26 199.62971 -31.63044   270.58  5851.28 2.67 2.20  64.0 -0.371 19.33 20.85 04a60142o0178o
60146.756264  18.763  0.116   113   13 c  0   1.00 199.62971 -31.63044  3644.80  7258.56 2.73 2.43 -34.4 -0.369 19.58 21.45 03a60147o0126c
60146.778483  18.793  0.118   110   13 c  0   0.95 199.62971 -31.63044  3581.91  7331.87 2.73 2.48 -37.2 -0.373 19.58 21.44 03a60147o0167c
60148.007212  18.209  0.105   189   20 o  0   1.20 199.62971 -31.63044  2835.14   966.91 2.74 2.29  45.3 -0.405 18.95 20.45 04a60148o0131o
60148.009940  18.052  0.078   218   17 o  0   1.75 199.62971 -31.63044  2852.75  1003.84 2.82 2.35  46.1 -0.379 19.09 20.63 04a60148o0137o
60148.016086  18.003  0.085   228   20 o  0   0.94 199.62971 -31.63044  2792.86   924.79 2.85 2.41  43.2 -0.379 18.96 20.54 04a60148o0150o
60148.026148  17.979  0.100   234   23 o  0   1.15 199.62971 -31.63044  2767.36  1037.78 2.75 2.33  44.8 -0.382 18.66 20.12 04a60148o0172o
60149.718452  17.988  0.089   232   21 o  0   0.82 199.62971 -31.63044  7954.47  5446.47 2.57 2.29 -53.1 -0.432 19.07 20.02 03a60150o0057o
60149.722711  17.993  0.085   230   20 o  0   1.44 199.62971 -31.63044  7973.80  5487.16 2.63 2.30 -51.5 -0.424 19.01 20.02 03a60150o0065o
60149.729577  18.022  0.082   224   18 o  0   1.29 199.62971 -31.63044  7918.12  5407.26 2.54 2.27 -51.0 -0.437 19.08 20.02 03a60150o0078o
60149.739362  18.009  0.087   227   20 o  0   0.97 199.62971 -31.63044  7897.14  5522.97 2.69 2.27 -54.8 -0.414 19.05 20.03 03a60150o0097o
60151.013689 -16.109  5.348 -1308 6994 o  0   0.83 199.62971 -31.63044  8067.24  5328.24 2.66 2.40 -31.7 -0.389 12.45 12.47 04a60151o0143o
60154.018391  18.182  0.127   194   25 o  0   0.89 199.62971 -31.63044  2269.18  5620.84 2.21 1.95 -89.3 -0.423 18.74 19.39 04a60154o0129o
60154.021611  17.867  0.094   259   24 o  0   1.30 199.62971 -31.63044  2287.00  5658.12 2.19 1.90  87.8 -0.402 18.80 19.40 04a60154o0136o
60154.031768  18.104  0.139   208   29 o  0   1.26 199.62971 -31.63044  2225.13  5580.97 2.11 2.07 -57.2 -0.462 18.71 19.30 04a60154o0158o
60154.045081  18.063  0.097   216   21 o  0   1.57 199.62971 -31.63044  2199.78  5696.70 2.16 1.88  84.6 -0.423 18.74 19.30 04a60154o0187o
