MJD          m      dm   uJy   duJy F err chi/N     RA       Dec        x        y     maj  min   phi  apfit mag5sig Sky   Obs
60046.309591  21.127  1.373    13   18 c  0   1.05 136.82488  37.50352  2617.16  5042.07 2.48 2.24  32.2 -0.412 18.99 20.55 02a60046o0160c
60046.312444 -22.591  5.923    -3   20 c  0   1.52 136.82488  37.50352  2598.69  5001.98 2.39 2.25  30.4 -0.416 18.76 20.33 02a60046o0166c
60046.317733 -21.880  3.348    -6   22 c  0   1.19 136.82488  37.50352  2657.26  5077.20 2.45 2.22  30.6 -0.412 18.67 20.22 02a60046o0177c
60046.328528  20.298  0.952    28   26 c  0   1.41 136.82488  37.50352  2678.11  4960.17 2.41 2.20  30.2 -0.412 18.46 19.97 02a60046o0200c
60048.299644 -22.284  2.000    -4    9 c  0   1.23 136.82488  37.50352  6199.63  1155.02 2.31 2.14 -71.3 -0.426 19.59 21.36 02a60048o0158c
60048.302827  20.876  0.512    16    8 c  0   1.35 136.82488  37.50352  6180.40  1114.91 2.33 2.16 -69.5 -0.426 19.58 21.37 02a60048o0165c
60048.313578  21.078  0.731    14   10 c  0   1.26 136.82488  37.50352  6240.73  1194.89 2.30 2.15 -78.3 -0.426 19.60 21.37 02a60048o0187c
60048.334341  22.251  2.382     5   11 c  0   1.05 136.82488  37.50352  6263.43  1072.04 2.34 2.17 -82.0 -0.421 19.57 21.32 02a60048o0225c
60050.033011  21.111  1.258    13   16 c  0   1.50 136.82488  37.50352  1970.41  3510.76 2.68 2.29  61.3 -0.371 18.88 20.36 04a60050o0161c
60050.036212 -23.776 17.000    -1   19 c  0   0.91 136.82488  37.50352  1993.65  3547.53 2.81 2.34  68.0 -0.365 18.85 20.37 04a60050o0168c
60050.041720 -20.143  0.504   -32   16 c  0   1.64 136.82488  37.50352  1940.77  3465.01 2.89 2.40  62.0 -0.357 18.84 20.39 04a60050o0180c
60050.051880  20.936  1.219    15   19 c  0   1.03 136.82488  37.50352  1931.84  3573.82 2.72 2.23  64.0 -0.375 18.89 20.39 04a60050o0202c
60051.369157 -22.654  4.333    -3   14 c  0   0.70 136.82488  37.50352  8786.34  7024.23 2.63 2.50  25.4 -0.414 19.45 21.21 02a60051o0250c
60051.379919  23.107  6.750     2   14 c  0   0.78 136.82488  37.50352  8770.59  6983.33 2.62 2.46  20.1 -0.414 19.46 21.17 02a60051o0273c
60051.383111 -21.082  0.870   -13   12 c  0   1.30 136.82488  37.50352  8829.00  7062.14 2.62 2.48  19.4 -0.412 19.47 21.15 02a60051o0280c
60051.388653  21.545  1.408     9   12 c  0   1.27 136.82488  37.50352  8850.37  6945.75 2.67 2.49  22.7 -0.408 19.43 21.12 02a60051o0292c
60052.287406 -20.706  0.620   -19   12 c  0   1.39 136.82488  37.50352  2151.25  2828.31 2.36 2.29  45.8 -0.414 19.19 20.71 02a60052o0127c
60052.290621 -21.643  1.714    -8   14 c  0   1.62 136.82488  37.50352  2131.69  2788.07 2.35 2.33  69.5 -0.416 19.11 20.58 02a60052o0134c
60052.298703  20.036  0.800    35   28 c  0   1.42 136.82488  37.50352  2192.10  2862.95 2.38 2.34  81.1 -0.415 18.26 19.66 02a60052o0151c
60052.311243  20.374  1.125    26   29 c  0   1.25 136.82488  37.50352  2213.09  2741.74 2.69 2.64  82.6 -0.395 18.29 19.91 02a60052o0176c
60055.340345  19.362  0.194    65   13 c  0   1.30 136.82488  37.50352  4831.50  6670.30 2.51 2.25  27.3 -0.407 19.47 21.00 02a60055o0250c
60055.343988  19.725  0.290    47   14 c  0   1.07 136.82488  37.50352  4813.59  6631.01 2.53 2.28  27.6 -0.406 19.44 20.98 02a60055o0258c
60055.350745  19.284  0.179    70   13 c  0   1.22 136.82488  37.50352  4873.13  6708.84 2.54 2.29  27.5 -0.404 19.46 20.95 02a60055o0272c
60055.363752  19.463  0.221    60   13 c  0   0.97 136.82488  37.50352  4897.42  6592.98 2.49 2.25  27.7 -0.403 19.39 20.89 02a60055o0300c
60057.290765  19.317  0.137    68    9 c  0   2.06 136.82488  37.50352  8279.58  3044.87 2.33 2.28  34.8 -0.400 19.53 21.09 02a60057o0137c
60057.293893  19.154  0.117    79    9 c  0   1.82 136.82488  37.50352  8260.68  3004.10 2.33 2.29  51.3 -0.396 19.50 21.09 02a60057o0143c
60057.299318  18.752  0.096   115   11 c  0   1.19 136.82488  37.50352  8320.35  3081.57 2.33 2.29  46.7 -0.398 19.52 21.08 02a60057o0155c
60057.318624  18.905  0.110   100   11 c  0   1.47 136.82488  37.50352  8345.49  2964.00 2.35 2.31  49.2 -0.401 19.50 21.04 02a60057o0197c
60059.278574  19.040  0.161    88   14 o  0   1.83 136.82488  37.50352  8498.85  9268.76 2.12 2.07 -81.2 -0.453 19.29 20.16 02a60059o0108o
60059.284795  18.722  0.130   118   15 o  0   1.54 136.82488  37.50352  8480.55  9228.48 2.12 2.04 -74.8 -0.453 19.26 20.14 02a60059o0121o
60059.288436  19.477  0.226    59   13 o  0   1.58 136.82488  37.50352  8538.48  9309.60 2.14 2.07 -77.9 -0.455 19.24 20.14 02a60059o0129o
60059.298528  19.346  0.253    66   17 o  0   1.12 136.82488  37.50352  8558.70  9186.52 2.18 2.07 -62.1 -0.451 19.26 20.17 02a60059o0151o
60061.249846  16.050  0.415  1380  573 o  0   2.16 136.82488  37.50352  4688.42  9392.76 2.19 2.14  30.8 -0.448 15.52 15.12 02a60061o0029o
60061.253022  16.843  0.364   665  242 o  0   1.20 136.82488  37.50352  4670.74  9359.57 2.12 2.03 -45.5 -0.501 16.41 16.17 02a60061o0036o
60066.253542  19.051  0.236    87   20 o  0   1.10 136.82488  37.50352   485.49  4702.84 2.17 2.08 -38.9 -0.439 18.89 19.33 02a60066o0051o
60066.256355  18.586  0.175   134   23 o  0   1.17 136.82488  37.50352   466.23  4663.41 2.27 2.08 -41.5 -0.436 18.84 19.30 02a60066o0057o
60066.263516  18.523  0.169   142   24 o  0   0.95 136.82488  37.50352   523.83  4737.76 2.27 1.98 -52.6 -0.427 18.88 19.32 02a60066o0072o
60066.273665  18.556  0.176   137   24 o  0   0.90 136.82488  37.50352   545.96  4618.89 2.28 1.90 -55.6 -0.445 18.86 19.28 02a60066o0093o
60066.274117  18.526  0.144   141   20 o  0   1.81 136.82488  37.50352 10389.66  4753.66 2.51 2.00 -63.7 -0.500 18.88 19.30 02a60066o0094o
60066.277375  18.625  0.192   129   25 o  0   1.04 136.82488  37.50352 10370.06  4711.68 2.85 1.98 -68.1 -0.493 18.79 19.29 02a60066o0101o
60066.282837  19.015  0.234    90   21 o  0   1.74 136.82488  37.50352 10428.95  4789.89 2.50 2.04 -63.8 -0.493 18.86 19.28 02a60066o0113o
60066.295266  19.343  0.347    66   23 o  0   1.36 136.82488  37.50352 10450.55  4671.88 2.48 1.98 -66.9 -0.505 18.84 19.20 02a60066o0139o
60067.334120  18.988  0.222    92   20 o  0   1.24 136.82488  37.50352   502.31  4682.43 1.95 1.88   7.3 -0.427 18.78 19.05 02a60067o0221o
60067.334571  19.092  0.256    84   21 o  0   1.81 136.82488  37.50352 10402.06  4742.35 2.19 1.99 -36.6 -0.492 18.74 19.08 02a60067o0222o
60067.340023  18.789  0.200   111   22 o  0   0.90 136.82488  37.50352   485.61  4642.77 1.94 1.85   8.1 -0.438 18.72 19.03 02a60067o0234o
60067.340475  19.465  0.409    59   24 o  0   1.29 136.82488  37.50352 10383.84  4702.39 2.18 1.96 -30.9 -0.461 18.78 19.07 02a60067o0235o
60067.343992  18.813  0.179   108   19 o  0   1.28 136.82488  37.50352   545.31  4718.65 1.99 1.87  13.9 -0.432 18.72 19.00 02a60067o0242o
60067.344445  19.338  0.368    67   25 o  0   1.03 136.82488  37.50352 10443.03  4782.43 2.14 1.95 -35.9 -0.508 18.79 19.05 02a60067o0243o
60067.359670  19.134  0.373    81   30 o  0   0.93 136.82488  37.50352 10470.15  4666.08 2.13 1.90 -44.5 -0.509 18.71 18.95 02a60067o0275o
60067.360122  19.618  0.505    52   26 o  0   0.93 136.82488  37.50352   573.02  4600.86 1.96 1.89  13.1 -0.428 18.65 18.87 02a60067o0276o
60068.295152  18.464  0.126   149   19 o  0   1.24 136.82488  37.50352  8197.94  1077.08 1.94 1.70 -64.9 -0.473 18.86 19.22 02a60068o0133o
60068.298124  18.517  0.126   142   18 o  0   1.96 136.82488  37.50352  8179.07  1036.20 1.99 1.73 -65.4 -0.474 18.89 19.21 02a60068o0139o
60068.312984  18.593  0.165   133   22 o  0   1.36 136.82488  37.50352  8239.35  1112.99 2.02 1.73 -62.3 -0.464 18.80 19.16 02a60068o0170o
60068.323030  18.973  0.224    94   21 o  0   1.07 136.82488  37.50352  8263.07   994.35 2.05 1.74 -62.0 -0.477 18.81 19.10 02a60068o0191o
60069.304555  18.826  0.231   107   25 o  0   1.04 136.82488  37.50352  8204.52  1075.94 2.04 1.74 -58.7 -0.483 18.67 18.96 02a60069o0154o
60069.309090  18.407  0.175   158   28 o  0   0.88 136.82488  37.50352  8186.39  1038.10 2.26 1.95 -58.8 -0.465 18.61 18.95 02a60069o0164o
60069.315543  18.472  0.178   148   26 o  0   0.83 136.82488  37.50352  8248.21  1116.86 2.02 1.74 -58.1 -0.477 18.67 18.93 02a60069o0178o
60069.325456  18.898  0.272   100   27 o  0   1.25 136.82488  37.50352  8270.93   996.39 2.22 1.89 -57.1 -0.457 18.57 18.89 02a60069o0199o
60071.328679  18.575  0.140   135   19 o  0   2.08 136.82488  37.50352   975.99  6900.90 2.13 2.05  -7.8 -0.422 18.73 19.16 02a60071o0209o
60071.332341  19.000  0.279    91   25 o  0   1.20 136.82488  37.50352   958.51  6862.06 2.17 2.08 -17.8 -0.431 18.68 19.13 02a60071o0217o
60071.337850  18.817  0.236   108   26 o  0   1.48 136.82488  37.50352  1018.56  6937.35 2.31 2.20 -37.1 -0.419 18.58 19.09 02a60071o0229o
60071.347753  18.846  0.259   105   27 o  0   0.93 136.82488  37.50352  1042.25  6819.42 2.06 1.98  -8.5 -0.433 18.65 19.00 02a60071o0250o
60073.964161  18.478  0.204   148   30 o  0   1.43 136.82488  37.50352  2283.01  5733.63 2.45 2.16  84.0 -0.408 18.26 18.88 04a60074o0037o
60073.969647  18.543  0.197   139   27 o  0   1.21 136.82488  37.50352  2308.18  5767.75 2.44 2.17  87.9 -0.431 18.44 19.28 04a60074o0049o
60073.972840  18.986  0.295    92   27 o  0   1.40 136.82488  37.50352  2253.23  5687.14 2.58 2.26  85.3 -0.403 18.47 19.40 04a60074o0056o
60073.987243  18.625  0.177   129   23 o  0   1.40 136.82488  37.50352  2246.15  5790.81 2.37 2.09  86.9 -0.403 18.61 19.54 04a60074o0087o
60077.292431  18.824  0.120   107   13 c  0   1.32 136.82488  37.50352   798.40  9152.66 2.36 2.08 -45.4 -0.445 19.42 20.82 02a60077o0130c
60077.295648  19.141  0.169    80   14 c  0   1.18 136.82488  37.50352   776.23  9114.99 2.36 2.10 -44.8 -0.444 19.42 20.81 02a60077o0137c
60077.301126  19.040  0.154    88   14 c  0   1.31 136.82488  37.50352   834.22  9190.19 2.37 2.14 -44.8 -0.452 19.38 20.81 02a60077o0149c
60077.303858  18.781  0.113   112   13 c  0   1.38 136.82488  37.50352 10392.66  9222.61 2.83 2.65 -33.5 -0.393 19.46 20.91 02a60077o0155c
60077.307062  19.068  0.157    86   14 c  0   1.09 136.82488  37.50352 10373.54  9183.82 2.84 2.64 -35.1 -0.396 19.46 20.91 02a60077o0162c
60077.311317  19.324  0.192    68   13 c  0   1.23 136.82488  37.50352   861.39  9069.66 2.29 2.07 -44.0 -0.450 19.39 20.80 02a60077o0171c
60077.312717  18.979  0.141    93   13 c  0   1.14 136.82488  37.50352 10433.06  9263.80 2.82 2.66 -27.0 -0.390 19.47 20.90 02a60077o0174c
60077.322869  18.855  0.145   104   15 c  0   0.83 136.82488  37.50352 10454.40  9146.50 2.81 2.60 -29.8 -0.392 19.45 20.89 02a60077o0196c
60078.249777  18.884  0.137   102   14 c  0   1.04 136.82488  37.50352   145.73  2950.96 2.54 2.23 -59.7 -0.392 19.33 20.57 02a60078o0036c
60078.253019  18.986  0.134    92   12 c  0   1.21 136.82488  37.50352   125.91  2912.10 2.51 2.23 -61.4 -0.399 19.41 20.75 02a60078o0043c
60078.266267  18.906  0.128   100   13 c  0   1.02 136.82488  37.50352   188.43  2985.14 2.59 2.24 -58.8 -0.395 19.45 20.89 02a60078o0071c
60078.267623  19.306  0.167    69   12 c  0   1.39 136.82488  37.50352 10243.00  2990.55 2.63 2.22 -63.2 -0.422 19.47 20.98 02a60078o0074c
60078.270668  19.208  0.170    75   13 c  0   1.28 136.82488  37.50352 10223.66  2949.59 2.54 2.19 -59.7 -0.426 19.48 20.97 02a60078o0080c
60078.272579  18.853  0.105   104   11 c  0   1.45 136.82488  37.50352   211.27  2867.92 2.57 2.20 -65.0 -0.400 19.44 20.89 02a60078o0084c
60078.276439  19.585  0.231    53   12 c  0   1.35 136.82488  37.50352 10284.82  3030.38 2.65 2.17 -64.0 -0.432 19.50 20.96 02a60078o0092c
60078.296180  19.342  0.191    67   13 c  0   1.18 136.82488  37.50352 10312.53  2908.14 2.63 2.18 -61.3 -0.422 19.50 20.94 02a60078o0134c
60084.258935  18.675  0.098   123   12 o  0   1.34 136.82488  37.50352  4547.81  4919.59 2.19 1.80  32.5 -0.444 19.38 20.33 02a60084o0052o
60084.265416  18.932  0.141    97   14 o  0   0.95 136.82488  37.50352  4527.49  4879.59 2.11 1.80  30.5 -0.449 19.39 20.38 02a60084o0065o
60084.279049  18.638  0.113   127   14 o  0   1.24 136.82488  37.50352  4591.54  4954.93 2.22 1.77  32.7 -0.445 19.39 20.37 02a60084o0094o
60084.283330  19.463  0.203    60   12 o  0   1.73 136.82488  37.50352  4612.95  4839.37 2.16 1.78  33.1 -0.447 19.36 20.35 02a60084o0103o
60088.359604  19.075  0.367    85   31 o  0   1.70 136.82488  37.50352  3367.65  6574.73 2.27 2.21 -11.7 -0.418 18.17 19.62 02a60088o0251o
60093.264725  19.240  0.367    73   27 o  0   1.05 136.82488  37.50352  6557.93  6588.00 2.44 1.89  35.1 -0.433 18.58 19.01 02a60093o0064o
60093.270822  15.983  0.883  1468 1296 o  0   2.02 136.82488  37.50352  6539.78  6548.30 2.42 2.01  22.7 -0.468 15.12 15.16 02a60093o0077o
60093.283928 -16.298  0.711 -1098  781 o  0   3.02 136.82488  37.50352  6618.60  6510.29 2.58 1.89  36.1 -0.452 15.82 16.18 02a60093o0105o
60098.250401  19.256  1.526    72  110 o  0   0.85 136.82488  37.50352  6037.30  1156.05 2.23 1.97 -60.4 -0.430 17.09 16.97 02a60098o0031o
60098.255824  19.266  0.716    71   51 o  0   0.90 136.82488  37.50352  6017.65  1114.96 2.11 1.85 -57.2 -0.462 17.95 18.00 02a60098o0042o
60098.261227  19.186  0.929    77   71 o  0   0.96 136.82488  37.50352  6078.17  1191.07 2.27 1.93 -65.5 -0.452 17.45 17.57 02a60098o0053o
60098.271405  18.298  0.295   174   51 o  0   1.87 136.82488  37.50352  6101.75  1072.81 2.28 1.93 -63.5 -0.425 17.49 17.61 02a60098o0074o
60101.250259 -17.644  0.655  -318  208 o  0   2.08 136.82488  37.50352  8605.46  7024.80 2.32 2.22 -76.1 -0.457 16.59 16.74 02a60101o0026o
60101.255445  18.636  0.377   128   48 o  0   1.42 136.82488  37.50352  8587.62  6984.32 2.31 2.26  52.6 -0.438 17.91 18.40 02a60101o0037o
60101.261535  18.992  0.528    92   48 o  0   0.80 136.82488  37.50352  8646.55  7062.34 2.30 2.27  43.0 -0.438 18.37 19.17 02a60101o0050o
60101.275735  18.431  0.613   154   94 o  0   1.01 136.82488  37.50352  8669.38  6945.69 2.45 2.39  53.3 -0.431 17.28 18.07 02a60101o0081o
60105.252190  20.019  0.969    36   35 c  0   0.96 136.82488  37.50352  4654.44  6672.78 2.80 2.58  30.3 -0.383 18.37 19.29 02a60105o0019c
60105.256036  18.969  0.244    94   23 c  0   1.16 136.82488  37.50352  4636.75  6633.69 2.89 2.62  32.4 -0.380 18.73 19.86 02a60105o0027c
60105.262584  20.436  0.779    24   19 c  0   1.05 136.82488  37.50352  4695.40  6709.30 3.11 2.92  24.8 -0.388 18.91 20.35 02a60105o0041c
60105.274272  20.821  0.978    17   17 c  0   0.97 136.82488  37.50352  4719.04  6592.28 2.84 2.56  30.4 -0.374 19.05 20.46 02a60105o0066c
60109.252662  19.808  1.370    43   59 c  0   0.85 136.82488  37.50352  8320.95  9252.34 2.92 2.75 -48.2 -0.394 18.09 19.05 02a60109o0020c
60109.256008  18.718  0.320   118   38 c  0   1.23 136.82488  37.50352  8302.16  9211.81 2.88 2.70 -44.9 -0.391 18.50 19.63 02a60109o0027c
60109.262995  19.458  0.317    60   19 c  0   1.20 136.82488  37.50352  8360.67  9291.27 2.95 2.77 -49.0 -0.377 18.98 20.32 02a60109o0042c
