MJD          m      dm   uJy   duJy F err chi/N     RA       Dec        x        y     maj  min   phi  apfit mag5sig Sky   Obs
59684.400917  20.178  2.023    31   62 o  0   1.34 145.70092  -3.60707  7703.71  8307.95 2.60 2.13  33.9 -0.434 18.28 18.52 02a59684o0358o
59684.404120 -20.251  2.244   -29   65 o  0   1.31 145.70092  -3.60707  7684.83  8268.34 2.61 2.14  36.6 -0.437 18.31 18.50 02a59684o0365o
59684.409652  19.760  1.742    45   79 o  0   0.87 145.70092  -3.60707  7742.82  8346.70 2.46 2.14  35.8 -0.448 18.31 18.46 02a59684o0377o
59684.439048  20.121  3.721    32  121 o  0   0.91 145.70092  -3.60707  7754.25  8230.73 2.74 2.21  33.0 -0.435 18.00 18.20 02a59684o0440o
59687.142787  21.670  2.587     8   20 o  0   1.23 145.70092  -3.60707  2763.19  3895.54 1.93 1.82 -83.7 -0.415 18.66 19.26 04a59687o0407o
59687.147807 -20.549  0.914   -22   20 o  0   1.20 145.70092  -3.60707  2781.85  3933.12 1.93 1.83  86.8 -0.407 18.67 19.23 04a59687o0418o
59687.150993  21.301  2.362    11   26 o  0   0.81 145.70092  -3.60707  2723.60  3854.36 1.94 1.82  85.0 -0.416 18.66 19.21 04a59687o0425o
59687.161489  21.843  2.938     7   20 o  0   1.13 145.70092  -3.60707  2700.61  3969.50 1.91 1.82  80.2 -0.411 18.65 19.13 04a59687o0448o
59688.300435  23.145  7.000     2   14 o  0   1.34 145.70092  -3.60707  7705.51  8306.29 2.59 2.23  38.2 -0.441 19.28 20.52 02a59688o0167o
59688.303633 -20.535  0.641   -22   14 o  0   1.25 145.70092  -3.60707  7686.50  8267.61 2.60 2.21  41.4 -0.431 19.27 20.44 02a59688o0174o
59688.310512 -20.592  0.819   -21   17 o  0   1.18 145.70092  -3.60707  7745.43  8345.60 2.52 2.16  42.0 -0.439 19.17 20.07 02a59688o0189o
59688.323516 -20.243  0.809   -29   24 o  0   0.90 145.70092  -3.60707  7767.98  8232.94 2.52 2.10  40.7 -0.443 18.89 19.55 02a59688o0217o
59690.341162  19.928  0.371    39   14 o  0   1.04 145.70092  -3.60707  8637.31  1917.49 2.64 2.53 -65.6 -0.503 19.35 20.78 01a59690o0268o
59690.344351 -22.136  2.517    -5   13 o  0   1.02 145.70092  -3.60707  8657.32  1956.96 2.63 2.56 -75.5 -0.494 19.31 20.74 01a59690o0275o
59690.349846 -21.313  1.286   -11   14 o  0   1.18 145.70092  -3.60707  8598.45  1880.11 2.74 2.53 -61.7 -0.509 19.26 20.73 01a59690o0287o
59690.362667 -21.201  0.985   -12   12 o  0   1.57 145.70092  -3.60707  8581.26  2000.06 2.70 2.56 -65.3 -0.494 19.29 20.71 01a59690o0315o
59691.077086 -22.917  5.267    -2   13 o  0   1.36 145.70092  -3.60707  3024.40  9734.09 2.75 2.08 -78.7 -0.386 19.26 20.64 04a59691o0193o
59691.080239  20.741  0.784    18   14 o  0   1.51 145.70092  -3.60707  3044.33  9770.61 2.86 2.21 -76.2 -0.379 19.25 20.61 04a59691o0200o
59691.086120 -20.370  0.480   -26   12 o  0   1.51 145.70092  -3.60707  2988.64  9687.69 2.78 2.19 -78.3 -0.377 19.20 20.64 04a59691o0213o
59691.096986  19.841  0.340    42   14 o  0   0.89 145.70092  -3.60707  2970.43  9799.12 2.80 2.05 -75.6 -0.383 19.31 20.59 04a59691o0237o
59692.312312  20.461  0.487    24   12 c  0   0.92 145.70092  -3.60707  5835.79  4817.37 2.71 2.35  41.0 -0.398 19.44 21.29 02a59692o0093c
59692.315509  19.874  0.252    41   10 c  0   1.33 145.70092  -3.60707  5817.35  4778.26 2.71 2.36  39.6 -0.394 19.43 21.28 02a59692o0100c
59692.321923  20.228  0.349    29   10 c  0   1.30 145.70092  -3.60707  5875.61  4857.94 2.73 2.37  42.3 -0.393 19.41 21.24 02a59692o0114c
59692.332946  19.636  0.206    51   10 c  0   1.28 145.70092  -3.60707  5897.39  4742.60 2.66 2.31  40.9 -0.401 19.46 21.29 02a59692o0138c
59694.311123  18.085  0.071   212   15 o  0   1.12 145.70092  -3.60707  8630.99  1914.71 2.72 2.61 -66.9 -0.494 19.35 20.77 01a59694o0197o
59694.314335  18.067  0.063   215   14 o  0   1.52 145.70092  -3.60707  8651.84  1954.23 2.68 2.59 -58.9 -0.498 19.34 20.76 01a59694o0204o
59694.319825  18.092  0.065   210   14 o  0   1.48 145.70092  -3.60707  8593.56  1877.54 2.69 2.56 -57.0 -0.507 19.36 20.77 01a59694o0216o
59694.330359  18.033  0.071   222   16 o  0   0.82 145.70092  -3.60707  8576.61  1997.26 2.78 2.63 -60.8 -0.493 19.33 20.79 01a59694o0239o
59695.051441  17.297  0.036   438   16 o  0   1.37 145.70092  -3.60707  3017.61  9745.42 2.69 2.07 -74.4 -0.392 19.25 20.61 04a59695o0216o
59695.054799  17.379  0.043   406   17 o  0   1.39 145.70092  -3.60707  3038.48  9782.39 2.79 2.22 -76.6 -0.376 19.23 20.52 04a59695o0223o
59695.059909  17.364  0.035   412   15 o  0   1.63 145.70092  -3.60707  2981.79  9700.73 2.74 2.10 -75.9 -0.386 19.22 20.50 04a59695o0234o
59695.070480  17.329  0.042   425   18 o  0   1.06 145.70092  -3.60707  2964.93  9811.03 2.70 2.00 -74.4 -0.405 19.19 20.48 04a59695o0257o
59696.284478  16.736  0.018   734   13 c  0   2.21 145.70092  -3.60707  5835.52  4812.42 2.60 2.28  39.2 -0.403 19.51 21.35 02a59696o0122c
59696.288135  16.734  0.018   735   14 c  0   2.25 145.70092  -3.60707  5816.50  4773.63 2.65 2.32  40.5 -0.399 19.49 21.34 02a59696o0130c
59696.294110  16.726  0.018   741   13 c  0   1.55 145.70092  -3.60707  5873.25  4852.65 2.62 2.30  40.3 -0.403 19.44 21.32 02a59696o0143c
59696.307959  16.705  0.018   755   14 c  0   2.48 145.70092  -3.60707  5894.68  4737.11 2.57 2.28  42.5 -0.403 19.48 21.29 02a59696o0173c
59698.305794  15.976  0.021  1478   31 o  0   0.92 145.70092  -3.60707  6685.81  2061.08 2.59 2.53 -79.0 -0.494 18.70 19.97 01a59698o0178o
59698.309018  16.005  0.019  1439   28 o  0   2.45 145.70092  -3.60707  6707.18  2099.79 2.58 2.50 -70.7 -0.502 18.74 20.03 01a59698o0185o
59698.315926  15.988  0.017  1462   24 o  0   2.53 145.70092  -3.60707  6648.20  2024.59 2.61 2.55 -86.6 -0.488 18.87 20.21 01a59698o0200o
59698.328844  16.010  0.023  1432   33 o  0   1.15 145.70092  -3.60707  6632.41  2143.06 2.60 2.54 -76.1 -0.492 18.70 20.06 01a59698o0228o
59699.033361  15.785  0.011  1762   20 o  0   5.70 145.70092  -3.60707  7110.69  6155.47 2.34 1.96 -26.0 -0.428 19.25 20.68 04a59699o0185o
59699.036085  15.779  0.011  1772   20 o  0   3.29 145.70092  -3.60707  7131.44  6192.97 2.28 1.95 -27.2 -0.429 19.28 20.73 04a59699o0191o
59699.042042  15.817  0.011  1711   19 o  0   6.67 145.70092  -3.60707  7075.76  6110.76 2.22 1.87 -29.0 -0.435 19.30 20.64 04a59699o0204o
59699.052198  15.774  0.012  1780   21 o  0   3.06 145.70092  -3.60707  7059.27  6220.56 2.28 1.96 -24.9 -0.420 19.27 20.68 04a59699o0226o
59700.281795  15.491  0.050  2309  114 c  0   0.65 145.70092  -3.60707  5920.57  6744.44 2.75 2.42  38.1 -0.397 17.23 18.72 02a59700o0116c
59700.285008  15.675  0.051  1950   99 c  0   1.23 145.70092  -3.60707  5901.65  6705.83 2.69 2.38  39.3 -0.399 17.30 18.79 02a59700o0123c
59700.290527  15.735  0.164  1844  303 c  0   1.31 145.70092  -3.60707  5959.57  6783.11 2.75 2.39  41.0 -0.403 16.25 17.63 02a59700o0135c
59700.790254  15.442  0.008  2416   20 o  0   7.02 145.70092  -3.60707   849.83  7797.17 2.52 2.15 -39.0 -0.410 19.53 20.97 03a59701o0208o
59700.793701  15.469  0.008  2358   20 o  0   7.57 145.70092  -3.60707   868.36  7837.64 2.48 2.19 -35.5 -0.403 19.51 20.97 03a59701o0215o
59700.799735  15.458  0.008  2381   19 o  0   6.71 145.70092  -3.60707   810.48  7759.50 2.43 2.13 -37.4 -0.408 19.56 21.02 03a59701o0228o
59700.809791  15.437  0.008  2429   20 o  0   6.44 145.70092  -3.60707   784.92  7875.93 2.53 2.18 -39.9 -0.403 19.53 21.10 03a59701o0249o
59704.268340  15.133  0.008  3212   26 c  0   8.04 145.70092  -3.60707  5927.47  6748.84 2.81 2.44  33.6 -0.398 18.86 20.38 02a59704o0083c
59704.277051  14.973  0.234  3724  870 c  0   0.97 145.70092  -3.60707  5965.88  6787.76 2.88 2.55  39.7 -0.372 16.94 18.47 02a59704o0102c
59704.295849  15.316  0.072  2715  197 c  0   1.17 145.70092  -3.60707  5988.39  6674.02 2.78 2.41  37.1 -0.391 16.69 18.05 02a59704o0143c
59707.027671  14.997  0.111  3642  405 o  0   1.02 145.70092  -3.60707  7277.58  9990.24 2.84 2.63 -83.3 -0.295 15.48 16.26 04a59707o0181o
59707.038566  14.692  0.370  4822 1783 o  0   1.20 145.70092  -3.60707  7261.07 10100.99 2.95 2.82 -84.0 -0.358 14.03 14.77 04a59707o0205o
59710.273178  15.138  0.044  3197  141 o  0   1.21 145.70092  -3.60707  8894.38  4047.65 2.99 2.83 -75.8 -0.464 16.86 16.89 01a59710o0089o
59710.276399  15.172  0.057  3100  177 o  0   1.13 145.70092  -3.60707  8915.37  4086.62 3.05 2.92 -73.6 -0.454 16.75 16.80 01a59710o0096o
59710.286156  15.236  0.035  2921  103 o  0   1.41 145.70092  -3.60707  8853.07  4010.74 2.88 2.77 -76.7 -0.465 17.12 17.14 01a59710o0117o
59710.296384  15.132  0.030  3216   95 o  0   1.47 145.70092  -3.60707  8838.86  4131.00 3.07 2.78 -64.7 -0.479 17.33 17.49 01a59710o0139o
59711.087007  15.140  0.012  3192   38 o  0   5.55 145.70092  -3.60707  7323.18 10003.33 2.65 2.31 -60.0 -0.332 18.39 18.69 04a59711o0313o
59711.089799  15.187  0.015  3057   44 o  0   4.44 145.70092  -3.60707  7341.63 10042.27 2.66 2.33 -75.7 -0.327 18.12 18.27 04a59711o0319o
59711.097119  15.122  0.041  3246  132 o  0   1.20 145.70092  -3.60707  7281.39  9963.15 2.74 2.48 -69.2 -0.312 16.86 17.26 04a59711o0335o
59711.108032  15.066  0.137  3418  469 o  0   0.76 145.70092  -3.60707  7258.24 10075.99 2.70 2.32 -74.5 -0.367 16.12 15.95 04a59711o0357o
59714.312613  15.392  0.015  2530   37 o  0   1.29 145.70092  -3.60707  9348.76  9888.99 3.01 2.81  68.0 -0.430 18.52 19.00 01a59714o0179o
59714.318134  15.376  0.014  2568   36 o  0   1.40 145.70092  -3.60707  9368.86  9929.82 3.05 2.89  82.5 -0.422 18.42 18.96 01a59714o0191o
59714.322276  15.385  0.016  2546   42 o  0   1.41 145.70092  -3.60707  9307.44  9853.84 3.25 2.72  49.0 -0.431 18.25 18.66 01a59714o0200o
59714.334257  15.391  0.018  2533   45 o  0   0.87 145.70092  -3.60707  9289.21  9974.24 3.06 2.86  74.7 -0.432 18.28 18.73 01a59714o0226o
59715.018371  15.425  0.014  2456   34 o  0   3.08 145.70092  -3.60707  2908.50  2267.32 2.34 2.10  57.2 -0.415 18.37 18.81 04a59715o0170o
59715.021525  15.443  0.014  2413   33 o  0   1.86 145.70092  -3.60707  2928.67  2303.67 2.22 2.05  70.6 -0.431 18.40 18.83 04a59715o0177o
59715.026972  15.423  0.014  2460   35 o  0   2.73 145.70092  -3.60707  2872.19  2221.76 2.25 2.07  61.9 -0.426 18.37 18.76 04a59715o0189o
59715.040996  15.401  0.013  2510   34 o  0   3.05 145.70092  -3.60707  2854.26  2331.62 2.21 2.08  71.1 -0.423 18.40 18.73 04a59715o0220o
59716.307259  15.461  0.016  2376   37 o  0   2.02 145.70092  -3.60707 10197.14  8727.67 2.29 2.21 -19.4 -0.421 18.76 19.16 02a59716o0163o
59716.310458  15.512  0.015  2265   33 o  0   2.78 145.70092  -3.60707 10178.33  8687.88 2.24 2.15 -17.7 -0.429 18.77 19.13 02a59716o0170o
59716.317319  15.474  0.015  2346   36 o  0   3.10 145.70092  -3.60707 10236.78  8767.05 2.27 2.15 -14.6 -0.465 18.70 19.07 02a59716o0185o
59716.328740  15.494  0.014  2303   33 o  0   4.91 145.70092  -3.60707 10256.00  8650.05 2.30 2.15  -2.9 -0.428 18.61 18.97 02a59716o0210o
59719.076047  15.755  0.013  1811   23 o  0   2.51 145.70092  -3.60707  2920.43  2244.57 2.47 2.25  54.8 -0.406 18.98 20.07 04a59719o0196o
59719.078900  15.744  0.014  1830   25 o  0   2.59 145.70092  -3.60707  2939.26  2282.58 2.48 2.28  56.1 -0.408 18.92 20.02 04a59719o0202o
59719.083970  15.763  0.014  1798   25 o  0   1.83 145.70092  -3.60707  2878.72  2204.97 2.59 2.42  50.6 -0.391 18.84 19.94 04a59719o0213o
59719.093686  15.770  0.013  1786   24 o  0   2.30 145.70092  -3.60707  2855.62  2321.89 2.54 2.32  56.9 -0.386 18.79 19.81 04a59719o0234o
59720.288400  16.399  0.016  1001   16 c  0   2.55 145.70092  -3.60707 10200.05  8727.77 2.77 2.58  19.9 -0.386 19.52 21.02 02a59720o0117c
59720.293899  16.378  0.016  1021   16 c  0   2.57 145.70092  -3.60707 10179.17  8689.14 2.81 2.56  19.1 -0.389 19.51 21.01 02a59720o0129c
59720.299389  16.361  0.015  1036   16 c  0   2.23 145.70092  -3.60707 10237.82  8766.81 2.79 2.59  16.4 -0.385 19.49 21.00 02a59720o0141c
59720.312185  16.412  0.015   989   15 c  0   2.69 145.70092  -3.60707 10258.28  8649.57 2.73 2.55   6.3 -0.384 19.46 20.95 02a59720o0169c
59724.747931  16.245  0.014  1153   16 o  0   2.23 145.70092  -3.60707  2834.31  9702.05 2.49 2.30 -42.8 -0.413 19.36 20.66 03a59725o0125o
59724.751390  16.253  0.015  1145   18 o  0   1.82 145.70092  -3.60707  2853.12  9741.93 2.45 2.20 -33.7 -0.412 19.39 20.65 03a59725o0132o
59724.757448  16.256  0.016  1142   18 o  0   1.64 145.70092  -3.60707  2796.69  9663.22 2.45 2.20 -22.1 -0.438 19.36 20.61 03a59725o0145o
59724.768759  16.258  0.015  1140   17 o  0   2.11 145.70092  -3.60707  2772.89  9780.35 2.46 2.27 -41.7 -0.413 19.39 20.69 03a59725o0169o
59726.986435  16.443  0.017   961   16 o  0   2.33 145.70092  -3.60707  4779.92  5745.76 2.17 1.99 -46.0 -0.397 19.27 20.60 04a59727o0105o
59726.989647  16.447  0.017   958   16 o  0   1.93 145.70092  -3.60707  4799.49  5781.75 2.16 1.98 -47.6 -0.401 19.29 20.61 04a59727o0112o
59726.995377  16.421  0.015   981   15 o  0   3.41 145.70092  -3.60707  4742.68  5702.26 2.14 1.90 -55.1 -0.407 19.37 20.67 04a59727o0124o
59727.005432  16.437  0.024   966   24 o  0   1.70 145.70092  -3.60707  4723.87  5812.77 2.19 1.92 -52.0 -0.396 18.64 19.87 04a59727o0146o
59728.722852  16.557  0.023   865   20 o  0   1.51 145.70092  -3.60707  6993.34  6229.61 2.68 2.62  32.7 -0.470 19.13 20.36 03a59729o0089o
59728.725626  16.580  0.022   847   19 o  0   1.82 145.70092  -3.60707  7011.07  6269.07 2.58 2.55 -89.5 -0.465 19.21 20.40 03a59729o0095o
59728.731577  16.536  0.021   882   19 o  0   1.68 145.70092  -3.60707  6953.23  6190.19 2.56 2.53 -49.9 -0.460 19.21 20.44 03a59729o0108o
59736.708342  16.977  0.038   588   22 o  0   1.24 145.70092  -3.60707  7095.57 10104.69 2.40 2.24 -61.6 -0.409 18.78 19.29 03a59737o0060o
59736.711529  17.027  0.046   561   26 o  0   1.03 145.70092  -3.60707  7113.54 10144.53 2.51 2.37 -60.2 -0.403 18.79 19.42 03a59737o0067o
59736.717957  17.168  0.047   493   23 o  0   1.06 145.70092  -3.60707  7057.59 10064.20 2.45 2.27 -60.7 -0.404 18.85 19.52 03a59737o0081o
59736.728972  17.119  0.038   516   20 o  0   1.71 145.70092  -3.60707  7035.36 10181.02 2.47 2.35 -61.3 -0.423 18.85 19.54 03a59737o0105o
59740.252278  17.336  0.119   422   50 o  0   1.08 145.70092  -3.60707  7777.06  4733.92 2.44 2.10  32.8 -0.417 17.92 17.97 02a59740o0030o
59740.255479  17.082  0.073   534   39 o  0   0.73 145.70092  -3.60707  7757.67  4695.18 2.52 2.20  31.8 -0.414 18.34 18.61 02a59740o0037o
59740.262793  17.249  0.055   457   25 o  0   1.18 145.70092  -3.60707  7815.46  4772.49 2.59 2.36  35.9 -0.408 18.68 19.23 02a59740o0053o
59740.273319  17.264  0.055   451   25 o  0   1.11 145.70092  -3.60707  7834.34  4655.86 2.66 2.28  32.8 -0.402 18.71 19.28 02a59740o0076o
59743.013765  17.426  0.061   389   24 o  0   1.63 145.70092  -3.60707  4887.99  7692.62 2.57 2.07 -69.8 -0.394 18.53 19.02 04a59743o0164o
59743.019759  17.459  0.066   377   25 o  0   1.15 145.70092  -3.60707  4827.90  7615.21 2.61 2.09 -72.7 -0.372 18.51 18.96 04a59743o0177o
59743.030842  17.414  0.075   393   30 o  0   1.06 145.70092  -3.60707  4802.61  7733.20 2.56 2.04 -75.0 -0.379 18.43 18.87 04a59743o0201o
59750.997652  17.817  0.075   271   20 o  0   1.16 145.70092  -3.60707   418.42  1836.64 3.29 2.23  45.7 -0.405 19.01 20.26 04a59751o0129o
59751.000423  17.714  0.069   298   20 o  0   1.55 145.70092  -3.60707   437.54  1876.15 3.53 2.36  45.0 -0.400 18.96 20.26 04a59751o0135o
59751.006856  17.972  0.101   235   24 o  0   0.99 145.70092  -3.60707   375.81  1798.35 3.64 2.60  45.5 -0.384 18.91 20.25 04a59751o0149o
59751.017413  17.947  0.113   241   27 o  0   0.92 145.70092  -3.60707   352.26  1917.14 3.75 2.58  47.0 -0.357 18.77 20.10 04a59751o0172o
59766.956514 -19.404  2.009   -63  126 o  0   0.88 145.70092  -3.60707  4842.66  2140.76 2.78 2.65 -11.6 -0.404 16.86 16.81 04a59767o0032o
59766.959695  18.643  0.561   127   71 o  0   0.96 145.70092  -3.60707  4861.36  2182.01 2.77 2.69  75.4 -0.421 17.43 17.67 04a59767o0039o
59766.968850  18.621  0.254   129   33 o  0   1.21 145.70092  -3.60707  4799.84  2106.03 2.89 2.72  -0.9 -0.402 18.22 19.02 04a59767o0059o
59766.980778  18.371  0.160   163   26 o  0   1.07 145.70092  -3.60707  4773.11  2226.37 2.66 2.55   7.9 -0.385 18.46 19.40 04a59767o0085o
59862.612100  20.190  1.113    30   34 o  0   0.88 145.70092  -3.60707  8138.38  6688.72 2.80 2.66  28.9 -0.395 18.29 18.55 01a59862o0708o
59862.630575  22.484  8.696     4   32 o  0   0.99 145.70092  -3.60707  8125.33  6644.10 2.85 2.64  35.8 -0.386 18.32 18.66 01a59862o0748o
59862.633808  20.012  0.831    36   30 o  0   1.17 145.70092  -3.60707  8183.67  6721.79 2.74 2.58  28.5 -0.406 18.33 18.54 01a59862o0755o
59862.640280  19.234  0.870    74   64 o  0   0.90 145.70092  -3.60707  8206.30  6602.85 2.81 2.50 -55.8 -0.454 17.78 17.54 01a59862o0769o
59881.083464  21.100  1.577    13   21 o  0   0.89 145.70092  -3.60707  1394.64   484.04 2.25 2.08 -60.8 -0.429 18.74 19.72 03a59881o0750o
59881.088974  20.925  1.278    16   20 o  0   1.29 145.70092  -3.60707  1378.08   440.98 2.18 1.98 -41.3 -0.447 18.94 19.89 03a59881o0762o
59881.102776 -20.931 11.818   -15  182 o  0   1.15 145.70092  -3.60707  1436.95   517.93 2.22 2.02 -54.0 -0.437 17.01 17.98 03a59881o0791o
59881.111220  19.277  0.300    71   21 o  0   1.24 145.70092  -3.60707  1459.59   398.71 2.28 2.10 -71.4 -0.429 18.86 19.47 03a59881o0809o
59884.620254  21.550  1.317     9   12 c  0   0.81 145.70092  -3.60707  2858.29  2253.05 2.50 2.27  40.4 -0.409 19.40 20.87 02a59884o0929c
59884.628068  20.899  0.788    16   12 c  0   0.96 145.70092  -3.60707  2877.72  2292.25 2.48 2.24  43.8 -0.412 19.43 20.87 02a59884o0945c
59884.639564  21.444  1.125    10   11 c  0   1.37 145.70092  -3.60707  2822.71  2213.63 2.46 2.26  36.8 -0.410 19.37 20.78 02a59884o0970c
59884.646561  21.872  2.696     6   18 c  0   0.88 145.70092  -3.60707  2801.92  2331.88 2.55 2.30  44.7 -0.407 18.99 20.09 02a59884o0984c
59890.609739  19.258  0.275    72   20 o  0   1.22 145.70092  -3.60707  1843.23  8676.04 2.44 2.30  63.1 -0.444 18.95 19.39 01a59890o0913o
59890.615285 -21.208  1.622   -12   19 o  0   1.30 145.70092  -3.60707  1825.40  8635.98 2.44 2.34  69.5 -0.443 18.97 19.48 01a59890o0925o
59890.639848 -20.070  0.509   -34   17 o  0   1.23 145.70092  -3.60707  1911.63  8594.48 2.57 2.34  59.9 -0.428 19.12 19.76 01a59890o0978o
59891.301143  18.832  1.625   106  173 o  0   1.56 145.70092  -3.60707  7589.92   847.08 2.32 2.16 -34.3 -0.411 16.21 15.76 04a59891o0620o
59891.304295  18.132  1.285   203  261 o  0   1.40 145.70092  -3.60707  7569.66   808.35 2.28 2.11 -36.7 -0.429 15.72 15.29 04a59891o0627o
59891.310641 -20.047 13.220   -35  460 o  0   0.85 145.70092  -3.60707  7626.42   886.38 2.22 2.06 -69.2 -0.470 15.71 15.44 04a59891o0641o
59891.331561  20.674  7.185    20  140 o  0   0.92 145.70092  -3.60707  7640.77   769.51 2.32 2.19 -58.3 -0.430 17.26 17.24 04a59891o0687o
59894.561659 -20.772  1.135   -18   20 o  0   1.40 145.70092  -3.60707  1838.38  8679.29 2.62 2.55  77.2 -0.413 18.92 19.56 01a59894o0816o
59894.565813  22.786  7.476     3   21 o  0   0.83 145.70092  -3.60707  1821.11  8640.40 2.52 2.46  87.3 -0.430 18.98 19.59 01a59894o0825o
59894.571354 -23.970 19.857    -1   19 o  0   1.03 145.70092  -3.60707  1880.79  8718.37 2.58 2.46  71.5 -0.423 18.97 19.62 01a59894o0837o
59894.581669 -21.808  3.000    -7   21 o  0   1.15 145.70092  -3.60707  1906.60  8601.73 2.58 2.39  61.4 -0.417 19.01 19.67 01a59894o0858o
59898.574165  20.457  0.680    24   16 o  0   1.22 145.70092  -3.60707  3787.69  8585.84 2.53 2.35  53.8 -0.407 19.08 19.75 01a59898o0840o
59898.576936  21.094  1.240    13   16 o  0   1.06 145.70092  -3.60707  3769.88  8547.81 2.64 2.36  51.1 -0.390 19.11 19.76 01a59898o0846o
59898.608775  21.880  2.415     6   16 o  0   1.36 145.70092  -3.60707  3836.04  8618.15 2.53 2.37  53.3 -0.404 19.14 19.80 01a59898o0912o
59898.614830  20.647  0.856    20   17 o  0   0.88 145.70092  -3.60707  3857.81  8501.51 2.57 2.49  46.8 -0.407 19.06 19.82 01a59898o0925o
59898.650045  19.951  0.595    38   23 o  0   1.26 145.70092  -3.60707  3823.10  8550.47 2.63 2.48  40.2 -0.400 18.74 19.15 01a59898o0997o
59906.570254  21.151  0.812    13   10 c  0   1.14 145.70092  -3.60707  1631.67  6536.52 3.32 3.09  38.0 -0.340 19.53 21.45 01a59906o0830c
59906.580166 -21.459  1.125   -10   11 c  0   0.96 145.70092  -3.60707  1614.51  6495.99 3.49 3.23  22.1 -0.328 19.50 21.46 01a59906o0851c
59906.595137  20.978  0.605    15    9 c  0   1.17 145.70092  -3.60707  1676.75  6572.83 3.51 3.19  14.9 -0.330 19.51 21.50 01a59906o0882c
59906.600218  22.200  2.160     5   10 c  0   1.02 145.70092  -3.60707  1698.62  6455.78 3.45 3.18  15.5 -0.334 19.53 21.50 01a59906o0893c
59908.599191  21.473  1.141     9   11 o  0   1.42 145.70092  -3.60707  4833.81  7680.16 2.05 2.03 -43.0 -0.440 19.48 20.69 02a59908o0904o
59908.602354 -22.963  4.000    -2   10 o  0   1.48 145.70092  -3.60707  4853.24  7718.77 1.99 1.95  -6.0 -0.446 19.54 20.69 02a59908o0911o
59908.607782 -21.255  0.822   -11    9 o  0   1.66 145.70092  -3.60707  4793.97  7641.17 2.01 1.98 -37.1 -0.453 19.50 20.65 02a59908o0923o
59908.626789  22.634  4.111     3   13 o  0   0.78 145.70092  -3.60707  4774.87  7758.01 2.14 2.10 -45.5 -0.445 19.50 20.76 02a59908o0965o
59915.287334 -22.533  3.107    -4   11 o  0   1.58 145.70092  -3.60707  7724.38  8310.84 2.23 2.02 -59.1 -0.430 19.40 20.69 04a59915o0591o
59915.290496 -21.205  0.990   -12   12 o  0   1.53 145.70092  -3.60707  7705.03  8272.16 2.10 1.85 -16.1 -0.429 19.43 20.70 04a59915o0598o
59915.296354 -21.270  1.160   -11   13 o  0   1.06 145.70092  -3.60707  7763.57  8349.15 2.20 2.02 -47.0 -0.417 19.42 20.74 04a59915o0611o
59915.307788  20.854  0.863    16   14 o  0   0.98 145.70092  -3.60707  7782.54  8232.52 2.13 1.90 -26.6 -0.412 19.41 20.73 04a59915o0636o
59917.078717 -17.025  0.752  -562  423 o  0   1.42 145.70092  -3.60707  7801.49  6670.48 2.75 2.50 -45.0 -0.421 15.73 16.97 03a59917o0688o
59917.092365  20.666  4.667    20   92 o  0   1.36 145.70092  -3.60707  7821.90  6556.73 2.88 2.61 -50.5 -0.400 16.89 17.47 03a59917o0718o
59919.302978 -22.193  3.700    -5   18 o  0   1.60 145.70092  -3.60707  7716.24  8306.83 2.13 1.84 -12.3 -0.414 18.94 19.64 04a59919o0630o
59919.306132  19.540  0.316    56   18 o  0   0.97 145.70092  -3.60707  7697.01  8267.62 2.16 1.82 -10.3 -0.421 18.98 19.66 04a59919o0637o
59919.311995  20.160  0.655    31   20 o  0   0.91 145.70092  -3.60707  7756.64  8345.43 2.08 1.80 -13.3 -0.425 19.02 19.74 04a59919o0650o
59919.321999  20.726  0.850    19   16 o  0   1.87 145.70092  -3.60707  7777.10  8228.73 2.07 1.92 -34.8 -0.412 19.09 19.88 04a59919o0672o
59919.356155  20.291  1.190    28   33 o  0   1.13 145.70092  -3.60707  7751.89  8283.07 2.08 1.79 -23.3 -0.398 18.41 18.49 04a59919o0745o
59921.022562  20.394  1.256    25   32 o  0   1.03 145.70092  -3.60707  7617.28   817.46 2.91 2.70 -45.1 -0.393 18.32 18.84 03a59921o0564o
59921.025717 -21.355  2.577   -10   27 o  0   1.47 145.70092  -3.60707  7598.92   778.68 2.85 2.69 -35.4 -0.410 18.27 18.87 03a59921o0571o
59921.031143 -19.739  0.620   -46   29 o  0   0.88 145.70092  -3.60707  7654.56   857.95 2.84 2.63 -37.2 -0.381 18.36 18.92 03a59921o0583o
59921.040980 -23.366 16.083    -2   26 o  0   1.15 145.70092  -3.60707  7678.87   740.36 2.41 2.22 -31.7 -0.399 18.56 18.96 03a59921o0604o
59923.288601  20.657  1.088    20   22 o  0   1.28 145.70092  -3.60707  5835.52  4829.00 2.08 1.91 -54.8 -0.426 18.61 19.09 04a59923o0598o
59923.291774  20.818  1.165    17   20 o  0   0.97 145.70092  -3.60707  5817.60  4790.68 1.96 1.79 -38.8 -0.431 18.69 19.10 04a59923o0605o
59923.311118  21.003  1.429    14   21 o  0   1.51 145.70092  -3.60707  5896.13  4751.48 2.04 1.84 -48.3 -0.428 18.68 19.14 04a59923o0647o
59927.310713  19.167  0.262    78   20 o  0   1.72 145.70092  -3.60707  5836.38  4826.67 2.07 1.87 -57.1 -0.427 18.51 18.91 04a59927o0629o
59927.316208  22.341  5.675     4   24 o  0   0.95 145.70092  -3.60707  5820.19  4787.19 2.04 1.84 -48.5 -0.443 18.58 18.91 04a59927o0640o
59927.319487  23.570 17.000     1   23 o  0   0.99 145.70092  -3.60707  5879.30  4864.20 2.04 1.85 -44.0 -0.436 18.57 18.92 04a59927o0647o
59927.341491  20.105  0.844    33   28 o  0   0.93 145.70092  -3.60707  5909.74  4746.58 2.05 1.82 -38.8 -0.443 18.57 18.90 04a59927o0693o
59928.484472 -21.256  1.821   -11   21 o  0   0.78 145.70092  -3.60707  9019.47  6045.53 2.30 2.00  29.5 -0.426 19.01 19.71 02a59928o0651o
59928.516949  20.489  0.659    23   15 o  0   1.39 145.70092  -3.60707  9040.08  6084.26 2.20 1.98  30.1 -0.433 19.11 19.82 02a59928o0722o
59928.518757  21.340  1.489    11   16 o  0   1.62 145.70092  -3.60707  8981.40  6005.92 2.24 1.96  30.4 -0.429 19.12 19.82 02a59928o0726o
59928.522842  20.985  1.016    15   15 o  0   1.27 145.70092  -3.60707  8962.27  6121.29 2.24 1.97  31.6 -0.429 19.16 19.86 02a59928o0735o
59928.666773  20.326  1.288    27   35 o  0   0.76 145.70092  -3.60707  1557.38  4490.79 2.46 1.92  32.7 -0.439 18.43 18.73 02a59928o1043o
59931.314140 -21.494  1.271    -9   12 o  0   0.91 145.70092  -3.60707  5947.00  6756.62 2.00 1.83 -41.6 -0.418 19.52 20.91 04a59931o0633o
59931.317298  20.583  0.500    21   11 o  0   1.57 145.70092  -3.60707  5929.19  6717.21 1.99 1.82 -45.0 -0.426 19.54 20.92 04a59931o0640o
59931.327100  21.235  0.979    12   11 o  0   0.73 145.70092  -3.60707  5993.00  6793.83 2.19 1.86 -72.8 -0.434 19.53 20.96 04a59931o0661o
59931.338008  20.753  0.642    18   12 o  0   0.88 145.70092  -3.60707  6019.06  6676.28 1.94 1.76 -52.4 -0.430 19.56 20.91 04a59931o0685o
59935.277292 -22.314  1.649    -4    7 c  0   1.58 145.70092  -3.60707  5932.75  6758.87 2.29 1.96 -60.6 -0.400 19.72 21.69 04a59935o0563c
59935.280444 -21.033  0.541   -14    8 c  0   1.06 145.70092  -3.60707  5915.15  6719.53 2.38 2.10 -58.1 -0.395 19.65 21.68 04a59935o0570c
59935.305157  20.893  0.442    16    7 c  0   1.54 145.70092  -3.60707  5982.16  6794.52 2.40 2.01 -59.3 -0.403 19.70 21.75 04a59935o0623c
59935.311469 -22.347  1.943    -4    8 c  0   1.21 145.70092  -3.60707  6004.49  6678.15 2.36 1.98 -60.3 -0.403 19.72 21.74 04a59935o0637c
59939.292218  23.245  3.800     2    7 c  0   1.40 145.70092  -3.60707  5746.76  2893.53 2.25 2.09 -11.6 -0.389 19.63 21.72 04a59939o0590c
59939.294922  22.047  1.341     6    7 c  0   1.33 145.70092  -3.60707  5728.81  2854.39 2.29 2.11 -12.1 -0.386 19.64 21.73 04a59939o0596c
59939.302576  21.000  0.559    14    8 c  0   0.84 145.70092  -3.60707  5791.93  2931.35 2.28 2.08 -15.9 -0.391 19.66 21.74 04a59939o0611c
59939.307980  21.125  0.670    13    9 c  0   1.10 145.70092  -3.60707  5814.00  2814.21 2.43 2.20 -15.9 -0.384 19.62 21.78 04a59939o0623c
59941.019544 -20.563  0.406   -22    9 o  0   1.30 145.70092  -3.60707  3128.41  6351.54 2.31 2.07 -66.6 -0.399 19.69 21.36 03a59941o0539o
59941.041491  22.048  1.896     6   10 o  0   0.76 145.70092  -3.60707  3109.17  6359.08 2.25 1.97 -56.7 -0.405 19.69 21.31 03a59941o0584o
59941.044651  22.445  2.314     4    9 o  0   0.97 145.70092  -3.60707  3165.04  6444.43 2.15 1.96 -53.6 -0.403 19.76 21.27 03a59941o0591o
59941.050971  21.895  1.250     6    8 o  0   1.51 145.70092  -3.60707  3186.49  6343.25 2.26 1.97 -56.7 -0.395 19.71 21.25 03a59941o0605o
59943.286568 -21.509  0.899    -9    8 c  0   0.83 145.70092  -3.60707  5746.47  2890.64 2.19 1.98 -14.8 -0.402 19.67 21.65 04a59943o0564c
59943.288369 -22.212  1.767    -5    8 c  0   0.96 145.70092  -3.60707  5727.20  2851.64 2.13 1.95 -15.6 -0.404 19.69 21.64 04a59943o0568c
59943.298652  21.102  0.655    13    9 c  0   0.90 145.70092  -3.60707  5792.43  2928.95 2.15 1.97 -17.5 -0.396 19.70 21.66 04a59943o0590c
59943.310306  22.299  1.829     4    8 c  0   1.24 145.70092  -3.60707  5820.72  2808.76 2.13 1.89 -15.9 -0.406 19.68 21.63 04a59943o0614c
59944.941579  21.292  1.529    11   17 o  0   1.34 145.70092  -3.60707  3574.05  3848.86 3.00 2.72 -39.3 -0.396 18.91 20.19 03a59945o0363o
59944.943381  21.428  1.813    10   18 o  0   1.04 145.70092  -3.60707  3554.10  3812.45 3.00 2.63 -13.4 -0.366 18.91 20.22 03a59945o0367o
59944.947436 -21.508  1.938    -9   18 o  0   0.89 145.70092  -3.60707  3609.22  3895.96 2.83 2.54 -14.0 -0.380 18.99 20.22 03a59945o0376o
59944.960811  20.943  1.011    15   15 o  0   1.04 145.70092  -3.60707  3622.64  3797.34 2.56 2.43 -48.6 -0.406 19.13 20.40 03a59945o0405o
59947.216300  20.966  1.725    15   26 o  0   0.86 145.70092  -3.60707 10208.87  8700.69 2.77 2.35  11.2 -0.422 18.96 19.79 04a59947o0392o
59947.234521  21.242  1.672    12   19 o  0   1.15 145.70092  -3.60707 10189.38  8661.78 2.65 2.18   7.1 -0.459 19.02 19.91 04a59947o0431o
59947.236323  20.267  0.703    28   20 o  0   1.29 145.70092  -3.60707 10249.45  8740.12 2.59 2.32   9.4 -0.463 19.03 19.93 04a59947o0435o
59947.240828  20.438  0.842    24   20 o  0   1.54 145.70092  -3.60707 10269.09  8623.29 2.71 2.20   5.9 -0.478 19.04 19.96 04a59947o0445o
59951.242160 -20.254  3.109   -29   89 o  0   1.14 145.70092  -3.60707 10210.09  8699.14 2.52 2.24   5.8 -0.474 17.69 17.72 04a59951o0476o
59951.259990 -17.989  1.006  -231  233 o  0   1.51 145.70092  -3.60707 10196.21  8658.43 2.60 2.35  12.9 -0.488 17.77 17.86 04a59951o0513o
59951.262693 -16.051  1.469 -1379 2025 o  0   1.13 145.70092  -3.60707 10255.87  8737.62 2.78 2.57  -1.4 -0.555 13.49 12.92 04a59951o0519o
59951.267677 -20.645  2.243   -20   45 o  0   1.23 145.70092  -3.60707 10277.32  8620.27 2.46 2.08   0.4 -0.482 18.22 18.23 04a59951o0530o
59956.603209 -21.393  1.761   -10   18 o  0   0.79 145.70092  -3.60707  5673.63   973.91 2.13 1.98 -87.0 -0.443 18.95 19.82 02a59956o0440o
59956.616839 -21.797  2.879    -7   20 o  0   0.63 145.70092  -3.60707  5697.10   857.34 2.18 2.02 -75.8 -0.439 18.92 19.74 02a59956o0470o
59957.072914  22.237  4.237     5   20 o  0   1.48 145.70092  -3.60707  8677.48  1848.57 2.29 1.93 -61.9 -0.425 18.82 19.22 03a59957o0650o
59957.076550 -19.816  0.487   -43   21 o  0   1.19 145.70092  -3.60707  8694.52  1877.10 2.30 1.94 -63.3 -0.423 18.78 19.24 03a59957o0658o
59957.082100 -20.393  0.906   -25   23 o  0   0.95 145.70092  -3.60707  8639.11  1783.82 2.28 1.94 -61.7 -0.443 18.78 19.27 03a59957o0670o
59957.092477 -20.169  0.703   -31   22 o  0   1.14 145.70092  -3.60707  8616.23  1871.15 2.28 1.89 -62.5 -0.424 18.76 19.16 03a59957o0691o
59958.327610  21.181  1.839    12   22 o  0   0.99 145.70092  -3.60707  9063.65  6044.70 2.44 2.04 -87.9 -0.490 18.98 20.10 04a59958o0648o
59958.330357 -20.192  0.669   -30   20 o  0   1.17 145.70092  -3.60707  9085.33  6080.24 2.41 2.11  84.3 -0.469 18.93 20.07 04a59958o0654o
59958.333176 -20.330  0.726   -27   20 o  0   1.01 145.70092  -3.60707  9027.78  6000.68 2.36 2.05 -89.7 -0.476 18.97 20.11 04a59958o0659o
59958.342855  21.354  1.923    10   20 o  0   1.21 145.70092  -3.60707  9016.30  6112.17 2.66 2.27  82.0 -0.399 18.95 20.11 04a59958o0678o
59959.232377 -22.064  2.580    -5   14 o  0   0.83 145.70092  -3.60707  1570.95  4541.92 2.15 1.85  68.5 -0.403 19.29 20.47 04a59959o0459o
59959.260734 -20.654  0.718   -20   14 o  0   0.98 145.70092  -3.60707  1568.28  4497.71 2.35 1.95  56.5 -0.387 19.25 20.49 04a59959o0519o
59959.265429  23.158  6.500     2   13 o  0   0.80 145.70092  -3.60707  1628.89  4574.89 2.18 1.89  66.7 -0.401 19.32 20.50 04a59959o0529o
59959.269087  22.790  4.308     3   12 o  0   1.16 145.70092  -3.60707  1650.76  4458.07 2.11 1.88  61.9 -0.406 19.33 20.44 04a59959o0537o
59963.185466 -21.027  0.806   -14   11 o  0   1.13 145.70092  -3.60707  5775.90  8411.77 2.52 2.13 -74.6 -0.395 19.43 20.91 04a59963o0359o
59963.187275  21.745  1.667     7   12 o  0   0.95 145.70092  -3.60707  5756.13  8373.50 2.48 2.11 -73.6 -0.413 19.44 20.93 04a59963o0363o
59963.191336  20.905  0.721    16   11 o  0   1.14 145.70092  -3.60707  5815.72  8451.34 2.38 1.98 -69.4 -0.424 19.48 20.95 04a59963o0372o
59963.197649 -21.949  1.696    -6   10 o  0   1.41 145.70092  -3.60707  5836.66  8334.65 2.39 1.98 -73.3 -0.432 19.46 20.94 04a59963o0386o
59964.521437  23.522 10.000     1   14 o  0   1.06 145.70092  -3.60707 10145.71  6914.16 2.64 2.53  59.5 -0.437 19.36 20.77 02a59964o0634o
59964.524148 -21.029  1.144   -14   16 o  0   1.07 145.70092  -3.60707    59.47  6924.95 2.59 2.45 -59.4 -0.373 19.23 20.78 02a59964o0640o
59964.525052 -23.614 10.250    -1   13 o  0   1.01 145.70092  -3.60707 10126.37  6876.26 2.56 2.46  61.4 -0.417 19.39 20.77 02a59964o0642o
59964.535136 -22.819  4.438    -3   12 o  0   1.60 145.70092  -3.60707 10185.35  6955.27 2.55 2.51  70.5 -0.435 19.39 20.77 02a59964o0664o
59964.536950 -20.963  0.722   -15   11 o  0   1.60 145.70092  -3.60707    82.08  6808.67 2.21 2.16 -37.7 -0.381 19.44 20.76 02a59964o0668o
59964.540565 -21.432  1.328   -10   13 o  0   1.08 145.70092  -3.60707 10206.51  6840.18 2.43 2.37  27.6 -0.431 19.38 20.78 02a59964o0676o
59964.988392 -23.180  3.625    -2    7 c  0   1.62 145.70092  -3.60707  5869.53  6747.55 2.36 2.13 -46.3 -0.391 19.83 21.71 03a59965o0477c
59964.990194  22.485  2.033     4    8 c  0   1.31 145.70092  -3.60707  5851.29  6708.77 2.38 2.13 -52.0 -0.394 19.84 21.73 03a59965o0481c
59964.993359 -22.997  3.579    -2    8 c  0   1.18 145.70092  -3.60707  5907.70  6788.23 2.35 2.12 -50.0 -0.395 19.83 21.72 03a59965o0488c
59964.998797  21.526  0.760     9    7 c  0   1.78 145.70092  -3.60707  5931.62  6673.37 2.34 2.10 -54.6 -0.397 19.84 21.73 03a59965o0500c
59968.518676  21.425  1.203    10   12 o  0   0.86 145.70092  -3.60707  9798.41  6542.49 2.36 2.10  35.2 -0.448 19.44 20.72 02a59968o0697o
59968.524144  21.271  1.062    11   12 o  0   1.33 145.70092  -3.60707  9778.52  6507.47 2.44 2.15  36.1 -0.438 19.45 20.75 02a59968o0709o
59968.530544 -25.359 43.500    -0   11 o  0   1.26 145.70092  -3.60707  9836.80  6587.28 2.34 2.08  36.3 -0.442 19.47 20.75 02a59968o0723o
59968.540491 -22.428  2.900    -4   11 o  0   0.95 145.70092  -3.60707  9855.78  6471.69 2.31 2.10  33.0 -0.442 19.48 20.78 02a59968o0744o
59968.821994  20.323  0.414    27   11 c  0   1.53 145.70092  -3.60707  5782.07  2882.30 2.52 2.29 -38.4 -0.406 19.26 20.91 03a59969o0116c
59968.823828  22.616  4.278     3   14 c  0   0.83 145.70092  -3.60707  5759.99  2845.69 2.59 2.34 -43.8 -0.398 19.23 20.97 03a59969o0120c
59968.857470  20.750  0.522    18   10 c  0   1.21 145.70092  -3.60707  5811.59  2924.08 2.54 2.32 -44.9 -0.403 19.53 21.32 03a59969o0193c
59968.875903  23.304  5.900     2   10 c  0   0.94 145.70092  -3.60707  5827.86  2806.87 2.67 2.47 -49.0 -0.399 19.51 21.44 03a59969o0233c
59971.202743  21.020  0.705    14   10 o  0   0.82 145.70092  -3.60707  7782.94  4736.90 2.14 1.78 -17.7 -0.460 19.59 21.15 04a59971o0404o
59971.212796  20.552  0.561    22   12 o  0   1.04 145.70092  -3.60707  7767.24  4696.07 2.28 1.83 -15.2 -0.466 19.52 21.03 04a59971o0426o
59971.241453  21.892  1.661     6   11 o  0   1.15 145.70092  -3.60707  7844.61  4773.17 2.18 1.77 -15.5 -0.455 19.57 20.89 04a59971o0487o
59971.247401  21.025  0.742    14   10 o  0   1.25 145.70092  -3.60707  7867.76  4653.43 2.20 1.81 -15.2 -0.458 19.56 21.00 04a59971o0500o
59975.251553 -22.527  2.972    -4   10 o  0   0.98 145.70092  -3.60707  2846.79  5874.92 1.98 1.80 -81.8 -0.414 19.52 21.01 04a59975o0439o
59975.255623  22.706  3.700     3   11 o  0   0.80 145.70092  -3.60707  2868.89  5909.82 2.02 1.80 -81.1 -0.408 19.52 20.99 04a59975o0448o
59975.291039  21.269  0.933    11   10 o  0   1.20 145.70092  -3.60707  2830.50  5802.33 2.09 1.87 -76.1 -0.408 19.39 20.77 04a59975o0525o
59975.302429  22.307  2.000     4    9 o  0   1.66 145.70092  -3.60707  2813.41  5908.52 2.05 1.79 -72.2 -0.412 19.42 20.76 04a59975o0550o
59976.867310  20.455  1.120    24   27 o  0   0.84 145.70092  -3.60707 10088.83  8777.82 2.78 2.15 -53.1 -0.429 18.79 19.40 03a59977o0225o
59976.869594  20.098  0.704    33   23 o  0   1.42 145.70092  -3.60707 10067.81  8739.36 3.01 2.31 -50.7 -0.437 18.76 19.41 03a59977o0230o
59976.872747  20.575  1.229    21   26 o  0   1.00 145.70092  -3.60707 10127.59  8817.57 2.90 2.26 -51.7 -0.426 18.77 19.44 03a59977o0237o
59976.878192  20.883  1.453    16   23 o  0   1.60 145.70092  -3.60707 10147.55  8702.49 2.96 2.29 -51.4 -0.422 18.80 19.47 03a59977o0249o
59979.240888 -20.986  2.595   -15   38 o  0   1.09 145.70092  -3.60707  1066.48  9869.54 2.96 2.20 -80.3 -0.357 18.25 18.51 04a59979o0177o
59979.244042 -19.063  0.483   -86   42 o  0   1.03 145.70092  -3.60707  1087.30  9904.51 2.97 2.24 -83.9 -0.338 18.26 18.50 04a59979o0184o
59979.272445 -21.620  4.229    -8   34 o  0   1.14 145.70092  -3.60707  1046.19  9798.44 2.96 2.10 -75.7 -0.372 18.26 18.52 04a59979o0245o
59979.278109  21.373  4.034    10   41 o  0   0.90 145.70092  -3.60707  1028.22  9912.59 3.04 2.14 -74.0 -0.372 18.23 18.54 04a59979o0257o
59984.993958  20.801  0.949    17   16 o  0   1.26 145.70092  -3.60707  2877.24  2027.96 2.36 2.06 -65.3 -0.400 18.88 19.56 03a59985o0517o
59984.997112  20.549  0.882    22   19 o  0   1.00 145.70092  -3.60707  2896.03  2059.08 2.39 2.01 -63.8 -0.386 18.88 19.48 03a59985o0524o
59985.003421 -21.820  2.685    -7   18 o  0   1.33 145.70092  -3.60707  2839.18  1963.45 2.42 2.02 -65.5 -0.394 18.81 19.36 03a59985o0538o
59985.013361  24.360 28.800     1   19 o  0   1.05 145.70092  -3.60707  2816.84  2052.32 2.48 2.05 -64.8 -0.382 18.80 19.34 03a59985o0560o
59986.236293  19.220  0.294    74   22 o  0   1.60 145.70092  -3.60707  4969.09  9637.95 2.47 1.85 -66.4 -0.428 18.65 19.20 04a59986o0488o
59986.239452 -21.495  2.803    -9   26 o  0   0.92 145.70092  -3.60707  4989.49  9674.11 2.34 1.80 -65.0 -0.459 18.65 19.18 04a59986o0495o
59986.244862  21.108  1.875    13   24 o  0   1.48 145.70092  -3.60707  4934.36  9591.27 2.37 1.81 -63.7 -0.447 18.64 19.18 04a59986o0507o
59986.255220 -21.099  1.726   -13   23 o  0   1.30 145.70092  -3.60707  4918.22  9701.09 2.45 1.80 -67.3 -0.441 18.61 19.08 04a59986o0530o
59988.062296 -21.342  1.463   -11   15 o  0   1.00 145.70092  -3.60707  2894.95  1828.03 2.62 2.27 -67.5 -0.388 19.02 20.06 03a59988o0668o
59988.065938 -21.000  1.106   -14   16 o  0   0.98 145.70092  -3.60707  2915.96  1859.31 2.44 2.13 -61.3 -0.395 19.07 20.05 03a59988o0676o
59988.075009 -20.478  0.599   -23   14 o  0   1.30 145.70092  -3.60707  2859.98  1755.59 2.56 2.17 -71.6 -0.395 19.01 20.06 03a59988o0695o
59988.088888  20.582  0.812    21   17 o  0   0.98 145.70092  -3.60707  2855.38  1841.73 2.50 2.27 -53.2 -0.398 19.00 19.97 03a59988o0724o
59989.000180 -22.713  3.958    -3   12 o  0   1.00 145.70092  -3.60707  9005.45  6193.07 2.43 2.01 -56.6 -0.391 19.38 20.61 03a59989o0531o
59989.005352  21.096  0.917    13   12 o  0   1.26 145.70092  -3.60707  8949.01  6115.06 2.43 2.13 -50.9 -0.414 19.37 20.60 03a59989o0542o
59989.008955 -24.599 20.750    -0   11 o  0   1.29 145.70092  -3.60707  8926.86  6230.04 2.48 2.07 -57.3 -0.389 19.38 20.59 03a59989o0550o
59990.159961  25.378 21.833     0    6 c  0   1.18 145.70092  -3.60707  5658.04   961.59 2.57 2.31  11.5 -0.387 20.31 21.34 04a59990o0324c
59990.164593  21.699  1.500     8   11 c  0   0.75 145.70092  -3.60707  5639.67   921.28 2.45 2.25  16.0 -0.396 19.52 21.34 04a59990o0330c
59990.169097 -22.333  2.310    -4   10 c  0   1.08 145.70092  -3.60707  5700.89   998.48 2.44 2.23  11.6 -0.408 19.53 21.36 04a59990o0340c
59990.186712  21.339  0.974    11   10 c  0   0.96 145.70092  -3.60707  5731.59   879.61 2.38 2.14   9.8 -0.403 19.52 21.27 04a59990o0377c
59994.131058  21.894  1.605     6   10 c  0   1.37 145.70092  -3.60707  9826.98  6571.06 2.73 2.20 -17.9 -0.425 19.55 21.33 04a59994o0277c
59994.144258 -24.573 19.667    -0   11 c  0   0.95 145.70092  -3.60707  9812.60  6533.53 2.84 2.30 -21.6 -0.410 19.51 21.36 04a59994o0304c
59994.146061 -22.184  2.143    -5   10 c  0   1.34 145.70092  -3.60707  9872.05  6610.65 2.78 2.27 -22.3 -0.421 19.54 21.35 04a59994o0308c
59994.149666 -24.609 21.667    -0   11 c  0   1.28 145.70092  -3.60707  9893.51  6494.45 2.77 2.27 -20.5 -0.424 19.56 21.37 04a59994o0316c
59996.933492  20.405  0.356    25    9 o  0   1.87 145.70092  -3.60707  4890.67  2181.63 2.33 2.18 -48.5 -0.424 19.50 21.03 03a59997o0403o
59996.967263  21.711  1.321     8   10 o  0   1.11 145.70092  -3.60707  4911.06  2222.82 2.36 2.18 -53.1 -0.415 19.48 20.96 03a59997o0474o
59996.970418  21.580  1.247     8   11 o  0   1.06 145.70092  -3.60707  4854.03  2143.71 2.22 2.01 -49.1 -0.417 19.55 20.94 03a59997o0481o
59996.979026  21.644  1.261     8   10 o  0   1.29 145.70092  -3.60707  4832.17  2261.13 2.18 2.01 -46.7 -0.432 19.54 20.90 03a59997o0498o
59998.127906  21.418  1.093    10   11 c  0   1.00 145.70092  -3.60707  9827.91  6571.13 2.87 2.29 -19.5 -0.407 19.55 21.55 04a59998o0277c
59998.129708  21.648  1.227     8   10 c  0   1.48 145.70092  -3.60707  9808.94  6532.62 2.85 2.30 -20.2 -0.411 19.59 21.54 04a59998o0281c
59998.136524  21.171  0.857    12   11 c  0   1.28 145.70092  -3.60707  9872.51  6609.50 2.81 2.25 -20.5 -0.422 19.62 21.52 04a59998o0294c
59998.145575  21.411  1.158    10   12 c  0   1.28 145.70092  -3.60707  9895.63  6493.44 2.81 2.25 -22.1 -0.412 19.61 21.52 04a59998o0312c
59999.346676 -20.919  0.752   -16   12 c  0   1.02 145.70092  -3.60707   817.24  3976.56 2.46 1.89  46.1 -0.399 19.32 21.02 04a59999o0719c
59999.366052  20.741  0.692    18   13 c  0   1.34 145.70092  -3.60707   827.46  4026.00 2.83 2.08  43.5 -0.357 19.18 20.89 04a59999o0758c
59999.368394 -21.857  2.000    -7   13 c  0   1.09 145.70092  -3.60707   766.63  3949.46 2.87 2.08  45.1 -0.351 19.16 20.86 04a59999o0762c
59999.372447 -21.191  1.063   -12   13 c  0   1.56 145.70092  -3.60707   745.97  4068.88 2.70 1.95  42.9 -0.373 19.17 20.83 04a59999o0769c
60000.489781  24.963 38.000     0   14 c  0   1.21 145.70092  -3.60707  1839.90  8570.60 2.59 2.45 -86.5 -0.412 19.24 21.02 02a60000o0413c
60000.499535  21.193  1.085    12   13 c  0   1.07 145.70092  -3.60707  1827.03  8532.29 2.62 2.53 -74.4 -0.411 19.38 21.20 02a60000o0433c
60000.511177  20.360  0.457    26   12 c  0   0.92 145.70092  -3.60707  1891.07  8609.17 2.50 2.45 -78.4 -0.413 19.43 21.21 02a60000o0457c
60000.523767 -25.920 70.000    -0   11 c  0   1.10 145.70092  -3.60707  1921.97  8493.74 2.46 2.41 -67.0 -0.415 19.39 21.19 02a60000o0483c
60002.189772 -21.534  1.031    -9    9 c  0   0.93 145.70092  -3.60707  7222.40  8090.37 2.49 2.08 -48.0 -0.414 19.70 21.66 04a60002o0398c
60002.192927 -22.055  1.561    -6    8 c  0   1.24 145.70092  -3.60707  7242.41  8126.41 2.47 2.06 -43.8 -0.412 19.68 21.66 04a60002o0405c
60002.200254  24.145 12.333     1   10 c  0   1.33 145.70092  -3.60707  7188.56  8042.63 2.47 2.05 -47.2 -0.414 19.70 21.66 04a60002o0421c
60002.210031 -25.328 30.000    -0    8 c  0   1.23 145.70092  -3.60707  7173.11  8151.21 2.49 2.02 -45.2 -0.429 19.70 21.65 04a60002o0442c
60003.984121  21.721  4.400     7   33 o  0   0.88 145.70092  -3.60707  2811.25  5805.33 2.54 2.28 -60.7 -0.395 18.33 19.68 03a60004o0520o
60003.992337  24.085 13.833     1   12 o  0   1.16 145.70092  -3.60707  2828.64  5843.70 2.47 2.14 -57.2 -0.390 19.32 20.65 03a60004o0538o
60003.995557 -21.422  1.043   -10   10 o  0   1.25 145.70092  -3.60707  2772.14  5765.25 2.48 2.19 -57.3 -0.390 19.32 20.68 03a60004o0544o
60004.026607 -22.131  2.441    -5   12 o  0   1.41 145.70092  -3.60707  2760.68  5881.18 2.48 2.27 -57.8 -0.398 19.23 20.47 03a60004o0612o
60004.934037  15.681  0.352  1940  684 o  0   0.99 145.70092  -3.60707  2802.18  5803.03 2.33 2.01 -53.6 -0.367 15.89 16.58 03a60005o0416o
60004.937659 -19.933  0.852   -39   33 o  0   1.41 145.70092  -3.60707  2820.23  5841.91 2.29 2.00 -53.3 -0.391 18.19 18.79 03a60005o0424o
60004.962564  18.398  0.707   159  112 o  0   0.88 145.70092  -3.60707  2767.97  5765.89 2.37 2.05 -56.2 -0.386 17.40 18.39 03a60005o0478o
60004.970239 -17.883  0.637  -255  162 o  0   1.02 145.70092  -3.60707  2744.80  5879.95 2.49 2.19 -56.6 -0.389 16.68 17.86 03a60005o0495o
60005.060775  21.325  1.940    11   21 o  0   1.08 145.70092  -3.60707  3399.35  2516.81 2.19 1.99  44.5 -0.447 18.76 19.55 04a60005o0142o
60005.063040 -20.231  0.746   -29   22 o  0   1.17 145.70092  -3.60707  3379.74  2478.53 2.17 2.01  44.2 -0.442 18.77 19.56 04a60005o0147o
60005.068537  20.618  0.970    20   20 o  0   1.18 145.70092  -3.60707  3437.44  2556.89 2.20 1.93  50.5 -0.440 18.80 19.58 04a60005o0159o
60005.085354 -20.200  0.625   -30   19 o  0   0.73 145.70092  -3.60707  3461.22  2440.98 2.05 1.94  46.2 -0.441 18.88 19.66 04a60005o0196o
60006.154628  22.157  4.526     5   22 o  0   1.20 145.70092  -3.60707  7208.77  8112.69 2.29 2.03 -41.0 -0.409 18.67 19.28 04a60006o0363o
60006.177200 -19.925  0.679   -39   26 o  0   0.80 145.70092  -3.60707  7243.97  8127.46 2.25 1.95 -30.3 -0.387 18.67 19.23 04a60006o0412o
60006.180360 -24.588 48.500    -0   26 o  0   0.71 145.70092  -3.60707  7187.57  8047.22 2.35 2.01 -41.9 -0.414 18.64 19.28 04a60006o0419o
60006.186265 -21.654  2.967    -8   24 o  0   1.08 145.70092  -3.60707  7171.19  8158.47 2.27 1.92 -40.7 -0.396 18.68 19.31 04a60006o0432o
60011.979545  20.262  1.409    28   40 o  0   1.16 145.70092  -3.60707   960.05  9746.38 3.50 2.87 -16.9 -0.374 18.32 18.72 03a60012o0529o
60011.984526 -18.712  0.306  -119   36 o  0   1.04 145.70092  -3.60707   979.70  9786.25 2.95 2.39 -29.7 -0.411 18.33 18.52 03a60012o0540o
60011.987686 -19.545  1.080   -55   60 o  0   0.93 145.70092  -3.60707   925.03  9708.23 4.65 4.16 -17.7 -0.272 17.93 18.50 03a60012o0547o
60011.998319  19.610  0.948    52   49 o  0   0.89 145.70092  -3.60707   903.19  9825.65 3.15 2.65 -35.7 -0.409 18.29 18.46 03a60012o0570o
60012.969078  20.469  1.114    24   26 o  0   0.95 145.70092  -3.60707   957.49  9750.02 2.58 2.10 -49.4 -0.454 18.85 19.26 03a60013o0512o
60012.972683  19.377  0.422    64   27 o  0   0.71 145.70092  -3.60707   976.26  9789.69 2.64 2.17 -52.3 -0.443 18.81 19.24 03a60013o0520o
60012.983182 -20.459  1.000   -24   24 o  0   1.22 145.70092  -3.60707   922.29  9710.83 2.52 2.06 -49.7 -0.457 18.83 19.19 03a60013o0543o
60012.991805  18.974  0.275    93   26 o  0   1.36 145.70092  -3.60707   898.92  9827.79 2.74 2.30 -39.3 -0.440 18.75 19.15 03a60013o0562o
60014.211538 -20.913  1.159   -16   18 o  0   1.51 145.70092  -3.60707  7045.28  4184.46 2.22 1.83 -20.5 -0.417 18.81 19.46 04a60014o0367o
60014.222109  20.139  0.567    32   18 o  0   1.18 145.70092  -3.60707  7066.42  4218.53 2.27 1.93 -20.5 -0.415 18.76 19.43 04a60014o0390o
60014.234122  20.512  0.964    23   22 o  0   1.16 145.70092  -3.60707  7008.97  4137.40 2.19 1.96 -23.4 -0.434 18.71 19.36 04a60014o0416o
60014.236841 -21.186  1.726   -12   21 o  0   1.22 145.70092  -3.60707  6988.66  4252.93 2.18 1.88 -25.6 -0.421 18.71 19.35 04a60014o0422o
60016.895429  21.535  1.500     9   13 o  0   0.90 145.70092  -3.60707  4827.37  9629.14 2.75 2.33 -43.4 -0.386 19.31 20.59 03a60017o0353o
60016.898588 -21.611  1.618    -8   13 o  0   0.98 145.70092  -3.60707  4845.76  9668.73 2.67 2.21 -39.2 -0.381 19.33 20.60 03a60017o0360o
60016.904015 -20.787  0.645   -18   11 o  0   1.14 145.70092  -3.60707  4789.19  9588.91 2.58 2.16 -43.4 -0.389 19.38 20.59 03a60017o0372o
60016.913957  21.725  1.745     7   13 o  0   0.99 145.70092  -3.60707  4767.24  9706.82 2.73 2.29 -37.3 -0.381 19.27 20.55 03a60017o0394o
60018.135049 -21.449  1.237   -10   12 o  0   1.12 145.70092  -3.60707  2934.25  7808.49 2.31 1.88 -83.7 -0.390 19.31 20.66 04a60018o0331o
60018.138217  20.580  0.562    21   12 o  0   0.85 145.70092  -3.60707  2956.13  7844.18 2.33 1.86 -81.2 -0.393 19.30 20.64 04a60018o0338o
60018.144074  22.015  2.085     6   12 o  0   1.01 145.70092  -3.60707  2901.48  7760.56 2.27 1.82 -81.8 -0.396 19.32 20.63 04a60018o0351o
60018.153997  23.205  5.800     2   11 o  0   1.14 145.70092  -3.60707  2886.65  7867.74 2.36 1.84 -81.2 -0.397 19.33 20.71 04a60018o0373o
60020.360995  22.553  6.100     4   21 o  0   0.88 145.70092  -3.60707  1788.33  3992.81 2.18 1.87  31.4 -0.448 19.00 20.21 02a60020o0312o
60020.364170 -19.457  0.540   -60   32 o  0   1.08 145.70092  -3.60707  1768.62  3953.28 2.19 1.87  30.8 -0.450 18.42 19.52 02a60020o0319o
60020.370292  20.335  1.380    27   37 o  0   0.98 145.70092  -3.60707  1826.25  4030.19 2.22 1.87  33.8 -0.448 18.22 19.32 02a60020o0332o
60020.383209 -20.616  0.584   -21   12 o  0   1.13 145.70092  -3.60707  1847.03  3914.28 2.24 1.89  37.9 -0.448 19.35 20.58 02a60020o0360o
60020.876663 -22.020  1.389    -6    8 c  0   1.24 145.70092  -3.60707  4831.16  9629.96 2.75 2.40 -44.5 -0.370 19.73 21.70 03a60021o0322c
60020.879821  21.090  0.646    13    9 c  0   1.27 145.70092  -3.60707  4849.92  9669.98 2.87 2.50 -45.0 -0.363 19.69 21.70 03a60021o0329c
60020.885235  21.934  1.275     6    8 c  0   1.31 145.70092  -3.60707  4793.02  9591.58 2.74 2.37 -43.2 -0.370 19.75 21.70 03a60021o0341c
60020.895172  21.064  0.844    14   12 c  0   1.10 145.70092  -3.60707  4770.17  9707.77 2.71 2.35 -45.7 -0.372 19.39 21.34 03a60021o0363c
60022.012937 -22.908  6.538    -2   16 o  0   1.10 145.70092  -3.60707  7673.02  2803.95 2.65 2.35  -9.6 -0.413 18.99 20.32 04a60022o0069o
60022.014739 -22.163  3.346    -5   17 o  0   1.16 145.70092  -3.60707  7653.37  2766.01 2.64 2.38  -3.1 -0.399 19.04 20.34 04a60022o0073o
60022.017894 -21.275  1.155   -11   13 o  0   1.12 145.70092  -3.60707  7710.80  2843.96 2.36 2.13 -16.8 -0.428 19.15 20.37 04a60022o0080o
60022.031425  22.267  3.000     4   14 o  0   1.58 145.70092  -3.60707  7731.97  2729.82 2.60 2.29 -13.6 -0.402 19.09 20.46 04a60022o0110o
60024.354959 -21.991  1.580    -6    9 o  0   1.68 145.70092  -3.60707  1789.16  3988.82 2.14 1.97  30.6 -0.451 19.53 20.82 02a60024o0292o
60024.358244  20.532  0.486    22   11 o  0   1.17 145.70092  -3.60707  1770.74  3951.40 2.21 2.05  30.1 -0.447 19.51 20.82 02a60024o0299o
60024.363735  21.203  0.947    12   11 o  0   1.04 145.70092  -3.60707  1828.62  4028.17 2.16 1.95  36.8 -0.451 19.41 20.68 02a60024o0311o
60024.373924 -20.542  4.500   -22   99 o  0   1.12 145.70092  -3.60707  1849.00  3913.49 2.21 2.02  38.7 -0.449 16.93 18.08 02a60024o0333o
60024.869170  21.521  0.900     9    8 c  0   1.32 145.70092  -3.60707   814.14  3919.95 2.39 2.21 -60.7 -0.394 19.78 21.67 03a60025o0312c
60024.872327 -20.769  0.406   -18    7 c  0   2.10 145.70092  -3.60707   832.88  3959.92 2.40 2.21 -61.5 -0.396 19.74 21.66 03a60025o0319c
60024.877763  21.436  0.907    10    9 c  0   0.91 145.70092  -3.60707   776.38  3881.55 2.40 2.21 -58.3 -0.392 19.75 21.67 03a60025o0331c
60024.889503  21.567  1.090     9    9 c  0   0.68 145.70092  -3.60707   754.82  3998.50 2.39 2.20 -62.0 -0.389 19.73 21.66 03a60025o0357c
60026.096964 -23.188  8.545    -2   16 o  0   1.02 145.70092  -3.60707  8729.51  2019.34 2.68 2.08 -19.3 -0.398 19.29 20.57 04a60026o0256o
60026.109802 -23.232  8.273    -2   15 o  0   1.04 145.70092  -3.60707  8758.51  2044.84 2.68 2.10 -21.0 -0.401 19.32 20.58 04a60026o0284o
60026.113001 -22.166  3.143    -5   16 o  0   0.95 145.70092  -3.60707  8702.17  1963.50 2.81 2.19 -21.6 -0.383 19.23 20.55 04a60026o0291o
60026.118509 -20.587  0.733   -21   16 o  0   0.98 145.70092  -3.60707  8684.97  2075.60 2.81 2.14 -19.8 -0.380 19.23 20.55 04a60026o0303o
60028.353145  20.606  0.676    21   14 o  0   1.22 145.70092  -3.60707  9722.08  3877.49 2.27 2.17 -55.2 -0.436 19.30 20.54 02a60028o0291o
60028.356311 -21.069  1.021   -14   14 o  0   1.00 145.70092  -3.60707  9703.25  3839.01 2.23 2.13 -54.1 -0.438 19.28 20.54 02a60028o0298o
60028.361867 -22.678  4.190    -3   13 o  0   1.13 145.70092  -3.60707  9760.89  3916.35 2.27 2.14 -60.4 -0.437 19.31 20.55 02a60028o0310o
60028.372920 -20.750  0.786   -18   14 o  0   0.88 145.70092  -3.60707  9781.18  3799.50 2.26 2.10 -60.3 -0.440 19.32 20.58 02a60028o0334o
60030.101648 -21.519  1.660    -9   15 o  0   0.97 145.70092  -3.60707  8741.24  2001.09 2.82 2.16 -23.5 -0.391 19.27 20.70 04a60030o0277o
60030.104841 -22.727  4.188    -3   12 o  0   1.23 145.70092  -3.60707  8762.24  2037.84 2.90 2.19 -20.5 -0.377 19.25 20.69 04a60030o0284o
60030.110768  20.537  0.581    22   13 o  0   1.12 145.70092  -3.60707  8707.39  1954.05 2.88 2.13 -22.5 -0.380 19.27 20.72 04a60030o0297o
60030.120811  21.383  1.408    10   14 o  0   0.97 145.70092  -3.60707  8691.57  2062.71 3.13 2.36 -23.4 -0.350 19.20 20.72 04a60030o0319o
60032.843357 -21.302  1.516   -11   17 o  0   1.19 145.70092  -3.60707  7119.21  8138.15 2.81 2.31 -45.2 -0.402 19.03 20.21 03a60033o0250o
60032.846563 -21.182  2.118   -12   26 o  0   1.00 145.70092  -3.60707  7137.68  8177.43 2.77 2.26 -45.0 -0.402 18.82 19.98 03a60033o0257o
60032.852574  19.786  0.993    44   44 o  0   1.37 145.70092  -3.60707  7080.85  8099.10 2.91 2.36 -47.2 -0.397 18.20 19.45 03a60033o0270o
60032.862669  20.556  1.028    22   22 o  0   1.19 145.70092  -3.60707  7058.90  8217.28 2.91 2.38 -46.8 -0.393 18.85 20.04 03a60033o0292o
60034.084665 -21.107  1.355   -13   18 o  0   1.41 145.70092  -3.60707  6781.60  2106.27 2.41 2.03 -21.1 -0.410 18.76 19.55 04a60034o0247o
60034.089825  20.738  1.031    18   19 o  0   1.18 145.70092  -3.60707  6805.21  2140.68 2.38 2.02 -18.7 -0.414 18.80 19.65 04a60034o0258o
60034.093066  20.392  0.878    25   22 o  0   1.00 145.70092  -3.60707  6749.92  2059.79 2.41 2.05 -20.3 -0.403 18.85 19.69 04a60034o0265o
60034.128262 -20.398  0.828   -25   21 o  0   1.01 145.70092  -3.60707  6752.13  2143.53 2.37 2.15 -27.1 -0.395 18.72 19.54 04a60034o0340o
60034.827754 -20.314  0.743   -27   20 o  0   0.94 145.70092  -3.60707  7118.78  8135.38 2.51 2.04 -47.2 -0.408 18.78 19.25 03a60035o0241o
60034.830936 -18.851  0.030  -105    3 o  0 2677.07 145.70092  -3.60707  7136.07  8175.12 2.48 2.06 -45.9 -0.406 18.79 19.27 03a60035o0248o
60034.840538  23.381 14.333     2   23 o  0   1.03 145.70092  -3.60707  7079.69  8096.93 2.52 2.07 -47.0 -0.405 18.76 19.25 03a60035o0269o
60034.870724 -22.686  7.727    -3   24 o  0   1.16 145.70092  -3.60707  7058.38  8215.10 2.61 2.08 -47.2 -0.396 18.75 19.26 03a60035o0333o
60039.155633 -19.403  0.487   -63   31 o  0   1.58 145.70092  -3.60707  7151.40  6115.13 2.21 1.95 -22.0 -0.428 18.13 18.37 04a60039o0410o
60039.158393 -20.317  1.327   -27   36 o  0   1.32 145.70092  -3.60707  7170.65  6152.47 2.23 1.98 -17.3 -0.402 18.15 18.35 04a60039o0416o
60039.189317  20.853  2.341    16   39 o  0   1.18 145.70092  -3.60707  7115.21  6065.69 2.18 1.92 -18.6 -0.406 18.02 18.11 04a60039o0482o
60039.217587  20.050  1.327    35   46 o  0   1.41 145.70092  -3.60707  7084.28  6182.96 2.16 1.93 -18.5 -0.386 17.79 17.88 04a60039o0542o
60040.933045 -20.945  2.494   -15   38 o  0   1.03 145.70092  -3.60707  7191.44 10088.78 2.88 2.27 -31.1 -0.384 18.22 18.47 03a60041o0313o
60040.940980 -20.578  1.739   -21   37 o  0   1.19 145.70092  -3.60707  7212.07 10127.70 2.89 2.31 -33.9 -0.382 18.24 18.43 03a60041o0329o
60040.946051  20.708  2.337    19   44 o  0   0.80 145.70092  -3.60707  7155.10 10046.40 3.13 2.52 -35.2 -0.375 18.14 18.40 03a60041o0339o
60040.959356 -15.832  0.028 -1687   48 o  0 394.71 145.70092  -3.60707  7135.57 10160.95 3.11 2.50 -31.7 -0.370 18.06 18.25 03a60041o0366o
60042.130587  20.014  0.549    36   20 o  0   1.07 145.70092  -3.60707  2937.43  2250.49 2.02 1.86  45.3 -0.430 18.74 19.39 04a60042o0361o
60042.133752 -20.125  0.630   -32   20 o  0   1.22 145.70092  -3.60707  2956.99  2287.52 2.00 1.87  39.9 -0.416 18.71 19.36 04a60042o0368o
60042.139267  22.037  4.040     6   22 o  0   0.86 145.70092  -3.60707  2899.16  2207.09 1.97 1.86  41.7 -0.421 18.77 19.37 04a60042o0380o
60042.162681 -20.715  1.333   -19   25 o  0   0.94 145.70092  -3.60707  2880.48  2315.28 2.15 1.91  40.1 -0.430 18.68 19.27 04a60042o0431o
60043.195878  21.964  3.481     6   21 o  0   1.30 145.70092  -3.60707  2933.08  2228.78 1.90 1.83  60.8 -0.410 18.70 19.30 04a60043o0488o
60043.199229  20.702  0.987    19   19 o  0   1.47 145.70092  -3.60707  2951.44  2267.98 2.09 1.87  45.8 -0.423 18.64 19.29 04a60043o0495o
60043.204415  24.671 44.250     0   22 o  0   1.40 145.70092  -3.60707  2891.29  2191.02 1.99 1.84  50.7 -0.399 18.62 19.25 04a60043o0506o
60043.214708 -20.401  1.000   -25   25 o  0   0.93 145.70092  -3.60707  2867.17  2309.70 1.95 1.82  55.8 -0.405 18.60 19.17 04a60043o0528o
60043.860746  22.902  4.789     2   12 o  0   1.97 145.70092  -3.60707  4750.75  5762.66 2.42 2.12 -48.4 -0.397 19.12 20.04 03a60044o0315o
60043.863978  21.739  2.123     7   16 o  0   1.02 145.70092  -3.60707  4768.97  5801.61 2.35 2.12 -41.0 -0.399 19.14 20.05 03a60044o0322o
60043.871560  20.863  1.104    16   18 o  0   1.15 145.70092  -3.60707  4713.12  5722.86 3.23 2.63 -51.3 -0.371 18.79 20.06 03a60044o0338o
60043.882067  19.978  0.691    37   26 o  0   0.95 145.70092  -3.60707  4692.26  5838.73 4.60 3.88 -50.8 -0.250 18.48 20.03 03a60044o0360o
60045.104058 -22.396  2.829    -4   11 o  0   1.78 145.70092  -3.60707  4801.99  5741.01 2.02 1.82 -63.3 -0.420 19.16 20.19 04a60045o0294o
60045.107257  21.509  1.467     9   13 o  0   1.44 145.70092  -3.60707  4821.60  5777.55 2.06 1.91 -71.4 -0.407 19.09 20.19 04a60045o0301o
60045.112760  21.025  0.968    14   14 o  0   1.24 145.70092  -3.60707  4765.47  5697.18 1.99 1.83 -55.2 -0.417 19.11 20.16 04a60045o0313o
60045.124247  21.083  0.972    13   13 o  0   1.59 145.70092  -3.60707  4748.67  5806.75 2.09 1.89 -62.2 -0.411 19.05 20.15 04a60045o0338o
60048.087884 -21.258  1.018   -11   12 c  0   1.36 145.70092  -3.60707  4890.50  7680.77 2.88 2.53 -67.7 -0.351 19.22 21.33 04a60048o0275c
60048.091564 -20.298  0.412   -28   11 c  0   1.17 145.70092  -3.60707  4911.32  7716.98 2.94 2.60 -71.4 -0.351 19.21 21.35 04a60048o0283c
60048.097080  22.605  4.000     3   13 c  0   0.74 145.70092  -3.60707  4855.49  7635.29 2.76 2.42 -69.8 -0.358 19.33 21.33 04a60048o0295c
60048.107587 -21.738  1.489    -7   11 c  0   1.01 145.70092  -3.60707  4838.81  7745.77 2.60 2.23 -71.4 -0.372 19.36 21.33 04a60048o0318c
60049.846648 -18.113  0.043  -206    9 o  0  71.52 145.70092  -3.60707   486.88  1782.00 2.43 2.04 -63.6 -0.417 19.61 21.10 03a60050o0301o
60049.850428 -21.473  1.096    -9   10 o  0   0.85 145.70092  -3.60707   504.82  1821.21 2.41 2.04 -66.5 -0.404 19.60 21.08 03a60050o0309o
60049.856182  21.736  1.368     7   10 o  0   1.17 145.70092  -3.60707   448.27  1742.87 2.43 2.05 -62.0 -0.406 19.59 21.10 03a60050o0321o
60049.866634 -22.207  2.056    -5   10 o  0   1.30 145.70092  -3.60707   426.38  1859.13 2.45 2.08 -66.5 -0.398 19.61 21.17 03a60050o0343o
60051.084583  22.098  2.500     5   13 c  0   0.92 145.70092  -3.60707   441.14  1869.03 3.50 2.16  46.8 -0.356 19.33 21.08 04a60051o0273c
60051.090090  23.598 10.333     1   14 c  0   1.26 145.70092  -3.60707   463.20  1903.94 3.57 2.29  46.3 -0.344 19.26 21.08 04a60051o0285c
60051.092899  22.455  2.944     4   11 c  0   1.34 145.70092  -3.60707   405.16  1823.51 3.48 2.24  45.7 -0.343 19.29 21.07 04a60051o0291c
60051.103441  21.333  1.407    11   15 c  0   0.82 145.70092  -3.60707   389.60  1933.13 3.29 2.00  46.8 -0.366 19.35 21.03 04a60051o0314c
60052.807116 -21.142  1.000   -13   13 o  0   1.33 145.70092  -3.60707  9011.68  6201.97 2.31 1.96 -56.8 -0.400 19.12 20.54 03a60053o0221o
60052.813850  20.799  1.134    17   20 o  0   0.67 145.70092  -3.60707  8956.59  6123.85 2.41 2.09 -57.2 -0.401 18.63 20.07 03a60053o0235o
60052.824083 -20.134  0.514   -32   16 o  0   1.24 145.70092  -3.60707  8933.65  6239.18 2.37 2.01 -56.0 -0.397 18.33 19.80 03a60053o0256o
60054.084393  20.572  0.487    21   10 c  0   1.47 145.70092  -3.60707  4873.64  2163.08 2.28 2.15  14.2 -0.398 19.47 21.28 04a60054o0279c
60054.087556 -20.456  0.402   -24   10 c  0   1.03 145.70092  -3.60707  4894.10  2200.06 2.21 2.09   6.2 -0.400 19.47 21.27 04a60054o0286c
60054.093526 -22.447  2.714    -4   10 c  0   0.94 145.70092  -3.60707  4837.73  2118.37 2.27 2.15  15.4 -0.396 19.44 21.25 04a60054o0299c
60054.111640  22.323  2.500     4   11 c  0   1.36 145.70092  -3.60707  4819.92  2226.78 2.25 2.11   8.1 -0.396 19.43 21.22 04a60054o0339c
60055.906147 -21.739  8.889    -7   65 o  0   1.17 145.70092  -3.60707  2824.88  5817.58 2.43 2.15 -40.0 -0.394 17.45 18.81 03a60056o0293o
60057.060217 -24.197 11.800    -1    9 c  0   1.33 145.70092  -3.60707  2861.14  5845.69 2.34 2.14  85.3 -0.376 19.34 21.30 04a60057o0170c
60057.067139  22.963  4.937     2   12 c  0   0.95 145.70092  -3.60707  2883.40  5880.22 2.33 2.08  88.0 -0.377 19.32 21.30 04a60057o0185c
60057.070310 -20.670  0.513   -20   10 c  0   1.12 145.70092  -3.60707  2826.69  5800.95 2.41 2.25  83.1 -0.379 19.28 21.30 04a60057o0192c
60057.080709 -23.846 10.429    -1   11 c  0   1.17 145.70092  -3.60707  2810.27  5909.45 2.34 2.09  87.1 -0.376 19.32 21.30 04a60057o0215c
60063.043218 -21.010  1.973   -14   28 o  0   1.11 145.70092  -3.60707   817.00  4008.68 2.88 2.38  54.9 -0.379 18.48 19.35 04a60063o0204o
60063.046425  21.911  4.167     6   26 o  0   0.98 145.70092  -3.60707   837.52  4044.61 2.73 2.21  56.6 -0.384 18.57 19.41 04a60063o0211o
60063.051894  21.143  2.045    13   26 o  0   0.95 145.70092  -3.60707   779.53  3963.23 2.93 2.32  55.1 -0.370 18.54 19.48 04a60063o0223o
60063.065633  19.717  0.540    47   25 o  0   1.29 145.70092  -3.60707   766.94  4070.83 2.92 2.37  53.5 -0.374 18.46 19.32 04a60063o0252o
60064.785973 -19.777  0.532   -45   24 o  0   0.79 145.70092  -3.60707  7118.25  8143.69 2.46 2.07 -47.0 -0.414 18.72 19.13 03a60065o0196o
60064.797175  20.225  1.057    30   31 o  0   0.86 145.70092  -3.60707  7080.60  8104.75 2.46 2.07 -45.2 -0.423 18.59 18.94 03a60065o0219o
60064.810833 -23.725 22.778    -1   27 o  0   0.98 145.70092  -3.60707  7056.25  8219.65 2.52 2.02 -48.0 -0.409 18.64 18.96 03a60065o0248o
60066.075623 -21.215  2.192   -12   26 o  0   1.11 145.70092  -3.60707  7043.94  4182.51 2.45 2.16 -21.5 -0.421 18.48 19.04 04a60066o0277o
60066.078825  20.085  0.853    34   29 o  0   0.88 145.70092  -3.60707  7063.33  4219.76 2.37 2.00 -22.1 -0.413 18.45 18.88 04a60066o0284o
60066.084271  21.909  4.881     6   30 o  0   0.96 145.70092  -3.60707  7005.49  4140.93 2.38 2.08 -25.3 -0.400 18.40 18.79 04a60066o0296o
60066.119051 -22.212  5.606    -5   26 o  0   1.08 145.70092  -3.60707  6981.98  4247.40 2.29 2.02 -28.8 -0.410 18.34 18.81 04a60066o0371o
60067.818226  20.032  0.626    35   22 o  0   1.19 145.70092  -3.60707  2864.18  7750.27 2.57 2.16 -49.3 -0.368 18.61 19.06 03a60068o0276o
60067.821411 -21.160  1.596   -12   20 o  0   1.52 145.70092  -3.60707  2883.40  7790.22 2.46 2.14 -47.5 -0.378 18.63 19.05 03a60068o0283o
60067.832566 -19.668  0.384   -49   19 o  0   1.77 145.70092  -3.60707  2828.42  7710.67 2.44 2.10 -48.0 -0.377 18.66 19.02 03a60068o0307o
60067.841327  21.220  1.918    12   23 o  0   1.48 145.70092  -3.60707  2808.22  7827.12 2.52 2.16 -47.5 -0.376 18.60 18.98 03a60068o0326o
60069.063147 -20.549  1.323   -22   29 o  0   1.31 145.70092  -3.60707  2966.07  7757.95 2.67 2.04 -81.6 -0.383 18.32 18.81 04a60069o0254o
60069.066324 -21.110  2.229   -13   29 o  0   1.20 145.70092  -3.60707  2985.05  7795.07 2.56 2.04 -78.8 -0.386 18.35 18.81 04a60069o0261o
60069.079165  21.448  3.228    10   31 o  0   1.09 145.70092  -3.60707  2929.59  7713.33 2.62 2.12 -77.5 -0.382 18.31 18.76 04a60069o0289o
60069.087327 -21.282  2.757   -11   31 o  0   1.13 145.70092  -3.60707  2908.87  7827.98 2.60 2.03 -78.9 -0.382 18.28 18.71 04a60069o0307o
60070.132375  20.411  2.681    25   67 o  0   0.99 145.70092  -3.60707  8752.22  1946.31 2.98 2.42 -22.4 -0.408 17.91 18.21 04a60070o0396o
60070.135184  19.847  1.344    42   56 o  0   1.08 145.70092  -3.60707  8770.07  1985.95 3.07 2.54 -23.0 -0.302 17.77 18.11 04a60070o0402o
60070.140332 -25.589 248.000    -0   52 o  0   0.95 145.70092  -3.60707  8709.99  1909.89 2.76 2.22 -23.9 -0.366 17.91 18.03 04a60070o0413o
60070.151269  20.941  3.311    15   50 o  0   1.06 145.70092  -3.60707  8681.67  2030.90 3.03 2.68 -21.7 -0.328 17.80 18.19 04a60070o0436o
60070.801968 -20.379  0.782   -26   20 o  0   1.14 145.70092  -3.60707  8787.88  2103.28 2.37 2.10 -51.9 -0.420 18.80 19.41 03a60071o0245o
60070.805144  20.477  0.870    23   20 o  0   1.11 145.70092  -3.60707  8806.16  2142.57 2.40 2.09 -50.5 -0.426 18.74 19.39 03a60071o0252o
60070.811123 -20.542  0.965   -22   21 o  0   1.14 145.70092  -3.60707  8750.13  2063.69 2.35 2.07 -51.6 -0.428 18.80 19.37 03a60071o0265o
60070.823146 -21.011  1.574   -14   22 o  0   1.02 145.70092  -3.60707  8728.81  2179.04 2.38 2.11 -53.0 -0.419 18.74 19.33 03a60071o0291o
60072.051342  20.623  0.936    20   19 o  0   1.77 145.70092  -3.60707  6816.28  2055.06 2.50 2.16 -19.3 -0.408 18.76 19.64 04a60072o0216o
60072.057090 -20.958  1.495   -15   22 o  0   0.85 145.70092  -3.60707  6838.41  2092.68 2.54 2.10 -19.6 -0.402 18.75 19.61 04a60072o0228o
60072.060275 -22.869  7.750    -3   20 o  0   1.21 145.70092  -3.60707  6778.88  2012.62 2.46 2.17 -19.3 -0.410 18.73 19.60 04a60072o0235o
60072.075604 -24.430 35.750    -1   22 o  0   0.99 145.70092  -3.60707  6761.73  2126.37 2.37 2.09 -27.3 -0.425 18.75 19.52 04a60072o0268o
60073.114943  23.551 15.889     1   22 o  0   1.25 145.70092  -3.60707  6806.79  2038.91 2.29 2.07 -22.3 -0.437 18.67 19.46 04a60073o0359o
60073.118275  21.635  2.695     8   22 o  0   0.75 145.70092  -3.60707  6824.35  2079.20 2.18 1.94 -26.1 -0.432 18.74 19.49 04a60073o0366o
60073.123448  22.987 10.625     2   25 o  0   0.81 145.70092  -3.60707  6764.27  2002.40 2.23 2.02 -21.3 -0.423 18.68 19.47 04a60073o0377o
60073.136307  20.938  1.693    15   26 o  0   1.11 145.70092  -3.60707  6736.94  2122.53 2.23 2.01 -25.9 -0.452 18.64 19.36 04a60073o0404o
60073.774535  22.141  2.333     5   12 o  0   0.97 145.70092  -3.60707  8946.80  4237.08 2.33 2.01 -54.3 -0.404 19.45 20.68 03a60074o0184o
60073.777777 -22.720  3.800    -3   11 o  0   1.15 145.70092  -3.60707  8966.26  4277.40 2.27 2.01 -51.1 -0.413 19.44 20.68 03a60074o0191o
60073.783231 -24.485 19.600    -1   11 o  0   1.03 145.70092  -3.60707  8910.71  4198.13 2.30 1.95 -54.0 -0.412 19.46 20.64 03a60074o0203o
60073.794369 -21.257  1.130   -11   13 o  0   1.13 145.70092  -3.60707  8889.00  4313.90 2.36 2.03 -56.7 -0.401 19.30 20.41 03a60074o0227o
60075.032253 -22.284 28.667    -4  127 o  0   1.45 145.70092  -3.60707  8976.61  4093.47 2.72 1.99 -18.4 -0.400 16.71 17.87 04a60075o0190o
60075.035424  18.480  7.188   147 1058 o  0   1.12 145.70092  -3.60707  8996.52  4130.52 2.08 1.98 -54.2 -0.501 14.62 15.73 04a60075o0197o
60075.041803  17.509  1.074   360  387 o  0   1.85 145.70092  -3.60707  8939.17  4050.64 2.00 1.91 -70.3 -0.510 15.47 16.56 04a60075o0211o
60075.052778 -18.309  1.696  -172  292 o  0   0.98 145.70092  -3.60707  8920.20  4162.05 2.58 2.09 -17.5 -0.429 15.93 17.08 04a60075o0235o
60082.705162 -18.617  2.158  -130  280 c  0   0.84 145.70092  -3.60707  9057.34  8100.97 3.00 2.59 -52.0 -0.382 16.54 17.96 03a60083o0045c
60082.710685 -22.194  2.217    -5   11 c  0   1.26 145.70092  -3.60707  9076.50  8142.11 3.16 2.70 -56.4 -0.384 19.29 21.15 03a60083o0057c
60082.713911 -21.248  1.000   -12   12 c  0   1.08 145.70092  -3.60707  9018.47  8063.25 3.02 2.60 -52.1 -0.394 19.42 21.30 03a60083o0064c
60082.725436 -21.319  1.021   -11   11 c  0   1.08 145.70092  -3.60707  8996.25  8179.97 3.18 2.86 -55.8 -0.384 19.37 21.40 03a60083o0089c
60084.014558 -18.795  0.544  -110   60 o  0   1.10 145.70092  -3.60707  2715.03  3970.38 2.16 1.98  69.0 -0.419 17.52 18.60 04a60084o0017o
60088.735104  20.762  0.897    18   16 o  0   1.17 145.70092  -3.60707  7063.56  6213.17 3.01 2.36 -17.6 -0.417 18.96 20.22 03a60089o0114o
60088.738308  21.952  2.405     6   14 o  0   1.83 145.70092  -3.60707  7082.52  6252.96 2.69 2.27 -28.9 -0.399 19.00 20.15 03a60089o0121o
60088.743812 -22.065  2.622    -5   14 o  0   1.29 145.70092  -3.60707  7028.36  6175.88 2.59 2.21 -43.7 -0.405 19.12 20.21 03a60089o0133o
60088.753976  20.377  0.509    26   13 o  0   1.63 145.70092  -3.60707  7006.93  6291.06 2.56 2.20 -42.7 -0.412 19.12 20.16 03a60089o0155o
60091.716348  21.607  2.607     8   22 o  0   1.12 145.70092  -3.60707  2955.84  2246.23 2.43 2.22 -30.0 -0.398 18.78 19.36 03a60092o0062o
60091.719544  20.656  1.007    20   20 o  0   1.20 145.70092  -3.60707  2975.28  2286.47 2.36 2.18 -37.7 -0.396 18.78 19.38 03a60092o0069o
60091.729196 -20.591  0.830   -21   18 o  0   1.38 145.70092  -3.60707  2919.73  2208.45 2.42 2.26 -42.3 -0.396 18.70 19.37 03a60092o0090o
60091.739885 -19.881  0.485   -40   20 o  0   1.57 145.70092  -3.60707  2898.48  2324.53 2.45 2.24 -50.9 -0.396 18.75 19.40 03a60092o0113o
60096.002697  20.934  1.500    15   23 o  0   1.31 145.70092  -3.60707  4707.07  3785.47 2.24 2.12 -25.9 -0.442 18.44 19.14 04a60096o0087o
60096.006321  21.453  3.909    10   37 o  0   1.04 145.70092  -3.60707  4725.74  3822.64 2.24 2.11 -25.2 -0.437 18.22 18.76 04a60096o0095o
60096.013157  21.569  3.140     9   27 o  0   1.39 145.70092  -3.60707  4668.63  3742.63 2.21 2.07 -25.7 -0.440 18.45 19.22 04a60096o0110o
60096.030483  19.082  0.575    85   49 o  0   0.87 145.70092  -3.60707  4644.45  3857.64 2.17 2.06 -39.2 -0.439 17.94 18.78 04a60096o0148o
60097.749667 -19.385  1.150   -64   74 o  0   0.99 145.70092  -3.60707  4800.43  7703.61 3.07 2.49 -20.6 -0.366 17.48 17.73 03a60098o0136o
60097.752438  17.181  0.459   487  224 o  0   0.92 145.70092  -3.60707  4818.03  7741.50 3.51 2.65 -11.5 -0.355 16.37 16.45 03a60098o0142o
60097.758902 -18.330  0.546  -169   92 o  0   1.60 145.70092  -3.60707  4763.55  7663.89 4.04 2.66  -6.1 -0.394 17.07 17.32 03a60098o0156o
60097.769637 -17.999  1.163  -229  267 o  0   0.85 145.70092  -3.60707  4742.33  7778.07 4.93 3.05   0.9 -0.407 16.12 16.34 03a60098o0179o
60099.012653  18.680  0.810   122   99 o  0   0.84 145.70092  -3.60707  4890.53  7643.50 2.76 2.32 -69.1 -0.379 17.22 17.49 04a60099o0165o
60099.016310 -19.465  1.433   -59   85 o  0   1.43 145.70092  -3.60707  4908.83  7682.35 2.76 2.27 -70.5 -0.387 17.14 17.41 04a60099o0173o
60099.029009  18.618  0.756   130   98 o  0   1.29 145.70092  -3.60707  4848.54  7604.59 2.61 2.16 -72.4 -0.376 17.10 17.29 04a60099o0201o
60099.035366  18.914  0.897    99   88 o  0   1.02 145.70092  -3.60707  4827.48  7720.39 2.67 2.15 -70.6 -0.374 17.22 17.45 04a60099o0215o
60100.789488  21.728  5.162     7   38 o  0   1.67 145.70092  -3.60707   500.30  1799.18 2.57 2.29 -56.9 -0.376 18.10 18.57 03a60101o0235o
60100.793115 -19.882  1.427   -40   58 o  0   1.04 145.70092  -3.60707   519.99  1839.27 2.58 2.25 -58.4 -0.378 18.16 18.55 03a60101o0243o
60100.826320 -16.797  0.709  -694  492 o  0   1.48 145.70092  -3.60707   447.19  1874.61 2.84 2.50 -69.9 -0.363 15.19 15.00 03a60101o0314o
60105.019363 -21.411  4.769   -10   47 c  0   1.45 145.70092  -3.60707  4802.56  2210.64 2.81 2.65  18.4 -0.366 17.71 19.52 04a60105o0006c
60106.726169 -24.862 55.000    -0   23 o  0   1.36 145.70092  -3.60707  2815.56  5815.03 5.10 3.11  -1.7 -0.401 18.61 20.30 03a60107o0031o
60107.960094 -20.240  0.519   -29   15 c  0   1.32 145.70092  -3.60707  1088.74  9808.67 3.65 2.72 -77.2 -0.341 18.97 20.73 04a60108o0046c
60107.963291  23.434 10.833     2   17 c  0   0.91 145.70092  -3.60707  1107.79  9845.61 3.45 2.64 -80.3 -0.355 19.10 20.87 04a60108o0053c
60107.968312  20.926  0.915    16   14 c  0   1.73 145.70092  -3.60707  1050.50  9765.33 3.49 2.67 -81.3 -0.353 19.10 20.94 04a60108o0064c
60107.980141 -20.517  0.679   -23   15 c  0   1.16 145.70092  -3.60707  1029.78  9878.55 3.56 2.68 -81.3 -0.337 19.10 20.96 04a60108o0090c
60109.970502 -20.378  3.947   -26  101 c  0   0.77 145.70092  -3.60707  5000.47  9629.61 3.18 2.39 -70.1 -0.348 17.17 18.86 04a60110o0069c
60109.976395  18.501  0.592   144   86 c  0   1.11 145.70092  -3.60707  4942.89  9550.28 2.95 2.10 -70.1 -0.391 17.22 18.81 04a60110o0082c
60109.986342  20.915  5.667    16   89 c  0   0.87 145.70092  -3.60707  4923.13  9666.02 3.04 2.22 -74.8 -0.374 17.35 19.02 04a60110o0104c
60110.952055  21.128  2.237    13   29 c  0   1.18 145.70092  -3.60707  4991.47  9637.29 3.09 2.33 -73.9 -0.358 18.44 19.49 04a60111o0031c
60110.957468 -22.999  7.727    -2   18 c  0   1.18 145.70092  -3.60707  4933.58  9555.49 2.97 2.28 -70.6 -0.375 18.96 20.38 04a60111o0043c
60110.966980  23.035  7.100     2   16 c  0   0.93 145.70092  -3.60707  4914.02  9668.86 3.03 2.33 -71.1 -0.382 19.05 20.81 04a60111o0064c
60122.952419  18.019  0.539   225  121 o  0   0.98 145.70092  -3.60707  6806.27  2035.28 2.64 2.51 -42.7 -0.421 17.04 16.99 04a60123o0028o
60122.957391  19.133  0.612    81   49 o  0   1.00 145.70092  -3.60707  6822.07  2076.52 2.71 2.45 -26.6 -0.429 17.62 18.22 04a60123o0039o
60122.961028  19.933  0.939    39   36 o  0   1.29 145.70092  -3.60707  6764.11  1997.81 2.71 2.47 -27.7 -0.434 17.94 18.81 04a60123o0047o
60122.975112  20.379  0.965    26   25 o  0   1.33 145.70092  -3.60707  6740.07  2113.23 2.82 2.60 -22.5 -0.409 18.48 19.41 04a60123o0078o
60128.962698 -20.916  3.371   -16   53 o  0   1.39 145.70092  -3.60707   931.71  5942.55 3.01 2.62  76.8 -0.357 17.75 18.26 04a60129o0048o
60128.965406  18.905  0.487   100   48 o  0   1.34 145.70092  -3.60707   873.24  5865.02 2.94 2.69  68.4 -0.373 17.83 18.44 04a60129o0054o
