MJD          m      dm   uJy   duJy F err chi/N     RA       Dec        x        y     maj  min   phi  apfit mag5sig Sky   Obs
59890.597728 -20.300  0.686   -28   19 o  0   1.59 137.67460   7.20564  7131.86  9312.39 2.46 2.39 -79.1 -0.453 19.02 19.51 01a59890o0887o
59890.600961 -21.211  1.722   -12   20 o  0   1.37 137.67460   7.20564  7113.34  9272.47 2.42 2.37  83.1 -0.454 19.05 19.53 01a59890o0894o
59890.611126 -21.519  2.096    -9   19 o  0   1.72 137.67460   7.20564  7174.54  9348.88 2.44 2.36  74.0 -0.447 19.03 19.55 01a59890o0916o
59891.297979  18.592  1.928   133  256 o  0   0.84 137.67460   7.20564  6791.62  1477.29 2.08 2.02 -69.1 -0.466 16.09 15.44 04a59891o0613o
59891.305660  17.910  1.353   249  337 o  0   0.86 137.67460   7.20564  6771.06  1438.71 2.12 2.07 -51.4 -0.468 15.80 15.22 04a59891o0630o
59891.308363  18.149  1.532   200  306 o  0   1.05 137.67460   7.20564  6828.96  1516.36 2.12 2.00 -34.0 -0.421 15.86 15.42 04a59891o0636o
59891.313380  17.639  0.276   319   88 o  0   1.41 137.67460   7.20564  6848.16  1400.23 2.05 1.98 -66.9 -0.473 16.80 16.67 04a59891o0647o
59891.569162 -20.734  1.750   -18   32 o  0   1.91 137.67460   7.20564  7125.18  9317.17 2.56 2.47  87.8 -0.441 18.33 18.38 01a59891o0811o
59891.571932  20.886  2.027    16   33 o  0   1.52 137.67460   7.20564  7107.01  9277.62 2.59 2.51 -76.0 -0.449 18.43 18.59 01a59891o0817o
59893.075604 -19.051  0.399   -87   35 o  0   1.52 137.67460   7.20564  8859.72  5244.33 3.61 3.36 -29.3 -0.353 18.09 18.92 03a59893o0717o
59893.079310 -19.702  0.825   -48   39 o  0   1.13 137.67460   7.20564  8840.61  5205.49 3.61 3.31 -32.2 -0.382 18.04 18.93 03a59893o0725o
59893.088965  19.268  0.561    71   40 o  0   1.08 137.67460   7.20564  8899.75  5282.66 3.52 3.30 -37.9 -0.354 18.10 18.85 03a59893o0745o
59893.094650 -18.817  0.312  -108   34 o  0   1.46 137.67460   7.20564  8918.13  5168.17 3.25 2.92 -42.5 -0.361 18.11 18.70 03a59893o0757o
59893.631101 -19.840  0.435   -42   18 o  0   1.75 137.67460   7.20564  5561.16  5181.35 2.79 1.99  33.4 -0.418 19.00 19.61 02a59893o0963o
59893.642939 -19.854  0.446   -42   18 o  0   1.44 137.67460   7.20564  5504.21  5105.24 2.87 2.07  34.1 -0.414 18.96 19.59 02a59893o0988o
59893.645720 -20.338  0.723   -27   19 o  0   1.54 137.67460   7.20564  5487.59  5220.01 2.89 2.07  31.5 -0.416 18.93 19.55 02a59893o0994o
59894.556126 -22.402  5.231    -4   21 o  0   1.52 137.67460   7.20564  7128.07  9321.74 2.74 2.66 -75.3 -0.427 18.91 19.57 01a59894o0804o
59894.562120 -21.713  2.407    -8   18 o  0   1.62 137.67460   7.20564  7110.43  9280.94 2.64 2.54  69.3 -0.423 18.96 19.60 01a59894o0817o
59894.565352  20.149  0.672    32   21 o  0   1.21 137.67460   7.20564  7170.19  9359.82 2.60 2.52  89.8 -0.428 18.99 19.61 01a59894o0824o
59894.575975 -21.964  3.044    -6   18 o  0   1.56 137.67460   7.20564  7193.36  9240.72 2.65 2.41  53.1 -0.425 19.05 19.66 01a59894o0847o
59897.555244  15.783  0.015  1765   27 o  0   2.57 137.67460   7.20564  5558.92  5175.80 2.84 2.21  32.0 -0.405 18.76 19.34 02a59897o0797o
59897.571269  15.793  0.015  1750   26 o  0   2.26 137.67460   7.20564  5496.27  5103.69 2.90 2.27  34.1 -0.410 18.78 19.37 02a59897o0831o
59897.581511  15.787  0.014  1759   24 o  0   3.98 137.67460   7.20564  5484.87  5213.77 2.87 2.09  30.7 -0.409 18.84 19.44 02a59897o0852o
59906.530339  15.078  0.006  3378   21 c  0   5.07 137.67460   7.20564   722.43  7158.02 3.28 3.13  61.3 -0.349 19.56 21.42 01a59906o0745c
59906.532647  15.081  0.006  3369   20 c  0   6.08 137.67460   7.20564   702.87  7119.01 3.22 3.08  44.7 -0.349 19.56 21.42 01a59906o0750c
59906.554956  15.073  0.006  3396   21 c  0   4.09 137.67460   7.20564   764.45  7194.95 3.22 3.01  52.8 -0.349 19.60 21.49 01a59906o0797c
59906.567914  15.093  0.006  3334   19 c  0   5.46 137.67460   7.20564   788.39  7077.09 3.28 3.11  18.5 -0.336 19.59 21.49 01a59906o0825c
59907.312292  15.066  0.008  3417   28 o  0  12.09 137.67460   7.20564  2439.56  1188.70 2.11 1.74  41.6 -0.456 19.30 20.54 04a59907o0669o
59907.340128  15.010  0.007  3599   27 o  0  29.56 137.67460   7.20564  2423.99  1146.30 2.04 1.73  36.6 -0.453 19.30 20.45 04a59907o0729o
59907.345104  15.027  0.008  3540   29 o  0  18.88 137.67460   7.20564  2484.40  1223.81 2.00 1.72  35.3 -0.430 19.18 20.14 04a59907o0740o
59907.347355  15.035  0.008  3514   29 o  0  22.55 137.67460   7.20564  2504.42  1106.21 1.94 1.86  22.1 -0.438 19.02 19.90 04a59907o0745o
59908.584720  15.074  0.007  3391   24 o  0  12.24 137.67460   7.20564  5636.95  7076.96 2.02 1.93  25.6 -0.454 19.56 20.72 02a59908o0872o
59908.587432  15.073  0.007  3396   23 o  0  11.36 137.67460   7.20564  5656.45  7116.20 2.01 1.90  25.2 -0.454 19.54 20.71 02a59908o0878o
59908.590601  15.101  0.007  3307   24 o  0   9.33 137.67460   7.20564  5597.52  7038.45 2.05 1.90  29.0 -0.448 19.55 20.65 02a59908o0885o
59908.596478  15.090  0.007  3342   22 o  0  11.46 137.67460   7.20564  5577.37  7154.66 1.99 1.95  20.1 -0.453 19.60 20.76 02a59908o0898o
59910.589715  15.197  0.009  3029   28 c  0   2.67 137.67460   7.20564   767.13  7186.86 3.62 3.42  54.5 -0.314 18.78 20.76 01a59910o0871c
59910.595793  15.294  0.016  2769   46 c  0   1.68 137.67460   7.20564   787.31  7068.01 3.57 3.33  49.3 -0.311 18.08 20.01 01a59910o0884c
59913.035807  15.225  0.008  2952   22 c  0   7.52 137.67460   7.20564  6952.85  7212.20 2.59 2.23 -53.5 -0.384 19.58 21.39 03a59913o0595c
59913.057211  15.217  0.007  2973   22 c  0   7.27 137.67460   7.20564  6924.56  7176.49 2.65 2.37 -55.4 -0.385 19.57 21.44 03a59913o0642c
59913.060814  15.193  0.007  3040   22 c  0   9.63 137.67460   7.20564  6980.43  7254.94 2.69 2.39 -52.2 -0.383 19.54 21.46 03a59913o0650c
59913.077200  15.192  0.007  3043   22 c  0   7.80 137.67460   7.20564  6999.89  7139.66 2.50 2.21 -54.8 -0.391 19.67 21.48 03a59913o0685c
59915.203061  15.203  0.012  3013   38 o  0   3.57 137.67460   7.20564  2806.84  8938.62 2.77 2.20 -82.8 -0.336 18.46 19.19 04a59915o0408o
59915.206246  15.193  0.012  3040   37 o  0   3.29 137.67460   7.20564  2784.47  8899.25 2.66 2.19 -85.6 -0.350 18.52 19.28 04a59915o0415o
59915.225841  15.164  0.010  3123   32 o  0   4.21 137.67460   7.20564  2828.90  8979.02 2.54 2.00 -79.7 -0.371 18.74 19.52 04a59915o0457o
59915.233495  15.156  0.010  3144   31 o  0   4.87 137.67460   7.20564  2847.27  8863.72 2.66 2.09 -83.6 -0.359 18.80 19.72 04a59915o0473o
59916.625690  15.195  0.007  3034   22 o  0  10.13 137.67460   7.20564  5175.25  9257.92 2.87 2.25  38.1 -0.396 19.40 20.85 02a59916o0519o
59916.641960  15.197  0.008  3030   23 o  0   7.20 137.67460   7.20564  5230.65  9343.92 2.61 2.14  41.2 -0.409 19.45 20.76 02a59916o0554o
59916.654467  15.137  0.007  3199   23 o  0  14.07 137.67460   7.20564  5252.00  9226.45 2.61 2.12  41.0 -0.409 19.34 20.50 02a59916o0581o
59917.073305  15.409  0.038  2491   95 o  0   1.27 137.67460   7.20564  7008.42  7144.69 3.01 2.79 -36.1 -0.398 17.39 18.86 03a59917o0676o
59919.289308  15.175  0.010  3089   32 o  0   5.81 137.67460   7.20564  2770.07  8935.24 2.46 1.78 -76.2 -0.414 18.84 19.44 04a59919o0600o
59919.292461  15.181  0.009  3073   29 o  0   6.14 137.67460   7.20564  2751.21  8896.22 2.45 1.76 -76.6 -0.414 18.86 19.47 04a59919o0607o
59919.295617  15.134  0.010  3211   32 o  0   7.32 137.67460   7.20564  2809.47  8973.27 2.37 1.79 -71.1 -0.439 18.89 19.47 04a59919o0614o
59919.316071  15.156  0.009  3144   28 o  0   7.36 137.67460   7.20564  2833.50  8853.88 2.59 1.83 -75.6 -0.397 18.94 19.70 04a59919o0659o
59919.354348  15.150  0.011  3162   35 o  0   5.12 137.67460   7.20564  2811.28  8904.46 2.44 1.73 -75.7 -0.430 18.60 18.82 04a59919o0741o
59920.587746  15.142  0.034  3187  107 o  0   1.10 137.67460   7.20564  5314.95  1337.50 2.30 2.04  33.4 -0.441 16.81 16.86 02a59920o0040o
59920.959363  15.158  0.019  3139   60 o  0   1.50 137.67460   7.20564  6818.38  1421.35 3.61 3.41 -40.2 -0.357 17.54 18.10 03a59921o0428o
59920.962556  15.187  0.017  3057   51 o  0   1.60 137.67460   7.20564  6795.91  1383.82 3.16 2.97 -40.6 -0.349 17.66 18.13 03a59921o0435o
59920.969829  15.202  0.018  3015   54 o  0   1.42 137.67460   7.20564  6852.73  1460.97 3.13 2.93 -36.5 -0.391 17.82 18.21 03a59921o0451o
59920.982152  15.178  0.017  3083   52 o  0   1.19 137.67460   7.20564  6880.42  1340.19 3.08 2.93 -39.0 -0.368 17.90 18.33 03a59921o0477o
59923.231677  15.182  0.013  3069   40 o  0   2.09 137.67460   7.20564  5037.13  5447.56 2.07 1.95 -66.6 -0.384 18.13 18.28 04a59923o0477o
59923.234837  15.180  0.012  3075   36 o  0   5.05 137.67460   7.20564  5017.33  5408.83 2.19 2.11 -50.8 -0.386 18.14 18.36 04a59923o0484o
59923.255119  15.183  0.012  3067   36 o  0   4.33 137.67460   7.20564  5072.68  5484.44 2.13 1.96 -70.7 -0.401 18.28 18.54 04a59923o0528o
59923.272862  15.197  0.013  3028   38 o  0   4.48 137.67460   7.20564  5091.21  5367.78 2.17 1.97 -55.1 -0.425 18.31 18.63 04a59923o0565o
59928.461840  15.210  0.008  2993   25 o  0   8.36 137.67460   7.20564  9917.80  5429.10 2.15 2.07 -15.2 -0.462 19.17 19.88 02a59928o0601o
59928.463648  15.206  0.010  3005   29 o  0   3.00 137.67460   7.20564  9938.00  5467.80 2.14 2.07 -12.7 -0.460 19.15 19.88 02a59928o0605o
59928.466818  15.210  0.009  2993   26 o  0   5.37 137.67460   7.20564  9876.94  5390.06 2.13 2.02   6.3 -0.455 19.12 19.87 02a59928o0612o
59928.472244  15.243  0.009  2902   26 o  0   5.86 137.67460   7.20564  9857.06  5505.49 2.20 2.07  11.7 -0.448 19.11 19.89 02a59928o0624o
59931.303776  15.154  0.008  3149   25 o  0  18.20 137.67460   7.20564  5144.49  7371.57 2.23 1.82 -65.7 -0.425 19.52 20.82 04a59931o0610o
59931.305579  15.183  0.008  3068   25 o  0  18.42 137.67460   7.20564  5124.96  7333.15 2.15 1.77 -67.4 -0.427 19.50 20.84 04a59931o0614o
59931.308731  15.158  0.009  3138   27 o  0  10.93 137.67460   7.20564  5184.18  7410.30 2.18 1.81 -67.3 -0.423 19.50 20.84 04a59931o0621o
59931.322254  15.176  0.008  3086   24 o  0  25.15 137.67460   7.20564  5210.21  7290.90 2.07 1.78 -67.1 -0.420 19.54 20.86 04a59931o0651o
59933.086452  15.271  0.008  2829   22 o  0  13.77 137.67460   7.20564  7895.45  5606.24 2.41 2.02 -52.9 -0.412 19.39 20.63 03a59933o0562o
59933.091463  15.284  0.008  2795   23 o  0   4.56 137.67460   7.20564  7911.52  5645.76 2.30 1.97 -47.5 -0.419 19.27 20.25 03a59933o0573o
59933.093269  15.271  0.009  2829   25 o  0   4.89 137.67460   7.20564  7853.62  5567.74 2.37 2.03 -53.4 -0.421 19.13 20.03 03a59933o0577o
59933.096434  15.272  0.010  2827   27 o  0   4.00 137.67460   7.20564  7830.01  5683.31 2.61 2.17 -53.8 -0.411 18.84 19.54 03a59933o0584o
59935.246589  15.651  0.009  1993   19 c  0   9.53 137.67460   7.20564  5128.69  7375.49 2.32 1.95 -65.9 -0.398 19.63 21.51 04a59935o0496c
59935.248840  15.657  0.009  1982   18 c  0  25.71 137.67460   7.20564  5109.91  7336.85 2.34 1.91 -68.5 -0.395 19.65 21.53 04a59935o0501c
59935.252443  15.654  0.009  1988   18 c  0  13.19 137.67460   7.20564  5167.12  7414.68 2.32 1.93 -66.7 -0.397 19.64 21.52 04a59935o0509c
59935.273676  15.638  0.010  2017   19 c  0  16.46 137.67460   7.20564  5190.17  7296.94 2.37 1.93 -71.5 -0.393 19.67 21.58 04a59935o0555c
59939.263997  15.777  0.010  1776   18 c  0   6.00 137.67460   7.20564  4937.83  3513.21 2.22 2.07 -13.3 -0.383 19.59 21.59 04a59939o0531c
59939.265799  15.747  0.009  1826   17 c  0  12.25 137.67460   7.20564  4918.93  3474.43 2.14 2.07 -11.7 -0.386 19.58 21.59 04a59939o0535c
59939.284103  15.719  0.010  1873   18 c  0   6.09 137.67460   7.20564  4984.04  3548.64 2.30 2.15 -21.5 -0.381 19.56 21.62 04a59939o0572c
59939.288163  15.749  0.010  1822   19 c  0   4.63 137.67460   7.20564  5004.35  3432.82 2.41 2.16 -22.1 -0.374 19.53 21.62 04a59939o0581c
59940.887682  15.362  0.011  2601   28 o  0   3.08 137.67460   7.20564  4561.50  6859.50 2.86 2.41 -41.7 -0.388 19.01 20.39 03a59941o0254o
59940.890879  15.404  0.010  2503   26 o  0   3.69 137.67460   7.20564  4534.76  6824.49 2.70 2.34 -50.8 -0.377 19.13 20.45 03a59941o0261o
59940.926326  15.359  0.009  2608   22 o  0   4.88 137.67460   7.20564  4558.92  6923.80 2.52 2.15 -46.2 -0.385 19.39 20.87 03a59941o0338o
59940.943803  15.335  0.008  2667   22 o  0   7.55 137.67460   7.20564  4556.35  6829.52 2.37 2.08 -51.6 -0.398 19.50 20.98 03a59941o0376o
59943.270335  15.797  0.010  1743   18 c  0   8.90 137.67460   7.20564  4941.07  3509.26 2.06 1.97 -18.6 -0.396 19.63 21.51 04a59943o0528c
59943.273037  15.853  0.011  1655   18 c  0   6.34 137.67460   7.20564  4922.61  3470.42 2.14 1.96 -20.2 -0.396 19.62 21.52 04a59943o0534c
59943.276209  15.835  0.010  1683   18 c  0   7.19 137.67460   7.20564  4982.67  3547.32 2.22 2.08 -21.1 -0.389 19.56 21.52 04a59943o0541c
59943.281614  15.789  0.010  1755   17 c  0  10.23 137.67460   7.20564  5003.35  3430.75 2.12 1.95 -19.4 -0.399 19.63 21.52 04a59943o0553c
59944.968840  15.400  0.009  2512   24 o  0   3.58 137.67460   7.20564  8746.20  4644.84 2.58 2.30 -45.8 -0.399 19.22 20.50 03a59945o0422o
59944.970657  15.394  0.009  2525   22 o  0   4.93 137.67460   7.20564  8725.94  4608.84 2.46 2.14 -50.4 -0.400 19.30 20.55 03a59945o0426o
59944.980723  15.392  0.008  2531   21 o  0   4.92 137.67460   7.20564  8771.71  4705.47 2.48 2.16 -59.0 -0.399 19.38 20.78 03a59945o0448o
59944.989352  15.398  0.008  2517   21 o  0   8.04 137.67460   7.20564  8793.80  4607.04 2.37 2.05 -56.2 -0.406 19.46 20.86 03a59945o0466o
59947.224169  15.414  0.011  2479   27 o  0   6.41 137.67460   7.20564  5230.08  9317.11 2.53 1.95 -68.9 -0.401 18.95 19.73 04a59947o0409o
59947.226421  15.424  0.010  2456   26 o  0   7.75 137.67460   7.20564  5210.65  9278.03 2.55 1.93 -72.8 -0.393 18.97 19.73 04a59947o0414o
59947.231727  15.433  0.013  2437   31 o  0   3.29 137.67460   7.20564  5270.70  9354.62 2.53 1.98 -75.4 -0.405 18.96 19.78 04a59947o0425o
59947.254457  15.269  0.011  2834   30 o  0   8.45 137.67460   7.20564  5298.10  9234.50 2.51 1.91 -72.0 -0.429 19.04 19.92 04a59947o0475o
59951.224738  16.100  0.213  1319  281 o  0   1.99 137.67460   7.20564  5229.37  9313.77 2.80 2.02 -74.4 -0.452 16.86 16.68 04a59951o0438o
59951.234440  15.449  0.030  2401   72 o  0   1.28 137.67460   7.20564  5270.19  9351.84 2.76 2.11 -76.5 -0.366 17.64 17.51 04a59951o0459o
59951.256817  15.484  0.047  2326  110 o  0   1.45 137.67460   7.20564  5297.48  9231.92 2.64 2.00 -73.8 -0.391 17.50 17.22 04a59951o0506o
59956.580570  15.536  0.011  2217   23 o  0   4.22 137.67460   7.20564  4828.63  1544.69 2.13 2.04  64.2 -0.438 19.07 19.96 02a59956o0390o
59956.583731  15.483  0.010  2326   24 o  0   4.55 137.67460   7.20564  4810.33  1506.07 2.11 2.02  76.4 -0.440 19.03 19.94 02a59956o0397o
59956.589173  15.480  0.010  2333   24 o  0   3.38 137.67460   7.20564  4869.43  1586.02 2.16 2.07  71.0 -0.431 19.01 19.90 02a59956o0409o
59956.599131  15.467  0.011  2361   26 o  0   2.56 137.67460   7.20564  4892.13  1468.66 2.18 2.08  73.6 -0.437 18.98 19.89 02a59956o0431o
59957.051666  15.503  0.014  2284   31 o  0   2.68 137.67460   7.20564  9573.05  1235.54 2.42 2.00 -62.7 -0.427 18.80 19.37 03a59957o0603o
59957.054843  15.496  0.013  2300   29 o  0   3.46 137.67460   7.20564  9591.61  1266.01 2.41 1.94 -61.5 -0.431 18.81 19.30 03a59957o0610o
59957.060699  15.506  0.014  2277   33 o  0   2.04 137.67460   7.20564  9535.09  1171.45 2.54 2.07 -66.8 -0.430 18.70 19.26 03a59957o0623o
59957.078449  15.500  0.013  2291   30 o  0   2.69 137.67460   7.20564  9514.32  1240.69 2.42 1.98 -64.6 -0.433 18.75 19.27 03a59957o0662o
59957.565494  15.488  0.009  2317   22 o  0   3.46 137.67460   7.20564  4835.95  1549.35 2.10 1.93  49.2 -0.438 19.28 20.17 02a59957o0763o
59957.592241  15.466  0.009  2363   22 o  0   3.79 137.67460   7.20564  4816.90  1509.30 2.06 1.88  49.8 -0.445 19.26 20.14 02a59957o0819o
59957.601223  15.496  0.010  2300   22 o  0   5.21 137.67460   7.20564  4878.10  1584.69 2.09 1.91  49.5 -0.443 19.24 20.11 02a59957o0837o
59957.607554  15.492  0.010  2308   22 o  0   6.88 137.67460   7.20564  4900.48  1469.45 2.05 1.90  50.7 -0.448 19.24 20.06 02a59957o0849o
59957.667719  15.516  0.012  2258   28 o  0   1.81 137.67460   7.20564  4859.49  1522.18 2.02 1.99 -76.0 -0.436 18.86 19.28 02a59957o0970o
59959.215478  15.523  0.010  2243   24 o  0   4.74 137.67460   7.20564   671.74  5172.67 2.52 2.04  58.6 -0.383 19.21 20.37 04a59959o0422o
59959.218638  15.512  0.009  2266   21 o  0   7.13 137.67460   7.20564   654.23  5132.99 2.46 2.00  61.2 -0.380 19.23 20.39 04a59959o0429o
59959.223605  15.498  0.010  2296   23 o  0   5.59 137.67460   7.20564   714.12  5210.68 2.39 1.97  61.7 -0.385 19.22 20.40 04a59959o0440o
59959.252212  15.514  0.011  2262   24 o  0   8.15 137.67460   7.20564  9839.55  5537.98 2.87 2.06 -16.5 -0.405 19.17 20.37 04a59959o0501o
59963.207215  15.520  0.010  2250   22 o  0   6.96 137.67460   7.20564   834.96  9055.71 2.83 2.05 -81.7 -0.377 19.45 20.93 04a59963o0407o
59963.237155  15.487  0.010  2318   22 o  0   8.60 137.67460   7.20564   828.80  9011.13 2.61 1.94 -76.0 -0.386 19.45 20.76 04a59963o0472o
59963.241310  15.481  0.010  2330   24 o  0   4.92 137.67460   7.20564   890.29  9087.26 2.59 1.94 -80.4 -0.388 19.47 20.86 04a59963o0481o
59963.266122  15.509  0.010  2272   22 o  0  12.66 137.67460   7.20564  9713.33  1631.31 3.01 2.20 -20.6 -0.367 19.37 20.81 04a59963o0535o
59964.527314  15.546  0.010  2195   23 o  0   5.08 137.67460   7.20564  9326.88  7543.84 2.63 2.45  41.2 -0.425 19.39 20.77 02a59964o0647o
59964.537402  15.536  0.010  2217   22 o  0   7.10 137.67460   7.20564  9366.80  7583.54 2.48 2.35  37.3 -0.433 19.37 20.77 02a59964o0669o
59964.547487  15.554  0.010  2179   22 o  0   4.45 137.67460   7.20564  9385.98  7465.29 2.86 2.75  37.9 -0.401 19.28 20.75 02a59964o0691o
59964.954960  16.063  0.011  1364   16 c  0   7.35 137.67460   7.20564  5056.12  7333.32 2.39 2.16 -52.1 -0.385 19.74 21.56 03a59965o0405c
59964.982788  16.062  0.012  1366   16 c  0   3.76 137.67460   7.20564  5503.26  3260.82 2.37 2.10 -63.0 -0.393 19.71 21.58 03a59965o0465c
59964.986130  16.056  0.011  1372   15 c  0   6.75 137.67460   7.20564  5101.22  7372.74 2.46 2.17 -55.9 -0.377 19.73 21.56 03a59965o0472c
59965.011765  16.080  0.012  1342   16 c  0   5.35 137.67460   7.20564  5426.62  3299.76 2.29 2.09 -60.0 -0.402 19.74 21.56 03a59965o0528c
59968.449759  15.575  0.010  2139   21 o  0   9.57 137.67460   7.20564  1585.20  3385.69 2.21 1.82  27.0 -0.455 19.50 20.64 02a59968o0549o
59968.452923  15.557  0.010  2174   21 o  0  10.31 137.67460   7.20564  1607.35  3423.70 2.18 1.86  24.0 -0.449 19.50 20.63 02a59968o0556o
59968.479281  15.543  0.009  2202   21 o  0   6.86 137.67460   7.20564  9024.21  7199.93 2.48 2.12  32.4 -0.435 19.44 20.65 02a59968o0613o
59968.503392  15.568  0.009  2152   20 o  0   8.08 137.67460   7.20564  9036.74  7087.42 2.37 2.15  37.4 -0.437 19.42 20.69 02a59968o0664o
59968.987964  16.060  0.012  1368   16 c  0   4.83 137.67460   7.20564  5586.85  7085.36 2.62 2.32 -55.9 -0.384 19.63 21.55 03a59969o0476c
59968.991864  16.107  0.012  1310   16 c  0   3.79 137.67460   7.20564  5604.96  7124.76 2.66 2.32 -51.6 -0.367 19.64 21.53 03a59969o0484c
59969.017606  16.077  0.012  1346   16 c  0   5.25 137.67460   7.20564  5548.60  7046.75 2.66 2.39 -53.6 -0.380 19.59 21.46 03a59969o0498c
59969.041936  16.089  0.011  1331   15 c  0   5.16 137.67460   7.20564  5528.92  7163.13 2.58 2.25 -52.3 -0.378 19.61 21.42 03a59969o0549c
59971.206039  15.545  0.010  2199   22 o  0  12.70 137.67460   7.20564  6985.41  5355.20 2.08 1.79 -19.8 -0.451 19.54 20.98 04a59971o0411o
59971.207841  15.563  0.010  2161   22 o  0  11.64 137.67460   7.20564  6965.51  5316.73 2.10 1.80 -24.6 -0.453 19.56 20.97 04a59971o0415o
59971.210994  15.559  0.010  2169   21 o  0  21.92 137.67460   7.20564  7025.33  5393.45 2.08 1.80 -25.6 -0.458 19.56 20.99 04a59971o0422o
59971.233571  15.578  0.010  2132   22 o  0   9.91 137.67460   7.20564  3553.71  5339.57 1.84 1.72 -62.9 -0.437 19.51 20.79 04a59971o0471o
59975.180614  15.639  0.013  2016   27 o  0   4.47 137.67460   7.20564  6976.62  5358.43 2.28 2.10 -32.4 -0.422 18.98 19.93 04a59975o0358o
59975.183315  15.616  0.013  2058   26 o  0   6.89 137.67460   7.20564  6959.08  5319.27 2.23 1.93 -30.3 -0.437 19.04 19.95 04a59975o0364o
59975.243894  15.623  0.010  2046   20 o  0  10.43 137.67460   7.20564  3593.17  5199.57 1.89 1.75 -70.2 -0.431 19.47 20.82 04a59975o0422o
59975.253371  15.609  0.010  2071   21 o  0   8.19 137.67460   7.20564  3578.46  5306.00 1.96 1.82 -66.0 -0.420 19.42 20.81 04a59975o0443o
59976.921317  15.611  0.014  2068   30 o  0   1.44 137.67460   7.20564  5106.75  9266.24 2.66 2.25 -36.7 -0.367 18.74 19.33 03a59977o0343o
59976.923122  15.631  0.013  2030   27 o  0   2.38 137.67460   7.20564  5087.25  9227.28 2.58 2.26 -37.2 -0.380 18.76 19.34 03a59977o0347o
59976.927642  15.592  0.014  2105   29 o  0   2.20 137.67460   7.20564  5143.68  9306.52 2.49 2.26 -40.1 -0.395 18.77 19.34 03a59977o0357o
59976.959440  15.601  0.012  2087   25 o  0   2.63 137.67460   7.20564  5384.30  1363.69 2.35 2.03 -56.0 -0.404 18.75 19.41 03a59977o0426o
59984.969109  15.735  0.013  1845   25 o  0   2.10 137.67460   7.20564  3756.23  1441.77 2.54 2.26 -64.9 -0.383 18.86 19.62 03a59985o0462o
59984.972267  15.706  0.013  1895   25 o  0   2.77 137.67460   7.20564  3774.52  1472.73 2.54 2.26 -67.5 -0.380 18.79 19.61 03a59985o0469o
59984.978185  15.679  0.013  1942   26 o  0   2.36 137.67460   7.20564  3717.54  1377.44 2.63 2.32 -67.4 -0.389 18.81 19.61 03a59985o0482o
59984.989003  15.661  0.016  1975   32 o  0   1.66 137.67460   7.20564  3696.89  1464.93 2.64 2.31 -68.1 -0.371 18.69 19.43 03a59985o0506o
59985.249324  15.638  0.015  2017   30 o  0   4.17 137.67460   7.20564  5772.31  8993.14 2.50 1.99 -62.9 -0.404 18.51 18.97 04a59985o0523o
59985.257900  15.703  0.019  1900   36 o  0   2.87 137.67460   7.20564  5795.35  9028.24 2.34 1.83 -61.8 -0.421 18.55 18.90 04a59985o0542o
59985.261510  15.696  0.018  1912   34 o  0   3.41 137.67460   7.20564  5737.96  8949.15 2.36 1.88 -65.4 -0.426 18.53 18.87 04a59985o0550o
59985.277140  15.765  0.017  1795   30 o  0   5.06 137.67460   7.20564  5722.94  9058.79 2.14 1.80 -51.3 -0.396 18.46 18.75 04a59985o0584o
59986.219161  15.766  0.017  1794   30 o  0   4.23 137.67460   7.20564  5747.97  9008.05 2.05 1.80 -50.2 -0.404 18.70 19.25 04a59986o0450o
59986.222771  15.697  0.017  1911   32 o  0   3.11 137.67460   7.20564  5769.36  9043.41 2.39 1.93 -63.4 -0.425 18.66 19.25 04a59986o0458o
59986.229078  15.657  0.015  1983   30 o  0   2.86 137.67460   7.20564  5714.21  8961.62 2.36 1.91 -62.2 -0.422 18.62 19.21 04a59986o0472o
59986.238997  15.639  0.016  2016   32 o  0   3.10 137.67460   7.20564  5699.41  9071.48 2.34 1.86 -62.5 -0.434 18.62 19.20 04a59986o0494o
59987.972668  15.714  0.012  1882   22 o  0   2.86 137.67460   7.20564  3759.95  1413.04 2.39 2.20 -66.0 -0.390 19.17 20.31 03a59988o0473o
59987.975843  15.743  0.012  1832   22 o  0   2.21 137.67460   7.20564  3778.81  1444.23 2.35 2.17 -61.2 -0.398 19.19 20.26 03a59988o0480o
59988.009850  15.733  0.012  1849   22 o  0   2.25 137.67460   7.20564  3727.29  1272.37 2.32 2.18 -60.7 -0.406 19.10 20.09 03a59988o0554o
59988.016781  15.703  0.012  1901   23 o  0   2.73 137.67460   7.20564  3705.59  1370.78 2.37 2.10 -71.5 -0.396 19.05 20.05 03a59988o0569o
59988.966448  15.732  0.011  1850   21 o  0   3.06 137.67460   7.20564  3755.53  1422.26 2.38 2.18 -58.8 -0.393 19.31 20.55 03a59989o0459o
59988.969606  15.724  0.010  1865   19 o  0   3.93 137.67460   7.20564  3773.21  1453.14 2.34 2.13 -57.0 -0.397 19.33 20.53 03a59989o0466o
59990.165043  16.332  0.015  1065   16 c  0   5.59 137.67460   7.20564  4860.53  1582.40 2.37 2.12  18.4 -0.406 19.50 21.23 04a59990o0331c
59990.168646  16.321  0.015  1075   17 c  0   3.98 137.67460   7.20564  4842.06  1542.74 2.38 2.13   2.5 -0.405 19.48 21.22 04a59990o0339c
59990.183354  16.298  0.015  1098   17 c  0   3.39 137.67460   7.20564  5689.47  8995.85 2.55 2.08 -64.5 -0.390 19.47 21.15 04a59990o0370c
59990.199244  16.285  0.014  1112   16 c  0   6.08 137.67460   7.20564  5683.67  9097.27 2.57 2.06 -64.0 -0.387 19.48 21.08 04a59990o0404c
59993.140045  16.453  0.018   952   17 c  0   4.62 137.67460   7.20564  9022.54  7203.31 2.89 2.48 -32.3 -0.381 19.45 21.31 04a59993o0294c
59993.141848  16.359  0.017  1039   17 c  0   5.14 137.67460   7.20564  9003.86  7164.52 2.83 2.40 -37.8 -0.400 19.45 21.29 04a59993o0298c
59993.163162  16.348  0.017  1049   18 c  0   5.63 137.67460   7.20564  9074.56  7240.21 2.72 2.33 -39.0 -0.412 19.46 21.17 04a59993o0340c
59993.169495  16.339  0.018  1057   19 c  0   3.12 137.67460   7.20564  9096.40  7123.52 2.78 2.35 -39.9 -0.406 19.44 21.15 04a59993o0352c
59994.138794  16.363  0.016  1034   16 c  0   4.67 137.67460   7.20564  9014.77  7203.57 2.75 2.26 -39.2 -0.397 19.49 21.23 04a59994o0294c
59994.141948  16.325  0.017  1072   18 c  0   3.82 137.67460   7.20564  8997.26  7164.08 2.82 2.34 -36.0 -0.395 19.47 21.24 04a59994o0301c
59994.170973  16.374  0.015  1024   15 c  0  13.49 137.67460   7.20564  9072.50  7238.15 2.56 2.18 -36.9 -0.429 19.55 21.25 04a59994o0358c
59994.198289 -17.096  0.017  -527    9 c  0 1856.44 137.67460   7.20564  1543.42  3467.17 2.35 1.95  50.2 -0.394 19.50 21.26 04a59994o0418c
59996.908957  15.805  0.011  1730   19 o  0   6.58 137.67460   7.20564  9838.99  1674.87 2.35 1.94 -57.8 -0.411 19.54 20.95 03a59997o0349o
59996.919018  15.819  0.011  1707   18 o  0   7.47 137.67460   7.20564  9857.38  1714.87 2.36 1.97 -58.8 -0.410 19.52 20.93 03a59997o0371o
59996.922172  15.747  0.011  1824   20 o  0   6.10 137.67460   7.20564  9801.88  1636.42 2.38 2.02 -57.6 -0.413 19.50 20.90 03a59997o0378o
59996.927618  15.793  0.010  1749   18 o  0   6.49 137.67460   7.20564  9778.43  1754.04 2.39 2.09 -51.2 -0.405 19.51 20.91 03a59997o0390o
59997.129747  16.380  0.016  1018   16 c  0   6.86 137.67460   7.20564  9020.10  7202.60 2.93 2.38 -33.0 -0.394 19.44 21.36 04a59997o0123c
59997.131999  16.446  0.018   958   17 c  0   3.16 137.67460   7.20564  9001.61  7163.49 2.92 2.39 -33.0 -0.392 19.44 21.35 04a59997o0128c
59997.137497  16.395  0.017  1004   17 c  0   4.69 137.67460   7.20564  9063.17  7241.39 2.86 2.34 -33.3 -0.407 19.49 21.37 04a59997o0138c
59997.160443  16.438  0.018   966   17 c  0   4.67 137.67460   7.20564  9093.64  7122.65 2.93 2.47 -47.4 -0.385 19.46 21.38 04a59997o0184c
59998.136073  16.461  0.018   945   17 c  0   4.97 137.67460   7.20564  9017.14  7202.95 2.80 2.32 -33.8 -0.395 19.56 21.40 04a59998o0293c
59998.139228  16.388  0.017  1012   17 c  0   4.73 137.67460   7.20564  8998.85  7164.00 2.70 2.28 -36.0 -0.403 19.55 21.37 04a59998o0300c
59998.174655  16.397  0.018  1003   18 c  0   3.90 137.67460   7.20564  9081.29  7234.79 2.71 2.31 -43.1 -0.401 19.56 21.38 04a59998o0373c
59998.189319 -17.205  0.004  -476    2 c  0 2338.62 137.67460   7.20564  1544.66  3463.87 2.33 1.97  52.0 -0.394 19.53 21.37 04a59998o0404c
60000.485701  16.416  0.017   986   17 c  0   2.60 137.67460   7.20564  7138.81  9206.62 2.80 2.64  33.8 -0.392 19.42 21.14 02a60000o0404c
60000.488877  16.478  0.019   930   18 c  0   2.88 137.67460   7.20564  7120.80  9166.90 2.95 2.72  33.9 -0.387 19.37 21.15 02a60000o0411c
60000.501537  16.535  0.018   883   16 c  0   4.13 137.67460   7.20564  7186.64  9245.28 2.84 2.74  29.4 -0.393 19.39 21.18 02a60000o0437c
60000.512678  16.421  0.017   981   16 c  0   4.40 137.67460   7.20564  7214.19  9127.59 2.79 2.66  27.7 -0.395 19.38 21.16 02a60000o0460c
60001.181699  16.462  0.017   944   16 c  0   5.57 137.67460   7.20564  8075.08  7458.34 2.50 2.05 -29.4 -0.425 19.63 21.46 04a60001o0336c
60001.188956  16.448  0.016   957   15 c  0   6.04 137.67460   7.20564  8097.10  7492.26 2.52 2.06 -32.7 -0.423 19.60 21.42 04a60001o0352c
60001.200739  16.374  0.017  1025   17 c  0   5.64 137.67460   7.20564  8044.78  7406.66 2.63 2.13 -38.8 -0.415 19.54 21.37 04a60001o0378c
60001.203925  16.350  0.017  1047   18 c  0   6.32 137.67460   7.20564  8026.58  7520.70 2.52 2.10 -36.3 -0.425 19.57 21.36 04a60001o0385c
60002.106573  15.862  0.012  1641   19 o  0  10.52 137.67460   7.20564  2545.84  3135.34 1.98 1.94  44.0 -0.449 19.26 20.45 04a60002o0238o
60002.108375  15.852  0.013  1657   22 o  0   6.67 137.67460   7.20564  2527.80  3096.50 1.98 1.93 -48.4 -0.426 19.28 20.43 04a60002o0242o
60002.111535  15.892  0.012  1596   19 o  0   8.89 137.67460   7.20564  2586.99  3174.20 1.91 1.84  71.7 -0.426 19.30 20.46 04a60002o0249o
60002.116954  15.905  0.014  1578   22 o  0   4.69 137.67460   7.20564  2609.09  3056.89 1.92 1.91 -71.1 -0.415 19.31 20.50 04a60002o0261o
60003.887422  15.776  0.042  1777   75 o  0   1.58 137.67460   7.20564  7630.94  1410.50 2.59 2.25 -59.0 -0.399 17.27 18.10 03a60004o0312o
60003.894203  15.888  0.013  1603   21 o  0   2.67 137.67460   7.20564  7649.70  1433.88 2.66 2.38 -59.3 -0.405 19.06 20.19 03a60004o0327o
60003.897359  15.874  0.013  1624   21 o  0   2.63 137.67460   7.20564  7592.99  1346.89 2.49 2.22 -63.8 -0.409 19.16 20.28 03a60004o0334o
60003.930488  15.895  0.013  1592   20 o  0   3.10 137.67460   7.20564  7574.34  1376.11 2.36 2.23 -65.1 -0.418 19.25 20.42 03a60004o0406o
60004.887423  15.968  0.030  1488   45 o  0   2.02 137.67460   7.20564  3610.97  5210.69 2.28 1.94 -57.0 -0.386 18.01 18.36 03a60005o0314o
60004.891042  15.928  0.039  1545   61 o  0   1.17 137.67460   7.20564  3629.08  5250.19 2.30 1.97 -58.7 -0.379 17.57 17.70 03a60005o0322o
60004.925022  15.983  0.093  1469  136 o  0   0.90 137.67460   7.20564  3576.71  5174.10 2.30 1.99 -55.6 -0.380 16.84 16.98 03a60005o0396o
60004.930881  15.808  0.081  1725  139 o  0   1.31 137.67460   7.20564  3554.98  5289.41 2.33 1.98 -54.3 -0.383 16.70 16.96 03a60005o0409o
60005.102776  15.929  0.016  1543   25 o  0   4.52 137.67460   7.20564  2554.20  3138.37 2.03 1.99 -79.8 -0.408 18.64 19.09 04a60005o0233o
60005.104577  15.863  0.018  1640   30 o  0   3.39 137.67460   7.20564  2535.24  3099.45 2.01 1.99 -85.9 -0.420 18.65 19.12 04a60005o0237o
60005.108205  15.876  0.021  1620   34 o  0   1.37 137.67460   7.20564  2595.30  3177.06 2.45 2.32 -35.5 -0.396 18.51 19.12 04a60005o0245o
60005.131841  15.946  0.017  1519   25 o  0   3.37 137.67460   7.20564  2629.60  3055.78 1.96 1.93  73.6 -0.407 18.72 19.14 04a60005o0296o
60011.945287  16.020  0.029  1420   41 o  0   1.18 137.67460   7.20564  1760.94  9134.76 3.65 3.03 -25.0 -0.334 18.23 18.82 03a60012o0455o
60011.961225  15.993  0.025  1455   37 o  0   1.75 137.67460   7.20564  1782.99  9174.77 2.98 2.47 -37.8 -0.416 18.38 18.73 03a60012o0490o
60011.964409  16.057  0.028  1372   39 o  0   1.67 137.67460   7.20564  1726.07  9095.24 3.53 2.82 -20.8 -0.362 18.24 18.72 03a60012o0497o
60011.976379  15.996  0.033  1451   47 o  0   1.06 137.67460   7.20564  1705.68  9211.59 4.09 2.82  -9.5 -0.366 18.10 18.65 03a60012o0522o
60012.935098  15.994  0.019  1454   28 o  0   1.48 137.67460   7.20564  1756.68  9137.21 2.47 2.07 -46.5 -0.408 18.85 19.30 03a60013o0438o
60012.949052  16.009  0.020  1433   28 o  0   1.96 137.67460   7.20564  1778.48  9178.07 2.52 2.10 -47.0 -0.410 18.84 19.23 03a60013o0468o
60012.952207  16.090  0.018  1331   24 o  0   3.48 137.67460   7.20564  1722.27  9098.57 2.47 2.10 -45.7 -0.405 18.83 19.23 03a60013o0475o
60012.958073  15.952  0.018  1511   27 o  0   2.19 137.67460   7.20564  1699.83  9214.51 2.44 2.03 -47.5 -0.451 18.80 19.19 03a60013o0488o
60013.152658  16.014  0.021  1427   29 o  0   1.47 137.67460   7.20564  7926.41  3586.64 2.38 2.01 -15.9 -0.410 18.71 19.28 04a60013o0318o
60013.155071  15.993  0.020  1454   30 o  0   2.41 137.67460   7.20564  7946.89  3623.64 2.39 2.09 -15.2 -0.415 18.71 19.27 04a60013o0322o
60013.160005  16.100  0.020  1319   26 o  0   2.38 137.67460   7.20564  7891.07  3542.84 2.36 1.88 -19.6 -0.416 18.73 19.27 04a60013o0331o
60013.177012  16.034  0.022  1401   31 o  0   2.36 137.67460   7.20564  7879.88  3649.03 2.21 2.10 -14.3 -0.464 18.67 19.18 04a60013o0362o
60014.162450  16.078  0.018  1346   24 o  0   3.45 137.67460   7.20564  7928.82  3574.13 2.43 1.97 -18.4 -0.403 18.80 19.55 04a60014o0259o
60014.165613  16.020  0.018  1420   26 o  0   2.67 137.67460   7.20564  7948.42  3611.45 2.44 1.97 -17.7 -0.397 18.79 19.51 04a60014o0266o
60014.180603  16.087  0.019  1334   25 o  0   3.24 137.67460   7.20564  7897.79  3526.13 2.38 1.99 -16.2 -0.406 18.78 19.49 04a60014o0299o
60014.190622  16.105  0.020  1313   26 o  0   1.31 137.67460   7.20564  7880.34  3637.98 2.41 2.00 -19.9 -0.401 18.74 19.46 04a60014o0321o
60014.378847  16.035  0.032  1399   45 o  0   1.79 137.67460   7.20564  1254.64   177.64 2.11 1.76 -85.3 -0.506 18.44 19.22 02a60014o0208o
60014.405575  14.948  0.077  3808  294 o  0   4.34 137.67460   7.20564  1322.34   254.58 2.76 2.41   3.5 -0.422 18.75 19.79 02a60014o0263o
60015.878328  16.124  0.015  1290   19 o  0   3.37 137.67460   7.20564  5650.10  9036.79 2.59 2.13 -43.0 -0.385 19.16 20.15 03a60016o0313o
60015.881485  16.049  0.014  1382   19 o  0   3.39 137.67460   7.20564  5668.57  9076.28 2.53 2.11 -42.9 -0.390 19.20 20.15 03a60016o0320o
60015.887795  16.105  0.016  1312   21 o  0   2.14 137.67460   7.20564  5612.05  8997.70 2.51 2.09 -43.5 -0.390 19.19 20.13 03a60016o0334o
60015.900438  16.088  0.015  1333   20 o  0   3.14 137.67460   7.20564  5590.58  9114.61 2.46 2.07 -44.3 -0.399 19.18 20.10 03a60016o0362o
60016.869670  16.082  0.015  1340   21 o  0   2.45 137.67460   7.20564  5640.37  9035.97 2.58 2.11 -43.0 -0.391 19.35 20.50 03a60017o0296o
60016.873288  16.105  0.013  1312   17 o  0   5.06 137.67460   7.20564  5658.96  9075.67 2.57 2.11 -44.1 -0.397 19.33 20.47 03a60017o0304o
60016.880970  16.111  0.015  1304   19 o  0   3.43 137.67460   7.20564  5602.36  8997.55 2.51 2.09 -45.5 -0.397 19.32 20.44 03a60017o0321o
60016.890896  16.152  0.015  1256   18 o  0   4.20 137.67460   7.20564  5580.45  9113.76 2.60 2.13 -45.5 -0.396 19.28 20.42 03a60017o0343o
60017.119647  16.076  0.015  1347   20 o  0   3.61 137.67460   7.20564  3713.02  7181.09 2.25 1.97 -78.8 -0.412 19.26 20.70 04a60017o0281o
60017.123162  16.039  0.016  1394   22 o  0   3.62 137.67460   7.20564  3735.65  7215.81 2.22 1.87 -82.3 -0.410 19.22 20.54 04a60017o0288o
60017.129118  16.103  0.014  1314   19 o  0   4.35 137.67460   7.20564  3682.01  7132.82 2.13 1.86 -77.4 -0.419 19.24 20.46 04a60017o0300o
60017.140078  16.100  0.015  1318   20 o  0   3.24 137.67460   7.20564  3669.06  7239.68 2.27 1.93 -73.3 -0.397 19.20 20.40 04a60017o0322o
60018.121981  16.074  0.014  1350   18 o  0   5.38 137.67460   7.20564  3708.76  7171.66 2.16 1.85 -78.9 -0.411 19.21 20.47 04a60018o0302o
60018.125135  16.153  0.015  1255   19 o  0   6.12 137.67460   7.20564  3729.42  7207.86 2.16 1.86 -77.9 -0.404 19.22 20.49 04a60018o0309o
60018.130544  16.127  0.015  1286   20 o  0   4.68 137.67460   7.20564  3675.38  7124.96 2.16 1.89 -83.7 -0.407 19.23 20.51 04a60018o0321o
60018.141821  16.127  0.016  1286   21 o  0   2.05 137.67460   7.20564  3662.14  7233.05 2.18 1.78 -76.9 -0.406 19.25 20.56 04a60018o0346o
60019.904362  16.903  0.029   629   18 c  0   1.99 137.67460   7.20564  5649.28  9042.46 2.62 2.29 -50.9 -0.372 19.35 21.20 03a60020o0057c
60019.908891  16.794  0.022   696   16 c  0   4.14 137.67460   7.20564  5667.36  9080.82 2.48 2.18 -52.0 -0.387 19.37 21.17 03a60020o0067c
60019.918165  18.798  0.150   110   16 c  0  11.62 137.67460   7.20564  5612.88  9003.02 2.63 2.30 -49.2 -0.384 19.06 20.92 03a60020o0087c
60019.969566  16.758  0.021   719   15 c  0   2.93 137.67460   7.20564  5599.85  9116.62 2.55 2.26 -49.9 -0.380 19.37 21.06 03a60020o0132c
60020.355459  16.189  0.037  1214   45 o  0   2.39 137.67460   7.20564   946.77  4613.02 2.09 1.89  33.7 -0.458 18.17 19.28 02a60020o0300o
60020.358734  16.249  0.027  1149   31 o  0   1.88 137.67460   7.20564   927.79  4575.44 2.10 1.90  33.6 -0.456 18.80 19.97 02a60020o0307o
60020.365527  16.163  0.027  1244   33 o  0   2.23 137.67460   7.20564   987.16  4652.39 2.09 1.87  32.4 -0.463 18.54 19.66 02a60020o0322o
60020.379033  16.180  0.024  1224   29 o  0   2.44 137.67460   7.20564  1010.25  4531.08 2.11 1.90  35.7 -0.453 18.66 19.84 02a60020o0351o
60020.851129  16.864  0.019   652   12 c  0   3.80 137.67460   7.20564  5643.55  9037.03 2.81 2.51 -49.2 -0.361 19.60 21.55 03a60021o0266c
60020.854304  16.883  0.021   641   14 c  0   2.58 137.67460   7.20564  5662.31  9076.82 2.85 2.53 -51.0 -0.361 19.64 21.57 03a60021o0273c
60020.861666  16.794  0.020   696   14 c  0   3.13 137.67460   7.20564  5606.39  8998.15 2.74 2.36 -46.8 -0.372 19.69 21.57 03a60021o0289c
60020.875302  16.815  0.019   682   13 c  0   3.50 137.67460   7.20564  5584.09  9115.35 2.74 2.38 -49.1 -0.368 19.66 21.56 03a60021o0319c
60021.099046  16.200  0.016  1202   19 o  0   3.83 137.67460   7.20564  3705.05  7192.18 2.17 1.88 -77.0 -0.418 19.25 20.44 04a60021o0248o
60021.133010  16.159  0.016  1248   19 o  0   3.98 137.67460   7.20564  3750.93  7196.05 2.27 1.93 -76.9 -0.407 19.25 20.56 04a60021o0318o
60021.136181  16.229  0.015  1170   17 o  0   3.79 137.67460   7.20564  3694.21  7116.25 2.10 1.78 -78.6 -0.412 19.29 20.55 04a60021o0325o
60021.164501  16.193  0.016  1210   20 o  0   4.54 137.67460   7.20564  3690.13  7214.04 2.06 1.80 -66.5 -0.430 19.31 20.49 04a60021o0385o
60022.103778  16.173  0.016  1233   19 o  0   2.47 137.67460   7.20564  3703.70  7181.42 2.25 1.92 -79.7 -0.408 19.25 20.62 04a60022o0267o
60022.106932  16.220  0.016  1180   19 o  0   3.29 137.67460   7.20564  3724.71  7216.24 2.16 1.84 -79.2 -0.402 19.27 20.62 04a60022o0274o
60022.129705  16.224  0.017  1176   20 o  0   2.41 137.67460   7.20564  3685.06  7119.17 2.15 1.83 -76.9 -0.416 19.29 20.65 04a60022o0322o
60022.135278  16.174  0.015  1232   18 o  0   4.17 137.67460   7.20564  3666.95  7229.84 2.17 1.81 -75.1 -0.404 19.29 20.65 04a60022o0334o
60022.415093  16.302  0.017  1094   18 o  0   3.68 137.67460   7.20564   963.64  4599.11 2.06 1.83  33.2 -0.465 19.43 20.52 02a60022o0420o
60022.433913  16.193  0.016  1210   19 o  0   4.30 137.67460   7.20564   948.31  4558.60 2.07 1.83  31.3 -0.456 19.40 20.50 02a60022o0456o
60022.436182  16.259  0.014  1139   16 o  0   7.12 137.67460   7.20564  1011.24  4636.85 2.09 1.86  32.3 -0.459 19.37 20.49 02a60022o0461o
60022.440608  16.275  0.015  1122   17 o  0   5.63 137.67460   7.20564  1031.65  4520.00 2.12 1.87  31.1 -0.459 19.37 20.49 02a60022o0469o
60024.342257  16.378  0.016  1020   16 o  0   3.26 137.67460   7.20564   947.88  4612.39 2.10 2.01  30.3 -0.449 19.54 20.81 02a60024o0264o
60024.345429  16.290  0.016  1107   18 o  0   2.15 137.67460   7.20564   929.29  4574.11 2.11 2.03  37.5 -0.451 19.45 20.78 02a60024o0271o
60024.350869  16.262  0.016  1136   19 o  0   3.17 137.67460   7.20564   988.26  4649.08 2.10 2.05  46.3 -0.451 19.43 20.71 02a60024o0283o
60024.361474  16.286  0.017  1111   18 o  0   3.81 137.67460   7.20564  1009.13  4534.84 2.09 1.98  35.8 -0.454 19.39 20.64 02a60024o0306o
60024.855549  16.956  0.021   599   13 c  0   4.40 137.67460   7.20564  1640.48  3320.49 2.43 2.25 -73.6 -0.393 19.66 21.57 03a60025o0282c
60024.858740  16.901  0.019   631   12 c  0   4.91 137.67460   7.20564  1659.05  3360.12 2.37 2.21 -73.4 -0.396 19.69 21.55 03a60025o0289c
60024.864654  16.937  0.020   610   12 c  0   4.74 137.67460   7.20564  1603.20  3281.52 2.39 2.25 -65.0 -0.397 19.66 21.54 03a60025o0302c
60024.874605  16.931  0.025   614   15 c  0   2.45 137.67460   7.20564  1581.75  3397.42 2.39 2.23 -67.3 -0.399 19.68 21.53 03a60025o0324c
60025.114324  16.353  0.021  1044   22 o  0   3.29 137.67460   7.20564  3455.55  1362.12 2.25 2.01  37.0 -0.434 19.29 20.72 04a60025o0269o
60025.117934  16.387  0.017  1012   17 o  0   6.43 137.67460   7.20564  3477.36  1398.04 2.13 1.93  38.6 -0.401 19.36 20.74 04a60025o0277o
60025.124244  16.375  0.017  1023   17 o  0   6.56 137.67460   7.20564  3423.34  1314.55 2.30 1.99  41.4 -0.440 19.33 20.76 04a60025o0291o
60025.156234  16.412  0.017   989   17 o  0   5.12 137.67460   7.20564  3421.79  1406.91 2.13 1.93  37.0 -0.409 19.33 20.72 04a60025o0353o
60026.096512  16.438  0.021   966   20 o  0   2.04 137.67460   7.20564  3435.40  1371.69 2.28 1.95  46.2 -0.438 19.23 20.43 04a60026o0255o
60026.100660  16.427  0.021   976   21 o  0   2.50 137.67460   7.20564  3457.76  1406.98 2.31 2.00  49.7 -0.431 19.19 20.43 04a60026o0264o
60026.106602  16.451  0.022   954   21 o  0   3.45 137.67460   7.20564  3404.80  1322.75 2.23 1.93  42.3 -0.449 19.25 20.43 04a60026o0277o
60026.117606  16.443  0.021   961   20 o  0   3.11 137.67460   7.20564  3391.24  1430.73 2.31 2.01  47.8 -0.430 19.16 20.40 04a60026o0301o
60028.337591  16.645  0.024   798   19 o  0   3.02 137.67460   7.20564  8929.81  4505.37 2.24 2.15  59.9 -0.436 19.17 20.38 02a60028o0257o
60028.340755  16.529  0.022   888   20 o  0   2.04 137.67460   7.20564  8911.30  4466.52 2.28 2.18  48.1 -0.429 19.23 20.46 02a60028o0264o
60028.346735  16.589  0.020   840   17 o  0   3.26 137.67460   7.20564  8969.43  4540.50 2.31 2.24  61.9 -0.432 19.27 20.54 02a60028o0277o
60028.357215  16.655  0.022   791   17 o  0   2.05 137.67460   7.20564  8990.76  4427.24 2.25 2.17  56.6 -0.429 19.35 20.56 02a60028o0300o
60029.088534  16.830  0.027   673   18 o  0   2.64 137.67460   7.20564  3445.90  1375.53 2.17 2.07  27.8 -0.409 19.20 20.51 04a60029o0246o
60029.091724  16.722  0.023   743   17 o  0   4.09 137.67460   7.20564  3467.96  1410.89 2.43 2.09  47.3 -0.432 19.18 20.51 04a60029o0253o
60029.097251  16.736  0.027   734   20 o  0   2.20 137.67460   7.20564  3413.93  1327.63 2.40 2.08  47.5 -0.424 19.17 20.52 04a60029o0265o
60029.107353  16.698  0.027   760   21 o  0   2.67 137.67460   7.20564  3400.81  1436.05 2.40 2.04  42.7 -0.432 19.18 20.53 04a60029o0287o
60030.101190  16.880  0.029   642   18 o  0   2.23 137.67460   7.20564  3447.27  1355.26 2.44 2.07  47.4 -0.416 19.19 20.56 04a60030o0276o
60030.104382  16.814  0.029   683   20 o  0   2.04 137.67460   7.20564  3467.74  1392.51 2.37 2.07  43.6 -0.432 19.23 20.57 04a60030o0283o
60030.109835  16.895  0.030   634   19 o  0   2.34 137.67460   7.20564  3413.36  1309.67 2.53 2.16  46.2 -0.420 19.19 20.59 04a60030o0295o
60030.120359  16.916  0.031   622   20 o  0   2.09 137.67460   7.20564  3398.98  1419.29 2.41 2.16  47.1 -0.421 19.13 20.57 04a60030o0318o
60032.818647  18.149  0.107   200   21 o  0   1.37 137.67460   7.20564  7989.27  7546.35 2.71 2.23 -54.6 -0.403 18.82 19.69 03a60033o0196o
60032.822768  17.906  0.065   250   16 o  0   2.32 137.67460   7.20564  8007.40  7586.38 2.71 2.19 -52.5 -0.408 18.87 19.81 03a60033o0205o
60032.828749  18.007  0.114   228   26 o  0   1.96 137.67460   7.20564  7951.41  7509.58 2.74 2.20 -51.1 -0.399 18.55 19.66 03a60033o0218o
60032.840625  18.088  0.093   211   20 o  0   1.94 137.67460   7.20564  7929.19  7625.52 2.65 2.22 -49.3 -0.404 18.71 19.67 03a60033o0244o
60033.040457  17.937  0.120   243   29 o  0   1.42 137.67460   7.20564  9126.92  9149.32 2.83 2.50 -60.9 -0.388 18.79 19.70 04a60033o0148o
60033.044153  17.784  0.104   280   29 o  0   1.62 137.67460   7.20564  9109.43  9109.77 2.45 2.08  -9.4 -0.423 18.66 19.42 04a60033o0156o
60033.065164  18.264  0.131   180   24 o  0   1.35 137.67460   7.20564  1445.39  1429.96 2.65 1.91  47.6 -0.431 18.86 19.76 04a60033o0201o
60033.072030  17.517  0.066   357   23 o  0   2.26 137.67460   7.20564  1436.47  1539.85 2.79 2.05  50.9 -0.414 18.85 19.80 04a60033o0216o
60034.068020  19.407  0.520    63   33 o  0   1.22 137.67460   7.20564  1482.28  1458.41 2.81 2.02  46.9 -0.406 18.50 19.17 04a60034o0211o
60034.071250  18.433  0.219   154   34 o  0   1.15 137.67460   7.20564  1504.76  1494.06 2.63 1.90  48.4 -0.431 18.53 19.18 04a60034o0218o
60034.081036  18.699  0.250   120   30 o  0   1.30 137.67460   7.20564  1454.83  1405.73 2.75 1.99  48.8 -0.415 18.47 19.15 04a60034o0239o
60034.091212  16.882  0.390   641  250 o  0   0.82 137.67460   7.20564  1443.09  1513.81 2.74 1.93  45.7 -0.413 18.45 19.07 04a60034o0261o
60037.897881  19.776  0.993    45   44 o  0   1.03 137.67460   7.20564  8008.01  7553.59 2.56 2.20 -45.4 -0.409 18.12 18.15 03a60038o0316o
60037.904768  18.733  0.366   117   43 o  0   1.25 137.67460   7.20564  8028.08  7592.46 2.72 2.35 -46.3 -0.386 18.01 18.08 03a60038o0331o
60037.907981  18.636  0.348   128   44 o  0   1.06 137.67460   7.20564  7972.28  7513.12 2.74 2.32 -50.4 -0.381 17.95 17.98 03a60038o0338o
60037.939330  19.167  0.710    78   56 o  0   1.05 137.67460   7.20564  7959.01  7624.63 2.72 2.28 -43.0 -0.386 17.83 17.78 03a60038o0405o
60038.166251 -19.429  0.867   -61   53 o  0   1.90 137.67460   7.20564  1548.25  1396.60 2.24 1.96  44.1 -0.437 17.51 17.68 04a60038o0430o
60038.192102  19.992  3.132    37  114 o  0   0.89 137.67460   7.20564  1566.31  1438.43 2.46 2.08  45.5 -0.478 17.05 17.05 04a60038o0485o
60038.215588  17.896  1.413   252  356 o  0   1.02 137.67460   7.20564  1503.77  1365.37 2.36 2.03  45.8 -0.467 15.77 15.75 04a60038o0535o
60039.116809  18.787  0.396   111   44 o  0   1.00 137.67460   7.20564  8013.41  5500.09 2.42 2.08 -14.8 -0.408 18.14 18.45 04a60039o0326o
60039.136378  19.806  0.883    43   38 o  0   1.10 137.67460   7.20564  8036.60  5531.63 2.43 2.00 -15.4 -0.419 18.05 18.36 04a60039o0368o
60039.143283  21.138  2.911    13   37 o  0   1.55 137.67460   7.20564  7980.36  5452.93 2.47 2.11 -16.8 -0.413 18.05 18.34 04a60039o0383o
60039.146033  21.478  4.333     9   40 o  0   1.69 137.67460   7.20564  7960.13  5568.50 2.33 2.02  -8.4 -0.424 18.11 18.32 04a60039o0389o
60040.874418  19.395  0.522    63   33 o  0   0.92 137.67460   7.20564  8036.30  9493.73 2.71 2.13 -37.2 -0.398 18.40 18.67 03a60041o0228o
60040.891589  19.906  0.744    40   30 o  0   1.32 137.67460   7.20564  8058.11  9533.29 2.63 2.10 -40.5 -0.397 18.40 18.58 03a60041o0263o
60040.896498  19.074  0.383    85   33 o  0   1.24 137.67460   7.20564  8001.35  9452.37 2.70 2.14 -39.9 -0.403 18.37 18.56 03a60041o0273o
60040.902351  18.610  0.282   131   37 o  0   1.25 137.67460   7.20564  7980.34  9567.39 2.70 2.12 -41.0 -0.403 18.35 18.52 03a60041o0285o
60042.100169  21.006  1.729    14   25 o  0   1.18 137.67460   7.20564  7859.26  1630.30 2.62 2.23 -21.4 -0.380 18.65 19.36 04a60042o0295o
60042.103347 -22.764  8.833    -3   25 o  0   1.97 137.67460   7.20564  7879.41  1666.98 2.59 2.06 -24.6 -0.404 18.64 19.35 04a60042o0302o
60042.113475 -22.198  5.321    -5   26 o  0   1.60 137.67460   7.20564  7824.69  1585.46 2.64 2.20 -23.0 -0.390 18.58 19.31 04a60042o0324o
60042.119462 -19.450  0.472   -60   28 o  0   1.25 137.67460   7.20564  7805.17  1700.60 2.52 2.10 -21.9 -0.404 18.62 19.28 04a60042o0337o
60043.837340  23.653 16.143     1   20 o  0   1.00 137.67460   7.20564  5560.46  5176.54 2.93 2.38 -51.4 -0.397 18.84 19.95 03a60044o0266o
60043.841132  19.986  0.467    37   17 o  0   1.24 137.67460   7.20564  5578.08  5215.38 2.56 2.23 -48.1 -0.402 18.94 19.93 03a60044o0274o
60043.846875  19.269  0.208    71   15 o  0   1.88 137.67460   7.20564  5523.25  5137.64 2.39 2.10 -47.0 -0.408 18.99 19.89 03a60044o0286o
60043.857441  19.068  0.228    86   20 o  0   1.44 137.67460   7.20564  5503.63  5252.09 2.88 2.40 -52.6 -0.385 18.75 19.82 03a60044o0308o
60045.089366  19.264  0.265    72   19 o  0   0.83 137.67460   7.20564  5580.58  5116.74 2.06 1.86 -23.5 -0.412 19.04 20.04 04a60045o0262o
60045.092572  20.496  0.605    23   14 o  0   2.11 137.67460   7.20564  5600.75  5154.48 2.08 1.88 -28.1 -0.416 19.01 20.00 04a60045o0269o
60045.098079  20.339  0.586    27   16 o  0   2.47 137.67460   7.20564  5545.50  5075.12 2.10 1.91 -28.2 -0.409 18.97 19.98 04a60045o0281o
60045.119224  20.909  0.984    16   16 o  0   2.84 137.67460   7.20564  5531.31  5181.92 2.16 1.98 -49.4 -0.403 18.86 19.88 04a60045o0327o
60048.073290  19.872  0.289    41   12 c  0   3.02 137.67460   7.20564  5669.79  7054.63 2.79 2.57 -50.4 -0.353 19.15 21.12 04a60048o0243c
60048.078756  23.233  8.286     2   15 c  0   1.79 137.67460   7.20564  5691.40  7090.11 3.15 2.97 -52.5 -0.336 19.02 21.10 04a60048o0255c
60048.081960  20.543  0.598    22   13 c  0   1.65 137.67460   7.20564  5634.86  7011.00 2.86 2.64 -55.5 -0.354 19.10 21.09 04a60048o0262c
60048.093841 -21.770  1.925    -7   14 c  0   1.44 137.67460   7.20564  5619.03  7121.25 2.59 2.36 -58.2 -0.367 19.18 21.11 04a60048o0288c
60049.825896  20.587  0.612    21   13 o  0   2.10 137.67460   7.20564  5464.72  1306.89 2.27 2.06 -49.0 -0.420 19.45 20.77 03a60050o0257o
60049.829172  20.103  0.396    33   13 o  0   2.47 137.67460   7.20564  5483.12  1346.14 2.28 2.10 -48.9 -0.419 19.43 20.80 03a60050o0264o
60049.836662  20.681  0.581    19   11 o  0   2.68 137.67460   7.20564  5428.35  1266.86 2.25 2.04 -49.7 -0.418 19.50 20.87 03a60050o0280o
60049.854299  19.671  0.251    49   12 o  0   2.25 137.67460   7.20564  5407.81  1383.13 2.31 2.08 -52.5 -0.417 19.48 20.88 03a60050o0317o
60051.065077  18.945  0.149    96   14 c  0   2.91 137.67460   7.20564  5398.93  1254.36 2.55 2.42  18.7 -0.388 19.29 20.96 04a60051o0231c
60051.071338  19.816  0.290    43   12 c  0   2.41 137.67460   7.20564  5421.35  1289.84 2.55 2.43  23.0 -0.381 19.24 20.94 04a60051o0244c
60051.074539  19.391  0.230    64   15 c  0   1.88 137.67460   7.20564  5364.76  1209.44 2.63 2.49  23.8 -0.366 19.21 20.93 04a60051o0251c
60051.085056  19.717  0.315    47   15 c  0   1.95 137.67460   7.20564  5348.32  1320.72 2.51 2.33  -2.8 -0.384 19.23 20.86 04a60051o0274c
60052.776965  17.908  2.778   249  692 o  0   1.18 137.67460   7.20564  9895.85  5561.89 2.70 2.23 -54.8 -0.392 16.97 18.38 03a60053o0158o
60052.786116 -16.581  0.204  -847  173 o  0   1.42 137.67460   7.20564  9856.59  5522.43 2.49 2.05 -58.9 -0.395 17.51 18.78 03a60053o0177o
60052.796110  19.964  0.424    38   16 o  0   2.13 137.67460   7.20564  9836.01  5639.73 2.42 1.97 -58.7 -0.393 19.16 20.44 03a60053o0198o
60054.058333 -20.835  0.889   -17   15 c  0   1.56 137.67460   7.20564  9801.03  1520.70 3.52 2.39 -26.4 -0.329 19.34 21.11 04a60054o0222c
60054.065207  21.044  0.967    14   13 c  0   1.69 137.67460   7.20564  9823.21  1555.99 3.55 2.34 -24.4 -0.326 19.35 21.08 04a60054o0237c
60054.068384  19.959  0.378    38   14 c  0   2.00 137.67460   7.20564  9765.98  1477.16 3.58 2.46 -26.1 -0.311 19.35 21.08 04a60054o0244c
60054.079396  19.841  0.331    42   14 c  0   2.21 137.67460   7.20564  9748.81  1589.89 3.46 2.39 -25.0 -0.348 19.32 21.04 04a60054o0268c
60057.041015  20.119  0.399    32   13 c  0   2.34 137.67460   7.20564  3637.75  5218.84 2.33 2.24 -81.4 -0.380 19.17 21.08 04a60057o0128c
60057.044184 -20.535  0.483   -22   11 c  0   2.03 137.67460   7.20564  3658.70  5255.36 2.25 2.16 -90.0 -0.382 19.23 21.08 04a60057o0135c
60057.051563  19.860  0.307    41   13 c  0   2.35 137.67460   7.20564  3604.48  5173.81 2.32 2.24 -85.9 -0.375 19.19 21.07 04a60057o0151c
60057.065780 -22.251  2.862    -5   13 c  0   1.64 137.67460   7.20564  3590.25  5282.63 2.31 2.14 -87.5 -0.380 19.21 21.05 04a60057o0182c
60064.763356  20.608  0.986    21   20 o  0   1.82 137.67460   7.20564  7988.00  7551.90 2.64 2.14 -51.9 -0.398 18.66 19.21 03a60065o0148o
60064.767083 -20.581  1.095   -21   23 o  0   1.24 137.67460   7.20564  8007.32  7592.06 2.53 2.06 -53.1 -0.403 18.70 19.22 03a60065o0156o
60064.776236  23.280 12.750     2   23 o  0   2.10 137.67460   7.20564  7951.61  7513.31 2.63 2.18 -50.5 -0.398 18.63 19.08 03a60065o0175o
60064.790882  26.022 191.000     0   27 o  0   1.18 137.67460   7.20564  7931.49  7629.99 2.58 2.12 -50.7 -0.400 18.65 19.14 03a60065o0206o
60066.066846 -19.282  0.383   -70   27 o  0   1.10 137.67460   7.20564  7938.48  3555.82 2.56 2.05 -20.1 -0.391 18.46 18.99 04a60066o0258o
60066.069612  20.756  1.660    18   30 o  0   1.52 137.67460   7.20564  7958.10  3594.21 2.63 2.24 -17.0 -0.395 18.45 18.96 04a60066o0264o
60066.075157  19.013  0.346    90   31 o  0   1.18 137.67460   7.20564  7899.71  3515.96 2.63 2.30 -15.6 -0.380 18.41 18.92 04a60066o0276o
60066.085646 -20.094  0.965   -33   32 o  0   1.09 137.67460   7.20564  7878.46  3631.73 2.59 2.11 -22.7 -0.395 18.39 18.85 04a60066o0299o
60067.785756  19.640  0.497    51   25 o  0   1.25 137.67460   7.20564  3669.58  7156.11 2.52 2.18 -46.1 -0.373 18.59 19.06 03a60068o0205o
60067.797622  21.167  1.958    12   24 o  0   1.32 137.67460   7.20564  3690.85  7195.73 2.43 2.09 -46.8 -0.377 18.64 19.01 03a60068o0231o
60067.800807  19.909  0.684    40   27 o  0   1.31 137.67460   7.20564  3635.15  7116.82 2.46 2.08 -46.9 -0.375 18.59 19.01 03a60068o0238o
60067.814122 -20.223  0.682   -30   20 o  0   1.50 137.67460   7.20564  3615.96  7232.16 2.41 2.12 -47.0 -0.383 18.58 18.94 03a60068o0267o
60069.046136  20.756  1.947    18   35 o  0   1.18 137.67460   7.20564  3742.39  7131.06 2.75 2.28 -76.0 -0.391 18.19 18.80 04a60069o0217o
60069.050659 -21.559  3.706    -9   32 o  0   1.02 137.67460   7.20564  3762.48  7167.73 2.57 2.16 -78.3 -0.382 18.22 18.77 04a60069o0227o
60069.059969  18.992  0.338    92   31 o  0   1.43 137.67460   7.20564  3706.00  7088.06 2.59 2.18 -77.2 -0.381 18.20 18.71 04a60069o0247o
60069.077806  21.400  3.250    10   32 o  0   2.13 137.67460   7.20564  3687.44  7202.07 2.52 2.12 -79.7 -0.383 18.16 18.61 04a60069o0286o
60070.775892  24.873 54.000     0   22 o  0   1.56 137.67460   7.20564  3537.03  1353.31 2.41 2.18 -46.7 -0.400 18.67 19.28 03a60071o0188o
60070.786496  20.048  0.664    35   23 o  0   1.33 137.67460   7.20564  3557.46  1394.37 2.50 2.26 -52.6 -0.391 18.65 19.26 03a60071o0211o
60070.789703 -19.492  0.407   -58   24 o  0   1.60 137.67460   7.20564  3502.28  1314.84 2.40 2.19 -49.7 -0.397 18.67 19.25 03a60071o0218o
60070.800165  19.522  0.436    56   25 o  0   1.45 137.67460   7.20564  3481.85  1431.18 2.40 2.15 -55.7 -0.396 18.64 19.19 03a60071o0241o
60072.024251 -21.167  2.236   -12   28 o  0   0.86 137.67460   7.20564  1524.55  1411.89 2.68 2.02  44.0 -0.447 18.69 19.49 04a60072o0173o
60072.039047  21.716  3.930     8   29 o  0   1.32 137.67460   7.20564  1550.09  1444.09 2.69 2.03  43.6 -0.443 18.66 19.40 04a60072o0205o
60072.047720  21.040  1.695    14   24 o  0   1.88 137.67460   7.20564  1492.57  1362.34 2.59 2.00  44.3 -0.470 18.62 19.39 04a60072o0208o
60072.050890 -19.811  0.614   -43   26 o  0   1.59 137.67460   7.20564  1474.12  1477.81 2.65 2.01  44.7 -0.443 18.60 19.37 04a60072o0215o
60073.768646 -19.696  0.274   -48   13 o  0   1.54 137.67460   7.20564  9874.15  3636.44 2.41 2.02 -55.1 -0.372 19.29 20.45 03a60074o0171o
60073.771815 -21.903  1.962    -6   12 o  0   2.03 137.67460   7.20564  9893.35  3675.07 2.34 2.01 -57.2 -0.385 19.31 20.45 03a60074o0178o
60073.777290  19.589  0.241    53   13 o  0   1.93 137.67460   7.20564  9838.00  3596.46 2.33 1.98 -60.1 -0.378 19.32 20.45 03a60074o0190o
60073.787421  20.726  0.786    19   15 o  0   1.42 137.67460   7.20564  9816.90  3711.83 2.31 1.95 -58.6 -0.388 19.26 20.29 03a60074o0212o
60075.018950 -17.886  0.318  -254   81 o  0   2.22 137.67460   7.20564  9873.25  3452.89 2.83 2.07 -21.0 -0.425 17.22 18.28 04a60075o0161o
60075.023546 -17.106  0.279  -522  146 o  0   1.36 137.67460   7.20564  9894.19  3490.42 2.90 2.52 -11.9 -0.365 16.80 17.88 04a60075o0171o
60075.029061 -17.360  0.990  -413  409 o  0   1.13 137.67460   7.20564  9836.18  3411.27 2.85 2.25 -20.2 -0.427 15.72 16.82 04a60075o0183o
60075.050067  16.989  1.964   582 1142 o  0   0.67 137.67460   7.20564  9816.97  3524.00 2.95 2.21 -15.2 -0.399 14.69 15.82 04a60075o0229o
60082.696933  15.224  1.046  2954 3089 c  0   1.30 137.67460   7.20564  9942.10  7503.06 3.03 2.80 -55.0 -0.497 13.56 14.02 03a60083o0027c
60082.700138  20.729  1.193    19   22 c  0   1.81 137.67460   7.20564  9959.87  7542.28 3.02 2.56 -61.0 -0.376 18.46 19.54 03a60083o0034c
60082.705627 -15.956  0.273 -1506  411 c  0   1.28 137.67460   7.20564  9902.56  7463.60 3.07 2.58 -58.3 -0.377 16.41 17.84 03a60083o0046c
60082.716709  19.899  0.314    40   12 c  0   1.54 137.67460   7.20564  9881.93  7581.77 2.82 2.49 -60.4 -0.385 19.31 21.03 03a60083o0070c
60088.709533  20.802  1.241    17   22 o  0   1.47 137.67460   7.20564  7959.96  5624.33 2.65 2.28 -29.9 -0.396 18.90 19.84 03a60089o0059o
60088.712804  21.989  3.297     6   19 o  0   1.23 137.67460   7.20564  7978.36  5663.44 2.66 2.28 -31.9 -0.383 18.87 19.82 03a60089o0066o
60088.722991  22.182  3.966     5   19 o  0   1.48 137.67460   7.20564  7922.69  5585.16 2.80 2.36 -32.8 -0.383 18.89 19.91 03a60089o0088o
60088.729526 -19.100  0.390   -83   32 o  0   1.13 137.67460   7.20564  7901.45  5700.79 2.90 2.37 -26.0 -0.393 18.33 19.38 03a60089o0102o
60091.696983 -19.209  0.649   -75   49 o  0   1.28 137.67460   7.20564  7900.63  1757.30 2.59 2.28 -12.9 -0.408 17.99 17.97 03a60092o0020o
60091.701136 -18.891  0.295  -101   30 o  0   1.51 137.67460   7.20564  7918.19  1796.71 2.64 2.31 -12.2 -0.438 18.28 18.65 03a60092o0029o
60091.706202 -19.615  0.540   -52   28 o  0   1.18 137.67460   7.20564  7863.57  1717.94 2.38 2.22 -37.8 -0.424 18.59 19.04 03a60092o0040o
60091.722796  20.892  1.231    16   20 o  0   1.55 137.67460   7.20564  7842.45  1835.36 2.33 2.14 -38.9 -0.427 18.70 19.21 03a60092o0076o
60095.987625 -21.770  4.605    -7   33 o  0   1.21 137.67460   7.20564  5488.39  3166.94 2.30 2.08 -25.2 -0.466 18.42 19.14 04a60096o0054o
60095.997274  20.175  0.904    31   28 o  0   2.07 137.67460   7.20564  5508.05  3204.66 2.40 2.19 -27.6 -0.437 18.26 19.01 04a60096o0075o
60096.000443 -19.984  0.814   -37   30 o  0   1.27 137.67460   7.20564  5450.34  3126.11 2.35 2.12 -22.0 -0.436 18.38 19.11 04a60096o0082o
60096.013623  21.050  2.535    14   35 o  0   0.97 137.67460   7.20564  5429.83  3241.08 2.30 2.06 -23.1 -0.433 18.36 19.02 04a60096o0111o
60097.721830 -19.004  0.863   -91   78 o  0   1.53 137.67460   7.20564  5611.29  7116.01 2.78 2.46 -34.4 -0.397 17.24 17.22 03a60098o0076o
60097.724645 -18.622  0.696  -129   90 o  0   0.99 137.67460   7.20564  5630.38  7154.61 3.02 2.67 -26.6 -0.373 17.28 17.43 03a60098o0082o
60097.731673 -19.431  0.833   -61   51 o  0   1.09 137.67460   7.20564  5574.77  7075.02 3.50 2.63  -7.6 -0.349 17.70 18.31 03a60098o0097o
60097.743617  19.285  0.696    70   49 o  0   1.26 137.67460   7.20564  5553.98  7188.69 3.40 2.63  -9.7 -0.339 17.76 18.24 03a60098o0123o
60098.979459  18.172 11.107   196 2172 o  0   1.04 137.67460   7.20564  5672.84  7027.44 2.68 2.32 -56.5 -0.390 13.79 13.59 04a60099o0092o
60098.983098  14.723  0.571  4686 2676 o  0   1.34 137.67460   7.20564  5692.84  7065.40 2.70 2.30 -53.1 -0.399 13.47 13.27 04a60099o0100o
60098.991259  18.444  1.147   152  174 o  0   1.27 137.67460   7.20564  5634.76  6987.49 2.74 2.37 -61.1 -0.397 16.51 16.50 04a60099o0118o
60099.000832  19.728  1.597    47   74 o  0   1.13 137.67460   7.20564  5613.80  7102.98 2.57 2.26 -62.5 -0.411 17.34 17.64 04a60099o0139o
60100.696448 -17.409  0.666  -395  263 o  0   1.05 137.67460   7.20564  5466.59  1318.64 2.39 2.21 -37.3 -0.412 15.71 16.06 03a60101o0034o
60100.701474 -22.964 27.400    -2   65 o  0   1.67 137.67460   7.20564  5482.95  1356.46 2.33 2.16 -34.8 -0.423 17.43 18.07 03a60101o0045o
60100.710654  21.312  5.643    11   61 o  0   1.01 137.67460   7.20564  5430.32  1278.26 2.38 2.16 -48.7 -0.429 17.63 18.28 03a60101o0065o
60100.720765  17.484  5.024   369 1852 o  0   0.97 137.67460   7.20564  5412.98  1395.81 2.42 2.23 -48.8 -0.420 15.80 16.36 03a60101o0087o
60101.952196 -18.740  0.411  -116   48 o  0   1.45 137.67460   7.20564  9944.97  5388.70 3.19 2.60 -17.8 -0.365 17.95 18.41 04a60102o0032o
60101.957180 -20.234  1.115   -29   33 o  0   1.29 137.67460   7.20564  9963.74  5424.59 3.16 2.46 -16.8 -0.390 18.32 19.22 04a60102o0043o
60101.960831 -18.592  0.339  -133   45 o  0   1.24 137.67460   7.20564  9905.69  5346.36 3.19 2.57 -17.3 -0.375 18.02 19.08 04a60102o0051o
60101.972190 -17.878  2.479  -256  636 o  0   1.49 137.67460   7.20564  9886.23  5458.92 2.39 2.28 -82.2 -0.544 15.24 16.22 04a60102o0076o
60106.722253 -17.878  0.156  -256   40 o  0   1.48 137.67460   7.20564  3573.61  5300.72 6.66 3.34   0.8 -0.473 18.23 19.90 03a60107o0023o
60107.951445 -22.199  8.421    -5   40 c  0   1.15 137.67460   7.20564  1879.29  9201.42 3.26 2.40 -79.6 -0.356 18.13 19.15 04a60108o0027c
60107.956931  19.196  0.319    76   24 c  0   1.63 137.67460   7.20564  1821.59  9119.52 3.22 2.47 -83.1 -0.349 18.67 20.05 04a60108o0039c
