MJD          m      dm   uJy   duJy F err chi/N     RA       Dec        x        y     maj  min   phi  apfit mag5sig Sky   Obs
59844.458447  20.216  0.464    30   14 o  0   1.84 350.84907  10.68555  7998.51  9959.15 2.27 2.19  58.6 -0.441 19.44 20.64 02a59844o0550o
59844.485864  20.926  0.866    16   13 o  0   1.80 350.84907  10.68555  7978.34  9921.06 2.30 2.21  41.7 -0.440 19.44 20.66 02a59844o0609o
59844.509716 -21.316  1.143   -11   12 o  0   2.44 350.84907  10.68555  8035.78  9999.96 2.24 2.22 -65.8 -0.442 19.40 20.56 02a59844o0661o
59844.512880  20.784  0.712    18   13 o  0   2.15 350.84907  10.68555  8055.17  9882.06 2.23 2.18  39.9 -0.443 19.40 20.56 02a59844o0668o
59846.401229  22.094  2.947     5   16 c  0   1.30 350.84907  10.68555  6097.55  2563.43 2.98 2.79  40.7 -0.340 18.94 20.65 01a59846o0422c
59846.404543 -21.500  1.694    -9   16 c  0   1.15 350.84907  10.68555  6117.39  2602.60 3.01 2.80  35.1 -0.342 19.04 20.78 01a59846o0429c
59846.440115 -18.734  2.208  -116  257 c  0   1.38 350.84907  10.68555  6065.70  2525.26 2.98 2.76  48.4 -0.358 15.81 17.59 01a59846o0504c
59846.449570  17.026  0.640   562  359 c  0   1.51 350.84907  10.68555  6047.14  2645.01 3.00 2.77  46.8 -0.354 15.54 17.34 01a59846o0524c
59848.374647 -21.339  1.140   -11   12 o  0   2.65 350.84907  10.68555  2563.20   617.65 2.21 1.97 -65.4 -0.450 19.52 20.79 02a59848o0367o
59848.377851 -20.281  0.376   -28   10 o  0   2.72 350.84907  10.68555  2584.30   654.59 2.17 2.00 -62.9 -0.461 19.53 20.79 02a59848o0374o
59848.401156  22.587  3.731     3   12 o  0   2.17 350.84907  10.68555  8040.97  9993.57 2.30 2.16 -70.1 -0.450 19.48 20.75 02a59848o0425o
59848.426946 -22.269  3.241    -4   15 o  0   2.01 350.84907  10.68555  8056.78  9873.10 2.54 2.38 -69.0 -0.437 19.36 20.66 02a59848o0480o
59848.926533  20.376  0.349    26    9 c  0   2.28 350.84907  10.68555  6455.97   466.16 2.60 2.37 -47.7 -0.385 19.70 21.59 03a59849o0445c
59848.930140  20.341  0.385    26   10 c  0   1.69 350.84907  10.68555  6472.17   506.12 2.49 2.28 -52.4 -0.389 19.73 21.60 03a59849o0453c
59848.936038  20.276  0.320    28    9 c  0   1.95 350.84907  10.68555  6414.45   426.99 2.43 2.21 -51.1 -0.386 19.74 21.59 03a59849o0466c
59849.022286  20.213  0.385    30   12 c  0   1.78 350.84907  10.68555  6392.30   544.40 2.59 2.47 -64.4 -0.379 19.53 21.33 03a59849o0639c
59850.386772  19.833  0.184    42    8 c  0   1.93 350.84907  10.68555  9984.03  2325.62 2.93 2.76 -22.0 -0.353 19.72 21.61 01a59850o0395c
59850.389246  19.580  0.220    54   12 o  0   2.61 350.84907  10.68555  4368.35  3820.01 2.36 1.92  31.8 -0.448 19.54 20.86 02a59850o0404o
59850.390925  21.131  0.593    13    8 c  0   2.10 350.84907  10.68555 10005.16  2363.73 2.91 2.75 -12.2 -0.351 19.74 21.65 01a59850o0404c
59850.392411  21.227  0.968    12   11 o  0   2.01 350.84907  10.68555  4349.84  3781.70 2.43 1.94  30.0 -0.449 19.55 20.88 02a59850o0411o
59850.399810  21.225  0.936    12   11 o  0   2.12 350.84907  10.68555  4409.75  3861.85 2.45 1.97  31.5 -0.441 19.52 20.86 02a59850o0427o
59850.422616  19.874  0.229    41    9 c  0   1.08 350.84907  10.68555  9952.48  2284.98 2.84 2.78  -6.9 -0.355 19.75 21.62 01a59850o0471c
59850.423180  19.856  0.272    42   11 o  0   2.13 350.84907  10.68555  4429.26  3747.02 2.37 1.90  32.7 -0.449 19.57 20.86 02a59850o0475o
59850.450942  20.205  0.327    30   10 c  0   1.30 350.84907  10.68555  9938.75  2406.39 3.02 2.92 -26.0 -0.337 19.68 21.58 01a59850o0530c
59851.206449  19.513  0.192    57   11 o  0   6.05 350.84907  10.68555  2662.96  2555.78 2.03 1.81  49.4 -0.423 19.53 20.87 04a59851o0515o
59851.235789  19.267  0.153    71   11 o  0   3.89 350.84907  10.68555  2694.84  2578.56 2.04 1.84  46.6 -0.425 19.50 20.82 04a59851o0576o
59851.240614  20.282  0.348    28   10 o  0   4.77 350.84907  10.68555  2638.59  2498.78 2.04 1.82  45.2 -0.435 19.48 20.85 04a59851o0586o
59851.243334  19.418  0.164    62   10 o  0   3.42 350.84907  10.68555  2619.88  2613.89 2.07 1.88  51.4 -0.422 19.47 20.84 04a59851o0592o
59853.414311  19.870  0.226    41    9 o  0   3.48 350.84907  10.68555  4367.40  3819.65 2.35 1.94  32.5 -0.444 19.60 21.05 02a59853o0471o
59853.417475  20.212  0.325    30   10 o  0   2.42 350.84907  10.68555  4349.01  3781.47 2.41 2.03  30.8 -0.436 19.53 21.11 02a59853o0478o
59853.424652  19.864  0.203    41    8 o  0   3.94 350.84907  10.68555  4405.73  3859.97 2.28 1.88  32.8 -0.450 19.65 20.98 02a59853o0493o
59853.443746  19.698  0.225    48   11 o  0   2.63 350.84907  10.68555  4426.89  3745.61 2.34 1.90  37.6 -0.449 19.61 20.97 02a59853o0533o
59854.384904  19.665  0.192    49   10 c  0   1.43 350.84907  10.68555  9999.24  2328.32 2.89 2.74 -12.1 -0.356 19.74 21.54 01a59854o0399c
59854.388712  20.157  0.262    31    8 c  0   2.21 350.84907  10.68555 10019.55  2367.12 2.88 2.76  -2.8 -0.356 19.74 21.54 01a59854o0407c
59854.394253  19.593  0.151    53    8 c  0   2.06 350.84907  10.68555  9962.16  2290.52 2.85 2.79 -18.9 -0.366 19.71 21.53 01a59854o0419c
59854.397506  19.696  0.217    48   10 o  0   2.15 350.84907  10.68555  4369.08  3821.93 2.37 1.85  32.8 -0.453 19.58 20.89 02a59854o0423o
59854.404434  19.593  0.166    53    9 c  0   1.55 350.84907  10.68555  9944.58  2408.63 2.94 2.91 -62.0 -0.359 19.67 21.55 01a59854o0441c
59854.404852  19.963  0.262    38   10 o  0   4.12 350.84907  10.68555  4350.73  3783.56 2.23 1.85  37.7 -0.451 19.57 21.02 02a59854o0438o
59854.407751  19.726  0.256    47   12 o  0   2.18 350.84907  10.68555  4409.49  3861.82 2.31 1.88  34.8 -0.450 19.59 20.88 02a59854o0443o
59854.439552  19.737  0.229    46   11 o  0   2.27 350.84907  10.68555  4419.50  3747.68 2.27 1.86  38.3 -0.454 19.58 20.82 02a59854o0508o
59855.146888  18.748  0.120   115   14 o  0   4.41 350.84907  10.68555  2623.88  2597.59 2.12 1.90  49.1 -0.414 19.18 20.18 04a59855o0381o
59855.181597  19.100  0.171    83   14 o  0   3.15 350.84907  10.68555  2673.70  2604.34 2.15 1.92  53.2 -0.413 19.17 20.28 04a59855o0457o
59855.184754  19.097  0.173    83   14 o  0   2.95 350.84907  10.68555  2616.80  2523.54 2.17 1.93  52.9 -0.412 19.18 20.22 04a59855o0464o
59855.213159  19.050  0.148    87   13 o  0   3.48 350.84907  10.68555  2615.59  2621.54 2.10 1.90  50.8 -0.418 19.17 20.22 04a59855o0526o
59856.384125  19.303  0.166    69   12 o  0   2.04 350.84907  10.68555  5823.21  6919.33 2.40 2.15  42.2 -0.390 19.50 20.38 01a59856o0358o
59856.387817  19.028  0.119    89   11 o  0   2.83 350.84907  10.68555  5844.58  6959.17 2.44 2.17  45.5 -0.387 19.46 20.37 01a59856o0366o
59856.407284  18.877  0.108   102   11 o  0   4.12 350.84907  10.68555  5790.12  6882.27 2.44 2.16  45.5 -0.386 19.47 20.35 01a59856o0406o
59856.424602  19.417  0.159    62   10 o  0   2.45 350.84907  10.68555  5775.50  7000.90 2.46 2.17  50.3 -0.381 19.47 20.38 01a59856o0442o
59856.832566  18.967  0.194    94   18 o  0   1.65 350.84907  10.68555  4395.82  5680.94 2.28 2.06 -43.5 -0.393 18.95 19.59 03a59857o0231o
59856.837947  19.236  0.236    73   17 o  0   1.83 350.84907  10.68555  4378.97  5642.13 2.36 2.13 -45.6 -0.388 18.89 19.58 03a59857o0242o
59856.839954  18.866  0.203   103   21 o  0   1.20 350.84907  10.68555  4433.08  5720.57 2.36 2.11 -46.5 -0.395 18.92 19.58 03a59857o0246o
59856.845382  19.010  0.219    90   20 o  0   1.53 350.84907  10.68555  4454.63  5606.56 2.23 1.98 -44.0 -0.394 18.97 19.58 03a59857o0258o
59858.376088  19.077  0.182    85   15 o  0   2.18 350.84907  10.68555  5831.42  6913.58 2.28 2.12  39.6 -0.406 19.12 19.50 01a59858o0229o
59858.386225  18.796  0.152   110   17 o  0   1.27 350.84907  10.68555  5853.31  6953.07 2.30 2.17  43.4 -0.409 19.15 19.57 01a59858o0250o
59858.389024  19.005  0.179    91   16 o  0   1.38 350.84907  10.68555  5796.57  6878.16 2.29 2.14  47.4 -0.407 19.16 19.58 01a59858o0256o
59858.396452  19.266  0.225    71   16 o  0   1.40 350.84907  10.68555  5777.59  6993.91 2.41 2.26  48.0 -0.394 19.10 19.58 01a59858o0271o
59863.189031  18.926  0.384    98   38 o  0   1.52 350.84907  10.68555  4364.04  8742.35 2.54 2.01 -76.2 -0.379 18.08 18.14 04a59863o0467o
59863.192185  19.035  0.434    88   38 o  0   1.15 350.84907  10.68555  4384.84  8779.54 2.62 2.05 -78.2 -0.375 18.08 18.12 04a59863o0474o
59863.206282  18.721  0.290   118   34 o  0   1.59 350.84907  10.68555  4331.54  8696.08 2.62 2.01 -76.1 -0.372 18.06 18.04 04a59863o0505o
59863.211689  18.611  0.310   130   40 o  0   1.55 350.84907  10.68555  4312.88  8811.08 2.72 2.11 -77.0 -0.356 18.01 18.03 04a59863o0517o
59863.426766  18.622  0.188   129   24 o  0   1.18 350.84907  10.68555  5855.68  6922.49 2.54 2.29  50.6 -0.372 18.65 18.84 01a59863o0295o
59863.435393  18.622  0.175   129   23 o  0   1.09 350.84907  10.68555  5876.54  6961.77 2.50 2.24  51.3 -0.373 18.74 18.90 01a59863o0312o
59863.438342  18.732  0.194   117   23 o  0   1.13 350.84907  10.68555  5818.79  6884.18 2.43 2.25  53.5 -0.389 18.81 18.99 01a59863o0317o
59863.466550  18.829  0.235   107   25 o  0   1.06 350.84907  10.68555  5805.01  7007.83 2.45 2.27  54.7 -0.387 18.59 18.62 01a59863o0376o
59864.374158  18.692  0.161   121   20 o  0   3.77 350.84907  10.68555  4057.76  8189.22 2.33 1.93  38.1 -0.414 18.99 19.60 02a59864o0388o
59864.379692  18.888  0.192   101   20 o  0   1.91 350.84907  10.68555  4038.40  8150.08 2.27 1.91  40.1 -0.416 18.98 19.60 02a59864o0400o
59864.383310  18.549  0.156   138   22 o  0   2.23 350.84907  10.68555  4096.53  8227.69 2.27 1.93  40.3 -0.420 18.98 19.60 02a59864o0408o
59864.394654  19.297  0.302    69   21 o  0   1.77 350.84907  10.68555  4116.84  8111.79 2.33 1.92  40.8 -0.419 19.00 19.59 02a59864o0433o
59864.470420  18.470  0.109   149   16 o  0   2.40 350.84907  10.68555  2709.88   815.65 2.34 2.14  51.3 -0.466 19.01 19.46 01a59864o0578o
59864.490603  18.427  0.122   155   19 o  0   2.02 350.84907  10.68555  2735.41   858.34 2.42 2.21  54.4 -0.458 18.91 19.35 01a59864o0621o
59864.493837  18.496  0.146   145   21 o  0   1.61 350.84907  10.68555  2676.61   779.99 2.32 2.27  43.1 -0.499 18.91 19.32 01a59864o0628o
59864.499384  18.607  0.132   131   17 o  0   2.06 350.84907  10.68555  2657.27   897.83 2.30 2.22  42.2 -0.495 18.95 19.29 01a59864o0640o
59866.392271  17.822  0.074   270   20 o  0   6.03 350.84907  10.68555 10153.44  1609.31 2.09 1.63 -58.4 -0.505 19.29 20.13 02a59866o0440o
59866.395437  18.529  0.093   141   13 o  0   2.25 350.84907  10.68555 10134.39  1570.44 2.09 1.65 -56.4 -0.498 19.28 20.14 02a59866o0447o
59866.397969  18.626  0.281   129   36 o  0   1.42 350.84907  10.68555  2700.15   812.55 2.18 2.03  48.3 -0.504 18.28 18.48 01a59866o0383o
59866.398148  21.525  2.250     9   20 o  0   1.05 350.84907  10.68555    50.17  1634.16 1.79 1.70 -73.3 -0.507 19.30 20.12 02a59866o0453o
59866.400941  18.359  0.086   165   14 o  0   2.12 350.84907  10.68555 10193.43  1650.77 2.02 1.64 -55.9 -0.515 19.29 20.12 02a59866o0459o
59866.405970  18.964  0.208    94   20 o  0   2.05 350.84907  10.68555  2721.19   849.87 2.22 2.06  52.3 -0.482 18.85 19.32 01a59866o0400o
59866.409203  18.529  0.140   141   20 o  0   2.13 350.84907  10.68555  2663.31   771.86 2.22 2.10  48.3 -0.485 18.88 19.34 01a59866o0407o
59866.420307  18.473  0.108   148   16 o  0   2.23 350.84907  10.68555  2647.28   892.44 2.59 2.47  39.1 -0.452 19.16 20.07 01a59866o0431o
59866.420642  18.658  0.137   125   17 o  0   3.50 350.84907  10.68555    69.16  1517.10 1.72 1.67  64.3 -0.494 19.25 20.06 02a59866o0501o
59866.421547  18.703  0.154   120   18 o  0   3.91 350.84907  10.68555 10212.80  1535.23 1.93 1.56 -55.7 -0.542 19.28 20.08 02a59866o0503o
59867.454122  18.739  0.131   116   15 o  0   1.90 350.84907  10.68555  2714.02   819.19 2.28 2.18  51.2 -0.484 19.33 20.09 01a59867o0567o
59867.478269  18.343  0.084   167   14 o  0   1.45 350.84907  10.68555  2739.74   861.35 2.37 2.24  55.7 -0.471 19.20 19.99 01a59867o0618o
59867.481051  18.555  0.106   137   14 o  0   2.43 350.84907  10.68555  2679.37   783.06 2.42 2.39  30.0 -0.480 19.19 19.94 01a59867o0624o
59867.486158  18.460  0.110   150   16 o  0   1.62 350.84907  10.68555  2661.65   900.85 2.36 2.24  38.8 -0.479 19.16 19.92 01a59867o0635o
59868.353750  18.620  0.107   129   14 o  0   1.97 350.84907  10.68555  2694.74   808.53 2.33 2.19  27.7 -0.475 19.46 20.49 01a59868o0343o
59868.371019  18.382  0.084   161   14 o  0   2.01 350.84907  10.68555  2717.89   848.99 2.36 2.21  46.3 -0.471 19.44 20.40 01a59868o0379o
59868.375773  18.513  0.115   143   16 o  0   1.53 350.84907  10.68555 10158.46  1614.72 2.04 1.70 -59.4 -0.503 19.37 20.41 02a59868o0396o
59868.378961  18.730  0.095   117   11 o  0   4.10 350.84907  10.68555 10139.61  1576.56 2.02 1.65 -60.6 -0.518 19.40 20.39 02a59868o0403o
59868.379413  18.901  0.130   100   13 o  0   6.21 350.84907  10.68555    56.91  1640.96 1.80 1.71  51.0 -0.500 19.37 20.38 02a59868o0404o
59868.384385  18.364  0.088   164   14 o  0   2.23 350.84907  10.68555 10199.06  1655.21 2.02 1.68 -58.1 -0.513 19.36 20.36 02a59868o0415o
59868.390602  18.277  0.064   178   11 o  0   3.64 350.84907  10.68555  2662.41   772.44 2.31 2.15  47.2 -0.470 19.45 20.40 01a59868o0420o
59868.391179  18.622  0.097   129   13 o  0   5.42 350.84907  10.68555    76.80  1521.62 1.75 1.65  54.4 -0.480 19.35 20.33 02a59868o0430o
59868.394797  18.442  0.104   152   16 o  0   2.88 350.84907  10.68555 10221.01  1537.60 1.99 1.69 -60.5 -0.506 19.34 20.33 02a59868o0438o
59868.406390  18.583  0.099   134   13 o  0   2.32 350.84907  10.68555  2647.33   892.09 2.27 2.13  50.7 -0.477 19.46 20.41 01a59868o0452o
59869.376473  18.502  0.076   144   11 c  0   2.05 350.84907  10.68555 10157.86  1612.22 2.53 2.18 -61.4 -0.430 19.64 21.48 02a59869o0398c
59869.379638  18.371  0.071   163   12 c  0   1.63 350.84907  10.68555 10139.29  1572.83 2.53 2.19 -56.4 -0.430 19.66 21.50 02a59869o0405c
59869.385200  18.200  0.055   191   10 c  0   2.22 350.84907  10.68555 10200.16  1652.55 2.55 2.17 -60.6 -0.430 19.67 21.51 02a59869o0416c
59869.387011  18.373  0.078   162   13 c  0   1.47 350.84907  10.68555    58.60  1635.47 2.33 2.18 -76.4 -0.446 19.66 21.50 02a59869o0420c
59869.401619  18.378  0.087   162   14 c  0   1.67 350.84907  10.68555    73.49  1521.05 2.38 2.22 -82.0 -0.440 19.59 21.28 02a59869o0451c
59869.402071  18.207  0.070   189   13 c  0   1.36 350.84907  10.68555 10217.57  1538.08 2.50 2.14 -57.8 -0.431 19.59 21.30 02a59869o0452c
59870.224411  18.465  0.086   149   13 o  0   1.89 350.84907  10.68555  7798.36  9956.20 2.27 2.14 -71.0 -0.449 19.41 20.23 01a59870o0022o
59870.248332  18.516  0.088   142   12 o  0   2.18 350.84907  10.68555  7789.07  9910.84 2.48 2.18 -56.7 -0.442 19.52 20.43 01a59870o0073o
59870.250179  18.317  0.082   171   14 o  0   1.43 350.84907  10.68555  7846.10  9989.52 2.53 2.14 -52.2 -0.437 19.51 20.43 01a59870o0077o
59870.253413  18.494  0.078   145   11 o  0   3.37 350.84907  10.68555  7864.36  9872.56 2.42 2.16 -53.4 -0.456 19.57 20.45 01a59870o0084o
59870.414563  18.531  0.093   140   13 c  0   2.57 350.84907  10.68555    50.73  1632.63 2.47 2.15 -61.5 -0.452 19.66 21.38 02a59870o0473c
59870.418703  18.406  0.088   158   14 c  0   1.75 350.84907  10.68555    73.05  1513.72 2.26 2.12 -82.2 -0.460 19.60 21.35 02a59870o0482c
59870.423447  18.303  0.073   173   13 c  0   1.45 350.84907  10.68555 10158.06  1615.20 2.51 2.15 -57.7 -0.433 19.63 21.38 02a59870o0491c
59870.427241  18.273  0.057   178   10 c  0   2.07 350.84907  10.68555 10133.51  1574.92 2.43 2.23 -55.1 -0.427 19.57 21.36 02a59870o0499c
59870.431578  18.230  0.064   185   12 c  0   2.06 350.84907  10.68555 10198.36  1654.16 2.52 2.18 -57.1 -0.429 19.60 21.31 02a59870o0507c
59870.434961  18.388  0.087   160   14 c  0   1.75 350.84907  10.68555 10216.20  1536.68 2.47 2.13 -57.2 -0.429 19.61 21.26 02a59870o0512c
59871.098415  18.493  0.086   145   12 c  0   1.02 350.84907  10.68555  4467.40   564.64 2.76 2.49  54.7 -0.369 19.44 21.30 04a59871o0253c
59871.102034  18.372  0.074   163   12 c  0   1.78 350.84907  10.68555  4489.65   601.16 2.79 2.61  56.0 -0.358 19.41 21.29 04a59871o0261c
59871.108380  18.200  0.058   190   11 c  0   1.87 350.84907  10.68555  4437.51   516.26 2.72 2.49  53.6 -0.365 19.46 21.30 04a59871o0275c
59871.120135  18.164  0.065   197   13 c  0   1.52 350.84907  10.68555  4428.98   621.98 2.70 2.45  47.0 -0.375 19.46 21.31 04a59871o0301c
59871.270161  18.476  0.085   148   13 o  0   1.83 350.84907  10.68555  9950.41  9975.41 2.78 2.19 -55.1 -0.453 19.58 20.60 01a59871o0173o
59871.272011  18.562  0.098   136   13 o  0   1.56 350.84907  10.68555  9930.61  9935.63 2.81 2.13 -50.5 -0.452 19.62 20.63 01a59871o0177o
59871.294416  18.348  0.075   166   12 o  0   1.94 350.84907  10.68555  9993.22 10006.87 2.83 2.32 -51.5 -0.445 19.61 20.75 01a59871o0224o
59871.304099  18.567  0.095   136   13 o  0   1.91 350.84907  10.68555 10014.34  9889.39 2.66 2.29 -52.9 -0.459 19.62 20.77 01a59871o0244o
59872.353300 -20.239  0.776   -29   23 c  0   0.73 350.84907  10.68555    48.23  1636.66 2.47 2.26 -67.3 -0.439 19.64 21.42 02a59872o0357c
59872.355569  18.180  0.060   194   12 c  0   1.54 350.84907  10.68555 10152.49  1612.98 2.64 2.23 -57.0 -0.424 19.62 21.42 02a59872o0362c
59872.358735  18.191  0.059   192   11 c  0   1.51 350.84907  10.68555 10133.19  1574.66 2.58 2.23 -58.5 -0.425 19.62 21.42 02a59872o0369c
59872.365457  18.282  0.069   177   12 c  0   1.51 350.84907  10.68555 10191.58  1651.98 2.62 2.25 -59.7 -0.426 19.62 21.43 02a59872o0383c
59872.365910  18.350  0.077   166   13 c  0   1.50 350.84907  10.68555    69.20  1519.70 2.45 2.22 -65.3 -0.461 19.64 21.42 02a59872o0384c
59872.375466  18.415  0.075   156   12 c  0   1.74 350.84907  10.68555 10214.59  1534.87 2.60 2.18 -58.9 -0.430 19.64 21.44 02a59872o0405c
59872.392291  18.363  0.069   164   11 o  0   2.99 350.84907  10.68555 10466.55  7082.21 2.81 2.28 -58.3 -0.462 19.63 20.93 01a59872o0308o
59872.417398  18.450  0.070   151   10 o  0   2.73 350.84907  10.68555 10492.32  7126.45 2.56 2.22 -58.2 -0.462 19.64 20.87 01a59872o0360o
59872.418782  18.433  0.071   154   11 o  0   2.94 350.84907  10.68555   349.75  7124.46 2.30 2.21 -73.0 -0.458 19.65 20.91 01a59872o0363o
59872.420631  18.449  0.087   152   13 o  0   1.88 350.84907  10.68555 10432.37  7049.31 2.78 2.32 -60.4 -0.455 19.58 20.84 01a59872o0367o
59872.421552  18.291  0.069   175   12 o  0   2.44 350.84907  10.68555   370.90  7162.95 2.41 2.29 -74.4 -0.446 19.57 20.88 01a59872o0369o
59872.439245  18.338  0.076   168   13 o  0   2.43 350.84907  10.68555 10420.47  7173.22 2.63 2.36 -58.4 -0.441 19.43 20.66 01a59872o0406o
59872.447717  18.386  0.074   160   12 o  0   2.36 350.84907  10.68555   317.34  7087.63 2.43 2.31 -56.9 -0.438 19.61 20.84 01a59872o0423o
59872.466637  18.382  0.093   161   15 o  0   1.47 350.84907  10.68555   302.26  7206.34 2.57 2.41 -60.3 -0.430 19.45 20.74 01a59872o0462o
59872.843444  18.344  0.084   167   14 o  0   2.01 350.84907  10.68555  2223.81  6838.91 2.65 2.38 -58.6 -0.393 19.24 20.83 03a59873o0233o
59872.846158  18.219  0.069   187   13 o  0   1.92 350.84907  10.68555  2240.25  6878.76 2.77 2.51 -57.3 -0.383 19.35 21.02 03a59873o0239o
59872.851620  18.460  0.095   150   14 o  0   1.45 350.84907  10.68555  2180.86  6800.56 2.68 2.41 -56.9 -0.389 19.40 20.98 03a59873o0251o
59872.861106  18.247  0.071   182   13 o  0   2.45 350.84907  10.68555  2154.31  6917.64 2.68 2.39 -55.4 -0.391 19.34 20.98 03a59873o0272o
59874.380296  18.415  0.065   156   10 o  0   3.26 350.84907  10.68555 10468.06  7078.04 2.49 2.17 -56.5 -0.458 19.68 20.93 01a59874o0237o
59874.384453  18.380  0.066   161   11 o  0   3.28 350.84907  10.68555 10489.16  7117.45 2.59 2.28 -59.6 -0.439 19.65 20.92 01a59874o0246o
59874.390922  18.210  0.053   189   10 o  0   2.54 350.84907  10.68555 10430.57  7041.73 2.70 2.33 -58.7 -0.431 19.66 20.96 01a59874o0260o
59874.393228  18.464  0.073   149   11 o  0   1.84 350.84907  10.68555   349.11  7121.03 2.39 2.30  74.1 -0.435 19.67 20.99 01a59874o0265o
59874.396463  18.236  0.063   184   12 o  0   2.09 350.84907  10.68555   369.76  7160.38 2.24 2.19  86.1 -0.454 19.70 21.00 01a59874o0272o
59874.402471  18.387  0.065   160   10 o  0   1.95 350.84907  10.68555   311.74  7082.92 2.68 2.60  71.6 -0.408 19.56 21.00 01a59874o0285o
59874.402933  18.435  0.078   153   12 o  0   1.65 350.84907  10.68555 10416.66  7161.07 2.94 2.53 -58.4 -0.432 19.51 20.98 01a59874o0286o
59874.412632  18.340  0.073   168   12 o  0   2.55 350.84907  10.68555   297.14  7200.42 2.36 2.22  72.7 -0.437 19.69 21.00 01a59874o0307o
59875.094058  18.085  0.055   212   12 c  0   2.32 350.84907  10.68555  2531.11   644.63 2.96 2.20  52.3 -0.364 19.54 21.37 04a59875o0240c
59875.102171  18.053  0.054   218   12 c  0   1.55 350.84907  10.68555  2558.49   676.31 2.90 2.17  52.1 -0.367 19.57 21.40 04a59875o0258c
59875.105324  18.177  0.056   195   11 c  0   2.04 350.84907  10.68555  2503.42   594.50 3.00 2.10  49.8 -0.361 19.62 21.40 04a59875o0265c
59875.115685  17.949  0.047   240   11 c  0   2.51 350.84907  10.68555  2492.99   702.28 2.83 2.12  49.8 -0.378 19.57 21.41 04a59875o0288c
59875.352407  18.357  0.072   165   12 o  0   1.86 350.84907  10.68555 10461.79  7079.54 2.46 2.24 -51.4 -0.465 19.60 20.80 01a59875o0347o
59875.354253  18.287  0.060   176   11 o  0   2.34 350.84907  10.68555   340.58  7123.17 2.29 2.21  77.2 -0.447 19.62 20.82 01a59875o0351o
59875.355637  18.313  0.068   172   12 o  0   2.58 350.84907  10.68555 10483.52  7120.30 2.51 2.20 -51.5 -0.475 19.64 20.82 01a59875o0354o
59875.357487  18.301  0.063   174   11 o  0   2.24 350.84907  10.68555   361.06  7162.96 2.28 2.19  80.1 -0.445 19.64 20.82 01a59875o0358o
59875.372679  18.409  0.073   157   12 o  0   2.41 350.84907  10.68555 10426.90  7043.24 2.54 2.26 -55.4 -0.456 19.62 20.81 01a59875o0389o
59875.373705  18.267  0.068   179   12 o  0   1.75 350.84907  10.68555   304.39  7083.97 2.40 2.33  53.4 -0.431 19.59 20.82 01a59875o0391o
59875.390804  18.267  0.059   179   11 o  0   2.48 350.84907  10.68555 10412.54  7163.26 2.46 2.28 -52.1 -0.451 19.61 20.84 01a59875o0427o
59875.393263  18.308  0.065   173   11 o  0   1.71 350.84907  10.68555   291.31  7201.96 2.39 2.28  85.1 -0.442 19.60 20.85 01a59875o0431o
59876.316304  18.392  0.081   160   13 o  0   1.45 350.84907  10.68555 10452.13  7083.01 3.01 2.49 -23.2 -0.419 19.50 20.77 01a59876o0264o
59876.330520  18.216  0.059   188   11 o  0   2.58 350.84907  10.68555   335.56  7125.92 2.31 2.25 -76.8 -0.444 19.64 20.79 01a59876o0294o
59876.332826  18.279  0.071   177   13 o  0   2.09 350.84907  10.68555 10477.23  7120.76 2.70 2.35 -39.6 -0.450 19.59 20.80 01a59876o0298o
59876.335740  18.425  0.066   155   10 o  0   3.50 350.84907  10.68555   355.54  7164.25 2.28 2.25 -87.3 -0.450 19.64 20.80 01a59876o0304o
59876.335857  18.222  0.062   187   12 c  0   1.85 350.84907  10.68555  9859.73  7930.31 3.14 2.95  39.8 -0.391 19.46 21.37 02a59876o0318c
59876.336202  18.605  0.098   131   13 o  0   2.00 350.84907  10.68555 10419.00  7044.12 2.62 2.30 -50.1 -0.457 19.60 20.82 01a59876o0305o
59876.360191  18.379  0.086   162   14 c  0   1.24 350.84907  10.68555  9841.76  7894.71 3.12 2.87  31.3 -0.385 19.45 21.39 02a59876o0333c
59876.363356  18.234  0.067   185   12 c  0   1.47 350.84907  10.68555  9901.17  7971.18 3.01 2.77  30.0 -0.395 19.51 21.39 02a59876o0340c
59876.364465  18.425  0.078   155   12 o  0   1.81 350.84907  10.68555 10410.47  7161.24 2.75 2.28 -57.3 -0.440 19.61 20.85 01a59876o0364o
59876.367782  18.355  0.088   165   15 o  0   1.22 350.84907  10.68555   305.76  7085.95 3.98 2.69  -0.9 -0.378 19.24 20.85 01a59876o0370o
59876.369682  18.301  0.062   174   11 c  0   1.99 350.84907  10.68555  9920.38  7855.65 2.91 2.66  31.5 -0.399 19.59 21.39 02a59876o0354c
59876.383000  18.425  0.072   155   11 o  0   2.20 350.84907  10.68555   288.27  7203.44 2.36 2.27 -83.7 -0.444 19.62 20.88 01a59876o0402o
59876.830368  18.346  0.077   166   13 o  0   2.00 350.84907  10.68555  2224.28  6840.89 2.59 2.31 -58.0 -0.387 19.22 20.58 03a59877o0199o
59876.834508  18.241  0.076   183   14 o  0   2.21 350.84907  10.68555  2240.31  6880.70 2.60 2.27 -59.9 -0.387 19.28 20.56 03a59877o0208o
59876.839524  18.052  0.066   218   14 o  0   1.85 350.84907  10.68555  2181.03  6803.02 2.61 2.26 -55.9 -0.391 19.27 20.55 03a59877o0219o
59876.850203  18.252  0.072   182   13 o  0   1.90 350.84907  10.68555  2153.43  6919.62 2.57 2.26 -61.9 -0.387 19.28 20.59 03a59877o0242o
59878.339082  18.471  0.097   148   14 o  0   1.56 350.84907  10.68555 10458.24  7082.71 3.29 2.88 -21.9 -0.364 19.30 20.69 01a59878o0329o
59878.342318  18.329  0.094   169   16 o  0   1.40 350.84907  10.68555 10478.40  7122.42 4.12 3.00  -4.9 -0.376 19.18 20.70 01a59878o0336o
59878.346932  18.522  0.097   142   14 o  0   1.21 350.84907  10.68555   338.46  7126.40 2.66 2.53  19.3 -0.415 19.46 20.73 01a59878o0346o
59878.347856  18.302  0.078   173   14 o  0   2.00 350.84907  10.68555 10419.48  7045.51 2.90 2.67 -38.9 -0.420 19.44 20.72 01a59878o0348o
59878.350625  18.368  0.083   163   14 o  0   1.59 350.84907  10.68555   358.71  7165.61 3.17 2.88   3.6 -0.392 19.26 20.71 01a59878o0354o
59878.357091  18.459  0.076   150   11 o  0   2.03 350.84907  10.68555   300.93  7088.50 2.73 2.68  21.8 -0.399 19.43 20.71 01a59878o0368o
59878.358479  18.460  0.094   150   14 o  0   1.47 350.84907  10.68555 10402.37  7163.62 2.89 2.65 -32.4 -0.413 19.41 20.71 01a59878o0371o
59878.368182  18.405  0.090   158   14 o  0   1.21 350.84907  10.68555   282.19  7205.96 3.60 3.03   3.4 -0.347 19.19 20.70 01a59878o0392o
59879.089310  18.096  0.055   210   12 c  0   2.30 350.84907  10.68555  2538.45   641.03 2.89 2.12  52.0 -0.363 19.48 21.18 04a59879o0221c
59879.092468  18.013  0.056   226   13 c  0   1.94 350.84907  10.68555  2560.90   677.08 2.94 2.11  50.2 -0.363 19.49 21.22 04a59879o0228c
59879.100376  18.075  0.055   214   12 c  0   1.84 350.84907  10.68555  2509.01   591.44 2.94 2.08  51.0 -0.371 19.51 21.23 04a59879o0245c
59879.111658  18.072  0.051   214   11 c  0   2.30 350.84907  10.68555  2498.43   698.78 2.89 2.12  49.8 -0.366 19.53 21.30 04a59879o0270c
59879.337050  18.217  0.075   188   14 o  0   2.04 350.84907  10.68555 10459.21  7080.18 2.54 2.41 -43.3 -0.444 19.38 20.52 01a59879o0277o
59879.339361  18.298  0.081   174   14 o  0   1.56 350.84907  10.68555   338.83  7121.34 2.42 2.31  48.7 -0.427 19.43 20.52 01a59879o0282o
59879.340286  18.394  0.085   159   14 o  0   1.56 350.84907  10.68555 10479.57  7119.23 2.47 2.33 -40.1 -0.450 19.43 20.52 01a59879o0284o
59879.353318  18.684  0.113   122   14 o  0   2.74 350.84907  10.68555 10423.36  7045.26 2.49 2.27 -57.4 -0.455 19.38 20.46 01a59879o0311o
59879.353868  18.192  0.080   192   15 o  0   1.02 350.84907  10.68555   361.70  7162.84 2.39 2.28  68.5 -0.436 19.33 20.43 01a59879o0312o
59879.372481  22.176 32.000     5  157 o  0   1.24 350.84907  10.68555 10409.59  7164.48 2.49 2.31 -53.5 -0.484 16.64 17.58 01a59879o0351o
59879.373033  17.592  0.191   334   64 o  0   1.12 350.84907  10.68555   307.22  7086.84 2.42 2.31  74.7 -0.450 17.66 18.70 01a59879o0352o
59880.366981  18.228  0.075   186   14 c  0   1.23 350.84907  10.68555  9848.55  7930.65 2.84 2.78  25.9 -0.399 19.59 21.41 02a59880o0148c
59880.372479  18.191  0.057   192   11 c  0   2.15 350.84907  10.68555  9828.82  7892.12 2.85 2.81  -7.5 -0.395 19.54 21.39 02a59880o0160c
59880.375645  18.272  0.070   178   12 c  0   1.35 350.84907  10.68555  9889.19  7971.37 2.82 2.80 -22.4 -0.396 19.57 21.37 02a59880o0167c
59880.388795  18.275  0.078   178   14 c  0   1.55 350.84907  10.68555  9910.40  7857.53 2.81 2.74  23.4 -0.395 19.56 21.32 02a59880o0196c
59880.781501  18.192  0.546   192  105 o  0   0.68 350.84907  10.68555  7793.02  7978.48 2.53 2.17 -50.4 -0.406 17.21 18.18 03a59881o0087o
59880.802913  18.262  0.079   180   14 o  0   2.45 350.84907  10.68555  7770.76  7943.28 2.40 2.03 -49.7 -0.444 19.39 20.52 03a59881o0134o
59880.804719  18.165  0.073   197   14 o  0   1.97 350.84907  10.68555  7825.97  8022.84 2.42 2.04 -49.7 -0.410 19.22 20.32 03a59881o0138o
59880.811050  18.310  0.089   172   15 o  0   1.49 350.84907  10.68555  7846.72  7908.66 2.48 2.08 -50.6 -0.406 19.34 20.51 03a59881o0152o
59882.333243  18.259  0.055   180   10 o  0   3.89 350.84907  10.68555  6378.43   511.59 2.34 2.26  72.9 -0.475 19.60 20.84 01a59882o0277o
59882.336478  18.367  0.062   163   10 o  0   3.35 350.84907  10.68555  6398.32   553.46 2.25 2.18  62.8 -0.480 19.65 20.88 01a59882o0284o
59882.347735  18.365  0.069   164   11 o  0   2.57 350.84907  10.68555  6342.05   476.43 2.32 2.21  71.9 -0.456 19.63 20.87 01a59882o0308o
59882.354201  18.162  0.056   197   11 o  0   3.21 350.84907  10.68555  6324.43   595.58 2.54 2.43  66.2 -0.451 19.52 20.84 01a59882o0322o
59883.083499  18.389  0.095   160   15 o  0   2.87 350.84907  10.68555  6186.08  6740.41 2.22 2.01 -31.3 -0.412 19.17 20.30 04a59883o0209o
59883.086655  18.545  0.105   139   15 o  0   2.94 350.84907  10.68555  6207.80  6776.22 2.25 2.03 -26.1 -0.413 19.15 20.33 04a59883o0216o
59883.092515  18.452  0.092   151   14 o  0   2.16 350.84907  10.68555  6153.91  6693.81 2.25 2.04 -28.8 -0.412 19.16 20.34 04a59883o0229o
59883.111475  18.198  0.091   191   17 o  0   1.46 350.84907  10.68555  6146.66  6794.80 2.73 2.53 -43.2 -0.376 18.99 20.32 04a59883o0271o
59884.343589  18.314  0.076   172   13 o  0   4.91 350.84907  10.68555   161.21  5495.88 1.93 1.89  14.0 -0.404 19.34 20.20 02a59884o0329o
59884.344042  18.414  0.097   156   15 o  0   3.42 350.84907  10.68555 10271.53  5511.21 2.15 2.10 -37.9 -0.459 19.35 20.26 02a59884o0330o
59884.346763  18.208  0.078   189   15 o  0   3.31 350.84907  10.68555   142.90  5456.38 1.96 1.88  15.3 -0.404 19.34 20.20 02a59884o0336o
59884.347673  18.385  0.088   161   14 o  0   2.81 350.84907  10.68555 10252.60  5472.70 2.20 2.10 -40.3 -0.463 19.36 20.27 02a59884o0338o
59884.352201  18.105  0.074   208   15 o  0   2.91 350.84907  10.68555   202.27  5534.20 1.97 1.88  16.0 -0.399 19.32 20.20 02a59884o0348o
59884.353557  18.364  0.090   164   15 o  0   2.47 350.84907  10.68555 10312.55  5551.64 2.15 2.06 -40.0 -0.473 19.39 20.27 02a59884o0351o
59884.364908  18.218  0.096   187   18 o  0   1.85 350.84907  10.68555 10335.28  5436.59 2.17 2.05 -41.8 -0.468 19.36 20.28 02a59884o0376o
59884.368997  18.190  0.078   192   15 o  0   1.48 350.84907  10.68555   224.49  5417.38 1.92 1.86  12.7 -0.420 19.34 20.19 02a59884o0385o
59884.817529  18.176  0.124   195   24 o  0   1.47 350.84907  10.68555  2653.31  2509.53 2.54 2.24 -64.1 -0.385 18.62 19.56 03a59885o0160o
59884.820694  18.182  0.122   194   24 o  0   1.28 350.84907  10.68555  2669.72  2548.95 2.53 2.21 -66.4 -0.388 18.78 19.47 03a59885o0167o
59884.826136  18.355  0.120   165   20 o  0   1.39 350.84907  10.68555  2611.37  2470.98 2.40 2.14 -59.1 -0.400 18.83 19.46 03a59885o0179o
59885.411948  18.337  0.102   168   17 o  0   2.66 350.84907  10.68555 10281.13  5509.86 2.15 2.04 -21.7 -0.468 19.13 19.72 02a59885o0493o
59885.415137  18.223  0.098   186   18 o  0   1.63 350.84907  10.68555 10261.86  5472.00 2.22 2.07   1.5 -0.457 19.08 19.72 02a59885o0500o
59885.442017  18.242  0.088   183   16 o  0   1.99 350.84907  10.68555 10322.66  5551.50 2.19 2.06 -31.5 -0.464 19.09 19.75 02a59885o0557o
59885.456842  18.121  0.097   205   20 o  0   2.04 350.84907  10.68555 10339.93  5431.83 2.24 2.06 -34.0 -0.466 19.14 19.87 02a59885o0584o
59886.301381  18.189  0.107   192   21 o  0   1.91 350.84907  10.68555  6372.80   502.21 2.16 2.08  -0.5 -0.489 18.81 19.01 01a59886o0105o
59886.311172  18.377  0.119   162   19 o  0   2.00 350.84907  10.68555  6395.68   545.25 2.16 2.12  35.9 -0.489 18.97 19.28 01a59886o0125o
59886.344405  18.205  0.109   190   21 o  0   2.09 350.84907  10.68555  6343.47   471.84 2.13 2.10 -71.9 -0.514 18.89 19.11 01a59886o0195o
59890.330107  18.553  0.170   138   23 o  0   1.23 350.84907  10.68555  2317.71  1986.66 2.19 2.07  48.9 -0.436 18.61 18.89 02a59890o0259o
59890.333275  18.147  0.139   200   28 o  0   1.12 350.84907  10.68555  2299.08  1947.15 2.24 2.11  44.1 -0.428 18.55 18.87 02a59890o0266o
59890.345893  18.429  0.120   154   19 o  0   1.72 350.84907  10.68555  6087.41  4885.96 2.33 2.13  49.5 -0.421 18.82 18.94 01a59890o0348o
59890.349126  18.256  0.122   181   22 o  0   1.38 350.84907  10.68555  6107.88  4924.61 2.84 2.32  44.4 -0.366 18.69 18.92 01a59890o0355o
59890.355132  17.957  0.093   238   22 o  0   1.26 350.84907  10.68555  6051.15  4848.48 2.46 2.21  51.3 -0.408 18.73 18.88 01a59890o0368o
59890.356832  18.078  0.172   213   37 o  0   1.30 350.84907  10.68555  2359.20  2024.98 2.22 2.01  41.9 -0.435 18.17 18.18 02a59890o0280o
59890.365765  18.227  0.111   186   21 o  0   2.30 350.84907  10.68555  6034.90  4966.73 2.65 2.28  46.5 -0.387 18.67 18.84 01a59890o0391o
59890.368518  18.343  0.143   167   24 o  0   1.60 350.84907  10.68555  2379.03  1908.87 2.26 1.93  40.2 -0.428 18.49 18.76 02a59890o0305o
59891.087227  17.784  0.190   279   53 o  0   0.98 350.84907  10.68555  6510.31  2366.74 2.54 2.12 -20.3 -0.399 17.63 17.75 04a59891o0199o
59891.096717  18.001  0.176   229   40 o  0   1.43 350.84907  10.68555  6535.91  2399.40 2.46 2.02 -18.0 -0.407 18.02 18.03 04a59891o0220o
59891.099871  18.434  0.239   154   37 o  0   1.63 350.84907  10.68555  6480.07  2320.01 2.48 2.06 -19.6 -0.390 17.99 17.94 04a59891o0227o
59891.406012  18.205  0.079   190   15 o  0   2.00 350.84907  10.68555  6100.67  4902.55 2.50 2.24  43.9 -0.396 19.08 19.77 01a59891o0470o
59891.409245  18.431  0.092   154   14 o  0   1.89 350.84907  10.68555  6120.36  4941.59 2.57 2.33  44.7 -0.388 19.19 20.05 01a59891o0477o
59891.416175  18.235  0.078   184   14 o  0   1.46 350.84907  10.68555  6062.76  4865.00 2.74 2.41  42.9 -0.381 19.31 20.38 01a59891o0492o
59891.427183  18.397  0.111   159   18 o  0   1.27 350.84907  10.68555  6044.65  4985.08 2.78 2.42  42.7 -0.372 19.13 20.20 01a59891o0515o
59892.438462  18.348  0.185   166   31 o  0   1.06 350.84907  10.68555  2326.09  1984.99 2.27 2.16  47.1 -0.418 18.44 18.78 02a59892o0423o
59892.441639  18.430  0.184   154   28 o  0   1.32 350.84907  10.68555  2306.31  1945.56 2.33 2.28 -76.4 -0.429 18.42 18.75 02a59892o0430o
59892.448005  18.371  0.195   163   32 o  0   0.99 350.84907  10.68555  2366.97  2021.97 2.19 2.14 -44.6 -0.437 18.44 18.69 02a59892o0444o
59892.831799  18.173  0.147   195   29 o  0   1.06 350.84907  10.68555  4184.53  8743.79 2.89 2.51 -41.4 -0.354 18.54 19.11 03a59893o0193o
59892.834959  18.323  0.162   170   28 o  0   1.23 350.84907  10.68555  4201.82  8782.79 2.86 2.54 -38.4 -0.370 18.48 19.10 03a59893o0200o
59892.852724  18.178  0.131   194   26 o  0   1.66 350.84907  10.68555  4141.64  8704.20 3.03 2.62 -39.8 -0.363 18.44 19.01 03a59893o0239o
59892.861361  18.193  0.176   192   34 o  0   1.08 350.84907  10.68555  4117.43  8818.64 3.19 2.79 -38.4 -0.362 18.35 18.95 03a59893o0258o
59893.308699  18.330  0.116   169   20 o  0   0.92 350.84907  10.68555  2314.62  1984.63 2.16 2.06  44.8 -0.443 19.03 19.68 02a59893o0274o
59893.314707  18.372  0.103   163   17 o  0   1.59 350.84907  10.68555  2294.76  1944.93 2.06 1.95  39.0 -0.454 19.05 19.66 02a59893o0287o
59893.317896  18.192  0.104   192   20 o  0   1.73 350.84907  10.68555  2354.34  2023.32 2.31 2.18  39.8 -0.436 18.94 19.65 02a59893o0294o
59893.328972  18.404  0.113   158   18 o  0   2.17 350.84907  10.68555  2375.02  1906.32 2.07 1.92  43.0 -0.441 19.04 19.63 02a59893o0318o
59894.288068  18.285  0.087   176   15 o  0   1.34 350.84907  10.68555  6074.51  4885.93 2.37 2.18  35.9 -0.423 19.31 20.07 01a59894o0231o
59894.301201  18.244  0.067   183   12 o  0   2.27 350.84907  10.68555  6096.50  4925.46 2.46 2.26  43.2 -0.411 19.26 20.05 01a59894o0259o
59894.303971  18.241  0.075   184   14 o  0   1.98 350.84907  10.68555  6038.47  4848.97 2.43 2.26  46.0 -0.415 19.29 20.06 01a59894o0265o
59894.309979  18.336  0.089   168   15 o  0   1.76 350.84907  10.68555  6020.53  4966.30 2.37 2.26  49.8 -0.424 19.28 20.04 01a59894o0278o
59895.329672  18.191  0.079   192   15 o  0   1.17 350.84907  10.68555  6085.13  4891.02 2.70 2.58  53.7 -0.379 19.16 20.09 01a59895o0317o
59895.333438  18.206  0.078   190   15 o  0   1.43 350.84907  10.68555  6104.83  4929.63 2.56 2.40  53.5 -0.399 19.24 20.08 01a59895o0325o
59895.359698  18.316  0.076   171   13 o  0   2.32 350.84907  10.68555  6052.30  4858.05 2.38 2.21  50.9 -0.413 19.27 19.99 01a59895o0380o
59895.367502  18.228  0.064   186   12 o  0   3.15 350.84907  10.68555  6033.87  4974.04 2.52 2.36  53.1 -0.404 19.18 19.96 01a59895o0396o
59896.302280  18.203  0.074   190   14 o  0   3.06 350.84907  10.68555  2324.49  1988.89 2.22 2.18 -61.1 -0.438 19.32 20.45 02a59896o0190o
59896.305048  18.400  0.106   158   17 o  0   1.16 350.84907  10.68555  2304.79  1951.69 2.14 2.09 -87.1 -0.441 19.35 20.40 02a59896o0196o
59896.310944  18.405  0.097   158   15 o  0   1.49 350.84907  10.68555  2364.72  2029.52 2.16 2.09 -88.9 -0.436 19.32 20.34 02a59896o0209o
59896.367444  18.328  0.098   169   17 o  0   1.81 350.84907  10.68555  2388.43  1911.83 2.32 2.17  43.2 -0.433 19.10 19.98 02a59896o0224o
59896.367646  18.293  0.070   175   12 o  0   2.45 350.84907  10.68555  4165.76  5000.39 2.52 2.32  48.2 -0.402 19.27 20.14 01a59896o0403o
59896.393618  18.145  0.085   200   17 o  0   1.04 350.84907  10.68555  4190.93  5043.96 2.73 2.40  43.5 -0.378 19.15 20.00 01a59896o0458o
59896.396862  18.378  0.100   162   16 o  0   1.31 350.84907  10.68555  4132.59  4966.34 2.80 2.44  43.2 -0.372 19.11 20.00 01a59896o0465o
59896.402882  18.264  0.093   180   17 o  0   1.52 350.84907  10.68555  4114.50  5083.75 2.71 2.39  48.3 -0.384 19.17 19.99 01a59896o0478o
59896.815800  18.212  0.061   188   11 c  0   2.40 350.84907  10.68555  4522.28   528.75 2.61 2.39 -60.8 -0.376 19.59 21.43 03a59897o0145c
59896.818953  18.065  0.054   216   12 c  0   1.82 350.84907  10.68555  4540.13   568.93 2.60 2.44 -58.6 -0.377 19.59 21.42 03a59897o0152c
59896.824817  18.212  0.056   188   11 c  0   1.74 350.84907  10.68555  4481.67   489.25 2.61 2.40 -62.6 -0.373 19.58 21.41 03a59897o0165c
59896.836225  18.216  0.062   188   12 c  0   1.95 350.84907  10.68555  4457.38   606.52 2.70 2.45 -66.3 -0.372 19.53 21.43 03a59897o0190c
59897.226987  18.161  0.077   198   15 o  0   1.91 350.84907  10.68555  8256.87  8576.70 2.43 2.29  47.3 -0.437 19.43 20.56 02a59897o0100o
59897.228797  18.360  0.084   164   14 o  0   1.83 350.84907  10.68555  8275.12  8619.42 2.34 2.20  42.4 -0.440 19.44 20.56 02a59897o0104o
59897.231963  18.095  0.071   210   15 o  0   2.19 350.84907  10.68555  8216.73  8541.63 2.47 2.25  37.7 -0.432 19.41 20.58 02a59897o0111o
59897.256836  18.225  0.073   186   14 o  0   1.81 350.84907  10.68555  8207.78  8660.98 2.46 2.25  44.2 -0.431 19.43 20.69 02a59897o0165o
59898.289602  18.183  0.069   194   13 o  0   1.49 350.84907  10.68555  2420.36  3928.02 2.56 2.34  41.2 -0.425 19.35 20.82 02a59898o0237o
59898.313560  18.310  0.076   172   13 o  0   2.37 350.84907  10.68555  2403.55  3890.98 2.37 2.03  35.0 -0.435 19.46 20.76 02a59898o0249o
59898.315571  18.232  0.045   185    8 c  0   2.55 350.84907  10.68555  4154.24  4989.69 2.90 2.69  47.9 -0.342 19.75 21.59 01a59898o0288c
59898.316725  18.121  0.059   205   12 o  0   3.42 350.84907  10.68555  2462.14  3968.30 2.28 1.97  38.1 -0.436 19.49 20.77 02a59898o0256o
59898.321591  18.308  0.054   172    9 c  0   1.46 350.84907  10.68555  4174.95  5029.19 3.01 2.73  49.8 -0.326 19.71 21.58 01a59898o0301c
59898.324016  18.072  0.059   214   13 o  0   2.00 350.84907  10.68555  2482.03  3853.46 2.26 1.97  36.1 -0.438 19.51 20.78 02a59898o0272o
59898.324821  18.300  0.048   174    8 c  0   1.42 350.84907  10.68555  4118.00  4952.78 2.95 2.68  51.9 -0.331 19.74 21.58 01a59898o0308c
59898.337347  18.294  0.052   175    9 c  0   1.93 350.84907  10.68555  4101.59  5070.05 3.07 2.80  52.4 -0.324 19.66 21.53 01a59898o0335c
59899.035465  17.779  0.304   281   85 o  0   1.42 350.84907  10.68555 10528.36  8958.55 3.51 3.02   5.4 -0.356 17.96 19.39 04a59899o0079o
59899.040014  18.396  0.190   159   30 o  0   1.31 350.84907  10.68555   387.33  8970.23 3.54 2.99  65.7 -0.348 18.68 20.21 04a59899o0089o
59899.042715  18.235  0.162   184   30 o  0   1.13 350.84907  10.68555   409.42  9006.55 3.65 2.84  77.7 -0.342 18.39 19.92 04a59899o0095o
59899.043616  18.109  0.213   207   44 o  0   1.71 350.84907  10.68555 10493.77  8912.06 3.43 2.93  -4.2 -0.338 18.35 19.86 04a59899o0097o
59899.048130  18.150  0.090   200   18 o  0   1.51 350.84907  10.68555   355.40  8922.29 3.11 2.43 -88.0 -0.385 19.01 20.46 04a59899o0107o
59899.054206  18.045  0.158   220   35 o  0   1.65 350.84907  10.68555 10482.09  9022.35 3.20 2.75  -0.5 -0.369 18.58 20.11 04a59899o0120o
59899.059736  18.435  0.116   154   18 o  0   1.94 350.84907  10.68555   342.94  9029.54 3.26 2.76  89.2 -0.352 19.03 20.55 04a59899o0132o
59899.344975  18.385  0.055   161    9 c  0   2.07 350.84907  10.68555  4161.52  4998.28 3.05 2.82  54.4 -0.327 19.64 21.45 01a59899o0347c
59899.349651  18.278  0.055   177   10 c  0   1.37 350.84907  10.68555  4181.60  5037.20 3.28 2.93  46.7 -0.300 19.59 21.39 01a59899o0357c
59899.373421  18.275  0.061   178   11 c  0   1.48 350.84907  10.68555  4127.61  4964.69 2.96 2.78  52.1 -0.333 19.58 21.23 01a59899o0407c
59899.379444  18.224  0.055   186   10 c  0   1.87 350.84907  10.68555  4109.12  5080.95 2.98 2.82  49.3 -0.330 19.56 21.23 01a59899o0420c
59900.789961  18.316  0.088   171   15 c  0   1.42 350.84907  10.68555  4523.23   529.29 2.87 2.56 -76.9 -0.371 19.27 21.18 03a59901o0080c
59900.793135  18.246  0.085   183   16 c  0   1.27 350.84907  10.68555  4540.21   568.96 2.66 2.46 -64.0 -0.382 19.23 21.04 03a59901o0087c
59900.798642  18.139  0.085   202   17 c  0   1.46 350.84907  10.68555  4482.50   489.76 2.52 2.33 -56.2 -0.377 19.08 20.83 03a59901o0099c
59900.808618  18.277  0.090   178   16 c  0   2.12 350.84907  10.68555  4458.06   607.38 2.80 2.51 -69.6 -0.377 18.97 20.85 03a59901o0121c
59902.371548  18.165  0.052   197   10 c  0   1.58 350.84907  10.68555  4167.94  5001.69 3.03 2.78  48.3 -0.330 19.58 21.27 01a59902o0405c
59902.375243  18.317  0.060   171   10 c  0   1.52 350.84907  10.68555  4187.71  5040.14 3.05 2.81  51.2 -0.325 19.56 21.26 01a59902o0413c
59902.382490  18.174  0.050   195   10 c  0   1.95 350.84907  10.68555  4132.08  4966.24 3.05 2.80  48.6 -0.325 19.54 21.22 01a59902o0428c
59902.397450  18.435  0.080   153   12 o  0   3.68 350.84907  10.68555  2429.24  3924.24 2.38 2.02  36.2 -0.433 19.35 20.53 02a59902o0459o
59902.400655  18.544  0.103   139   14 o  0   2.14 350.84907  10.68555  2409.93  3885.20 2.33 2.01  36.2 -0.436 19.37 20.52 02a59902o0466o
59902.406254  18.329  0.071   169   12 c  0   1.36 350.84907  10.68555  4115.68  5084.95 3.87 3.26  46.2 -0.227 19.29 21.09 01a59902o0477c
59902.406773  18.597  0.096   132   13 o  0   1.66 350.84907  10.68555  2469.71  3962.83 2.34 2.05  34.1 -0.434 19.32 20.49 02a59902o0479o
59902.420988  18.290  0.083   176   15 o  0   3.37 350.84907  10.68555  2489.81  3844.32 2.31 2.05  29.8 -0.431 19.21 20.34 02a59902o0508o
59903.030756  18.186  0.107   193   21 o  0   1.46 350.84907  10.68555   392.38  8967.86 3.46 2.85  79.0 -0.352 18.97 20.20 04a59903o0062o
59903.033909  18.279  0.120   177   21 o  0   1.38 350.84907  10.68555   414.50  9003.60 3.37 2.72  86.3 -0.366 19.03 20.28 04a59903o0069o
59903.040669  17.954  0.121   239   29 o  0   1.60 350.84907  10.68555 10502.55  8906.54 3.28 2.85   1.5 -0.356 19.08 20.36 04a59903o0084o
59903.047946  18.358  0.112   165   18 o  0   1.24 350.84907  10.68555   365.82  8912.43 3.47 2.83  78.5 -0.362 19.09 20.48 04a59903o0100o
59903.050660  18.364  0.130   164   21 o  0   2.22 350.84907  10.68555 10489.30  9016.14 3.63 3.01  -0.7 -0.359 18.99 20.45 04a59903o0106o
59903.053363  18.247  0.117   182   21 o  0   1.09 350.84907  10.68555   349.02  9025.43 3.86 3.18  78.7 -0.335 18.98 20.48 04a59903o0112o
59904.788316 -19.668  9.143   -49  451 c  0   0.75 350.84907  10.68555  2591.64   570.42 2.65 2.47 -80.9 -0.378 15.35 17.28 03a59905o0071c
59904.799133  17.547  0.761   348  264 c  0   1.46 350.84907  10.68555  2550.12   531.29 2.63 2.50 -83.7 -0.384 15.84 17.77 03a59905o0095c
59904.820865  18.381  0.118   161   19 c  0   1.71 350.84907  10.68555  2522.93   648.94 2.64 2.50 -76.0 -0.364 18.94 20.78 03a59905o0143c
59906.288142  18.222  0.048   187    9 c  0   1.87 350.84907  10.68555  2294.56  7026.43 3.09 2.94  63.7 -0.360 19.69 21.62 01a59906o0229c
59906.290916  18.251  0.059   182   11 c  0   1.14 350.84907  10.68555  2313.98  7065.55 3.04 2.88  62.7 -0.359 19.69 21.61 01a59906o0235c
59906.297411  18.283  0.051   176    9 c  0   1.49 350.84907  10.68555  2256.78  6988.57 3.10 2.92  61.8 -0.359 19.69 21.60 01a59906o0249c
59906.301570  18.001  0.069   229   16 o  0   3.36 350.84907  10.68555  1958.36    68.76 2.40 1.81 -59.1 -0.466 19.50 20.81 02a59906o0270o
59906.309099  18.283  0.057   176   10 c  0   1.28 350.84907  10.68555  2240.18  7106.81 3.00 2.89  66.1 -0.366 19.67 21.58 01a59906o0274c
59906.790689  18.129  0.066   204   13 c  0   1.15 350.84907  10.68555  6960.54  8425.30 3.03 2.61 -44.2 -0.382 19.47 21.39 03a59907o0071c
59906.795578  18.241  0.071   184   13 c  0   1.27 350.84907  10.68555  6973.47  8461.69 3.22 2.73 -42.0 -0.378 19.44 21.42 03a59907o0081c
59906.800748  18.241  0.070   184   13 c  0   1.21 350.84907  10.68555  6913.43  8383.54 3.18 2.73 -33.2 -0.378 19.42 21.41 03a59907o0091c
59906.805749  18.322  0.076   170   13 c  0   1.66 350.84907  10.68555  6891.05  8498.90 3.22 2.73 -37.0 -0.370 19.44 21.41 03a59907o0102c
59906.810855  18.154  0.058   199   12 c  0   1.82 350.84907  10.68555  6931.11  8441.24 3.09 2.64 -32.5 -0.381 19.45 21.41 03a59907o0113c
59907.038448  18.877  0.180   102   18 o  0   1.63 350.84907  10.68555   699.45  2642.29 2.97 2.12  53.8 -0.387 18.93 20.19 04a59907o0073o
59907.041600  18.208  0.076   189   14 o  0   1.99 350.84907  10.68555   720.69  2678.53 2.87 2.10  52.2 -0.391 19.13 20.46 04a59907o0080o
59907.047007  18.127  0.083   204   17 o  0   1.41 350.84907  10.68555   664.89  2594.95 2.84 2.02  51.3 -0.401 19.19 20.49 04a59907o0092o
59907.061551  18.252  0.094   182   17 o  0   1.71 350.84907  10.68555   654.26  2702.76 2.97 2.12  55.0 -0.389 19.10 20.36 04a59907o0124o
59907.321182  18.175  0.060   195   12 c  0   1.03 350.84907  10.68555  2306.36  7029.94 3.23 3.13  54.3 -0.347 19.61 21.53 01a59907o0295c
59907.345542  18.191  0.055   192   10 c  0   1.37 350.84907  10.68555  2327.43  7071.59 2.97 2.89  54.0 -0.363 19.67 21.53 01a59907o0346c
59907.348776  18.181  0.053   194   10 c  0   1.18 350.84907  10.68555  2269.78  6994.09 2.97 2.90  53.5 -0.364 19.64 21.53 01a59907o0353c
59907.368214  18.325  0.062   170   10 c  0   1.68 350.84907  10.68555  2252.25  7113.63 3.02 2.93  46.5 -0.359 19.61 21.44 01a59907o0394c
59908.260136  18.195  0.052   192   10 c  0   1.36 350.84907  10.68555  2292.13  7023.35 2.94 2.82  55.1 -0.371 19.66 21.47 01a59908o0110c
59908.267774  17.987  0.069   232   16 o  0   7.46 350.84907  10.68555  1949.79    68.03 2.95 1.90 -56.1 -0.460 19.50 20.76 02a59908o0189o
59908.270487  18.393  0.074   160   12 o  0   3.47 350.84907  10.68555  2202.73 10253.11 2.42 1.84 -54.4 -0.459 19.44 20.68 02a59908o0195o
59908.273651  18.210  0.071   189   13 o  0   3.08 350.84907  10.68555  2183.94 10214.59 2.48 1.84 -53.0 -0.472 19.45 20.67 02a59908o0202o
59908.285749  18.485  0.071   146   10 c  0   1.34 350.84907  10.68555  2315.31  7064.81 3.01 2.91  60.1 -0.363 19.67 21.51 01a59908o0163c
59908.296988  18.265  0.089   180   16 o  0   1.93 350.84907  10.68555  2263.86 10173.24 2.70 1.94 -53.2 -0.471 19.37 20.60 02a59908o0253o
59908.305126  18.319  0.055   171    9 c  0   1.84 350.84907  10.68555  2259.95  6989.80 3.01 2.92  58.4 -0.364 19.62 21.38 01a59908o0202c
59908.321181  18.210  0.056   189   10 c  0   1.86 350.84907  10.68555  2242.64  7108.02 2.93 2.85  61.2 -0.370 19.63 21.37 01a59908o0235c
59909.259587  12.835  0.645 26664 17195 o  0   0.21 350.84907  10.68555  1919.80    33.73 2.27 1.68 -63.5 -0.471 19.45 20.46 02a59909o0036o
59909.267477  18.226  0.081   186   15 o  0   4.15 350.84907  10.68555  1961.93    73.14 3.06 1.90 -78.9 -0.406 19.25 20.47 02a59909o0053o
59911.029288  18.579  0.185   134   25 o  0   1.58 350.84907  10.68555   700.57  2639.38 3.02 2.14  47.6 -0.379 18.68 19.51 04a59911o0047o
59911.033795  18.377  0.117   162   19 o  0   1.85 350.84907  10.68555   724.15  2674.75 2.98 2.23  47.9 -0.390 18.87 20.01 04a59911o0057o
59911.039197  18.224  0.102   186   19 o  0   1.72 350.84907  10.68555   668.57  2592.00 2.99 2.10  51.4 -0.400 19.05 20.24 04a59911o0069o
59911.054998  18.334  0.102   168   17 o  0   2.14 350.84907  10.68555   658.54  2697.18 3.10 2.20  54.1 -0.395 19.08 20.39 04a59911o0104o
59912.773468  18.546  0.220   139   30 o  0   2.04 350.84907  10.68555  6071.72  6764.21 2.61 2.16 -53.5 -0.377 18.16 18.29 03a59913o0032o
59912.776636  18.195  0.146   191   28 o  0   1.47 350.84907  10.68555  6088.38  6802.55 2.62 2.17 -53.3 -0.377 18.40 18.77 03a59913o0039o
59912.784307  18.454  0.138   151   21 o  0   1.85 350.84907  10.68555  6029.99  6722.98 2.59 2.19 -52.5 -0.380 18.67 19.36 03a59913o0056o
59912.805192  18.638  0.183   127   23 o  0   1.80 350.84907  10.68555  6004.75  6837.09 2.93 2.57 -52.9 -0.376 18.61 19.43 03a59913o0102o
59916.265903  18.289  0.157   176   28 o  0   0.76 350.84907  10.68555  2503.89  5834.32 2.37 1.94  34.2 -0.427 18.75 19.34 02a59916o0176o
59916.273139  18.451  0.154   151   23 o  0   2.01 350.84907  10.68555  2563.10  5913.09 2.38 1.93  36.1 -0.422 18.73 19.31 02a59916o0192o
59916.808665 -19.864  3.030   -41  125 o  0   1.03 350.84907  10.68555  6078.35  6764.65 2.66 2.30 -49.4 -0.364 16.93 16.76 03a59917o0104o
59916.821327 -17.139  1.355  -506  686 o  0   0.96 350.84907  10.68555  6098.31  6803.01 2.73 2.48 -51.8 -0.394 15.55 15.14 03a59917o0132o
59919.062220  18.074  0.174   214   37 o  0   1.83 350.84907  10.68555 10416.44  5029.71 3.15 2.43 -10.5 -0.352 18.29 18.69 04a59919o0108o
59919.065374  18.015  0.199   226   45 o  0   1.49 350.84907  10.68555 10436.49  5067.60 3.10 2.35 -11.4 -0.357 18.30 18.66 04a59919o0115o
59919.073112  18.048  0.251   219   55 o  0   1.19 350.84907  10.68555 10378.96  4989.45 3.13 2.45  -4.8 -0.392 18.23 18.64 04a59919o0132o
59919.081673  18.977  0.380    93   35 o  0   1.12 350.84907  10.68555   321.04  5028.37 2.67 2.27  65.9 -0.360 18.22 18.59 04a59919o0151o
59919.085128  18.334  0.217   168   36 o  0   1.02 350.84907  10.68555   340.13  5066.75 2.71 2.23  58.9 -0.388 18.22 18.53 04a59919o0157o
59919.085578  18.575  0.332   135   45 o  0   1.20 350.84907  10.68555 10357.03  5105.00 3.11 2.33 -12.6 -0.350 18.18 18.54 04a59919o0158o
59919.090546  18.532  0.262   140   37 o  0   1.21 350.84907  10.68555   280.62  4988.22 2.93 2.26  60.6 -0.347 18.15 18.48 04a59919o0169o
59919.100936  18.349  0.247   166   41 o  0   1.10 350.84907  10.68555   260.15  5104.09 2.68 2.16  63.5 -0.363 18.16 18.45 04a59919o0192o
59920.782985  18.157  0.161   198   32 o  0  13.84 350.84907  10.68555  6480.21  2434.84 2.38 2.11 -55.9 -0.427 18.47 18.75 03a59921o0042o
59920.786156  18.627  0.200   128   26 o  0   1.56 350.84907  10.68555  6498.37  2473.21 2.39 2.18 -49.0 -0.426 18.49 18.84 03a59921o0049o
59920.791560  18.655  0.206   125   26 o  0   1.17 350.84907  10.68555  6442.61  2393.75 2.43 2.16 -57.6 -0.422 18.48 18.87 03a59921o0061o
59920.801500  18.412  0.191   157   30 o  0   1.04 350.84907  10.68555  6420.82  2508.76 2.40 2.14 -57.0 -0.423 18.50 18.82 03a59921o0083o
59923.035732  18.701  0.212   120   26 o  0   1.65 350.84907  10.68555  8258.84  8536.24 2.85 2.53 -31.7 -0.407 18.60 19.43 04a59923o0045o
59923.038885  18.482  0.145   147   21 o  0   1.49 350.84907  10.68555  8278.53  8573.30 2.88 2.51 -33.2 -0.372 18.78 19.82 04a59923o0052o
59923.044748  18.406  0.125   158   20 o  0   1.37 350.84907  10.68555  8220.35  8492.18 2.88 2.53 -30.9 -0.382 18.93 20.17 04a59923o0065o
59923.055305  18.675  0.176   123   22 o  0   1.22 350.84907  10.68555  8202.54  8605.93 2.96 2.61 -42.9 -0.367 18.89 20.15 04a59923o0088o
59928.231447  19.067  0.124    86   11 c  0   1.81 350.84907  10.68555  8192.71  1712.76 2.59 2.31 -66.0 -0.425 19.53 21.26 02a59928o0100c
59928.234660  18.602  0.090   132   12 c  0   2.16 350.84907  10.68555  8174.26  1676.65 2.60 2.28 -65.8 -0.426 19.53 21.26 02a59928o0107c
59928.240100  18.975  0.119    93   11 c  0   1.45 350.84907  10.68555  8233.28  1755.89 2.61 2.31 -64.7 -0.422 19.49 21.26 02a59928o0119c
59928.251023  19.356  0.143    66    9 c  0   2.64 350.84907  10.68555  8255.07  1637.69 2.52 2.23 -62.7 -0.434 19.55 21.27 02a59928o0143c
59929.216891  18.838  0.103   106   11 c  0   1.76 350.84907  10.68555  8177.06  1678.33 2.43 2.20 -63.3 -0.415 19.34 20.90 02a59929o0063c
59929.222366  18.712  0.119   119   14 c  0   1.23 350.84907  10.68555  8234.80  1756.26 2.40 2.22 -63.8 -0.416 19.31 20.87 02a59929o0075c
60069.404599 -20.501  2.213   -23   51 o  0   0.96 350.84907  10.68555  4217.34 10172.70 2.64 1.97 -74.7 -0.389 18.11 18.33 04a60069o0987o
60069.408715  20.189  1.328    30   40 o  0   1.52 350.84907  10.68555  4196.50 10134.39 2.50 1.87 -73.1 -0.427 18.16 18.38 04a60069o0996o
60069.419340  19.617  0.830    52   43 o  0   1.44 350.84907  10.68555  4251.51 10214.75 2.23 1.85 -68.6 -0.482 18.20 18.47 04a60069o1019o
60069.424860  20.914  2.461    16   38 o  0   1.77 350.84907  10.68555  4268.19 10097.80 2.77 2.00 -78.2 -0.401 18.14 18.47 04a60069o1031o
60072.399902  19.696  0.798    48   38 o  0   1.27 350.84907  10.68555  6429.54  5704.59 2.16 2.06 -73.4 -0.423 18.24 18.61 04a60072o0967o
60072.403088  20.470  1.404    24   33 o  0   1.55 350.84907  10.68555  6409.59  5666.47 2.15 2.11 -67.5 -0.420 18.28 18.65 04a60072o0974o
60072.418369  20.245  0.872    29   25 o  0   2.13 350.84907  10.68555  6465.01  5745.77 2.02 1.86 -38.1 -0.405 18.30 18.66 04a60072o1006o
60072.423924  20.098  1.039    33   34 o  0   0.92 350.84907  10.68555  6482.74  5630.58 2.09 1.97 -46.5 -0.401 18.17 18.50 04a60072o1018o
60074.387230  19.536  0.586    56   33 o  0   1.88 350.84907  10.68555  8284.60  3671.89 2.27 1.92 -16.3 -0.405 18.12 18.91 04a60074o0901o
60074.391355  19.028  0.266    89   24 o  0   2.10 350.84907  10.68555  8264.07  3633.81 2.17 1.87 -20.1 -0.411 18.41 18.79 04a60074o0910o
60074.396841  21.539  3.283     9   29 o  0   1.57 350.84907  10.68555  8322.64  3712.13 2.20 2.09  81.4 -0.431 18.39 18.84 04a60074o0922o
60074.418193  21.180  2.370    12   29 o  0   1.53 350.84907  10.68555  8339.64  3599.65 2.27 2.21  -0.4 -0.406 18.45 18.97 04a60074o0968o
60089.110574  19.805  0.356    43   16 c  0   1.49 350.84907  10.68555   112.71  1484.82 3.03 2.69 -14.2 -0.345 19.08 20.70 03a60089o0905c
60089.113397  20.599  0.720    21   15 c  0   1.22 350.84907  10.68555    89.11  1447.43 2.94 2.74 -21.7 -0.347 19.12 20.71 03a60089o0911c
60089.118957  20.350  0.550    26   14 c  0   1.41 350.84907  10.68555   146.52  1526.80 2.89 2.72 -20.2 -0.351 19.16 20.74 03a60089o0923c
60089.139170  19.905  0.345    40   14 c  0   1.53 350.84907  10.68555   170.62  1400.06 3.00 2.75 -16.0 -0.355 19.18 20.80 03a60089o0966c
60092.160158  19.805  0.212    43    9 c  0   2.56 350.84907  10.68555   175.67  5358.81 2.56 2.30 -35.3 -0.373 19.43 21.00 03a60092o0984c
60092.162928  19.555  0.218    55   12 c  0   1.76 350.84907  10.68555   157.29  5319.22 2.68 2.35 -23.6 -0.368 19.38 21.00 03a60092o0990c
60092.165691  20.170  0.368    31   11 c  0   1.53 350.84907  10.68555 10249.02  5579.04 2.51 2.25 -47.4 -0.364 19.43 20.93 03a60092o0996c
60092.169335  19.336  0.177    67   12 c  0   1.57 350.84907  10.68555 10231.20  5539.31 2.52 2.31 -42.4 -0.361 19.40 20.92 03a60092o1004c
60092.177274  21.039  0.920    14   13 c  0   1.73 350.84907  10.68555 10288.09  5618.18 2.51 2.27 -44.2 -0.356 19.32 20.63 03a60092o1021c
60092.179565  19.784  0.279    44   12 c  0   1.52 350.84907  10.68555   215.58  5394.14 2.46 2.21 -38.7 -0.383 19.26 20.50 03a60092o1026c
60092.182764  19.908  0.429    40   17 c  0   1.40 350.84907  10.68555 10310.17  5502.70 2.42 2.20 -47.4 -0.346 18.99 19.88 03a60092o1033c
60092.183666  20.070  0.553    34   19 c  0   1.28 350.84907  10.68555   238.65  5277.77 2.41 2.17 -43.4 -0.377 19.00 19.82 03a60092o1035c
60101.108906  19.142  0.286    80   23 o  0   1.50 350.84907  10.68555  2516.12  5785.87 2.68 2.35 -17.1 -0.375 18.55 19.12 03a60101o0914o
60101.111632  20.113  0.776    33   25 o  0   1.08 350.84907  10.68555  2497.75  5746.51 2.53 2.33 -33.9 -0.377 18.59 19.13 03a60101o0920o
60101.119058  19.770  0.561    45   25 o  0   1.21 350.84907  10.68555  2553.31  5823.31 3.21 2.39  -2.3 -0.379 18.50 19.15 03a60101o0936o
60101.129113  19.223  0.337    74   25 o  0   1.34 350.84907  10.68555  2576.56  5704.55 2.60 2.36 -26.8 -0.376 18.64 19.20 03a60101o0957o
60108.382399  19.890  0.465    40   19 o  0   1.67 350.84907  10.68555  6030.61  8133.26 2.10 1.87 -63.8 -0.397 19.05 20.05 04a60108o0950o
60108.385169  21.595  1.983     8   17 o  0   2.28 350.84907  10.68555  6011.63  8094.30 2.29 1.97 -69.5 -0.406 18.99 20.02 04a60108o0956o
60108.390209  19.937  0.559    38   22 o  0   0.99 350.84907  10.68555  6069.94  8172.63 2.09 1.88 -62.1 -0.393 18.99 19.97 04a60108o0967o
60108.401259  20.632  0.675    20   14 o  0   2.65 350.84907  10.68555  6091.80  8054.93 2.04 1.86 -60.1 -0.392 18.99 19.99 04a60108o0991o
60110.271376  19.679  0.358    49   18 c  0   1.44 350.84907  10.68555  2194.72  8338.47 2.84 2.27 -67.8 -0.425 18.95 20.61 04a60110o0713c
60110.279739  19.903  0.408    40   16 c  0   1.33 350.84907  10.68555  2170.41  8301.34 2.79 2.22 -67.9 -0.347 19.05 20.67 04a60110o0730c
60110.291604  20.328  0.582    27   16 c  0   1.30 350.84907  10.68555  2221.62  8381.27 2.85 2.23 -70.6 -0.351 19.05 20.77 04a60110o0756c
60110.296659  19.761  0.322    45   15 c  0   1.54 350.84907  10.68555  2237.39  8264.81 2.67 2.06 -70.5 -0.360 19.13 20.77 04a60110o0767c
60111.364356  20.224  0.395    30   12 c  0   2.25 350.84907  10.68555  2163.92  8347.07 2.58 1.87 -77.1 -0.368 19.34 20.97 04a60111o0923c
60111.367978  20.000  0.343    36   12 c  0   2.36 350.84907  10.68555  2144.98  8308.04 2.65 1.89 -78.7 -0.364 19.34 20.97 04a60111o0931c
60111.374320  20.142  0.387    32   12 c  0   3.04 350.84907  10.68555  2203.87  8384.81 2.57 1.82 -76.5 -0.376 19.36 20.97 04a60111o0945c
60111.394611  20.158  0.404    31   13 c  0   1.38 350.84907  10.68555  2231.24  8264.61 2.60 1.84 -78.1 -0.368 19.38 21.02 04a60111o0989c
60119.132036  19.505  0.269    57   15 o  0   1.60 350.84907  10.68555  4054.09 10057.70 2.89 2.45 -26.7 -0.371 19.12 20.37 03a60119o0883o
60119.135714  19.551  0.255    55   14 o  0   2.77 350.84907  10.68555  4037.02 10018.13 2.72 2.34 -31.6 -0.380 19.17 20.42 03a60119o0890o
60119.142287  19.429  0.253    61   16 o  0   1.48 350.84907  10.68555  4092.90 10097.38 2.64 2.25 -34.4 -0.387 19.23 20.39 03a60119o0903o
60119.153283  19.204  0.199    76   15 o  0   2.07 350.84907  10.68555  4117.10  9980.61 2.72 2.27 -25.1 -0.376 19.13 20.34 03a60119o0925o
60126.313818  19.248  0.314    73   23 o  0   1.90 350.84907  10.68555  7947.71  8038.36 2.17 1.96 -20.1 -0.408 18.73 19.44 04a60126o0807o
60126.316610  19.573  0.446    54   24 o  0   1.71 350.84907  10.68555  7927.80  7999.41 2.31 2.09 -34.8 -0.378 18.68 19.47 04a60126o0813o
60126.322596  20.375  0.836    26   22 o  0   1.78 350.84907  10.68555  7987.01  8077.80 2.18 1.99 -23.7 -0.415 18.72 19.47 04a60126o0826o
60126.340584  20.567  0.893    22   19 o  0   2.84 350.84907  10.68555  8009.03  7960.80 2.14 1.91 -12.8 -0.412 18.86 19.58 04a60126o0865o
60128.319848  19.693  0.649    48   31 o  0   1.67 350.84907  10.68555  6241.49  1848.78 2.54 2.42 -10.7 -0.396 18.09 18.64 04a60128o0820o
60128.335622 -21.680  4.600    -8   36 o  0   1.33 350.84907  10.68555  6232.67  1810.61 2.61 2.54  25.9 -0.409 18.08 18.75 04a60128o0853o
60128.338352  21.875  5.727     6   37 o  0   1.17 350.84907  10.68555  6292.08  1887.95 2.59 2.50  39.4 -0.419 18.24 18.75 04a60128o0859o
60128.348482  21.136  3.146    13   40 o  0   0.99 350.84907  10.68555  6310.70  1770.40 2.99 2.96  84.3 -0.426 18.04 18.75 04a60128o0880o
60129.309918  19.164  0.397    78   31 o  0   1.46 350.84907  10.68555  6243.64  1849.29 2.45 2.37   7.3 -0.394 18.15 18.68 04a60129o0802o
60129.312672  20.254  1.119    29   32 o  0   1.27 350.84907  10.68555  6224.31  1810.50 2.40 2.30   3.8 -0.403 18.23 18.70 04a60129o0808o
60129.325845  19.671  0.615    49   30 o  0   1.35 350.84907  10.68555  6285.14  1889.53 2.33 2.28   9.8 -0.403 18.25 18.75 04a60129o0836o
60129.334212   0.000 20.313     0   27 o  0   1.64 350.84907  10.68555  6307.37  1771.47 2.44 2.34  14.8 -0.402 18.23 18.79 04a60129o0854o
60131.039079  20.836  2.407    17   40 o  0   1.13 350.84907  10.68555  5981.86 10003.67 3.13 2.37 -15.5 -0.349 18.20 18.43 03a60131o0767o
60131.042282  19.009  0.464    90   42 o  0   0.86 350.84907  10.68555  5962.82  9963.43 3.20 2.40 -15.2 -0.348 18.09 18.34 03a60131o0774o
60131.058738  18.474  0.262   148   39 o  0   0.98 350.84907  10.68555  6016.41 10042.21 2.80 2.27 -32.8 -0.374 18.24 18.39 03a60131o0806o
60131.065687  19.010  0.361    90   33 o  0   1.45 350.84907  10.68555  6036.97  9925.16 2.76 2.25 -28.1 -0.373 18.30 18.42 03a60131o0821o
60132.344853  19.481  0.755    58   44 o  0   1.31 350.84907  10.68555  8058.45  9989.29 2.54 2.26 -60.7 -0.425 18.15 18.48 04a60132o0877o
60132.370134  19.701  0.922    48   44 o  0   1.32 350.84907  10.68555  8051.15  9945.70 2.53 2.23 -65.4 -0.432 18.14 18.49 04a60132o0931o
60132.383210  20.144  1.102    32   35 o  0   3.85 350.84907  10.68555  2506.09   600.61 2.76 2.19  50.1 -0.397 18.13 18.57 04a60132o0959o
60132.386475 -19.455  0.696   -60   42 o  0   0.99 350.84907  10.68555  2490.16   714.42 2.72 2.15  49.8 -0.398 18.15 18.57 04a60132o0966o
60134.362282  18.522  4.828   142  684 o  0   0.60 350.84907  10.68555  4419.49  3881.96 2.23 2.04 -20.6 -0.529 15.44 15.13 04a60134o0898o
60134.372793  17.500  1.926   363  699 o  0   1.20 350.84907  10.68555  4404.12  3840.26 2.05 1.93 -50.2 -0.413 14.86 14.54 04a60134o0921o
60134.401230 -18.151  2.128  -199  424 o  0   1.16 350.84907  10.68555  6164.67  6683.00 2.17 2.05 -77.6 -0.449 15.67 15.31 04a60134o0983o
60134.425948  18.881  7.735   102  787 o  0   1.77 350.84907  10.68555  6163.14  6780.89 2.14 1.97 -56.2 -0.422 14.70 14.43 04a60134o1036o
60137.124766  19.848  0.307    42   13 o  0   1.50 350.84907  10.68555  6548.70  2454.09 2.22 2.02 -42.9 -0.450 19.39 20.52 03a60137o0851o
60137.127925  20.352  0.474    26   12 o  0   2.58 350.84907  10.68555  6567.36  2493.23 2.24 2.03 -37.5 -0.445 19.35 20.55 03a60137o0858o
60137.141440  20.621  0.545    20   11 o  0   3.44 350.84907  10.68555  6511.23  2415.13 2.15 1.95 -43.2 -0.446 19.37 20.49 03a60137o0887o
60137.146927  19.366  0.199    65   13 o  0   3.05 350.84907  10.68555  6490.44  2530.71 2.23 1.99 -25.3 -0.446 19.36 20.52 03a60137o0899o
60138.347115  19.570  0.255    54   14 o  0   1.88 350.84907  10.68555 10180.37  1651.59 2.95 2.27 -24.6 -0.337 19.29 20.65 04a60138o0640o
60138.350298  18.993  0.155    92   14 o  0   2.15 350.84907  10.68555 10161.22  1612.11 2.89 2.11 -28.2 -0.354 19.31 20.62 04a60138o0647o
60138.355745  19.271  0.184    71   13 o  0   2.36 350.84907  10.68555 10222.69  1689.73 3.04 2.29 -26.2 -0.355 19.29 20.62 04a60138o0659o
60138.361205  19.319  0.209    68   14 o  0   1.95 350.84907  10.68555 10247.16  1571.44 2.89 2.23 -28.3 -0.331 19.30 20.59 04a60138o0671o
60138.444892  18.389  0.235   160   38 o  0   2.01 350.84907  10.68555 10522.53  8988.95 2.71 2.36   4.9 -0.386 18.48 19.00 04a60138o0850o
60143.078654  20.143  0.286    32    9 c  0   2.34 350.84907  10.68555 10264.08  5578.19 2.52 2.24 -50.7 -0.373 19.60 21.35 03a60143o0808c
60143.081834  20.072  0.252    34    9 c  0   2.70 350.84907  10.68555 10245.54  5539.13 2.57 2.27 -52.5 -0.368 19.59 21.36 03a60143o0815c
60143.084994  19.788  0.206    44    9 c  0   2.38 350.84907  10.68555 10303.46  5618.52 2.48 2.23 -49.6 -0.372 19.61 21.33 03a60143o0822c
60143.090083  19.869  0.296    41   12 c  0   1.46 350.84907  10.68555 10326.59  5503.79 2.49 2.22 -51.1 -0.366 19.59 21.35 03a60143o0833c
60143.098108  19.494  0.165    58   10 c  0   2.14 350.84907  10.68555 10369.09  5222.80 2.53 2.22 -50.6 -0.363 19.65 21.36 03a60143o0849c
60143.123028  19.976  0.290    37   11 c  0   1.93 350.84907  10.68555 10392.10  5266.36 2.64 2.34 -19.7 -0.362 19.50 21.24 03a60143o0901c
60143.151278  19.948  0.285    38   11 c  0   1.61 350.84907  10.68555 10337.56  5188.01 2.65 2.23 -52.8 -0.356 19.49 21.11 03a60143o0958c
60143.158504  19.941  0.285    38   11 c  0   1.31 350.84907  10.68555 10311.50  5302.23 2.60 2.24 -46.5 -0.367 19.50 21.12 03a60143o0973c
60146.287346  15.535  0.379  2219  840 o  0   2.06 350.84907  10.68555  2455.67  3993.72 2.08 1.99  89.6 -0.419 14.77 16.05 04a60146o0544o
60146.289614 -15.833  0.473 -1685  797 o  0   1.45 350.84907  10.68555  2436.79  3954.63 2.09 1.98  76.8 -0.412 14.67 15.96 04a60146o0549o
60146.292318  16.715  2.255   748 1687 o  0   1.27 350.84907  10.68555  2496.06  4031.63 2.13 2.08 -85.2 -0.407 14.27 15.59 04a60146o0555o
60146.309147 -17.336  1.889  -422  797 o  0   1.09 350.84907  10.68555  2520.83  3912.85 2.03 1.93 -89.8 -0.424 14.83 16.07 04a60146o0591o
60153.239040  19.470  0.300    59   18 o  0   1.97 350.84907  10.68555  8184.31  1750.49 2.33 2.06 -21.3 -0.410 18.96 19.91 04a60153o0611o
60153.241799 -21.329  1.532   -11   16 o  0   1.98 350.84907  10.68555  8164.62  1711.66 2.27 2.03 -26.3 -0.437 18.97 19.90 04a60153o0617o
60153.246413  22.288  3.406     4   15 o  0   2.83 350.84907  10.68555  8223.95  1789.88 2.30 2.07 -26.8 -0.409 19.03 19.93 04a60153o0627o
60153.267022  19.556  0.305    55   17 o  0   2.06 350.84907  10.68555  8248.93  1673.23 2.46 2.20 -27.3 -0.400 19.03 20.03 04a60153o0671o
60156.326316  19.454  0.439    60   26 o  0   1.63 350.84907  10.68555  6283.71  8670.16 2.28 2.02 -58.2 -0.426 18.64 19.26 04a60156o0814o
60156.351261  19.555  0.432    55   24 o  0   1.53 350.84907  10.68555  6322.64  8687.65 2.30 2.09 -60.7 -0.413 18.62 19.32 04a60156o0868o
60156.379555  20.200  0.943    30   28 o  0   1.31 350.84907  10.68555  6278.34  8590.81 2.19 1.93 -51.5 -0.407 18.66 19.22 04a60156o0928o
