MJD          m      dm   uJy   duJy F err chi/N     RA       Dec        x        y     maj  min   phi  apfit mag5sig Sky   Obs
59673.505103  20.524  0.653    22   15 o  0   1.40 174.24898  55.16396  5399.98  2237.37 2.89 2.82 -49.0 -0.450 19.14 20.79 01a59673o0186o
59673.508311 -19.913  0.546   -39   22 o  0   1.52 174.24898  55.16396  5420.69  2275.76 2.89 2.76 -54.2 -0.455 18.89 20.42 01a59673o0193o
59673.513801 -20.529  1.045   -22   23 o  0   1.10 174.24898  55.16396  5365.19  2202.63 2.83 2.80 -42.4 -0.456 18.69 20.24 01a59673o0205o
59675.411741 -20.970  1.919   -15   28 c  0   1.09 174.24898  55.16396  9358.14  2565.14 2.42 2.34  24.5 -0.404 18.36 20.33 02a59675o0428c
59677.376928  20.654  0.915    20   18 o  0   1.10 174.24898  55.16396  5357.47  2221.33 2.99 2.95 -39.1 -0.452 19.12 20.49 01a59677o0276o
59677.410161 -21.810  2.545    -7   17 o  0   1.06 174.24898  55.16396  5385.86  2262.36 2.94 2.90 -20.6 -0.459 19.14 20.43 01a59677o0347o
59677.413357  20.938  0.987    15   15 o  0   1.66 174.24898  55.16396  5329.29  2186.71 2.93 2.85 -39.7 -0.462 19.10 20.41 01a59677o0354o
59677.420662 -20.823  1.000   -17   17 o  0   1.18 174.24898  55.16396  5315.39  2303.97 2.98 2.93 -26.2 -0.451 19.10 20.37 01a59677o0370o
59679.342327  21.727  4.400     7   33 c  0   1.13 174.24898  55.16396  1298.78  7952.42 2.49 2.39  26.2 -0.430 18.70 20.36 02a59679o0245c
59679.344155  21.388  3.162    10   32 c  0   1.01 174.24898  55.16396  1319.49  7992.55 2.53 2.36  31.8 -0.433 18.66 20.37 02a59679o0249c
59679.346896  20.270  0.852    28   24 c  0   1.50 174.24898  55.16396  1261.36  7912.18 2.55 2.44  31.7 -0.428 18.66 20.39 02a59679o0255c
59679.352381 -19.650  0.559   -50   28 c  0   1.39 174.24898  55.16396  1237.82  8027.12 2.79 2.39  29.8 -0.405 18.64 20.39 02a59679o0267c
59681.406092  19.349  0.506    66   33 o  0   0.96 174.24898  55.16396  2116.68  5838.18 2.91 2.71 -39.6 -0.483 18.67 19.54 01a59681o0391o
59681.409294  20.296  1.275    28   35 o  0   0.84 174.24898  55.16396  2138.57  5876.86 2.94 2.70 -41.8 -0.486 18.68 19.55 01a59681o0398o
59681.415236 -20.337  1.179   -27   31 o  0   1.13 174.24898  55.16396  2079.20  5799.56 2.90 2.68 -39.7 -0.484 18.69 19.55 01a59681o0411o
59681.425280 -22.783 11.733    -3   33 o  0   0.87 174.24898  55.16396  2064.29  5916.34 2.84 2.65 -39.1 -0.492 18.68 19.52 01a59681o0433o
59683.404034  18.550  0.223   138   31 o  0   1.04 174.24898  55.16396   727.07 10432.23 2.17 1.72 -58.0 -0.488 18.39 18.72 02a59683o0372o
59683.407691  18.499  0.305   145   44 o  0   0.69 174.24898  55.16396   709.65 10393.05 1.94 1.67 -57.3 -0.617 18.21 18.47 02a59683o0380o
59683.414139  18.131  0.411   203   83 o  0   1.40 174.24898  55.16396   764.31 10468.13 1.91 1.58 -58.4 -0.481 17.49 17.51 02a59683o0394o
59683.415967  17.825  0.324   269   87 o  0   1.20 174.24898  55.16396  4602.41    89.94 2.02 1.87  74.8 -0.421 17.15 17.07 02a59683o0398o
59683.416424  17.775  0.501   282  141 o  0   0.76 174.24898  55.16396  9857.24 10461.98 2.29 2.06 -66.9 -0.463 17.38 17.34 02a59683o0399o
59683.418748  17.757  0.354   287  101 o  0   1.43 174.24898  55.16396  4582.81    50.71 2.20 2.01  89.6 -0.410 17.00 17.05 02a59683o0404o
59683.419206  17.980  0.428   233  100 o  0   1.42 174.24898  55.16396  9838.68 10421.81 2.55 2.24 -63.1 -0.421 17.19 17.17 02a59683o0405o
59683.424245  18.117  0.534   206  110 o  0   1.17 174.24898  55.16396  4643.31   126.01 2.18 1.97  63.5 -0.369 16.82 16.78 02a59683o0416o
59683.424702  17.247  0.394   458  180 o  0   0.90 174.24898  55.16396   782.80 10345.52 2.19 1.85 -57.2 -0.675 16.75 16.77 02a59683o0417o
59683.425158  17.031  0.439   559  246 o  0   0.92 174.24898  55.16396  9893.24 10503.46 2.46 2.23 -69.7 -0.477 16.89 16.84 02a59683o0418o
59683.438896 -18.443  1.246  -152  190 o  0   1.18 174.24898  55.16396  9915.31 10387.56 2.34 2.15 -61.0 -0.485 16.66 16.53 02a59683o0448o
59685.385043  19.037  9.570    88  844 o  0   2.32 174.24898  55.16396  2113.05  5837.44 2.78 2.69 -40.1 -0.549 15.54 15.58 01a59685o0332o
59687.318830  19.112  0.575    82   47 o  0   0.80 174.24898  55.16396  5997.26 10494.51 2.16 2.13  71.0 -0.459 18.78 19.18 02a59687o0203o
59687.324775  19.144  0.385    80   31 o  0   1.03 174.24898  55.16396  5955.37 10458.84 2.32 2.08  41.5 -0.407 18.78 19.21 02a59687o0216o
59687.326150  19.793  0.578    44   25 o  0   0.98 174.24898  55.16396   732.19   130.46 2.27 1.63 -55.7 -0.507 18.84 19.22 02a59687o0219o
59687.327980  19.675  0.491    49   24 o  0   1.17 174.24898  55.16396   750.74   173.90 1.96 1.63 -60.1 -0.511 18.78 19.23 02a59687o0223o
59687.330720  18.827  0.202   107   22 o  0   1.02 174.24898  55.16396   694.29    90.31 1.75 1.56 -72.4 -0.541 18.76 19.22 02a59687o0229o
59687.356650  18.948  0.247    96   24 o  0   1.34 174.24898  55.16396  9922.37 10384.70 2.38 2.00 -64.6 -0.454 18.81 19.21 02a59687o0285o
59687.362144  19.861  0.534    41   22 o  0   1.44 174.24898  55.16396   732.50 10434.06 1.65 1.56 -73.5 -0.522 18.71 19.21 02a59687o0297o
59687.364939  18.756  0.356   114   41 o  0   0.89 174.24898  55.16396   718.87 10399.24 2.10 1.49 -60.5 -0.825 18.80 19.21 02a59687o0303o
59687.395130  18.769  0.333   113   38 o  0   0.78 174.24898  55.16396   763.29 10468.80 1.82 1.44 -62.4 -0.627 18.77 19.15 02a59687o0368o
59687.423358  19.733  0.638    46   30 o  0   1.25 174.24898  55.16396   776.81 10349.84 1.90 1.49 -62.7 -0.578 18.72 19.08 02a59687o0429o
59689.410091  20.047  0.646    35   22 o  0   1.43 174.24898  55.16396  2066.62 10220.94 2.92 2.71  79.6 -0.464 18.76 19.73 01a59689o0243o
59689.414192  19.845  0.601    42   25 o  0   1.05 174.24898  55.16396  2089.26 10260.93 2.74 2.61 -63.1 -0.484 18.79 19.67 01a59689o0252o
59689.419718  19.308  0.378    69   26 o  0   1.19 174.24898  55.16396  2026.53 10182.47 2.84 2.57 -49.2 -0.497 18.72 19.63 01a59689o0264o
59689.423818  16.603  0.775   829  642 o  0   0.37 174.24898  55.16396  5953.63    35.10 2.87 2.74 -60.0 -0.473 18.74 19.69 01a59689o0273o
59689.431137  19.924  0.784    39   30 o  0   0.84 174.24898  55.16396  2009.94 10300.50 2.87 2.66 -56.2 -0.486 18.63 19.52 01a59689o0289o
59693.362578  18.555  0.125   137   17 o  0   1.06 174.24898  55.16396  2057.09 10213.72 2.67 2.47 -41.3 -0.497 19.22 20.57 01a59693o0308o
59693.365772  18.590  0.242   133   32 o  0   0.96 174.24898  55.16396  2080.72 10254.51 2.66 2.46 -40.6 -0.502 18.95 20.28 01a59693o0315o
59693.371247  18.496  0.161   145   23 o  0   1.00 174.24898  55.16396  2018.34 10176.14 2.70 2.50 -46.2 -0.501 19.19 20.53 01a59693o0327o
59693.404795  18.758  0.291   114   33 o  0   0.97 174.24898  55.16396  2006.26 10297.78 2.94 2.79 -60.6 -0.452 17.25 18.53 01a59693o0399o
59695.336458  18.629  0.108   128   14 c  0   1.22 174.24898  55.16396  1948.61  6866.26 2.48 2.38  -1.5 -0.411 19.54 21.45 02a59695o0238c
59695.339664  18.670  0.098   124   12 c  0   2.04 174.24898  55.16396  1929.48  6828.51 2.43 2.36  -9.9 -0.418 19.55 21.43 02a59695o0245c
59695.347441  18.577  0.096   135   13 c  0   1.50 174.24898  55.16396  1985.45  6903.11 2.47 2.40   5.7 -0.413 19.54 21.44 02a59695o0262c
59695.357573  18.635  0.112   128   14 c  0   1.24 174.24898  55.16396  2004.49  6785.79 2.53 2.43   3.9 -0.414 19.50 21.42 02a59695o0284c
59697.422400  18.157  0.094   198   19 o  0   1.11 174.24898  55.16396 10204.63 10101.46 3.45 3.00  50.6 -0.388 19.07 20.48 01a59697o0167o
59697.427563  18.038  0.097   221   22 o  0   0.98 174.24898  55.16396 10287.73 10057.28 3.03 2.82  59.6 -0.408 19.13 20.48 01a59697o0178o
59697.428952  18.110  0.094   207   19 o  0   1.26 174.24898  55.16396  4195.41   104.18 2.63 2.62  89.7 -0.441 19.11 20.49 01a59697o0181o
59697.430339  18.032  0.085   222   19 o  0   1.05 174.24898  55.16396 10221.76  9984.72 3.05 2.82  59.2 -0.402 19.16 20.54 01a59697o0184o
59697.432198  18.146  0.078   200   16 o  0   1.54 174.24898  55.16396  4218.62   143.69 2.83 2.65  47.9 -0.408 19.13 20.54 01a59697o0188o
59697.437736  18.006  0.130   228   30 o  0   1.30 174.24898  55.16396  4163.53    65.47 2.71 2.65  76.4 -0.429 18.44 19.81 01a59697o0200o
59697.441422  17.833  0.101   267   27 o  0   0.80 174.24898  55.16396 10206.66 10111.64 3.00 2.79  52.0 -0.416 18.39 19.72 01a59697o0208o
59697.449751  18.043  0.074   220   16 o  0   1.70 174.24898  55.16396  4153.77   184.36 2.79 2.69 -86.5 -0.423 19.01 20.37 01a59697o0226o
59699.362436  18.517  0.254   142   36 c  0   0.96 174.24898  55.16396  6884.51  8757.86 2.85 2.42  32.7 -0.393 18.46 19.93 02a59699o0293c
59699.365633  18.250  0.210   182   38 c  0   1.12 174.24898  55.16396  6868.02  8719.73 2.81 2.46  29.2 -0.388 18.28 19.76 02a59699o0300c
59699.371119  18.243  0.100   183   18 c  0   1.47 174.24898  55.16396  6924.08  8798.72 2.72 2.43  29.1 -0.399 19.04 20.58 02a59699o0312c
59699.383474  18.049  0.135   219   30 c  0   1.54 174.24898  55.16396  6943.06  8681.32 2.83 2.41  32.2 -0.394 18.47 19.95 02a59699o0339c
59705.360150  17.986  0.077   232   18 o  0   1.11 174.24898  55.16396  7226.98  2043.98 2.95 2.86  20.0 -0.439 19.17 20.60 01a59705o0057o
59705.365262  17.869  0.070   258   18 o  0   1.27 174.24898  55.16396  7247.79  2080.53 2.87 2.85  88.8 -0.449 18.93 20.36 01a59705o0068o
59709.315296  17.991  0.093   231   22 o  0   1.14 174.24898  55.16396  7215.31  2038.31 2.74 2.61 -52.0 -0.495 18.98 19.82 01a59709o0180o
59709.318517  17.877  0.079   257   20 o  0   1.25 174.24898  55.16396  7236.60  2077.21 2.80 2.70  14.9 -0.466 18.93 19.83 01a59709o0187o
59709.324966  18.038  0.096   221   21 o  0   1.31 174.24898  55.16396  7180.91  2002.90 2.69 2.65 -28.7 -0.491 18.96 19.83 01a59709o0201o
59709.336022  18.005  0.090   228   20 o  0   1.06 174.24898  55.16396  7168.15  2122.86 2.77 2.64 -51.4 -0.493 18.92 19.83 01a59709o0225o
59711.319228  17.963  0.118   237   28 o  0   1.29 174.24898  55.16396  6473.46  4878.08 2.75 2.09  32.0 -0.411 18.55 18.95 02a59711o0180o
59711.322426  17.772  0.122   282   34 o  0   1.03 174.24898  55.16396  6454.28  4838.47 2.68 2.03  31.1 -0.424 18.25 18.60 02a59711o0187o
59711.328830  18.517  0.337   142   48 o  0   1.02 174.24898  55.16396  6509.21  4917.58 2.82 2.17  30.9 -0.412 18.01 18.24 02a59711o0201o
59711.339814  18.334  0.214   168   36 o  0   1.42 174.24898  55.16396  6529.75  4801.48 2.75 2.16  33.7 -0.412 18.18 18.58 02a59711o0225o
59713.349224  18.206  0.173   190   33 o  0   1.35 174.24898  55.16396  3330.73  7973.22 2.68 2.52 -39.2 -0.486 18.69 19.39 01a59713o0264o
59713.354766  18.132  0.177   203   36 o  0   1.42 174.24898  55.16396  3353.52  8013.73 3.53 2.96  46.8 -0.336 18.53 19.38 01a59713o0276o
59713.358910  18.094  0.156   210   33 o  0   1.02 174.24898  55.16396  3292.84  7934.93 2.72 2.62  39.4 -0.459 18.72 19.37 01a59713o0285o
59713.370881  18.408  0.240   157   38 o  0   0.89 174.24898  55.16396  3280.14  8055.67 2.87 2.68  43.1 -0.435 18.70 19.35 01a59713o0311o
59715.362847  18.466  0.195   149   29 o  0   0.90 174.24898  55.16396  6529.58   503.15 2.04 1.81 -66.5 -0.482 18.63 18.87 02a59715o0288o
59715.366962  18.420  0.179   156   28 o  0   1.05 174.24898  55.16396  6510.22   463.22 2.05 1.76 -62.9 -0.486 18.63 18.83 02a59715o0297o
59715.372907  18.561  0.223   137   30 o  0   0.67 174.24898  55.16396  6571.67   542.21 2.04 1.83 -76.0 -0.448 18.62 18.84 02a59715o0310o
59715.386647  18.548  0.205   138   28 o  0   1.15 174.24898  55.16396  6592.55   422.72 1.91 1.74 -79.4 -0.477 18.57 18.78 02a59715o0340o
59717.302851  18.502  0.144   144   21 o  0   0.85 174.24898  55.16396  3320.94  7968.54 2.89 2.73 -38.8 -0.456 19.00 20.13 01a59717o0151o
59717.307458  18.400  0.130   158   21 o  0   1.31 174.24898  55.16396  3342.90  8007.00 2.97 2.81 -37.6 -0.446 18.95 20.04 01a59717o0161o
59717.312983  18.257  0.131   181   24 o  0   0.96 174.24898  55.16396  3282.67  7930.80 3.28 3.07 -44.4 -0.409 18.80 19.96 01a59717o0173o
59717.325423  18.672  0.228   123   28 o  0   1.49 174.24898  55.16396  3267.93  8048.34 4.48 4.33 -50.4 -0.305 18.37 19.83 01a59717o0200o
59719.316209 -19.502 25.720   -58 1478 o  0   1.74 174.24898  55.16396  6605.85   440.11 2.38 2.03  48.0 -0.416 16.01 17.18 02a59719o0021o
59721.321905  18.848  0.142   105   15 o  0   1.36 174.24898  55.16396  4734.33  3987.57 2.91 2.65  33.5 -0.449 19.24 20.56 01a59721o0196o
59721.325128  18.557  0.096   137   13 o  0   1.44 174.24898  55.16396  4755.58  4026.47 2.73 2.57  25.3 -0.467 19.27 20.58 01a59721o0203o
59721.331590  19.069  0.164    86   14 o  0   1.51 174.24898  55.16396  4697.07  3949.65 2.63 2.53 -35.7 -0.483 19.29 20.60 01a59721o0217o
59721.342201  18.797  0.132   110   14 o  0   1.34 174.24898  55.16396  4686.19  4069.31 2.77 2.58  24.7 -0.461 19.31 20.65 01a59721o0240o
59723.320258  19.842  0.299    42   12 c  0   1.16 174.24898  55.16396  7655.61  6553.12 2.71 2.31  31.4 -0.400 19.56 21.18 02a59723o0183c
59723.323467  19.107  0.136    83   11 c  0   1.48 174.24898  55.16396  7636.91  6512.73 2.73 2.31  30.2 -0.404 19.59 21.17 02a59723o0190c
59723.329418  19.491  0.207    58   12 c  0   1.17 174.24898  55.16396  7693.57  6592.14 2.76 2.31  35.3 -0.397 19.55 21.18 02a59723o0203c
59723.339951  19.533  0.232    56   13 c  0   1.10 174.24898  55.16396  7714.04  6478.21 2.77 2.34  32.8 -0.398 19.57 21.19 02a59723o0226c
59725.301309  18.585  0.120   134   16 o  0   1.17 174.24898  55.16396  4729.09  3980.27 3.01 2.87 -41.4 -0.441 19.23 20.67 01a59725o0152o
59725.304535  18.909  0.152    99   15 o  0   1.06 174.24898  55.16396  4750.72  4020.69 3.03 2.94  18.9 -0.429 19.30 20.83 01a59725o0159o
59725.310056  18.896  0.134   100   14 o  0   1.36 174.24898  55.16396  4693.78  3945.46 2.86 2.80 -28.4 -0.450 19.35 20.86 01a59725o0171o
59725.321617  18.791  0.129   110   14 o  0   1.29 174.24898  55.16396  4680.17  4062.95 2.77 2.72   5.9 -0.461 19.38 20.85 01a59725o0196o
59727.293211  19.848  0.346    42   14 c  0   1.26 174.24898  55.16396  7663.33  6558.05 2.78 2.31  28.9 -0.393 19.29 20.94 02a59727o0123c
59727.296410 -22.871  5.909    -3   15 c  0   1.75 174.24898  55.16396  7645.68  6518.77 2.80 2.30  28.9 -0.399 19.09 20.63 02a59727o0130c
59727.303747  20.206  0.411    30   12 c  0   1.52 174.24898  55.16396  7698.97  6597.91 2.95 2.37  29.7 -0.381 19.38 21.01 02a59727o0146c
59727.313864  19.288  0.213    70   15 c  0   1.26 174.24898  55.16396  7717.65  6481.47 3.17 2.48  29.5 -0.368 19.28 21.00 02a59727o0168c
59729.315753  18.622  0.791   129  102 o  0   0.71 174.24898  55.16396  9892.43  5644.81 2.90 2.76  20.1 -0.444 17.46 18.65 01a59729o0171o
59729.318054  19.507  1.364    57   78 o  0   0.89 174.24898  55.16396   153.19  5886.75 2.76 2.43 -50.5 -0.469 17.81 19.00 01a59729o0176o
59729.318975  19.369  0.675    65   44 o  0   1.21 174.24898  55.16396  9914.35  5683.19 2.96 2.77  22.2 -0.437 18.16 19.39 01a59729o0178o
59729.321280  19.103  0.425    83   35 o  0   1.12 174.24898  55.16396   175.32  5927.28 2.75 2.38 -54.9 -0.476 18.60 19.80 01a59729o0183o
59729.325943  20.343  0.786    26   21 o  0   1.53 174.24898  55.16396  9853.50  5611.96 2.75 2.73 -34.6 -0.460 18.81 20.02 01a59729o0193o
59729.331940  19.017  0.380    90   34 o  0   0.89 174.24898  55.16396   117.02  5849.84 2.53 2.41 -39.4 -0.487 18.52 19.76 01a59729o0206o
59729.336110  19.031  0.289    89   26 o  0   1.39 174.24898  55.16396  9840.60  5733.50 2.76 2.71 -13.9 -0.460 18.68 19.83 01a59729o0215o
59729.337954  18.719  0.169   118   20 o  0   1.08 174.24898  55.16396   102.95  5966.23 2.54 2.43 -60.0 -0.471 18.93 20.21 01a59729o0219o
59731.346281  19.968  0.447    37   17 c  0   0.97 174.24898  55.16396  2520.50   227.87 2.89 2.68  85.0 -0.402 19.42 21.30 02a59731o0070c
59731.348567  20.003  0.415    36   15 c  0   1.78 174.24898  55.16396  8013.31 10469.94 2.88 2.70  39.5 -0.370 19.47 21.40 02a59731o0075c
59731.349482  20.101  0.449    33   15 c  0   0.91 174.24898  55.16396  2501.06   188.39 2.69 2.46  81.9 -0.384 19.44 21.30 02a59731o0077c
59731.351780  19.530  0.207    56   12 c  0   1.54 174.24898  55.16396  7994.06 10430.49 2.82 2.66  35.1 -0.381 19.56 21.36 02a59731o0082c
59731.354985  19.920  0.391    39   15 c  0   0.91 174.24898  55.16396  2566.19   263.75 2.66 2.45  86.0 -0.395 19.46 21.26 02a59731o0089c
59731.357727  19.037  0.427    88   38 c  0   0.98 174.24898  55.16396  8049.91 10510.24 2.95 2.81  36.7 -0.379 19.55 21.32 02a59731o0095c
59731.367808  20.005  0.393    36   14 c  0   1.25 174.24898  55.16396  2588.19   143.94 2.71 2.51  89.8 -0.392 19.46 21.22 02a59731o0117c
59731.369638  19.308  0.209    69   14 c  0   1.58 174.24898  55.16396  8065.98 10390.29 3.08 2.92  33.9 -0.369 19.40 21.30 02a59731o0121c
59733.268859  18.978  0.159    93   15 o  0   1.20 174.24898  55.16396  9883.96  5640.44 2.79 2.66  13.1 -0.464 19.36 20.68 01a59733o0076o
59733.274388  19.099  0.188    83   16 o  0   1.19 174.24898  55.16396  9906.36  5678.43 2.72 2.68 -14.0 -0.473 19.38 20.69 01a59733o0088o
59733.278541  19.019  0.174    90   16 o  0   1.28 174.24898  55.16396  9845.87  5605.44 2.77 2.67 -62.8 -0.477 19.33 20.64 01a59733o0097o
59733.283607  19.090  0.174    84   15 o  0   1.16 174.24898  55.16396   148.91  5890.53 2.67 2.32 -49.5 -0.497 19.39 20.68 01a59733o0108o
59733.286831  19.195  0.193    76   15 o  0   0.95 174.24898  55.16396   172.46  5931.95 2.47 2.27 -52.2 -0.502 19.37 20.67 01a59733o0115o
59733.288672  19.682  0.328    49   16 o  0   1.12 174.24898  55.16396  9832.80  5725.74 2.74 2.70 -55.2 -0.472 19.35 20.61 01a59733o0119o
59733.294196  18.844  0.109   105   12 o  0   1.48 174.24898  55.16396   111.94  5852.01 2.43 2.27 -50.2 -0.502 19.35 20.65 01a59733o0131o
59733.305740  19.551  0.349    55   19 o  0   0.85 174.24898  55.16396    97.04  5967.32 2.70 2.36 -51.7 -0.483 19.39 20.73 01a59733o0156o
59735.271967  19.126  0.219    81   18 o  0   1.08 174.24898  55.16396  2533.56   235.73 2.06 1.73 -68.8 -0.462 19.37 20.22 02a59735o0076o
59735.275639  19.123  0.205    81   17 o  0   1.19 174.24898  55.16396  2511.99   193.71 2.01 1.74 -76.7 -0.450 19.38 20.21 02a59735o0084o
59735.281129  18.821  0.142   108   15 o  0   1.11 174.24898  55.16396  2572.84   270.18 2.02 1.74 -77.3 -0.461 19.36 20.19 02a59735o0096o
59735.285741  18.844  0.211   105   22 o  0   0.98 174.24898  55.16396  8026.50 10468.11 2.15 1.94 -73.4 -0.459 19.40 20.29 02a59735o0106o
59735.288948  19.070  0.183    86   16 o  0   1.09 174.24898  55.16396  8005.60 10428.72 2.08 1.96  71.1 -0.464 19.42 20.32 02a59735o0113o
59735.291690  19.278  0.226    71   16 o  0   0.75 174.24898  55.16396  2593.74   150.66 1.98 1.69 -79.0 -0.458 19.37 20.25 02a59735o0119o
59735.294434  18.956  0.305    95   29 o  0   1.14 174.24898  55.16396  8063.23 10511.30 2.23 1.92 -67.6 -0.462 19.43 20.32 02a59735o0125o
59735.304518  18.711  0.114   119   14 o  0   1.39 174.24898  55.16396  8079.31 10390.86 2.11 1.98 -83.1 -0.456 19.39 20.32 02a59735o0147o
59737.295427  19.331  0.280    67   19 o  0   1.27 174.24898  55.16396  7935.87  5884.78 2.83 2.69  39.0 -0.446 19.09 20.08 01a59737o0130o
59737.298662  19.244  0.272    73   20 o  0   1.19 174.24898  55.16396  7957.47  5924.53 2.73 2.70   7.0 -0.463 19.09 20.09 01a59737o0137o
59737.305127  19.385  0.301    64   19 o  0   1.14 174.24898  55.16396  7897.84  5850.76 2.77 2.69  31.4 -0.455 19.09 20.09 01a59737o0151o
59737.317127  19.367  0.307    65   20 o  0   0.92 174.24898  55.16396  7884.06  5972.61 2.73 2.68 -32.0 -0.465 19.08 20.04 01a59737o0177o
59739.302845  19.130  0.203    81   16 o  0   0.98 174.24898  55.16396  3843.38  6704.33 2.30 1.95  26.6 -0.417 19.12 19.86 02a59739o0141o
59739.306502  19.131  0.177    81   14 o  0   1.41 174.24898  55.16396  3825.85  6665.31 2.26 1.91  28.0 -0.428 19.19 19.85 02a59739o0149o
59739.312471  19.857  0.409    41   17 o  0   0.83 174.24898  55.16396  3879.77  6741.78 2.20 1.92  25.0 -0.429 19.14 19.84 02a59739o0162o
59739.326216  19.637  0.316    51   16 o  0   1.23 174.24898  55.16396  3899.59  6623.09 2.30 1.92  27.2 -0.423 19.12 19.81 02a59739o0192o
59741.263469  19.033  0.272    88   24 o  0   1.03 174.24898  55.16396  7930.09  5881.20 2.67 2.60 -47.6 -0.488 18.94 19.71 01a59741o0060o
59741.267152  19.234  0.310    74   23 o  0   1.25 174.24898  55.16396  7952.15  5919.31 2.81 2.69  30.2 -0.458 18.91 19.74 01a59741o0068o
59741.277286  19.963  0.630    38   24 o  0   1.27 174.24898  55.16396  7892.20  5845.89 2.73 2.64 -49.4 -0.482 18.90 19.71 01a59741o0090o
59741.283283  19.176  0.308    78   24 o  0   1.19 174.24898  55.16396  7878.95  5965.62 2.86 2.72  24.3 -0.455 18.87 19.71 01a59741o0103o
59745.270228  19.645  0.490    50   25 o  0   0.94 174.24898  55.16396  1670.66  1948.84 2.59 2.54  41.2 -0.517 18.80 19.57 01a59745o0069o
59745.277606  19.987  0.648    37   24 o  0   1.19 174.24898  55.16396  1693.05  1988.68 2.62 2.52 -42.9 -0.541 18.78 19.52 01a59745o0085o
59745.281769 -18.071  0.343  -214   74 o  0   1.44 174.24898  55.16396  1636.25  1910.09 2.90 2.60 -48.4 -0.548 18.76 19.48 01a59745o0094o
59745.292921  21.110  2.169    13   28 o  0   1.09 174.24898  55.16396  1624.07  2026.07 2.93 2.66 -49.5 -0.529 18.69 19.42 01a59745o0118o
59751.257846  20.211  0.610    30   18 c  0   0.72 174.24898  55.16396  5288.00  2739.33 2.57 2.25  36.2 -0.404 19.08 20.24 02a59751o0032c
59751.261052  19.902  0.323    40   13 c  0   1.51 174.24898  55.16396  5270.03  2700.29 2.46 2.24  41.2 -0.408 19.38 20.70 02a59751o0039c
59751.266158  20.778  0.669    18   12 c  0   1.00 174.24898  55.16396  5328.52  2776.39 2.53 2.25  39.8 -0.412 19.53 21.09 02a59751o0050c
59751.278130  19.901  0.292    40   12 c  0   1.17 174.24898  55.16396  5348.06  2657.75 2.48 2.30  41.0 -0.407 19.56 21.26 02a59751o0076c
59753.276143  19.223  0.185    74   14 o  0   1.45 174.24898  55.16396  7338.45  7669.03 2.79 2.78  72.2 -0.453 19.25 20.58 01a59753o0082o
59753.281670  19.062  0.180    86   16 o  0   1.24 174.24898  55.16396  7361.28  7707.04 3.13 2.88  40.2 -0.412 19.24 20.62 01a59753o0094o
59753.285818  19.335  0.252    67   17 o  0   1.24 174.24898  55.16396  7300.77  7634.55 2.94 2.89  57.9 -0.435 19.15 20.51 01a59753o0103o
59753.296865  19.633  0.390    51   20 o  0   0.94 174.24898  55.16396  7285.84  7755.02 3.17 2.91  42.4 -0.411 19.01 20.40 01a59753o0127o
59755.277337  20.588  0.536    21   11 c  0   1.32 174.24898  55.16396  1259.13  3008.71 2.71 2.46 -69.6 -0.412 19.45 21.07 02a59755o0072c
59755.281459  20.178  0.383    31   12 c  0   1.25 174.24898  55.16396  1238.07  2968.45 2.58 2.29 -66.9 -0.428 19.49 21.09 02a59755o0081c
59755.286946  20.361  0.389    26   10 c  0   1.91 174.24898  55.16396  1298.16  3042.91 2.55 2.27 -70.1 -0.516 19.51 21.10 02a59755o0093c
59755.298376  20.530  0.582    22   13 c  0   0.92 174.24898  55.16396  1317.46  2922.89 2.54 2.30 -65.4 -0.426 19.51 21.10 02a59755o0118c
59769.257965  19.101  0.653    83   54 o  0   1.30 174.24898  55.16396  1321.38  8056.39 2.54 2.36 -55.9 -0.483 18.31 18.84 01a59769o0040o
59769.262064  20.197  2.401    30   73 o  0   1.18 174.24898  55.16396  1344.38  8094.14 2.54 2.33 -49.2 -0.491 18.25 18.84 01a59769o0049o
59769.267992  20.289  2.162    28   60 o  0   1.18 174.24898  55.16396  1284.01  8017.17 2.59 2.29 -50.5 -0.499 18.35 18.94 01a59769o0062o
59769.281685 -21.393 13.750   -10  138 o  0   1.14 174.24898  55.16396  1269.11  8133.34 2.57 2.33 -52.4 -0.490 17.72 18.07 01a59769o0092o
59771.255443  19.926  1.821    39   71 o  0   1.25 174.24898  55.16396  4576.00  4471.87 2.66 2.08  31.2 -0.411 17.40 17.43 02a59771o0026o
59771.259058 -20.042  1.768   -35   62 o  0   0.81 174.24898  55.16396  4558.74  4434.50 2.55 2.19  29.9 -0.429 17.62 17.74 02a59771o0034o
59771.266314  20.120  1.682    32   55 o  0   1.16 174.24898  55.16396  4610.95  4507.33 2.69 2.04  31.0 -0.410 17.76 18.03 02a59771o0050o
59771.278299  19.244  0.631    73   46 o  0   1.10 174.24898  55.16396  4630.97  4388.37 2.53 2.01  29.7 -0.429 18.11 18.37 02a59771o0074o
59869.613581  21.179  1.429    12   18 o  0   1.29 174.24898  55.16396  3354.67  4590.43 2.86 2.53  39.3 -0.386 19.01 19.90 01a59869o0909o
59869.629489  20.114  0.525    33   17 o  0   1.52 174.24898  55.16396  3338.27  4543.02 2.79 2.48  39.3 -0.395 19.04 19.91 01a59869o0943o
59869.636437 -20.686  1.272   -19   24 o  0   0.80 174.24898  55.16396  3397.50  4625.03 2.82 2.53  40.9 -0.399 18.75 19.43 01a59869o0958o
59869.638306  19.898  0.648    40   26 o  0   1.12 174.24898  55.16396  3417.94  4502.58 2.53 2.43  45.1 -0.424 18.63 19.11 01a59869o0962o
59877.617262 -21.426  1.358   -10   13 o  0   1.27 174.24898  55.16396  5058.15  8450.70 2.66 2.58  42.5 -0.386 19.23 20.30 01a59877o0923o
59877.627017  23.809 14.571     1   16 o  0   0.95 174.24898  55.16396  5046.51  8415.29 2.91 2.61  48.1 -0.357 19.20 20.32 01a59877o0944o
59877.631176 -20.711  0.857   -19   16 o  0   0.99 174.24898  55.16396  5102.79  8485.41 2.70 2.51  47.2 -0.381 19.23 20.30 01a59877o0953o
59877.645584  20.306  1.492    27   41 o  0   1.03 174.24898  55.16396  5129.58  8364.82 2.92 2.63  49.2 -0.366 17.99 18.01 01a59877o0984o
59885.601269 -21.586  2.222    -8   19 o  0   1.01 174.24898  55.16396  8435.00  4955.94 3.00 2.88  43.4 -0.373 19.01 20.17 01a59885o0893o
59885.610299  20.707  0.811    19   15 o  0   1.10 174.24898  55.16396  8417.32  4913.55 2.68 2.53  29.5 -0.406 19.19 20.23 01a59885o0912o
59885.627863 -22.128  5.375    -5   28 o  0   1.69 174.24898  55.16396  8482.33  4989.12 2.60 2.48  32.2 -0.417 18.35 19.40 01a59885o0948o
59885.635909 -20.200  1.700   -30   51 o  0   1.11 174.24898  55.16396  8506.08  4880.23 2.71 2.48  33.5 -0.398 17.87 18.81 01a59885o0965o
59893.594858 -22.930 10.118    -2   25 o  0   1.19 174.24898  55.16396  8657.50   579.43 2.63 2.40 -59.2 -0.464 18.70 19.23 01a59893o0817o
59893.610695 -20.326  0.708   -27   19 o  0   1.05 174.24898  55.16396  8636.20   540.84 2.38 2.34 -90.0 -0.452 18.76 19.34 01a59893o0850o
59893.624893  20.985  1.545    15   23 o  0   1.12 174.24898  55.16396  8697.05   615.27 2.34 2.30 -72.3 -0.465 18.82 19.42 01a59893o0880o
59893.635371 -20.896  1.156   -16   18 o  0   1.20 174.24898  55.16396  8720.60   495.32 2.26 2.24 -64.7 -0.472 18.91 19.45 01a59893o0902o
59895.628167  20.817  1.594    17   27 o  0   1.14 174.24898  55.16396  8614.29  3712.59 3.27 3.17   4.8 -0.403 18.57 19.55 02a59895o0446o
59895.643670  20.676  1.202    20   23 o  0   1.39 174.24898  55.16396  8634.67  3749.08 2.72 2.57  20.9 -0.405 18.77 19.56 02a59895o0479o
59895.647769 -22.247  5.320    -5   24 o  0   1.18 174.24898  55.16396  8577.61  3675.30 2.73 2.63  27.8 -0.405 18.74 19.47 02a59895o0488o
59895.654630  20.732  1.564    18   29 o  0   1.71 174.24898  55.16396  8557.72  3791.39 2.65 2.45  31.8 -0.408 18.51 18.95 02a59895o0503o
59901.551389  20.736  0.946    18   17 o  0   0.97 174.24898  55.16396   464.26   473.97 2.56 2.47  45.9 -0.446 19.22 20.27 01a59901o0740o
59901.567243 -21.124  1.325   -13   17 o  0   1.18 174.24898  55.16396   443.73   435.30 2.79 2.72  44.6 -0.440 19.19 20.30 01a59901o0773o
59901.571409 -20.166  0.507   -31   16 o  0   1.26 174.24898  55.16396   506.89   515.18 2.60 2.53  37.4 -0.442 19.18 20.30 01a59901o0782o
59901.583502 -21.253  1.477   -11   17 o  0   1.20 174.24898  55.16396   529.10   399.49 2.55 2.41  50.9 -0.436 19.24 20.30 01a59901o0808o
59901.610225 -20.912  1.000   -16   16 o  0   0.97 174.24898  55.16396  6255.89 10517.78 2.94 2.80  78.0 -0.372 19.20 20.32 01a59901o0865o
59905.617907 -22.811  3.667    -3   10 c  0   1.33 174.24898  55.16396  3226.57  8549.55 3.29 3.12  66.4 -0.323 19.63 21.66 01a59905o0885c
59905.640516  23.260  5.500     2   10 c  0   1.48 174.24898  55.16396  3216.80  8510.50 3.31 3.11  66.4 -0.324 19.63 21.64 01a59905o0933c
59905.651515  21.508  1.796     9   16 c  0   1.21 174.24898  55.16396  3272.74  8584.94 3.37 3.15  67.7 -0.314 19.09 20.34 01a59905o0956c
59909.567734 -21.218  1.000   -12   12 c  0   1.47 174.24898  55.16396  3211.05  8552.89 3.53 3.27  49.6 -0.303 19.38 21.31 01a59909o0817c
59909.570970 -21.026  0.839   -14   12 c  0   1.29 174.24898  55.16396  3194.35  8516.97 3.75 3.44  49.9 -0.280 19.37 21.28 01a59909o0824c
59909.579333  21.006  0.896    14   13 c  0   1.31 174.24898  55.16396  3253.65  8582.65 3.45 3.37  51.3 -0.335 19.40 21.31 01a59909o0842c
59909.594607  20.062  0.315    34   11 c  0   1.49 174.24898  55.16396  3279.14  8473.35 3.63 3.31  54.8 -0.299 19.46 21.35 01a59909o0875c
59927.568059 -20.823  1.040   -17   18 o  0   1.23 174.24898  55.16396  2905.04  4032.06 2.52 2.01  38.5 -0.434 18.93 19.66 02a59927o0822o
59927.573053  20.294  0.662    28   18 o  0   1.29 174.24898  55.16396  2923.41  4071.23 2.55 1.99  35.0 -0.430 18.91 19.68 02a59927o0833o
59927.576235 -20.376  0.668   -26   17 o  0   1.21 174.24898  55.16396  2866.51  3991.69 2.43 1.93  38.8 -0.440 18.97 19.70 02a59927o0840o
59927.581287 -20.449  0.706   -24   17 o  0   1.13 174.24898  55.16396  2847.97  4106.15 2.50 2.03  39.0 -0.429 18.96 19.73 02a59927o0851o
59959.523036  21.483  1.892     9   18 o  0   0.87 174.24898  55.16396  9321.44  7560.97 2.47 2.17  38.2 -0.432 19.33 20.46 02a59959o0714o
59959.524856  22.259  3.182     4   14 o  0   1.24 174.24898  55.16396  9340.60  7599.90 2.38 2.15  36.1 -0.435 19.35 20.46 02a59959o0718o
59959.528021  22.974  6.412     2   15 o  0   1.16 174.24898  55.16396  9278.69  7525.13 2.44 2.11  37.0 -0.435 19.35 20.45 02a59959o0725o
59959.533069  20.800  0.901    17   16 o  0   0.96 174.24898  55.16396  9257.27  7643.26 2.33 2.09  39.1 -0.448 19.38 20.44 02a59959o0736o
59963.560081  21.155  1.207    12   15 o  0   0.82 174.24898  55.16396  7817.97 10407.51 2.31 2.22  56.8 -0.444 19.50 20.94 02a59963o0567o
59963.563278 -21.877  2.319    -6   15 o  0   1.43 174.24898  55.16396  7840.95 10447.34 2.28 2.20  64.2 -0.460 19.53 20.95 02a59963o0574o
59963.569223  21.169  1.191    12   15 o  0   1.11 174.24898  55.16396  7778.02 10367.96 2.34 2.23  44.8 -0.444 19.50 20.87 02a59963o0587o
59963.572864  21.246  0.966    12   11 o  0   1.55 174.24898  55.16396  2487.80   169.90 1.99 1.81 -77.1 -0.468 19.55 20.92 02a59963o0595o
59963.574672  21.382  1.449    10   15 o  0   0.82 174.24898  55.16396  2506.67   210.44 1.96 1.80  80.5 -0.468 19.47 20.93 02a59963o0599o
59963.575577  20.516  0.933    23   21 o  0   1.12 174.24898  55.16396  7755.52 10490.38 2.35 2.23  34.8 -0.430 19.47 20.85 02a59963o0601o
59963.579193  20.954  0.876    15   13 o  0   0.89 174.24898  55.16396  2453.17   131.10 2.03 1.83 -71.7 -0.471 19.49 20.91 02a59963o0609o
59963.601697  24.199 16.500     1   12 o  0   1.10 174.24898  55.16396  8149.11  6722.76 2.38 2.02  33.7 -0.424 19.57 20.96 02a59963o0658o
59967.531045  21.636  1.565     8   13 o  0   0.89 174.24898  55.16396  9236.47  1947.29 2.29 2.10 -55.3 -0.446 19.52 21.14 02a59967o0606o
59967.532859  22.142  2.217     5   11 o  0   1.11 174.24898  55.16396  9255.21  1985.86 2.07 1.93 -58.8 -0.469 19.58 21.12 02a59967o0610o
59967.536029  21.512  1.352     9   12 o  0   0.87 174.24898  55.16396  9199.02  1911.26 1.99 1.90 -76.1 -0.461 19.60 21.13 02a59967o0617o
59967.604125  21.903  1.793     6   11 o  0   1.83 174.24898  55.16396  1379.94  8534.42 2.10 1.92   3.9 -0.457 19.56 21.04 02a59967o0680o
59999.501464  20.919  1.108    16   17 c  0   1.76 174.24898  55.16396  8665.65   459.94 2.80 2.60 -61.3 -0.379 19.38 21.46 02a59999o0056c
59999.501916  20.212  1.205    30   36 c  0   1.30 174.24898  55.16396  4470.30 10516.93 2.87 2.76  88.3 -0.367 19.43 21.50 02a59999o0057c
59999.505886  20.403  0.824    25   21 c  0   1.35 174.24898  55.16396  8643.63   413.88 2.79 2.39 -62.6 -0.404 19.42 21.47 02a59999o0065c
59999.617161  19.817  1.158    43   50 c  0   0.81 174.24898  55.16396  8707.47   483.37 2.46 2.35 -87.9 -0.402 18.26 20.01 02a59999o0074c
59999.622025 -18.954  0.883   -95   84 c  0   1.42 174.24898  55.16396  8730.13   359.86 2.53 2.20 -65.3 -0.391 17.74 19.27 02a59999o0084c
60015.452512  22.471  3.710     4   14 o  0   1.47 174.24898  55.16396  7799.03  1720.13 2.13 2.09 -63.4 -0.428 19.15 20.19 02a60015o0413o
60015.470764 -22.462  4.031    -4   15 o  0   1.18 174.24898  55.16396  7822.51  1604.03 2.12 2.04 -70.5 -0.431 19.17 20.19 02a60015o0449o
60019.455196  20.101  0.468    33   16 o  0   0.83 174.24898  55.16396  7582.07  6033.81 2.44 1.99  29.1 -0.426 19.44 20.86 02a60019o0509o
60019.458836  22.318  3.143     4   14 o  0   1.21 174.24898  55.16396  7561.47  5992.93 2.52 2.10  30.4 -0.415 19.37 20.81 02a60019o0517o
60019.464287 -21.419  1.236   -10   12 o  0   1.06 174.24898  55.16396  7621.73  6071.92 2.46 2.01  28.7 -0.420 19.47 20.91 02a60019o0529o
60019.477772 -20.301  0.750   -28   21 o  0   1.21 174.24898  55.16396  7644.50  5954.60 2.47 1.99  29.3 -0.421 18.93 20.27 02a60019o0558o
60023.393876  21.502  1.418     9   13 o  0   1.72 174.24898  55.16396  7041.52  1105.47 1.98 1.86 -74.4 -0.463 19.20 20.52 02a60023o0373o
60023.395686  23.497  8.667     2   13 o  0   1.15 174.24898  55.16396  7058.82  1144.79 2.00 1.90 -82.1 -0.449 19.35 20.74 02a60023o0377o
60023.398858 -21.439  1.417   -10   14 o  0   1.02 174.24898  55.16396  7006.51  1068.40 2.05 1.90 -68.5 -0.455 19.45 20.83 02a60023o0384o
60023.404284 -20.777  1.038   -18   18 o  0   1.10 174.24898  55.16396  6990.93  1189.38 2.01 1.90 -70.0 -0.449 18.99 20.27 02a60023o0396o
60027.477707 -21.083  0.859   -13   12 o  0   2.03 174.24898  55.16396  5822.36  5851.15 2.52 1.86  31.5 -0.429 19.42 20.70 02a60027o0321o
60027.480954  21.478  1.314     9   12 o  0   1.49 174.24898  55.16396  5804.49  5812.56 2.52 1.93  31.0 -0.420 19.48 20.77 02a60027o0328o
60027.486517  21.118  2.537    13   33 o  0   1.47 174.24898  55.16396  5858.01  5887.81 2.51 1.87  32.0 -0.428 18.40 19.59 02a60027o0340o
60027.496649 -23.276 17.000    -2   30 o  0   0.70 174.24898  55.16396  5877.99  5770.33 2.52 1.90  33.1 -0.424 18.51 19.63 02a60027o0361o
60031.374457  21.318  1.418    11   15 o  0   0.95 174.24898  55.16396  4806.88  3226.34 2.18 1.95  37.5 -0.446 19.27 20.31 02a60031o0329o
60031.377197  21.541  1.597     9   14 o  0   1.25 174.24898  55.16396  4826.53  3265.26 2.13 1.92  37.0 -0.452 19.28 20.26 02a60031o0335o
60031.379921 -20.662  0.872   -20   17 o  0   0.70 174.24898  55.16396  4769.26  3188.30 2.16 1.90  36.3 -0.457 19.32 20.25 02a60031o0341o
60031.400893  21.978  2.191     6   13 o  0   1.33 174.24898  55.16396  4747.97  3307.92 2.24 2.01  36.4 -0.447 19.30 20.36 02a60031o0385o
60040.313157  15.604  1.283  2081 2671 o  0   1.43 174.24898  55.16396  1068.51  7992.51 2.72 2.34  52.8 -0.322 14.73 14.71 02a60040o0198o
60042.426427 -15.697  1.318 -1911 2518 o  0   1.23 174.24898  55.16396   929.08 10419.34 5.05 4.37 -89.9 -0.191 14.25 14.75 02a60042o0260o
60042.445789  17.505  1.761   361  636 o  0   1.63 174.24898  55.16396   987.73 10330.47 1.88 1.71 -61.1 -0.438 15.84 15.84 02a60042o0301o
60042.446782  18.782  1.468   112  164 o  0   0.95 174.24898  55.16396  4849.03   122.61 1.96 1.80  87.0 -0.314 16.37 16.43 02a60042o0303o
60042.447234  17.053 18.726   548 10264 o  0   0.00 174.24898  55.16396 10096.45 10518.71 2.44 1.87 -63.4 -0.520 16.72 16.77 02a60042o0304o
60042.457878  17.665  2.849   312  889 o  0   1.25 174.24898  55.16396 10116.23 10400.41 2.31 2.01 -82.6 -0.636 14.82 14.77 02a60042o0327o
60044.419617  21.551  1.914     9   17 o  0   0.90 174.24898  55.16396  2127.34  6838.62 2.09 1.88  19.9 -0.433 19.16 20.00 02a60044o0373o
60044.422427  21.484  1.750     9   16 o  0   1.35 174.24898  55.16396  2109.57  6800.11 2.02 1.87  13.9 -0.442 19.23 20.00 02a60044o0379o
60044.427676 -19.941  0.472   -38   18 o  0   0.88 174.24898  55.16396  2167.61  6874.99 2.14 1.94  16.3 -0.436 19.14 19.98 02a60044o0390o
60044.439636 -21.945  2.717    -6   16 o  0   0.94 174.24898  55.16396  2188.49  6754.19 2.11 1.95  22.4 -0.436 19.14 19.95 02a60044o0416o
60048.322833  21.644  1.618     8   13 c  0   0.69 174.24898  55.16396  3959.27  5697.09 2.47 2.25  42.7 -0.411 19.62 21.49 02a60048o0204c
60048.325550 -21.575  1.193    -8   10 c  0   1.59 174.24898  55.16396  3979.42  5736.57 2.55 2.26  38.0 -0.404 19.59 21.49 02a60048o0210c
60048.356333 -20.679  0.519   -19   10 c  0   1.01 174.24898  55.16396  3920.79  5663.26 2.53 2.26  32.2 -0.405 19.58 21.47 02a60048o0267c
60048.368815 -20.984  0.653   -15   10 c  0   2.05 174.24898  55.16396  6718.53  4798.36 2.62 2.22  32.1 -0.399 19.59 21.47 02a60048o0292c
60050.388248  20.862  0.822    16   14 c  0   1.21 174.24898  55.16396  6724.19   503.17 2.40 2.15 -69.4 -0.422 19.50 21.19 02a60050o0324c
60050.391493  21.954  2.186     6   13 c  0   0.98 174.24898  55.16396  6702.40   462.08 2.42 2.14 -69.3 -0.428 19.48 21.21 02a60050o0331c
60050.396927 -21.106  0.870   -13   11 c  0   1.51 174.24898  55.16396  6765.88   541.00 2.38 2.15 -70.1 -0.432 19.45 21.16 02a60050o0343c
60050.407478 -21.320  1.453   -11   16 c  0   1.13 174.24898  55.16396  6787.83   420.09 2.42 2.15 -71.7 -0.433 19.27 20.93 02a60050o0365c
60052.378327  20.939  0.924    15   14 c  0   1.20 174.24898  55.16396  7852.45  6554.41 2.54 2.33  35.3 -0.404 19.27 20.91 02a60052o0317c
60052.381525  20.338  0.608    27   16 c  0   1.34 174.24898  55.16396  7833.22  6515.59 2.54 2.33  38.8 -0.408 19.11 20.73 02a60052o0324c
60052.386985  20.559  1.361    22   30 c  0   1.19 174.24898  55.16396  7890.52  6591.73 2.57 2.35  35.1 -0.408 18.53 20.12 02a60052o0336c
60052.398701  20.425  0.848    24   21 c  0   1.36 174.24898  55.16396  7904.56  6475.78 2.59 2.34  38.5 -0.400 18.83 20.36 02a60052o0359c
60056.372546 -20.224  0.433   -30   13 c  0   1.06 174.24898  55.16396  4042.57  6702.82 2.75 2.57  27.9 -0.387 19.37 21.11 02a60056o0309c
60056.377775 -22.951  5.846    -2   14 c  0   1.30 174.24898  55.16396  4022.09  6662.84 2.79 2.57  31.5 -0.387 19.35 21.10 02a60056o0320c
60056.380949  21.753  1.953     7   14 c  0   1.14 174.24898  55.16396  4080.41  6737.66 2.63 2.43  29.9 -0.404 19.43 21.08 02a60056o0327c
60056.392040 -20.639  0.795   -20   16 c  0   0.70 174.24898  55.16396  4100.43  6619.64 2.68 2.39  27.1 -0.392 19.40 21.03 02a60056o0351c
60058.347308  23.949 12.286     1   12 c  0   1.39 174.24898  55.16396  5478.31  2740.30 2.37 2.21  36.7 -0.410 19.51 21.06 02a60058o0256c
60058.382445  20.885  0.735    16   12 c  0   1.20 174.24898  55.16396  5452.69  2693.98 2.39 2.20  34.8 -0.414 19.45 20.99 02a60058o0330c
60058.385622 -20.435  0.469   -24   11 c  0   1.46 174.24898  55.16396  5516.08  2771.00 2.36 2.21  32.4 -0.414 19.47 20.97 02a60058o0337c
60058.391066 -22.384  3.500    -4   14 c  0   0.76 174.24898  55.16396  5538.48  2655.58 2.46 2.23  36.8 -0.410 19.43 20.94 02a60058o0349c
60060.285693  20.664  0.827    20   16 o  0   2.11 174.24898  55.16396  9190.01  7547.71 2.36 2.21  89.5 -0.450 19.06 19.87 02a60060o0121o
60060.288405 -21.337  2.333   -11   25 o  0   0.82 174.24898  55.16396  9209.78  7586.18 2.38 2.25  86.2 -0.443 19.02 19.77 02a60060o0127o
60060.293726  19.940  0.575    38   22 o  0   0.72 174.24898  55.16396  9149.17  7514.65 2.32 2.21  60.9 -0.448 19.13 19.92 02a60060o0138o
60060.306559 -21.642  2.510    -8   20 o  0   0.86 174.24898  55.16396  9128.96  7632.11 2.34 2.24  54.1 -0.444 19.14 19.91 02a60060o0165o
60060.437179  21.048  1.430    14   20 o  0   1.04 174.24898  55.16396  1471.22  2954.43 1.96 1.86  35.1 -0.472 19.18 20.20 02a60060o0425o
60066.349653 -23.775 20.800    -1   23 o  0   1.53 174.24898  55.16396  5239.71  8339.28 2.08 1.94  37.1 -0.457 18.92 19.23 02a60066o0255o
60066.352847  20.264  0.968    28   28 o  0   1.18 174.24898  55.16396  5221.94  8298.86 2.18 1.92  34.6 -0.445 18.95 19.23 02a60066o0262o
60066.358784 -21.393  2.400   -10   24 o  0   1.38 174.24898  55.16396  5278.16  8375.11 2.01 1.92  33.9 -0.464 18.89 19.21 02a60066o0275o
60066.371082  23.245 14.000     2   26 o  0   1.46 174.24898  55.16396  5294.37  8256.29 2.27 1.89  33.8 -0.437 18.89 19.17 02a60066o0299o
60068.361218 -21.355  2.195   -10   23 o  0   1.60 174.24898  55.16396  8600.23  4830.81 2.26 2.09  36.5 -0.432 18.70 19.05 02a60068o0273o
60068.364015  20.156  0.737    32   23 o  0   0.99 174.24898  55.16396  8581.02  4790.36 2.17 1.98  33.3 -0.417 18.81 19.09 02a60068o0279o
60068.416235 -20.664  1.268   -20   25 o  0   1.19 174.24898  55.16396  8644.51  4860.58 2.46 2.09  25.3 -0.396 18.57 18.88 02a60068o0283o
60068.423650 -19.968  0.837   -37   31 o  0   0.93 174.24898  55.16396  8662.60  4746.61 2.16 1.99  30.3 -0.402 18.39 18.48 02a60068o0298o
60070.407310  19.990  1.736    37   64 o  0   1.32 174.24898  55.16396  4596.70 10498.46 2.29 2.10 -56.9 -0.370 18.29 18.61 02a60070o0122o
60070.429810 -20.116  0.940   -33   31 o  0   0.93 174.24898  55.16396  8802.32   446.44 1.91 1.58 -68.1 -0.469 18.56 18.82 02a60070o0170o
60070.433446  20.743  1.826    18   34 o  0   1.34 174.24898  55.16396  8781.96   404.80 1.92 1.53 -65.4 -0.482 18.62 18.83 02a60070o0178o
60070.439435  19.667  0.841    49   42 o  0   1.68 174.24898  55.16396  8844.59   486.82 2.19 1.80 -60.7 -0.450 18.33 18.66 02a60070o0191o
60070.449727  21.704  4.333     8   33 o  0   0.83 174.24898  55.16396  8866.11   364.79 1.99 1.63 -65.9 -0.468 18.45 18.68 02a60070o0213o
60072.341911  19.882  0.351    40   14 o  0   1.21 174.24898  55.16396   608.94   387.75 1.85 1.63  52.2 -0.507 19.14 19.95 02a60072o0241o
60072.345421 -21.588  2.023    -8   17 o  0   0.84 174.24898  55.16396   591.43   349.38 1.97 1.69 -74.7 -0.505 19.23 19.90 02a60072o0248o
60072.351100  21.765  2.507     7   18 o  0   0.88 174.24898  55.16396   654.92   420.47 2.02 1.77 -70.6 -0.492 19.17 19.83 02a60072o0260o
60072.353942 -19.804  0.628   -44   27 o  0   1.41 174.24898  55.16396  6368.28 10498.35 2.05 1.92 -78.0 -0.440 19.19 19.87 02a60072o0266o
60072.357139  21.925  3.404     6   21 o  0   1.18 174.24898  55.16396  6350.66 10457.37 2.08 1.93 -72.1 -0.451 19.16 19.83 02a60072o0273o
60072.361774 -21.036  1.531   -14   21 o  0   0.61 174.24898  55.16396   676.83   299.12 2.01 1.71 -70.8 -0.511 19.05 19.65 02a60072o0283o
60072.372750 -19.690  0.438   -48   21 o  0   0.97 174.24898  55.16396  6424.96 10416.67 2.03 1.90 -73.4 -0.470 19.07 19.64 02a60072o0307o
60076.410467 -21.687  1.579    -8   12 c  0   0.86 174.24898  55.16396  7466.19  2645.75 2.33 2.24  79.5 -0.405 19.43 20.89 02a60076o0154c
60076.413277 -20.901  0.888   -16   14 c  0   0.86 174.24898  55.16396  7445.85  2605.59 2.36 2.27  63.4 -0.399 19.46 20.88 02a60076o0160c
60076.418475 -21.702  1.426    -8   11 c  0   1.30 174.24898  55.16396  7505.89  2682.50 2.37 2.29  62.3 -0.401 19.42 20.88 02a60076o0171c
60076.428972  21.215  1.173    12   14 c  0   1.04 174.24898  55.16396  7528.38  2566.40 2.41 2.35  66.7 -0.402 19.37 20.82 02a60076o0193c
60078.323024 -21.286  1.062   -11   12 c  0   0.87 174.24898  55.16396  5928.06  6597.12 2.41 2.21  31.7 -0.415 19.58 21.19 02a60078o0191c
60078.328633 -23.312  6.538    -2   11 c  0   1.21 174.24898  55.16396  5910.34  6556.80 2.30 2.23  31.2 -0.422 19.60 21.18 02a60078o0203c
60078.336515 -21.354  1.177   -10   12 c  0   0.89 174.24898  55.16396  5968.27  6630.96 2.32 2.21  35.2 -0.419 19.60 21.16 02a60078o0219c
60078.339700 -21.919  1.935    -6   12 c  0   1.21 174.24898  55.16396  5988.36  6518.04 2.35 2.21  33.9 -0.418 19.58 21.18 02a60078o0226c
60082.346568  19.708  0.456    48   22 o  0   0.84 174.24898  55.16396   911.40 10402.83 1.90 1.57 -47.6 -0.690 19.38 20.36 02a60082o0234o
60082.348844 -23.090  5.375    -2   11 o  0   2.18 174.24898  55.16396  4789.26    72.50 1.97 1.69 -74.8 -0.432 19.44 20.39 02a60082o0239o
60082.349748  19.963  0.494    38   18 o  0   0.79 174.24898  55.16396   894.66 10363.26 2.03 1.55 -52.3 -0.486 19.39 20.37 02a60082o0241o
60082.352051 -10.973  0.361 -148139 53417 o  0   0.00 174.24898  55.16396  4767.05    32.09 1.91 1.70  82.0 -0.435 19.39 20.41 02a60082o0246o
60082.356160  21.299  1.387    11   15 o  0   1.19 174.24898  55.16396   948.63 10437.20 1.89 1.52 -46.4 -0.522 19.39 20.36 02a60082o0255o
60082.359562  20.921  1.011    16   16 o  0   1.09 174.24898  55.16396  4832.59   111.19 1.96 1.70 -73.5 -0.439 19.39 20.38 02a60082o0262o
60082.360014  22.707  5.708     3   17 o  0   1.24 174.24898  55.16396 10040.06 10461.74 2.48 1.84 -57.5 -0.458 19.43 20.43 02a60082o0263o
60082.362980  20.281  0.467    28   13 o  0   1.21 174.24898  55.16396 10021.54 10421.74 2.49 1.80 -56.2 -0.460 19.45 20.43 02a60082o0269o
60082.366383 -22.476  4.000    -4   15 o  0   1.21 174.24898  55.16396   971.37 10315.03 1.96 1.52 -50.1 -0.526 19.43 20.35 02a60082o0276o
60082.368661  20.801  1.679    17   29 o  0   0.88 174.24898  55.16396 10078.62 10504.08 2.48 1.84 -56.0 -0.470 19.44 20.42 02a60082o0281o
60082.385447  20.817  0.758    17   13 o  0   1.30 174.24898  55.16396 10094.84 10383.13 2.31 1.79 -60.0 -0.474 19.39 20.36 02a60082o0317o
60084.316211 -20.701  0.686   -19   13 o  0   1.50 174.24898  55.16396  8932.66  8731.04 2.16 2.08 -89.1 -0.436 19.57 20.77 02a60084o0174o
60084.319498 -20.166  0.405   -31   13 o  0   1.15 174.24898  55.16396  8914.58  8690.39 2.18 2.05 -81.1 -0.451 19.60 20.77 02a60084o0181o
60084.325945  21.420  1.325    10   13 o  0   0.92 174.24898  55.16396  8971.96  8768.83 2.18 2.00 -77.0 -0.450 19.59 20.80 02a60084o0195o
60084.335777  21.507  1.427     9   13 o  0   1.43 174.24898  55.16396  8989.45  8651.24 2.16 2.07  66.2 -0.441 19.58 20.76 02a60084o0216o
60086.301409  21.595  1.378     8   12 o  0   1.11 174.24898  55.16396  3452.59  2831.29 2.06 1.77  31.7 -0.463 19.56 20.69 02a60086o0134o
60086.304575 -23.468  8.909    -2   13 o  0   1.05 174.24898  55.16396  3433.26  2791.64 2.37 2.09  29.7 -0.450 19.38 20.69 02a60086o0141o
60086.310478  20.681  0.613    19   12 o  0   1.04 174.24898  55.16396  3494.42  2867.63 2.14 1.79  29.3 -0.469 19.52 20.71 02a60086o0154o
60086.320856  22.060  1.979     5   11 o  0   1.66 174.24898  55.16396  3515.25  2747.00 2.26 1.92  23.4 -0.432 19.50 20.74 02a60086o0176o
60088.288184  22.465  3.278     4   12 o  0   1.20 174.24898  55.16396   249.11  6553.60 2.11 1.95 -37.5 -0.399 19.51 20.73 02a60088o0109o
60088.291369  20.149  0.399    32   13 o  0   1.19 174.24898  55.16396   230.46  6514.67 2.07 1.86 -41.1 -0.399 19.51 20.71 02a60088o0116o
60088.296802  21.806  1.642     7   11 o  0   1.37 174.24898  55.16396   288.65  6586.97 2.08 1.90 -40.6 -0.409 19.48 20.70 02a60088o0128o
60088.307283 -21.996  2.525    -6   15 o  0   0.76 174.24898  55.16396   309.66  6466.63 2.02 1.88 -28.0 -0.409 19.48 20.59 02a60088o0150o
60088.307831  20.764  0.717    18   13 o  0   1.30 174.24898  55.16396  9754.54  6543.53 2.17 2.16  65.9 -0.438 19.45 20.68 02a60088o0151o
60088.311007  21.264  1.172    11   13 o  0   1.07 174.24898  55.16396  9737.05  6503.77 2.18 2.10  17.9 -0.444 19.45 20.66 02a60088o0158o
60088.316449  20.552  0.638    22   14 o  0   1.23 174.24898  55.16396  9795.79  6582.71 2.18 2.16  14.1 -0.449 19.46 20.65 02a60088o0170o
60088.327653  20.114  0.454    33   15 o  0   1.26 174.24898  55.16396  9812.21  6465.29 2.24 2.19  32.8 -0.441 19.47 20.66 02a60088o0192o
60090.320176 -21.814  2.457    -7   17 o  0   0.87 174.24898  55.16396  9339.89  2637.61 1.92 1.85 -40.4 -0.463 19.31 20.18 02a60090o0171o
60090.323250  23.073  6.136     2   13 o  0   1.13 174.24898  55.16396  9322.93  2598.76 1.98 1.73 -60.4 -0.472 19.32 20.18 02a60090o0177o
60090.330340 -23.238  7.111    -2   13 o  0   1.76 174.24898  55.16396  9383.70  2678.88 2.09 1.75 -62.6 -0.461 19.33 20.16 02a60090o0191o
60090.342145  22.093  2.453     5   13 o  0   1.20 174.24898  55.16396  9405.67  2560.86 2.02 1.72 -59.4 -0.475 19.32 20.14 02a60090o0215o
60092.307023 -23.595 20.385    -1   27 o  0   0.87 174.24898  55.16396   780.17 10432.05 2.11 1.37 -63.9 -0.613 18.95 19.58 02a60092o0113o
60092.310482 -20.360  1.119   -26   29 o  0   0.69 174.24898  55.16396   762.45 10392.35 2.08 1.41 -60.6 -0.505 19.08 19.78 02a60092o0120o
60092.318217  20.598  1.652    21   35 o  0   0.78 174.24898  55.16396   816.51 10465.82 2.38 1.34 -59.8 -0.536 18.83 19.36 02a60092o0136o
60092.323982 -19.709  0.342   -47   16 o  0   1.72 174.24898  55.16396  4657.29    90.32 1.88 1.62 -72.3 -0.454 19.06 19.72 02a60092o0148o
60092.324434 -20.478  1.318   -23   31 o  0   0.89 174.24898  55.16396  9906.62 10469.73 2.77 1.83 -59.8 -0.445 18.98 19.67 02a60092o0149o
60092.328267  20.416  1.208    25   30 o  0   1.35 174.24898  55.16396  9889.08 10430.49 2.72 1.81 -59.1 -0.436 18.67 19.18 02a60092o0157o
60092.329181 -20.374  1.384   -26   36 o  0   0.90 174.24898  55.16396  4636.67    48.22 1.90 1.61 -72.8 -0.425 18.96 19.55 02a60092o0159o
60092.330086  19.806  0.427    43   18 o  0   1.87 174.24898  55.16396   837.76 10343.21 2.15 1.39 -60.2 -0.481 18.93 19.52 02a60092o0161o
60092.333020  21.283  1.711    11   19 o  0   1.02 174.24898  55.16396  4698.80   125.54 1.85 1.66 -89.2 -0.438 19.08 19.81 02a60092o0167o
60092.334604  19.116  1.017    82   83 o  0   0.32 174.24898  55.16396  9945.85 10511.05 2.61 1.85 -60.0 -0.454 19.17 19.91 02a60092o0170o
60092.349739  19.427  0.442    62   27 o  0   1.58 174.24898  55.16396  9960.78 10390.12 2.56 1.88 -59.5 -0.451 18.72 19.20 02a60092o0201o
60094.295790  18.293  4.005   175  700 o  0   0.94 174.24898  55.16396  1970.40  6814.12 2.21 1.99  21.0 -0.426 15.49 15.54 02a60094o0045o
60094.301547 -18.170  0.778  -196  152 o  0   1.15 174.24898  55.16396  2027.04  6888.31 2.28 2.06  21.7 -0.413 16.58 16.79 02a60094o0057o
60096.291364  20.545  1.069    22   24 o  0   1.23 174.24898  55.16396  6933.44  8755.71 2.26 1.99  35.9 -0.434 19.00 19.55 02a60096o0109o
60096.294321  20.272  0.851    28   24 o  0   1.02 174.24898  55.16396  6916.17  8715.97 2.13 1.97  45.3 -0.480 19.01 19.56 02a60096o0115o
60096.301187  21.461  2.500    10   24 o  0   1.38 174.24898  55.16396  6972.92  8794.58 2.16 1.98  36.4 -0.449 19.03 19.57 02a60096o0129o
60096.311622  21.269  1.732    11   20 o  0   1.47 174.24898  55.16396  6994.12  8678.50 2.18 1.97  37.2 -0.450 19.04 19.59 02a60096o0151o
60098.324299 -19.187  0.436   -77   34 o  0   0.77 174.24898  55.16396  6527.05  4867.28 1.95 1.88 -64.1 -0.452 18.30 18.59 02a60098o0181o
60098.327181  19.898  0.846    40   34 o  0   1.02 174.24898  55.16396  6506.91  4826.99 2.19 1.84  34.8 -0.451 18.30 18.62 02a60098o0187o
60098.334997  21.252  2.483    12   28 o  0   1.65 174.24898  55.16396  6567.64  4904.51 2.20 1.82  33.0 -0.450 18.25 18.35 02a60098o0203o
60098.347557  20.947  4.010    15   61 o  0   0.93 174.24898  55.16396  6588.12  4786.34 2.14 1.87  31.8 -0.429 17.78 17.95 02a60098o0229o
60100.314249  24.946 56.250     0   22 o  0   1.69 174.24898  55.16396  6587.93   496.10 1.96 1.67 -67.3 -0.504 18.79 19.14 02a60100o0149o
60100.317160  20.446  2.094    24   50 o  0   0.92 174.24898  55.16396  6569.77   457.39 2.10 1.74 -65.9 -0.490 18.24 18.48 02a60100o0155o
60100.322447 -22.933  8.462    -2   21 o  0   1.58 174.24898  55.16396  6633.09   534.84 1.97 1.66 -63.7 -0.495 18.77 19.19 02a60100o0166o
60100.333389 -24.967 70.750    -0   26 o  0   0.77 174.24898  55.16396  6652.20   413.29 1.98 1.70 -71.0 -0.489 18.76 19.22 02a60100o0189o
60102.295891 -21.576  1.797    -8   15 o  0   1.15 174.24898  55.16396  7716.54  6550.37 2.40 2.25  35.8 -0.436 19.32 20.56 02a60102o0117o
60102.298716 -21.738  1.557    -7   11 o  0   1.96 174.24898  55.16396  7698.51  6509.24 2.22 2.01  38.4 -0.444 19.44 20.58 02a60102o0123o
60102.304354 -20.084  0.362   -34   12 o  0   1.30 174.24898  55.16396  7752.54  6589.30 2.29 2.03  33.2 -0.436 19.42 20.59 02a60102o0135o
60102.314636  21.261  1.227    11   14 o  0   1.11 174.24898  55.16396  7772.87  6473.22 2.16 2.00  33.9 -0.444 19.46 20.58 02a60102o0156o
60104.300407  21.133  1.227    13   16 c  0   1.50 174.24898  55.16396  2581.32   220.04 2.78 2.49 -73.8 -0.399 19.42 21.18 02a60104o0119c
60104.302873 -21.712  2.278    -8   17 c  0   1.63 174.24898  55.16396  8073.55 10464.54 3.01 2.73 -59.9 -0.384 19.45 21.27 02a60104o0124c
60104.303326  23.752 11.143     1   13 c  0   1.67 174.24898  55.16396  2562.55   181.79 2.77 2.44 -67.9 -0.388 19.44 21.16 02a60104o0125c
60104.305824  21.184  1.250    12   15 c  0   1.24 174.24898  55.16396  8055.17 10423.51 3.06 2.80 -63.0 -0.382 19.45 21.26 02a60104o0130c
60104.309636  20.113  0.578    33   19 c  0   1.06 174.24898  55.16396  2626.11   255.76 3.10 2.77 -75.7 -0.387 19.28 21.16 02a60104o0138c
60104.311561  20.534  1.263    22   28 c  0   1.31 174.24898  55.16396  8110.93 10503.80 2.83 2.68 -57.7 -0.395 19.48 21.25 02a60104o0142c
60104.319897 -22.906  6.308    -2   16 c  0   1.34 174.24898  55.16396  2649.03   135.21 2.97 2.67 -75.5 -0.386 19.28 21.14 02a60104o0159c
60104.324616  20.854  0.778    16   13 c  0   1.49 174.24898  55.16396  8128.85 10381.80 2.81 2.55 -54.3 -0.395 19.53 21.25 02a60104o0169c
60106.269225  21.266  0.833    11    9 c  0   1.58 174.24898  55.16396  3901.45  6704.35 2.42 2.28  26.4 -0.401 19.55 21.23 02a60106o0057c
60106.272591 -20.270  0.395   -28   11 c  0   1.28 174.24898  55.16396  3885.05  6667.41 2.45 2.43  86.3 -0.397 19.51 21.26 02a60106o0064c
60106.280745 -20.453  0.559   -24   13 c  0   1.09 174.24898  55.16396  3939.06  6740.70 2.71 2.42  33.9 -0.385 19.53 21.28 02a60106o0081c
60106.291399 -21.834  1.868    -7   12 c  0   1.36 174.24898  55.16396  3960.43  6623.71 2.70 2.65  45.0 -0.385 19.39 21.27 02a60106o0103c
60108.301145  22.189  2.783     5   14 c  0   1.09 174.24898  55.16396  5371.60  2760.83 2.87 2.83  50.1 -0.391 19.31 21.23 02a60108o0082c
60108.311423  22.332  4.071     4   17 c  0   0.97 174.24898  55.16396  5392.37  2642.71 3.40 3.38  69.7 -0.394 19.07 21.18 02a60108o0103c
60110.271095 -22.630  4.045    -3   13 c  0   0.83 174.24898  55.16396  1317.05  3002.14 2.44 2.31 -64.4 -0.423 19.51 21.15 02a60110o0059c
60110.275014  21.795  1.714     7   12 c  0   1.07 174.24898  55.16396  1297.83  2965.32 2.45 2.25 -65.7 -0.424 19.52 21.15 02a60110o0067c
60110.283641 -20.579  0.513   -21   11 c  0   1.30 174.24898  55.16396  1357.82  3037.24 2.44 2.23 -65.1 -0.425 19.53 21.15 02a60110o0085c
60110.293665 -21.291  1.133   -11   12 c  0   1.06 174.24898  55.16396  1378.40  2914.50 2.49 2.30 -64.0 -0.420 19.47 21.12 02a60110o0106c
60112.262060  21.500  1.415     9   13 c  0   1.30 174.24898  55.16396  1390.73  8633.72 2.42 2.30   5.6 -0.421 19.37 20.87 02a60112o0039c
60112.266347 -21.747  1.769    -7   13 c  0   1.36 174.24898  55.16396  1373.76  8598.05 2.44 2.20 -47.0 -0.438 19.50 21.05 02a60112o0048c
60112.271951 -24.867 27.333    -0   11 c  0   1.63 174.24898  55.16396  1427.58  8668.85 2.45 2.17 -45.7 -0.434 19.52 21.12 02a60112o0060c
60112.282239 -21.374  1.214   -10   12 c  0   1.40 174.24898  55.16396  1447.28  8550.73 2.51 2.24 -47.6 -0.429 19.48 21.10 02a60112o0081c
60114.269532  20.504  0.518    23   12 c  0   1.17 174.24898  55.16396  4625.99  4467.71 2.31 2.26  49.3 -0.420 19.48 21.04 02a60114o0054c
60114.274080  21.021  0.886    14   13 c  0   0.88 174.24898  55.16396  4606.35  4427.52 2.39 2.21  38.0 -0.413 19.48 21.08 02a60114o0063c
60114.281469 -21.527  1.299    -9   12 c  0   1.35 174.24898  55.16396  4665.03  4503.80 2.32 2.23  39.4 -0.414 19.51 21.09 02a60114o0078c
60114.294052  20.775  0.630    18   11 c  0   1.24 174.24898  55.16396  4685.03  4383.85 2.30 2.22  37.4 -0.417 19.50 21.09 02a60114o0104c
60116.288904 -22.116  2.622    -5   14 c  0   1.15 174.24898  55.16396  5120.03  8340.15 2.35 2.31 -26.8 -0.421 19.47 21.01 02a60116o0093c
60116.292376 -22.074  2.289    -5   12 c  0   1.12 174.24898  55.16396  5099.11  8298.85 2.35 2.32  -6.9 -0.419 19.50 21.01 02a60116o0100c
60116.299998  21.908  1.841     6   12 c  0   1.14 174.24898  55.16396  5155.47  8376.45 2.36 2.32  -9.7 -0.417 19.49 20.98 02a60116o0116c
60116.310081 -22.676  4.727    -3   15 c  0   1.02 174.24898  55.16396  5174.81  8256.50 2.34 2.27 -28.4 -0.424 19.47 20.97 02a60116o0137c
60118.269596  20.560  0.741    22   16 o  0   1.13 174.24898  55.16396  8474.96  4832.24 2.85 2.68  50.4 -0.410 19.13 20.51 02a60118o0035o
60118.272527  20.921  1.000    16   16 o  0   1.06 174.24898  55.16396  8452.76  4789.14 2.44 2.37  85.6 -0.413 19.27 20.52 02a60118o0041o
60118.278422  20.718  0.852    19   16 o  0   1.03 174.24898  55.16396  8510.69  4867.43 2.58 2.48  43.1 -0.411 19.26 20.53 02a60118o0053o
60118.289181 -22.139  3.344    -5   17 o  0   0.94 174.24898  55.16396  8532.81  4755.28 2.53 2.44  87.5 -0.406 19.23 20.53 02a60118o0076o
60126.259810  18.789  0.920   111  102 o  0   1.24 174.24898  55.16396  7483.17  2639.04 2.06 2.01  65.6 -0.429 16.99 16.84 02a60126o0038o
60126.263333  22.785  8.308     3   23 o  0   0.88 174.24898  55.16396  7463.43  2598.20 2.04 1.90 -69.6 -0.431 18.72 19.06 02a60126o0045o
60126.270186 -21.019  3.526   -14   50 o  0   1.43 174.24898  55.16396  7521.47  2675.72 1.94 1.93  64.5 -0.410 17.91 18.01 02a60126o0059o
60126.281611 -18.764  1.181  -113  134 o  0   0.72 174.24898  55.16396  7540.62  2558.00 2.03 1.99  43.1 -0.432 16.38 16.46 02a60126o0083o
60130.257507  20.257  0.675    29   19 o  0   1.43 174.24898  55.16396  7383.05  1694.83 2.24 2.17 -88.4 -0.414 18.87 19.54 02a60130o0027o
60130.262844  16.494  0.522   917  479 o  0   1.20 174.24898  55.16396  7438.89  1771.29 2.34 2.21 -68.2 -0.426 16.67 17.53 02a60130o0038o
60130.274914 -20.505  8.136   -23  186 o  0   1.08 174.24898  55.16396  7456.77  1650.23 2.23 2.10 -67.1 -0.424 16.63 17.54 02a60130o0063o
60132.257079  20.259  0.845    29   24 o  0   1.24 174.24898  55.16396  9233.66  1697.22 2.39 1.81 -61.6 -0.497 18.78 19.28 02a60132o0031o
60132.262879 -22.622  5.393    -3   18 o  0   0.88 174.24898  55.16396  9289.56  1775.69 2.27 1.84 -61.8 -0.485 19.24 20.24 02a60132o0043o
60132.274529 -21.050  1.165   -14   16 o  0   0.90 174.24898  55.16396  9305.40  1656.15 2.30 1.76 -64.0 -0.480 19.42 20.62 02a60132o0066o
60134.262396 -20.347  0.699   -26   18 c  0   1.14 174.24898  55.16396  5647.44  5703.70 2.42 2.37   7.6 -0.414 18.96 20.25 02a60134o0035c
60134.266021  21.500  2.167     9   20 c  0   1.21 174.24898  55.16396  5628.19  5662.87 2.43 2.38  13.7 -0.410 18.82 20.16 02a60134o0043c
60134.272142  21.559  4.208     9   36 c  0   1.00 174.24898  55.16396  5682.08  5739.43 2.47 2.42  22.5 -0.410 18.30 19.64 02a60134o0056c
60134.282782 -18.832  1.152  -106  123 c  0   0.84 174.24898  55.16396  5697.02  5616.97 2.55 2.41  30.3 -0.418 16.94 18.17 02a60134o0079c
60136.254651 -20.254  1.838   -29   53 c  0   1.12 174.24898  55.16396  5478.86 10076.87 3.45 2.91 -56.7 -0.391 18.17 19.44 02a60136o0019c
60136.257567  19.843  0.806    42   34 c  0   1.05 174.24898  55.16396  5461.44 10034.73 3.65 3.47 -65.2 -0.385 18.56 20.00 02a60136o0025c
60136.265020 -22.822  6.286    -3   17 c  0   1.26 174.24898  55.16396  5516.00 10109.73 2.91 2.57 -55.0 -0.414 19.26 20.76 02a60136o0041c
60136.265472  20.431  1.230    24   30 c  0   0.70 174.24898  55.16396 10211.17    52.75 3.40 2.45 -66.1 -0.413 19.25 20.84 02a60136o0042c
60136.275241 -20.339  0.662   -27   18 c  0   1.15 174.24898  55.16396  5530.95  9990.59 2.96 2.62 -53.5 -0.413 19.31 20.94 02a60136o0063c
