MJD          m      dm   uJy   duJy F err chi/N     RA       Dec        x        y     maj  min   phi  apfit mag5sig Sky   Obs
59964.555707 -21.966  1.946    -6   12 o  0   1.65 162.51094 -13.92580  6907.27  7246.83 2.65 2.26  35.0 -0.430 19.38 20.72 02a59964o0709o
59964.558872 -22.423  3.192    -4   12 o  0   0.93 162.51094 -13.92580  6887.60  7208.13 2.60 2.18  35.9 -0.424 19.41 20.73 02a59964o0716o
59964.568961 -20.118  0.448   -33   15 o  0   0.88 162.51094 -13.92580  6946.38  7284.03 2.99 2.62  40.7 -0.431 19.18 20.76 02a59964o0737o
59964.574409  20.820  0.889    17   15 o  0   0.93 162.51094 -13.92580  6966.36  7170.70 2.85 2.51  39.6 -0.420 19.29 20.77 02a59964o0749o
59964.673660 -25.015 105.000    -0   38 o  0   1.15 162.51094 -13.92580  6931.51  7237.56 2.80 2.39  38.6 -0.406 18.22 18.79 02a59964o0962o
59965.031707  21.530  0.901     9    8 c  0   1.18 162.51094 -13.92580  2656.39  7016.16 2.41 2.18 -49.9 -0.391 19.84 21.81 03a59965o0570c
59965.033509 -21.820  1.212    -7    8 c  0   0.92 162.51094 -13.92580  2638.71  6976.94 2.45 2.25 -54.6 -0.389 19.81 21.81 03a59965o0574c
59965.036664  23.613  6.091     1    8 c  0   1.36 162.51094 -13.92580  2695.38  7056.11 2.34 2.12 -47.2 -0.393 19.88 21.82 03a59965o0581c
59965.042090  23.815  8.625     1    9 c  0   0.74 162.51094 -13.92580  2718.72  6940.04 2.49 2.29 -51.3 -0.388 19.80 21.79 03a59965o0593c
59967.868391  21.354  1.261    10   13 c  0   1.04 162.51094 -13.92580  8032.76  3263.17 3.04 2.64 -48.8 -0.376 19.15 21.03 03a59968o0212c
59967.922994 -21.581  1.018    -8    9 c  0   1.13 162.51094 -13.92580  8062.53  3305.73 2.52 2.20 -45.4 -0.393 19.29 21.14 03a59968o0326c
59967.938339  22.579  2.444     3    8 c  0   1.17 162.51094 -13.92580  8076.02  3195.95 2.34 2.04 -57.5 -0.412 19.69 21.50 03a59968o0356c
59968.464757 -22.733  4.923    -3   14 o  0   0.60 162.51094 -13.92580  3995.81  3656.54 2.30 1.74  30.0 -0.462 19.43 20.46 02a59968o0582o
59968.489217  21.152  0.932    13   12 o  0   1.18 162.51094 -13.92580  4009.50  3696.56 2.37 1.84  30.4 -0.456 19.37 20.52 02a59968o0634o
59968.495740  26.212 82.000     0   10 o  0   1.49 162.51094 -13.92580  3951.92  3618.04 2.32 1.84  29.0 -0.457 19.42 20.54 02a59968o0648o
59968.498918 -20.721  0.582   -19   11 o  0   1.00 162.51094 -13.92580  3931.97  3734.82 2.35 1.86  30.0 -0.454 19.44 20.58 02a59968o0655o
59969.345858 -22.304  1.978    -4    9 o  0   1.28 162.51094 -13.92580  6098.14  5504.50 1.91 1.69 -34.3 -0.475 19.64 20.98 04a59969o0703o
59969.350229 -21.475  0.931    -9    9 o  0   1.51 162.51094 -13.92580  6118.45  5539.44 1.88 1.69 -30.7 -0.458 19.64 21.00 04a59969o0712o
59969.361566 -20.661  0.485   -20   10 o  0   1.47 162.51094 -13.92580  6061.72  5455.01 1.91 1.72 -29.6 -0.466 19.57 20.90 04a59969o0736o
59969.366709  20.731  0.497    18    9 o  0   1.42 162.51094 -13.92580  6044.00  5568.27 1.92 1.72 -32.9 -0.458 19.50 20.71 04a59969o0746o
59970.254545  22.824  4.640     3   12 o  0   1.07 162.51094 -13.92580  4586.67  5081.33 2.02 1.84 -48.9 -0.461 19.36 20.49 04a59970o0499o
59970.256347  21.049  0.884    14   12 o  0   1.09 162.51094 -13.92580  4567.80  5043.05 2.03 1.83 -46.1 -0.460 19.37 20.45 04a59970o0503o
59970.259500  20.948  0.699    15   11 o  0   1.49 162.51094 -13.92580  4628.12  5120.40 1.99 1.81 -41.1 -0.474 19.41 20.51 04a59970o0510o
59970.285667 -21.935  1.714    -6   10 o  0   1.33 162.51094 -13.92580  4668.52  5001.28 1.98 1.79 -36.0 -0.492 19.40 20.60 04a59970o0566o
59971.253280 -22.495  3.030    -4   11 o  0   1.30 162.51094 -13.92580  4585.48  5080.42 1.96 1.79 -23.7 -0.496 19.49 20.94 04a59971o0513o
59971.255081  21.210  0.962    12   12 o  0   0.98 162.51094 -13.92580  4567.26  5041.81 1.98 1.82 -29.6 -0.497 19.51 20.94 04a59971o0517o
59971.264096  25.194 37.667     0   11 o  0   0.71 162.51094 -13.92580  4650.70  5002.60 1.92 1.75 -35.2 -0.481 19.59 21.03 04a59971o0537o
59971.381466  25.459 80.500     0   19 o  0   1.68 162.51094 -13.92580  6085.77  5497.51 2.02 1.80 -26.2 -0.493 18.78 19.35 04a59971o0790o
59972.096974  23.159  3.867     2    8 c  0   1.12 162.51094 -13.92580  2516.82  7279.74 2.47 2.24 -53.2 -0.389 19.78 21.70 03a59972o0695c
59972.105015  21.218  0.679    12    8 c  0   1.10 162.51094 -13.92580  2528.93  7315.74 2.60 2.28 -45.5 -0.385 19.71 21.63 03a59972o0711c
59972.112230 -21.483  1.179    -9   11 c  0   0.82 162.51094 -13.92580  2474.17  7237.52 2.57 2.26 -45.9 -0.386 19.60 21.25 03a59972o0722c
59972.121004 -22.328  4.125    -4   18 c  0   1.44 162.51094 -13.92580  2453.80  7355.17 2.50 2.24 -47.3 -0.378 18.95 19.74 03a59972o0739c
59973.253328  20.104  0.329    33   11 o  0   1.51 162.51094 -13.92580  4589.32  5079.84 1.88 1.74 -49.5 -0.486 19.40 20.57 04a59973o0496o
59973.258912  19.890  0.203    40    8 o  0   2.70 162.51094 -13.92580  4573.13  5041.55 2.04 1.85 -38.0 -0.466 19.45 20.77 04a59973o0508o
59973.260715  19.275  0.164    71   12 o  0   1.11 162.51094 -13.92580  4632.79  5118.69 2.07 1.87 -37.3 -0.474 19.39 20.67 04a59973o0512o
59973.280152  19.718  0.213    47   10 o  0   1.64 162.51094 -13.92580  6013.80  5638.69 2.06 1.86 -39.4 -0.444 19.50 20.85 04a59973o0553o
59974.275476  18.833  0.118   106   13 o  0   1.00 162.51094 -13.92580  4609.86  5077.55 2.07 1.90 -54.7 -0.467 19.48 20.92 04a59974o0557o
59974.278631  18.948  0.116    96   11 o  0   1.02 162.51094 -13.92580  4592.70  5039.03 1.99 1.87 -48.5 -0.472 19.53 20.86 04a59974o0564o
59974.284043  19.149  0.129    80   10 o  0   2.18 162.51094 -13.92580  4655.34  5115.97 2.04 1.79 -38.5 -0.498 19.48 20.77 04a59974o0576o
59974.295591  19.056  0.139    87   12 o  0   1.12 162.51094 -13.92580  6026.49  5616.35 2.03 1.78 -30.3 -0.456 19.52 20.84 04a59974o0601o
59975.261412  18.464  0.085   149   13 o  0   0.93 162.51094 -13.92580  4606.16  5076.81 2.13 1.97 -42.9 -0.461 19.47 21.02 04a59975o0460o
59975.264572  18.250  0.061   182   11 o  0   1.39 162.51094 -13.92580  4587.33  5038.74 1.99 1.84 -36.7 -0.498 19.52 20.94 04a59975o0467o
59975.295175  18.567  0.090   136   12 o  0   1.12 162.51094 -13.92580  6049.37  5502.19 2.08 1.90 -32.1 -0.437 19.48 20.88 04a59975o0534o
59975.300605  18.691  0.086   121   10 o  0   1.73 162.51094 -13.92580  6031.53  5611.72 2.07 1.84 -42.3 -0.439 19.49 20.86 04a59975o0546o
59976.063669  18.192  0.045   192    9 c  0   1.33 162.51094 -13.92580  7855.60  1611.40 2.52 2.16 -58.4 -0.405 19.79 21.90 03a59976o0611c
59976.099385  18.274  0.054   178   10 c  0   1.16 162.51094 -13.92580  7879.01  1655.30 2.45 2.11 -61.5 -0.406 19.81 21.85 03a59976o0687c
59976.122800  18.161  0.082   197   16 c  0   1.35 162.51094 -13.92580  7827.39  1578.16 2.38 2.14 -56.9 -0.404 19.06 20.02 03a59976o0735c
59976.126432  18.215  0.119   188   22 c  0   1.20 162.51094 -13.92580  7798.92  1690.98 2.46 2.20 -56.8 -0.400 18.60 19.11 03a59976o0743c
59977.252148  18.413  0.103   157   16 o  0   1.13 162.51094 -13.92580  1837.80  1086.30 2.03 1.87  24.4 -0.459 19.08 19.94 04a59977o0513o
59977.255308  18.493  0.128   146   19 o  0   0.78 162.51094 -13.92580  1820.18  1047.35 1.97 1.82  48.1 -0.460 19.07 19.97 04a59977o0520o
59977.260715  18.480  0.101   147   15 o  0   1.50 162.51094 -13.92580  1882.50  1125.83 1.90 1.81  50.8 -0.477 19.12 20.02 04a59977o0532o
59977.296140  18.509  0.076   143   11 o  0   2.41 162.51094 -13.92580  8783.47  9604.19 2.24 1.94  -2.5 -0.430 19.37 20.68 04a59977o0603o
59978.984009  18.163  0.119   197   23 o  0   1.33 162.51094 -13.92580  2695.33  8952.51 2.75 2.48 -46.4 -0.381 18.72 19.36 03a59979o0363o
59979.009569  18.462  0.137   150   20 o  0   1.17 162.51094 -13.92580  2683.57  8913.56 2.50 2.17 -45.6 -0.385 18.86 19.45 03a59979o0417o
59979.012347  18.731  0.191   117   22 o  0   1.14 162.51094 -13.92580  2740.84  8992.39 2.68 2.36 -46.7 -0.371 18.79 19.47 03a59979o0423o
59979.033879  18.263  0.161   180   29 o  0   0.91 162.51094 -13.92580  7796.29  1687.14 2.40 2.15 -55.8 -0.425 18.43 19.24 03a59979o0468o
59979.234227  18.435  0.160   153   25 o  0   0.88 162.51094 -13.92580  1826.93  1084.57 2.20 1.87  46.9 -0.436 18.51 18.89 04a59979o0163o
59979.256226  18.251  0.115   182   21 o  0   1.71 162.51094 -13.92580  1823.25  1041.56 1.99 1.90  34.3 -0.464 18.54 18.94 04a59979o0210o
59979.259830  18.384  0.153   161   25 o  0   1.90 162.51094 -13.92580  1884.50  1120.59 2.02 1.95  55.0 -0.462 18.56 18.95 04a59979o0218o
59979.274337  18.427  0.188   155   29 o  0   0.98 162.51094 -13.92580  8770.65  9619.99 2.49 2.39 -35.1 -0.397 18.54 19.09 04a59979o0249o
59979.990543  18.739  0.219   116   26 o  0   0.92 162.51094 -13.92580  2698.35  8953.17 2.46 2.17 -46.9 -0.388 18.70 19.09 03a59980o0493o
59979.992361  18.443  0.158   152   24 o  0   1.19 162.51094 -13.92580  2680.19  8913.69 2.54 2.21 -42.4 -0.373 18.66 19.07 03a59980o0497o
59979.995533  18.201  0.142   190   27 o  0   0.92 162.51094 -13.92580  2737.22  8992.28 2.77 2.50 -39.2 -0.378 18.57 19.09 03a59980o0504o
59980.000964  18.301  0.152   174   26 o  0   0.91 162.51094 -13.92580  2760.68  8876.42 2.66 2.39 -43.0 -0.378 18.61 19.10 03a59980o0516o
59985.055701  18.608  0.190   131   25 o  0   1.14 162.51094 -13.92580  5907.95  1708.30 2.23 2.01 -57.6 -0.434 18.64 18.99 03a59985o0653o
59985.081763  18.752  0.220   115   25 o  0   0.84 162.51094 -13.92580  5933.56  1679.07 2.34 2.08 -60.1 -0.425 18.55 18.88 03a59985o0710o
59985.110472  19.266  0.385    71   28 o  0   1.24 162.51094 -13.92580  5889.37  1525.78 2.30 2.04 -57.8 -0.434 18.55 18.83 03a59985o0772o
59985.133319  19.120  0.443    82   36 o  0   1.19 162.51094 -13.92580  5880.62  1583.12 2.52 2.30 -56.9 -0.419 18.08 18.15 03a59985o0819o
59985.974220  18.744  0.172   115   20 o  0   0.60 162.51094 -13.92580  4468.81   582.59 2.30 2.11 -27.7 -0.391 19.00 19.82 03a59986o0465o
59985.977382  18.802  0.145   110   16 o  0   1.13 162.51094 -13.92580  4451.13   550.04 2.24 2.05 -44.5 -0.397 19.03 19.82 03a59986o0472o
59985.999854  18.976  0.200    93   19 o  0   1.09 162.51094 -13.92580  4514.61   684.43 2.30 2.03 -52.4 -0.389 18.96 19.72 03a59986o0519o
59986.002599  18.899  0.198   100   20 o  0   0.79 162.51094 -13.92580  4537.05   574.42 2.32 2.09 -47.4 -0.388 18.97 19.75 03a59986o0525o
59986.270090  18.775  0.334   112   37 o  0   0.74 162.51094 -13.92580  2705.00  9326.06 2.64 1.92 -73.5 -0.397 18.39 18.78 04a59986o0563o
59986.273242  19.006  0.324    91   29 o  0   1.51 162.51094 -13.92580  2725.25  9362.33 2.60 1.91 -74.3 -0.399 18.39 18.78 04a59986o0570o
59986.280464  19.068  0.322    86   28 o  0   1.16 162.51094 -13.92580  2673.06  9277.17 2.39 1.72 -71.7 -0.426 18.46 18.74 04a59986o0586o
59986.290405  18.720  0.284   118   34 o  0   0.95 162.51094 -13.92580  2656.15  9385.71 2.51 1.78 -72.3 -0.426 18.41 18.62 04a59986o0608o
59987.272892  19.549  0.359    55   20 o  0   1.24 162.51094 -13.92580  2708.72  9314.54 2.18 1.69 -69.1 -0.483 18.91 19.46 04a59987o0555o
59987.276509  19.204  0.269    76   20 o  0   1.19 162.51094 -13.92580  2729.39  9348.79 2.37 1.70 -71.5 -0.445 18.90 19.48 04a59987o0563o
59987.306150  19.577  0.346    54   18 o  0   1.55 162.51094 -13.92580  2684.47  9243.63 2.01 1.71 -67.2 -0.421 18.84 19.38 04a59987o0620o
59987.315929  19.097  0.281    83   23 o  0   1.11 162.51094 -13.92580  2662.49  9353.92 2.28 1.70 -72.9 -0.455 18.88 19.38 04a59987o0641o
59988.934648  19.611  0.223    52   12 o  0   0.97 162.51094 -13.92580  4467.69   513.40 2.17 2.00 -64.3 -0.396 19.47 20.72 03a59989o0389o
59988.936908  19.374  0.164    65   11 o  0   1.51 162.51094 -13.92580  4449.15   478.32 2.19 2.01 -43.5 -0.402 19.50 20.73 03a59989o0394o
59988.940060  19.200  0.147    76   11 o  0   1.25 162.51094 -13.92580  4505.81   564.58 2.25 2.06 -48.4 -0.398 19.48 20.73 03a59989o0401o
59988.946366  19.516  0.181    57   10 o  0   1.49 162.51094 -13.92580  4527.38   461.69 2.28 2.09 -61.8 -0.387 19.46 20.73 03a59989o0415o
59989.998281  19.783  0.233    44   10 o  0   1.37 162.51094 -13.92580  2158.67  5634.98 2.60 2.33 -60.9 -0.400 19.39 20.92 03a59990o0523o
59990.004494  19.919  0.267    39   10 o  0   1.26 162.51094 -13.92580  2178.20  5674.46 2.54 2.29 -60.1 -0.395 19.40 20.90 03a59990o0536o
59990.008111  19.409  0.202    63   13 o  0   0.97 162.51094 -13.92580  2121.29  5596.52 2.64 2.36 -51.3 -0.400 19.38 20.90 03a59990o0544o
59990.044180  19.650  0.258    50   13 o  0   0.86 162.51094 -13.92580  2101.88  5717.01 2.48 2.14 -60.8 -0.409 19.43 20.82 03a59990o0622o
59990.275164  21.568  1.427     9   12 o  0   0.97 162.51094 -13.92580  2713.48  9311.52 2.33 1.72 -73.8 -0.430 19.37 20.54 04a59990o0557o
59990.307391  20.290  0.478    28   13 o  0   0.89 162.51094 -13.92580  2741.38  9321.27 2.37 1.73 -73.2 -0.434 19.36 20.45 04a59990o0627o
59990.312824  19.907  0.335    40   13 o  0   1.33 162.51094 -13.92580  2684.54  9240.56 2.40 1.73 -73.7 -0.428 19.31 20.37 04a59990o0639o
59990.315982  21.902  2.020     6   13 o  0   1.41 162.51094 -13.92580  2665.53  9355.84 2.50 1.79 -75.8 -0.411 19.31 20.42 04a59990o0646o
59991.313804  20.514  0.575    23   13 o  0   1.13 162.51094 -13.92580  2727.43  9271.88 2.34 1.71 -75.0 -0.452 19.44 20.78 04a59991o0614o
59991.316689  20.020  0.351    36   12 o  0   1.36 162.51094 -13.92580  2744.63  9307.37 2.38 1.70 -72.8 -0.454 19.43 20.74 04a59991o0620o
59991.322453  20.463  0.557    24   13 o  0   0.91 162.51094 -13.92580  2689.98  9227.73 2.31 1.73 -70.1 -0.448 19.44 20.66 04a59991o0631o
59991.354048  20.429  0.516    24   13 o  0   1.77 162.51094 -13.92580  2671.85  9335.97 2.29 1.71 -75.0 -0.474 19.30 20.60 04a59991o0692o
59994.189455  22.216  1.917     5    9 c  0   0.95 162.51094 -13.92580  6629.74  6913.94 2.36 2.04 -60.8 -0.416 19.59 21.46 04a59994o0399c
59994.191710  20.278  0.357    28   10 c  0   0.82 162.51094 -13.92580  6610.96  6875.72 2.44 2.05 -59.4 -0.400 19.62 21.47 04a59994o0404c
59994.223450  20.925  0.607    16    9 c  0   0.85 162.51094 -13.92580  6693.19  6949.28 2.43 2.03 -58.0 -0.408 19.66 21.47 04a59994o0472c
59994.226613  20.800  0.531    17    9 c  0   1.40 162.51094 -13.92580  6714.60  6834.37 2.46 2.07 -58.4 -0.398 19.62 21.47 04a59994o0479c
59995.200923  20.614  0.471    21   10 c  0   0.82 162.51094 -13.92580  6636.26  6913.78 2.41 2.04 -55.9 -0.409 19.66 21.49 04a59995o0402c
59995.203627  21.625  1.063     8    9 c  0   1.33 162.51094 -13.92580  6619.08  6874.56 2.38 2.03 -56.1 -0.410 19.64 21.50 04a59995o0408c
59995.206780  21.072  0.755    14   10 c  0   1.10 162.51094 -13.92580  6678.95  6952.34 2.46 2.01 -56.1 -0.413 19.67 21.50 04a59995o0415c
59995.234427  20.488  0.367    23    8 c  0   1.48 162.51094 -13.92580  3979.26  3791.01 2.03 1.97 -12.5 -0.403 19.67 21.50 04a59995o0466c
59997.982972  21.218  0.835    12   10 o  0   0.98 162.51094 -13.92580  2000.81  1763.49 2.16 1.93 -60.3 -0.423 19.61 21.02 03a59998o0504o
59997.986341  21.618  0.959     8    8 o  0   2.10 162.51094 -13.92580  2019.92  1802.97 2.17 1.98 -58.1 -0.424 19.63 21.04 03a59998o0511o
59997.993580  22.372  2.243     4    9 o  0   1.37 162.51094 -13.92580  1963.13  1725.93 2.18 1.94 -61.8 -0.427 19.64 21.07 03a59998o0524o
59998.009908  24.823 20.000     0    8 o  0   1.85 162.51094 -13.92580  1944.68  1845.26 2.13 1.90 -61.1 -0.434 19.66 21.04 03a59998o0557o
59998.176153 -23.430  7.000    -2   11 c  0   0.87 162.51094 -13.92580  6626.69  6912.53 2.45 2.08 -57.9 -0.407 19.62 21.59 04a59998o0376c
59998.177955  20.820  0.550    17    9 c  0   1.36 162.51094 -13.92580  6607.84  6873.92 2.46 2.11 -60.8 -0.406 19.64 21.60 04a59998o0380c
59998.181111 -22.267  1.839    -4    8 c  0   1.33 162.51094 -13.92580  6668.18  6950.85 2.53 2.11 -57.6 -0.402 19.61 21.60 04a59998o0387c
59998.216392  21.078  0.701    14    9 c  0   1.01 162.51094 -13.92580  6714.28  6833.08 2.47 2.08 -54.3 -0.404 19.67 21.65 04a59998o0462c
59999.117277  22.075  1.564     5    8 c  0   0.77 162.51094 -13.92580  6603.20  6912.74 2.31 2.10 -59.7 -0.409 19.59 21.66 04a59999o0247c
59999.119081  20.837  0.504    17    8 c  0   0.99 162.51094 -13.92580  6583.71  6873.82 2.35 2.14 -58.5 -0.398 19.61 21.64 04a59999o0251c
59999.122236  20.787  0.531    18    9 c  0   0.76 162.51094 -13.92580  6642.94  6950.83 2.33 2.10 -65.1 -0.406 19.63 21.66 04a59999o0258c
59999.130635  20.566  0.399    22    9 c  0   1.13 162.51094 -13.92580  6667.47  6835.80 2.31 2.11 -60.2 -0.409 19.63 21.68 04a59999o0274c
60002.004064  19.980  0.257    37   10 o  0   1.46 162.51094 -13.92580  9732.87  1697.77 2.45 2.09 -65.3 -0.418 19.55 21.07 03a60002o0010o
60002.220013  21.932  1.554     6   10 c  0   1.08 162.51094 -13.92580  4858.83  7767.49 2.31 1.85 -67.1 -0.392 19.75 21.78 04a60002o0464c
60002.223082  23.009  3.850     2    9 c  0   1.01 162.51094 -13.92580  4879.22  7803.45 2.35 1.87 -66.2 -0.400 19.72 21.77 04a60002o0470c
60002.228498 -20.869  0.531   -16    9 c  0   1.11 162.51094 -13.92580  4824.36  7720.06 2.31 1.87 -64.1 -0.396 19.74 21.76 04a60002o0482c
60002.260688  21.780  1.532     7   11 c  0   0.69 162.51094 -13.92580  4818.18  7805.50 2.36 1.86 -69.9 -0.396 19.72 21.66 04a60002o0552c
60003.236630  21.083  0.720    13   10 c  0   1.11 162.51094 -13.92580  4868.30  7741.02 2.31 1.85 -66.6 -0.413 19.70 21.67 04a60003o0484c
60003.240236  20.730  0.639    18   12 c  0   0.96 162.51094 -13.92580  4888.55  7776.21 2.31 1.83 -66.4 -0.409 19.73 21.65 04a60003o0492c
60003.245816  22.459  2.182     4    8 c  0   1.14 162.51094 -13.92580  4831.89  7693.07 2.35 1.86 -66.4 -0.403 19.72 21.65 04a60003o0504c
60003.267457 -22.984  4.150    -2   10 c  0   0.65 162.51094 -13.92580  4821.20  7791.98 2.38 1.84 -73.0 -0.407 19.72 21.56 04a60003o0548c
60004.913563  20.311  0.534    27   15 o  0   1.47 162.51094 -13.92580  4524.25  5024.58 2.16 1.92 -56.2 -0.410 18.95 19.76 03a60005o0371o
60004.916269 -21.233  1.374   -12   16 o  0   1.34 162.51094 -13.92580  4506.46  4985.71 2.12 1.92 -51.1 -0.402 18.94 19.75 03a60005o0377o
60004.919425 -19.934  0.604   -39   23 o  0   1.95 162.51094 -13.92580  4563.81  5064.38 2.17 1.92 -54.4 -0.397 18.46 19.10 03a60005o0384o
60004.942467  19.855  3.622    42  150 o  0   1.07 162.51094 -13.92580  4593.07  4948.19 2.17 1.97 -53.7 -0.401 16.66 17.21 03a60005o0434o
60005.954044 -21.339  1.202   -11   13 o  0   1.24 162.51094 -13.92580  6019.43  5532.18 2.18 1.92 -54.2 -0.420 19.22 20.13 03a60006o0462o
60005.965585  21.352  1.286    10   13 o  0   1.46 162.51094 -13.92580  6037.88  5572.80 2.23 1.92 -52.8 -0.414 19.18 20.08 03a60006o0487o
60005.970509  20.089  0.464    34   16 o  0   1.02 162.51094 -13.92580  5981.99  5494.61 2.24 1.95 -52.8 -0.410 19.17 20.09 03a60006o0497o
60005.973665 -22.328  3.237    -4   14 o  0   1.17 162.51094 -13.92580  5959.74  5609.81 2.19 1.89 -53.9 -0.418 19.20 20.10 03a60006o0504o
60006.119628 -22.216  3.625    -5   17 o  0   1.77 162.51094 -13.92580  5782.87  2858.29 2.01 1.93 -18.3 -0.453 18.83 19.54 04a60006o0286o
60006.121444 -21.817  2.929    -7   20 o  0   1.22 162.51094 -13.92580  5764.23  2819.19 2.04 1.93 -17.8 -0.461 18.83 19.53 04a60006o0290o
60006.124598  20.357  0.705    26   18 o  0   1.40 162.51094 -13.92580  5823.20  2896.42 2.35 2.21 -21.1 -0.403 18.70 19.56 04a60006o0297o
60006.159744  23.508 11.500     1   16 o  0   1.01 162.51094 -13.92580  5856.43  2781.04 2.06 1.88 -25.2 -0.469 18.93 19.69 04a60006o0374o
60007.200391 -22.952  7.130    -2   17 o  0   1.20 162.51094 -13.92580  4859.62  7766.70 2.05 1.81 -67.9 -0.400 18.85 19.47 04a60007o0435o
60007.203567  20.881  0.917    16   15 o  0   1.84 162.51094 -13.92580  4880.67  7801.51 1.90 1.77 -55.9 -0.414 18.88 19.46 04a60007o0442o
60007.211435 -22.107  3.164    -5   16 o  0   1.67 162.51094 -13.92580  4826.49  7715.46 1.96 1.72 -57.5 -0.404 18.93 19.45 04a60007o0459o
60007.222432 -24.967 42.500    -0   16 o  0   1.11 162.51094 -13.92580  4811.81  7821.66 1.93 1.71 -54.3 -0.407 18.91 19.45 04a60007o0483o
60013.029156  20.484  1.273    23   30 o  0   0.98 162.51094 -13.92580  8685.30  9599.82 2.68 2.02 -44.0 -0.418 18.61 18.79 03a60013o0644o
60013.032116  19.991  0.759    37   28 o  0   0.97 162.51094 -13.92580  8704.78  9639.75 2.72 2.07 -44.9 -0.426 18.58 18.80 03a60013o0650o
60013.060296  20.202  1.084    30   33 o  0   0.92 162.51094 -13.92580  8654.53  9557.02 2.71 2.09 -42.6 -0.404 18.51 18.65 03a60013o0711o
60013.088003  19.950  0.962    38   37 o  0   0.87 162.51094 -13.92580  8638.97  9669.50 2.60 2.04 -40.7 -0.425 18.45 18.45 03a60013o0771o
60014.008841 -20.691  1.467   -19   28 o  0   1.18 162.51094 -13.92580  8679.78  9593.39 4.18 3.15 -38.5 -0.362 18.52 19.51 03a60014o0594o
60014.012467  19.522  0.563    56   32 o  0   1.11 162.51094 -13.92580  8699.33  9633.11 4.21 3.17 -36.8 -0.370 18.53 19.50 03a60014o0602o
60014.018363  19.478  0.529    59   31 o  0   1.24 162.51094 -13.92580  8643.75  9552.62 4.34 3.33 -36.7 -0.343 18.47 19.46 03a60014o0615o
60014.029823 -19.937  0.626   -38   24 o  0   1.27 162.51094 -13.92580  8622.58  9668.07 3.25 2.44 -39.0 -0.399 18.69 19.33 03a60014o0640o
60014.258263 -20.863  1.174   -16   19 o  0   1.46 162.51094 -13.92580   163.76  3866.60 2.47 1.90  52.8 -0.386 18.68 19.21 04a60014o0469o
60014.261868 -21.094  1.840   -13   24 o  0   0.97 162.51094 -13.92580   183.50  3902.98 2.58 1.94  51.2 -0.370 18.66 19.21 04a60014o0477o
60014.270124  22.809  7.571     3   21 o  0   1.63 162.51094 -13.92580   126.24  3820.68 2.37 1.86  53.8 -0.395 18.69 19.18 04a60014o0495o
60014.282578 -20.217  0.717   -30   21 o  0   1.41 162.51094 -13.92580   107.14  3933.00 2.19 1.85  59.7 -0.421 18.68 19.10 04a60014o0522o
60014.296923  20.372  1.105    26   28 o  0   1.25 162.51094 -13.92580 10285.94  3858.45 2.63 2.10 -12.9 -0.415 18.61 19.08 04a60014o0553o
60014.301741  20.079  0.810    34   27 o  0   1.20 162.51094 -13.92580 10304.15  3897.37 2.58 2.18  -9.0 -0.400 18.60 19.04 04a60014o0563o
60014.328369  21.278  2.954    11   33 o  0   0.89 162.51094 -13.92580 10236.13  3815.11 2.61 2.09 -15.4 -0.394 18.50 18.82 04a60014o0620o
60014.353843  21.357  2.797    10   29 o  0   1.66 162.51094 -13.92580 10200.71  3937.42 2.59 1.90 -15.9 -0.418 18.37 18.65 04a60014o0674o
60015.266162 -21.474  2.167    -9   20 o  0   1.23 162.51094 -13.92580 10292.66  3857.50 2.49 1.98 -19.2 -0.422 18.92 19.54 04a60015o0601o
60015.269337  19.939  0.485    38   19 o  0   1.10 162.51094 -13.92580 10311.87  3895.53 2.03 1.91 -28.9 -0.451 18.90 19.53 04a60015o0608o
60015.271148  20.978  1.333    15   20 o  0   0.99 162.51094 -13.92580   164.17  3851.42 2.58 1.89  52.8 -0.356 18.88 19.49 04a60015o0612o
60015.274316 -20.803  1.084   -17   19 o  0   1.58 162.51094 -13.92580   185.30  3889.06 2.41 1.82  52.4 -0.375 18.89 19.48 04a60015o0619o
60015.276621 -22.003  4.028    -6   23 o  0   0.92 162.51094 -13.92580 10250.11  3815.57 2.63 1.96 -19.5 -0.410 18.87 19.52 04a60015o0624o
60015.284445  21.593  2.362     8   20 o  0   1.16 162.51094 -13.92580   125.56  3808.45 2.53 1.92  49.6 -0.366 18.84 19.47 04a60015o0640o
60015.287657 -20.886  1.340   -16   22 o  0   0.82 162.51094 -13.92580 10227.21  3929.72 2.68 1.97 -15.8 -0.405 18.81 19.47 04a60015o0647o
60015.289915  20.905  1.598    16   25 o  0   0.89 162.51094 -13.92580   103.18  3923.26 2.63 2.00  51.1 -0.354 18.83 19.44 04a60015o0652o
60016.932473  22.004  2.257     6   13 o  0   1.21 162.51094 -13.92580  2566.49  9233.36 2.71 2.39 -50.2 -0.397 19.35 20.66 03a60017o0435o
60016.936095  19.821  0.281    43   12 o  0   1.21 162.51094 -13.92580  2584.26  9272.81 2.60 2.26 -44.5 -0.394 19.39 20.65 03a60017o0443o
60016.942433  22.923  5.875     2   14 o  0   0.95 162.51094 -13.92580  2528.90  9194.43 2.65 2.28 -52.6 -0.397 19.34 20.64 03a60017o0457o
60016.977834 -20.368  0.448   -26   12 o  0   1.44 162.51094 -13.92580  2508.85  9314.39 2.57 2.27 -37.4 -0.392 19.38 20.55 03a60017o0534o
60018.196448 -21.223  0.963   -12   11 o  0   1.25 162.51094 -13.92580   690.10  7487.83 2.51 2.07  86.7 -0.375 19.25 20.52 04a60018o0465o
60018.199604 -21.387  1.275   -10   13 o  0   1.42 162.51094 -13.92580   710.47  7523.42 2.55 2.03  86.1 -0.367 19.29 20.51 04a60018o0472o
60018.205022  21.328  1.216    11   13 o  0   1.08 162.51094 -13.92580   654.09  7441.03 2.52 2.02  83.3 -0.372 19.26 20.49 04a60018o0484o
60018.215134 -22.777  5.150    -3   14 o  0   1.04 162.51094 -13.92580   636.76  7548.59 2.51 1.96  86.0 -0.363 19.26 20.42 04a60018o0506o
60019.197546 -21.215  0.871   -12   10 o  0   1.54 162.51094 -13.92580   691.04  7479.80 2.37 1.88 -88.6 -0.385 19.50 20.89 04a60019o0462o
60019.200729  21.467  1.068     9   10 o  0   1.56 162.51094 -13.92580   710.58  7514.14 2.40 1.88  89.9 -0.385 19.48 20.89 04a60019o0469o
60019.226147  22.362  2.800     4   12 o  0   1.74 162.51094 -13.92580   662.46  7417.77 2.45 1.96  87.3 -0.372 19.43 20.79 04a60019o0523o
60019.241289  21.964  1.800     6   11 o  0   1.66 162.51094 -13.92580   641.27  7524.62 2.46 1.84 -89.2 -0.375 19.44 20.75 04a60019o0555o
60020.398704  16.497  0.459   915  420 o  0   1.01 162.51094 -13.92580  4134.76  4347.15 2.47 1.89  32.0 -0.445 16.07 17.12 02a60020o0394o
60020.402111  17.226  1.078   468  504 o  0   1.17 162.51094 -13.92580  4116.15  4308.84 2.38 1.87  34.9 -0.449 15.55 16.63 02a60020o0401o
60020.407202  16.603  0.795   830  660 o  0   1.05 162.51094 -13.92580  4173.44  4385.53 2.47 1.90  34.3 -0.445 16.27 17.35 02a60020o0412o
60020.442966  20.776 41.600    18  739 o  0   0.94 162.51094 -13.92580  4185.66  4263.31 2.50 1.94  37.7 -0.439 15.82 16.94 02a60020o0488o
60020.968829 -21.194  1.400   -12   17 c  0   0.99 162.51094 -13.92580  2571.60  9238.43 2.80 2.53 -41.6 -0.375 19.13 21.13 03a60021o0524c
60020.982615  21.841  3.750     7   25 c  0   1.30 162.51094 -13.92580  2588.81  9277.92 2.76 2.46 -43.1 -0.381 18.88 20.83 03a60021o0554c
60020.986776 -19.501  1.175   -58   68 c  0   1.59 162.51094 -13.92580  2533.76  9199.20 2.79 2.41 -43.0 -0.382 17.47 19.42 03a60021o0563c
60020.992369 -19.002  0.839   -91   76 c  0   1.82 162.51094 -13.92580  2512.73  9316.18 2.77 2.43 -43.9 -0.370 17.12 19.04 03a60021o0575c
60021.913158  24.659 19.333     0   10 c  0   1.21 162.51094 -13.92580  2573.05  9231.74 2.49 2.18 -47.6 -0.393 19.65 21.59 03a60022o0400c
60021.916356  20.771  0.542    18   10 c  0   1.02 162.51094 -13.92580  2590.23  9270.86 2.52 2.19 -48.5 -0.385 19.69 21.66 03a60022o0407c
60021.924068  22.106  1.909     5   10 c  0   1.12 162.51094 -13.92580  2533.75  9192.62 2.42 2.16 -52.2 -0.390 19.48 21.38 03a60022o0424c
60021.934171  20.500  1.128    23   26 c  0   1.65 162.51094 -13.92580  2510.20  9310.61 2.43 2.16 -51.5 -0.390 18.55 20.41 03a60022o0446c
60022.080638  20.252  0.628    29   18 o  0   1.03 162.51094 -13.92580    41.71  3037.98 2.28 1.91  56.8 -0.430 19.31 20.65 04a60022o0217o
60022.084696  22.339  2.885     4   12 o  0   1.24 162.51094 -13.92580  9963.47  3110.95 2.58 2.11 -21.4 -0.414 19.32 20.66 04a60022o0226o
60022.086950  22.036  2.469     6   14 o  0   1.03 162.51094 -13.92580  9945.09  3072.42 2.68 2.16 -18.7 -0.424 19.31 20.66 04a60022o0231o
60022.090105  20.606  0.621    21   13 o  0   1.50 162.51094 -13.92580 10004.44  3149.51 2.74 2.24 -23.0 -0.394 19.31 20.69 04a60022o0238o
60022.116581  21.840  1.921     7   13 o  0   1.25 162.51094 -13.92580 10037.47  3033.84 2.73 2.21 -18.7 -0.401 19.38 20.84 04a60022o0295o
60023.163365  21.160  1.082    12   14 o  0   0.71 162.51094 -13.92580   677.60  7505.47 2.48 2.04 -87.6 -0.373 19.43 20.92 04a60023o0399o
60023.166988 -20.881  0.667   -16   11 o  0   1.76 162.51094 -13.92580   699.09  7540.12 2.52 2.11 -89.3 -0.386 19.44 20.97 04a60023o0407o
60023.172398 -21.523  1.177    -9   10 o  0   1.27 162.51094 -13.92580   643.55  7456.60 2.51 2.03  87.5 -0.364 19.46 20.98 04a60023o0419o
60023.183528  22.529  2.923     4   10 o  0   1.45 162.51094 -13.92580   628.71  7560.88 2.41 1.97  87.9 -0.379 19.53 21.07 04a60023o0443o
60024.387701  18.334  3.629   168  611 o  0   1.38 162.51094 -13.92580  4134.28  4343.31 2.33 1.96  29.2 -0.446 15.50 16.60 02a60024o0363o
60024.392995  20.369  0.456    26   12 o  0   0.71 162.51094 -13.92580  4114.89  4307.18 2.33 1.95  33.1 -0.445 19.47 20.73 02a60024o0374o
60024.396242  20.299  0.364    28   10 o  0   1.52 162.51094 -13.92580  4172.15  4383.34 2.33 1.91  32.5 -0.442 19.46 20.73 02a60024o0381o
60024.406055  21.103  0.745    13   10 o  0   1.65 162.51094 -13.92580  4191.93  4268.35 2.39 1.96  34.2 -0.442 19.42 20.69 02a60024o0400o
60024.905786 -24.974 20.333    -0    8 c  0   1.06 162.51094 -13.92580  4039.29  3655.34 2.38 2.17 -56.6 -0.394 19.76 21.75 03a60025o0393c
60024.908971 -21.578  0.986    -8    8 c  0   0.85 162.51094 -13.92580  4058.76  3694.92 2.36 2.12 -50.8 -0.396 19.77 21.72 03a60025o0400c
60024.914533 -21.453  0.859   -10    8 c  0   0.91 162.51094 -13.92580  4002.51  3616.54 2.34 2.15 -51.9 -0.396 19.80 21.74 03a60025o0412c
60024.950118 -22.097  1.714    -5    9 c  0   0.99 162.51094 -13.92580  3981.10  3734.32 2.57 2.43 -53.6 -0.392 19.65 21.64 03a60025o0489c
60027.184663  20.502  0.476    23   11 o  0   0.95 162.51094 -13.92580  5895.21  1632.99 2.05 1.94 -19.6 -0.439 19.50 21.09 04a60027o0427o
60027.187751  21.929  1.909     6   12 o  0   1.20 162.51094 -13.92580  5913.38  1671.11 2.23 2.07 -13.2 -0.434 19.46 21.09 04a60027o0432o
60027.219986 -20.499  0.409   -23    9 o  0   1.14 162.51094 -13.92580  5864.44  1571.96 2.07 1.95 -21.2 -0.437 19.47 21.04 04a60027o0495o
60027.227403 -22.226  2.250    -5   10 o  0   1.15 162.51094 -13.92580  5841.89  1686.26 2.14 2.00 -14.5 -0.428 19.42 21.02 04a60027o0510o
60028.383316  21.185  1.169    12   14 o  0   0.84 162.51094 -13.92580  6471.56  4214.89 2.36 1.99  31.1 -0.433 19.26 20.47 02a60028o0356o
60028.386479 -21.274  1.000   -11   11 o  0   1.23 162.51094 -13.92580  6451.44  4176.27 2.35 1.96  34.0 -0.436 19.28 20.48 02a60028o0363o
60028.393229  23.527  9.400     1   13 o  0   1.06 162.51094 -13.92580  6510.63  4256.39 2.41 2.04  35.1 -0.433 19.35 20.57 02a60028o0377o
60028.428492 -21.066  1.011   -14   14 o  0   0.86 162.51094 -13.92580  6523.75  4132.56 2.33 2.06  38.8 -0.425 19.18 20.40 02a60028o0450o
60029.903241 -22.540  2.833    -4   10 c  0   1.02 162.51094 -13.92580  4041.41  3657.52 3.03 2.74 -61.1 -0.370 19.50 21.66 03a60030o0377c
60029.906909 -21.480  0.727    -9    7 c  0   2.22 162.51094 -13.92580  4059.79  3697.31 2.76 2.57 -57.4 -0.380 19.56 21.64 03a60030o0385c
60029.921469 -20.181  0.365   -31   11 c  0   1.27 162.51094 -13.92580  4002.66  3619.47 4.10 3.64 -65.3 -0.293 19.13 21.65 03a60030o0416c
60029.927020 -22.816  3.583    -3   10 c  0   1.01 162.51094 -13.92580  3980.98  3735.41 3.33 2.95 -53.9 -0.354 19.37 21.63 03a60030o0428c
60031.247295  22.239  2.400     5   11 o  0   0.95 162.51094 -13.92580  5898.81  1599.55 1.93 1.87 -41.0 -0.459 19.51 20.95 04a60031o0565o
60031.251163  22.016  2.040     6   12 o  0   0.86 162.51094 -13.92580  5917.43  1637.80 1.91 1.83 -36.9 -0.468 19.49 20.92 04a60031o0573o
60031.260765  21.964  1.840     6   11 o  0   1.53 162.51094 -13.92580  5852.23  1560.38 1.97 1.89 -11.7 -0.448 19.46 20.86 04a60031o0589o
60031.290351  22.166  2.350     5   12 o  0   1.22 162.51094 -13.92580  5822.44  1677.35 2.00 1.89 -23.6 -0.436 19.32 20.65 04a60031o0647o
60032.882373  19.256  0.568    72   41 o  0   0.70 162.51094 -13.92580  4762.88  7727.40 2.62 2.28 -49.6 -0.384 18.34 19.67 03a60033o0335o
60032.885551  22.279 35.500     4  158 o  0   1.34 162.51094 -13.92580  4781.47  7767.20 2.75 2.30 -46.2 -0.368 16.98 18.06 03a60033o0342o
60032.904486 -21.584  1.596    -8   14 o  0   1.31 162.51094 -13.92580  4725.81  7689.42 2.67 2.25 -47.1 -0.380 19.26 20.59 03a60033o0381o
60032.921627  23.062  4.933     2   11 o  0   1.01 162.51094 -13.92580  4706.01  7806.54 2.58 2.22 -48.8 -0.387 19.38 20.85 03a60033o0417o
60033.875449  19.734  0.334    46   16 o  0   0.90 162.51094 -13.92580  4761.56  7724.77 2.43 2.09 -49.3 -0.390 19.16 20.20 03a60034o0325o
60033.878895 -22.203  2.868    -5   14 o  0   0.85 162.51094 -13.92580  4779.96  7765.32 2.42 2.06 -48.3 -0.392 19.20 20.23 03a60034o0332o
60033.913874 -20.064  0.409   -34   14 o  0   1.32 162.51094 -13.92580  4725.90  7691.05 2.50 2.14 -42.9 -0.386 19.19 20.29 03a60034o0404o
60033.941329  21.950  3.040     6   18 o  0   0.89 162.51094 -13.92580  4702.25  7808.80 3.70 2.87 -39.6 -0.305 18.88 20.35 03a60034o0460o
60034.909220 -20.256  0.430   -29   12 o  0   1.35 162.51094 -13.92580  4759.44  7728.39 2.46 2.14 -46.6 -0.394 19.17 20.13 03a60035o0416o
60034.912399  20.320  0.541    27   15 o  0   1.44 162.51094 -13.92580  4777.15  7767.49 2.51 2.19 -46.5 -0.389 19.12 20.04 03a60035o0423o
60034.919345  22.766  6.545     3   19 o  0   0.82 162.51094 -13.92580  4721.85  7690.09 2.42 2.09 -46.8 -0.395 19.15 20.12 03a60035o0438o
60034.951188  20.689  0.941    19   18 o  0   1.34 162.51094 -13.92580  4702.21  7807.07 2.71 2.38 -48.3 -0.382 19.01 19.93 03a60035o0506o
60035.901274  19.683  0.402    49   20 o  0   1.36 162.51094 -13.92580  4757.74  7727.74 2.38 2.07 -49.3 -0.385 18.84 19.39 03a60036o0393o
60035.904490  20.437  0.749    24   18 o  0   0.95 162.51094 -13.92580  4776.64  7766.87 2.24 1.98 -47.9 -0.403 18.96 19.41 03a60036o0400o
60035.910018 -20.427  0.595   -24   15 o  0   1.56 162.51094 -13.92580  4719.48  7688.41 2.31 2.05 -54.4 -0.399 18.86 19.42 03a60036o0412o
60035.934393 -22.502  5.966    -4   22 o  0   0.90 162.51094 -13.92580  4696.62  7805.98 2.37 2.05 -48.1 -0.397 18.82 19.31 03a60036o0464o
60041.004534 -20.226  1.318   -30   39 o  0   1.45 162.51094 -13.92580  4850.84  9675.18 2.75 2.26 -25.5 -0.366 17.98 17.89 03a60041o0457o
60041.033506 -20.311  2.181   -27   60 o  0   0.69 162.51094 -13.92580  4878.84  9713.81 2.81 2.44 -28.4 -0.353 17.71 17.57 03a60041o0511o
60043.196867  23.330 13.636     2   23 o  0   1.20 162.51094 -13.92580 10168.19  1913.00 2.67 2.04 -31.4 -0.339 18.82 19.47 04a60043o0490o
60043.199702  21.206  2.224    12   27 o  0   1.05 162.51094 -13.92580 10187.98  1951.36 2.71 2.25 -28.1 -0.327 18.80 19.41 04a60043o0496o
60043.204888  20.404  0.796    25   20 o  0   1.43 162.51094 -13.92580 10128.32  1871.78 2.38 1.95 -38.2 -0.385 18.85 19.44 04a60043o0507o
60043.213763 -19.678  0.869   -49   42 o  0   1.14 162.51094 -13.92580    37.28  1942.03 2.32 1.73  45.7 -0.518 18.79 19.39 04a60043o0526o
60043.215188 -22.185  5.758    -5   28 o  0   0.90 162.51094 -13.92580 10104.58  1987.32 2.20 1.97 -89.5 -0.453 18.75 19.33 04a60043o0529o
60043.887625  21.765  1.623     7   12 o  0   1.39 162.51094 -13.92580  7970.91  5504.43 2.60 2.06 -55.6 -0.398 19.11 20.14 03a60044o0372o
60043.890868 -19.782  0.346   -44   15 o  0   1.68 162.51094 -13.92580  7989.06  5544.68 3.41 2.63 -61.9 -0.349 18.79 20.14 03a60044o0379o
60043.898299  21.782  2.606     7   18 o  0   1.12 162.51094 -13.92580  7933.06  5466.40 3.42 2.63 -60.2 -0.349 18.77 20.11 03a60044o0395o
60043.908609  24.066 18.667     1   16 o  0   0.95 162.51094 -13.92580  7912.01  5582.52 2.65 2.13 -51.4 -0.399 19.08 20.07 03a60044o0416o
60044.999007 -22.562  5.762    -3   20 o  0   1.04 162.51094 -13.92580  7981.48  5502.50 2.71 2.27 -49.7 -0.396 18.82 19.77 03a60045o0459o
60045.005423  21.746  2.511     7   18 o  0   1.11 162.51094 -13.92580  8000.99  5540.64 2.70 2.17 -49.2 -0.385 18.81 19.70 03a60045o0472o
60045.013340 -21.273  1.623   -11   18 o  0   1.33 162.51094 -13.92580  7946.18  5461.03 2.64 2.27 -45.8 -0.401 18.77 19.62 03a60045o0488o
60045.016380 -20.610  1.221   -21   25 o  0   1.12 162.51094 -13.92580  7924.39  5576.10 3.03 2.69 -49.7 -0.386 18.58 19.60 03a60045o0494o
60046.164109 -20.119  0.445   -32   14 o  0   1.48 162.51094 -13.92580  7952.90  3465.45 2.23 1.81 -26.7 -0.438 19.04 20.14 04a60046o0416o
60046.167783  20.298  0.530    28   15 o  0   1.18 162.51094 -13.92580  7972.71  3502.25 2.26 1.83 -24.3 -0.433 19.06 20.15 04a60046o0424o
60046.173719  23.156  6.467     2   13 o  0   1.63 162.51094 -13.92580  7913.83  3421.83 2.32 1.87 -22.8 -0.408 19.15 20.34 04a60046o0437o
60046.183880  21.159  1.031    12   13 o  0   1.25 162.51094 -13.92580  7894.98  3535.10 2.19 1.84 -26.6 -0.451 19.16 20.27 04a60046o0458o
60049.144563 -20.954  0.542   -15    8 c  0   1.08 162.51094 -13.92580  2642.88  7341.82 2.52 2.06 -82.6 -0.363 19.55 21.63 04a60049o0382c
60049.147786  21.534  1.129     9   10 c  0   0.98 162.51094 -13.92580  2662.02  7377.45 2.56 2.05 -80.5 -0.361 19.52 21.62 04a60049o0389c
60049.153327  22.827  3.684     3   10 c  0   1.41 162.51094 -13.92580  2604.53  7297.10 2.55 2.03 -81.0 -0.365 19.54 21.60 04a60049o0401c
60049.176058  23.431  7.700     2   12 c  0   0.99 162.51094 -13.92580  2589.71  7403.35 2.64 2.13 -83.2 -0.358 19.49 21.51 04a60049o0449c
60050.104920 -25.666 64.000    -0   13 c  0   0.87 162.51094 -13.92580  7852.94  1568.23 2.85 2.52 -17.6 -0.375 19.47 21.29 04a60050o0315c
60050.108623 -20.366  0.486   -26   13 c  0   1.07 162.51094 -13.92580  7874.37  1603.42 2.75 2.34 -21.3 -0.368 19.50 21.29 04a60050o0323c
60050.114734  21.676  1.683     8   13 c  0   0.91 162.51094 -13.92580  7817.77  1520.25 2.82 2.48 -22.5 -0.365 19.49 21.29 04a60050o0336c
60050.125896 -23.870  9.167    -1    9 c  0   1.50 162.51094 -13.92580  7798.98  1627.12 2.83 2.24 -24.3 -0.361 19.48 21.34 04a60050o0360c
60050.880033 -22.266  2.023    -4    9 o  0   0.80 162.51094 -13.92580  7875.26  1632.45 2.03 1.86 -44.7 -0.465 19.76 21.26 03a60051o0361o
60050.883414  20.626  0.362    20    7 o  0   1.71 162.51094 -13.92580  7894.13  1671.89 2.05 1.87 -50.0 -0.462 19.75 21.26 03a60051o0368o
60050.889710  21.350  0.770    10    8 o  0   1.49 162.51094 -13.92580  7837.92  1592.37 2.06 1.88 -43.5 -0.460 19.74 21.26 03a60051o0381o
60050.905815  21.507  1.046     9   10 o  0   0.99 162.51094 -13.92580  7815.26  1707.74 2.06 1.87 -47.7 -0.458 19.74 21.16 03a60051o0414o
60052.132053 -21.931  1.395    -6    9 c  0   1.51 162.51094 -13.92580  2241.26  5703.04 2.42 2.14  83.3 -0.369 19.43 21.35 04a60052o0323c
60052.144648  22.003  1.763     6   10 c  0   1.12 162.51094 -13.92580  2263.20  5733.50 2.52 2.21  85.1 -0.354 19.39 21.33 04a60052o0350c
60052.148071  22.737  3.450     3   10 c  0   1.00 162.51094 -13.92580  2205.12  5653.98 2.47 2.16  82.3 -0.363 19.40 21.34 04a60052o0357c
60052.154037  20.627  0.606    20   12 c  0   0.84 162.51094 -13.92580  2185.27  5766.63 2.56 2.29  83.7 -0.356 19.36 21.34 04a60052o0370c
60052.873590 -18.709  0.479  -119   57 o  0   1.02 162.51094 -13.92580  2167.49  5648.79 2.33 2.07 -61.2 -0.422 17.05 18.51 03a60053o0357o
60052.884215 -20.413  0.714   -25   18 o  0   1.66 162.51094 -13.92580  2128.83  5610.40 2.20 1.93 -61.1 -0.428 18.64 20.15 03a60053o0379o
60052.909053  18.893  1.714   101  173 o  0   1.42 162.51094 -13.92580  2108.45  5727.45 2.63 2.37 -60.7 -0.411 16.80 18.27 03a60053o0430o
60053.910360 -20.634  0.932   -20   19 o  0   1.24 162.51094 -13.92580  2014.86  1778.22 5.37 2.92  -5.0 -0.400 18.87 21.04 03a60054o0383o
60053.913630  19.993  0.605    36   22 o  0   1.08 162.51094 -13.92580  2033.95  1817.37 4.97 3.08  -6.9 -0.405 18.77 20.89 03a60054o0389o
60053.919590 -20.934  1.640   -15   25 o  0   1.17 162.51094 -13.92580  1977.18  1737.76 5.43 3.14  -5.6 -0.401 18.45 20.60 03a60054o0400o
60057.091146 -20.124  0.270   -32    9 c  0   1.72 162.51094 -13.92580  6096.84  5524.69 2.40 2.16 -23.9 -0.376 19.39 21.46 04a60057o0238c
60057.095218 -21.739  1.367    -7   10 c  0   1.11 162.51094 -13.92580  6116.92  5559.63 2.39 2.11 -23.9 -0.378 19.41 21.46 04a60057o0247c
60057.102443  20.977  0.694    15   10 c  0   0.99 162.51094 -13.92580  6060.27  5477.03 2.37 2.15 -33.8 -0.372 19.38 21.46 04a60057o0263c
60057.112431  22.646  2.905     3    9 c  0   1.01 162.51094 -13.92580  6042.75  5584.85 2.37 2.15 -35.3 -0.376 19.39 21.46 04a60057o0285c
60063.078748  21.409  2.179    10   22 o  0   0.98 162.51094 -13.92580  4058.55  3687.14 2.49 2.42  67.1 -0.400 18.79 19.95 04a60063o0279o
60063.081941  20.825  1.008    17   17 o  0   1.48 162.51094 -13.92580  4079.10  3723.02 2.18 2.16 -60.8 -0.419 18.89 20.01 04a60063o0286o
60063.089328  20.371  0.652    26   17 o  0   1.12 162.51094 -13.92580  4022.64  3639.99 2.08 2.01  76.8 -0.434 18.98 20.05 04a60063o0302o
60063.099862 -20.983  1.254   -15   18 o  0   0.77 162.51094 -13.92580  4004.92  3748.55 2.07 1.97 -82.2 -0.439 18.98 20.05 04a60063o0325o
60064.802877 -22.133  5.098    -5   26 o  0   0.65 162.51094 -13.92580  4761.70  7729.77 2.43 2.07 -50.7 -0.384 18.70 19.09 03a60065o0231o
60064.812882  20.153  0.638    32   20 o  0   1.66 162.51094 -13.92580  4723.00  7691.60 2.29 2.04 -49.7 -0.396 18.76 19.08 03a60065o0252o
60067.126958 -20.627  1.800   -20   37 o  0   1.14 162.51094 -13.92580 10290.40  3860.47 2.88 2.04 -16.9 -0.406 18.35 18.70 04a60067o0379o
60067.130770  22.437 10.227     4   39 o  0   1.27 162.51094 -13.92580 10310.13  3898.69 2.84 2.06 -18.7 -0.402 18.30 18.66 04a60067o0387o
60067.136643 -20.544  1.738   -22   38 o  0   1.36 162.51094 -13.92580 10249.66  3818.50 2.90 2.06 -18.0 -0.400 18.28 18.60 04a60067o0397o
60067.168996  20.364  1.630    26   42 o  0   1.00 162.51094 -13.92580 10219.67  3934.33 2.65 2.14 -11.0 -0.403 18.23 18.37 04a60067o0463o
60067.866896  21.146  2.136    13   27 o  0   1.25 162.51094 -13.92580   602.55  7376.49 2.59 2.19 -60.8 -0.383 18.52 18.83 03a60068o0381o
60067.870110  19.841  0.806    42   34 o  0   0.85 162.51094 -13.92580   620.55  7415.73 2.61 2.23 -59.1 -0.377 18.49 18.82 03a60068o0388o
60067.873272 -19.599  0.554   -52   29 o  0   1.38 162.51094 -13.92580 10522.49  7598.23 2.64 2.03 -54.0 -0.383 18.50 18.71 03a60068o0395o
60067.875563 -20.170  1.105   -31   34 o  0   0.89 162.51094 -13.92580   565.05  7338.03 2.52 2.11 -58.9 -0.394 18.45 18.57 03a60068o0400o
60067.908479 -19.632  0.657   -51   34 o  0   1.35 162.51094 -13.92580 10508.98  7713.17 2.64 2.08 -54.5 -0.394 18.41 18.58 03a60068o0471o
60067.909381 -22.158  6.343    -5   32 o  0   1.21 162.51094 -13.92580   550.52  7456.80 2.57 2.16 -56.3 -0.382 18.37 18.45 03a60068o0473o
60068.094496  22.055  5.828     6   32 o  0   1.44 162.51094 -13.92580   704.19  7461.39 2.81 2.34 -87.6 -0.357 18.20 18.61 04a60068o0311o
60068.101427  20.069  1.277    34   44 o  0   0.91 162.51094 -13.92580   725.62  7496.54 2.75 2.22 -89.9 -0.346 18.13 18.31 04a60068o0326o
60068.112041 -20.286  1.037   -28   29 o  0   1.51 162.51094 -13.92580   666.82  7411.15 2.74 2.20  82.2 -0.346 18.27 18.56 04a60068o0349o
60068.117399  19.783  0.794    44   35 o  0   1.27 162.51094 -13.92580   646.64  7525.19 2.80 2.25  82.2 -0.349 18.21 18.55 04a60068o0360o
60068.903013  19.405  0.491    63   31 o  0   1.37 162.51094 -13.92580 10523.17  7594.58 2.84 2.24 -52.9 -0.385 18.37 18.68 03a60069o0451o
60068.904439 -20.142  1.039   -32   33 o  0   1.08 162.51094 -13.92580   604.69  7377.15 2.61 2.35 -55.5 -0.375 18.44 18.64 03a60069o0454o
60068.907655  20.029  0.970    35   34 o  0   1.44 162.51094 -13.92580   623.12  7415.94 2.60 2.28 -56.0 -0.379 18.36 18.52 03a60069o0461o
60068.908615  19.286  0.543    70   38 o  0   0.90 162.51094 -13.92580 10502.12  7709.07 2.78 2.27 -49.9 -0.378 18.35 18.64 03a60069o0463o
60068.915463 -20.120  1.181   -32   38 o  0   1.23 162.51094 -13.92580   567.97  7338.21 2.83 2.55 -54.3 -0.371 18.24 18.49 03a60069o0477o
60068.949690  20.403  1.965    25   49 o  0   1.00 162.51094 -13.92580   554.20  7453.41 2.73 2.45 -49.7 -0.377 18.18 18.27 03a60069o0547o
60070.155473 -23.261 17.000    -2   31 o  0   1.59 162.51094 -13.92580  5895.38  1600.50 2.37 2.24 -15.6 -0.396 18.11 18.50 04a60070o0445o
60070.158711 -20.134  1.036   -32   33 o  0   1.38 162.51094 -13.92580  5915.80  1640.29 2.34 2.23 -13.6 -0.407 18.18 18.49 04a60070o0452o
60070.164283  19.764  0.833    45   38 o  0   1.15 162.51094 -13.92580  5854.23  1562.52 2.22 2.14 -11.1 -0.446 18.20 18.46 04a60070o0464o
60070.175504 -20.563  1.640   -22   36 o  0   1.35 162.51094 -13.92580  5831.64  1681.07 2.31 2.21 -38.8 -0.447 18.10 18.39 04a60070o0487o
60070.855041  20.840  1.129    17   19 o  0   1.49 162.51094 -13.92580  5929.42  1684.84 2.36 2.16 -45.5 -0.442 18.75 19.37 03a60071o0360o
60070.864574 -25.341 87.500    -0   23 o  0   0.63 162.51094 -13.92580  5947.36  1724.26 2.34 2.14 -44.5 -0.441 18.76 19.33 03a60071o0381o
60070.883823  19.417  0.306    62   19 o  0   1.10 162.51094 -13.92580  5891.86  1645.27 2.22 2.04 -47.7 -0.442 18.76 19.24 03a60071o0423o
60070.897647  21.310  2.378    11   26 o  0   0.86 162.51094 -13.92580  5869.16  1761.08 2.33 2.12 -56.5 -0.439 18.66 19.18 03a60071o0453o
60071.895468  20.686  0.993    19   19 o  0   1.28 162.51094 -13.92580  3977.98  1732.14 2.45 2.23 -58.6 -0.394 18.73 19.45 03a60072o0438o
60071.898666 -21.287  2.342   -11   26 o  0   0.63 162.51094 -13.92580  3997.28  1771.63 2.38 2.21 -57.5 -0.404 18.74 19.43 03a60072o0445o
60071.909580 -21.811  2.981    -7   20 o  0   1.08 162.51094 -13.92580  3941.05  1693.55 2.29 2.10 -53.4 -0.407 18.74 19.36 03a60072o0468o
60071.917178  20.568  1.062    22   23 o  0   1.15 162.51094 -13.92580  3920.31  1809.40 2.30 2.12 -54.2 -0.412 18.71 19.30 03a60072o0484o
60073.136794 -21.010  0.983   -14   14 o  0   1.41 162.51094 -13.92580  3945.42  1697.13 1.95 1.91 -52.2 -0.428 18.98 19.85 04a60073o0405o
60073.139603  20.616  0.703    21   14 o  0   1.55 162.51094 -13.92580  3964.15  1735.20 1.95 1.92  -6.8 -0.438 18.98 19.83 04a60073o0411o
60073.144836 -22.463  4.100    -4   15 o  0   1.27 162.51094 -13.92580  3901.78  1656.60 2.06 1.91  35.2 -0.438 18.97 19.85 04a60073o0422o
60073.155238 -20.417  0.682   -25   17 o  0   1.04 162.51094 -13.92580  3878.72  1773.57 2.03 1.90  42.7 -0.437 18.93 19.81 04a60073o0444o
60073.832847  21.251  1.276    12   15 o  0   0.88 162.51094 -13.92580  2099.17  3724.29 2.31 1.98 -57.3 -0.404 19.24 20.25 03a60074o0311o
60073.836533 -20.795  0.884   -18   15 o  0   0.83 162.51094 -13.92580  2118.29  3763.17 2.31 2.00 -60.3 -0.406 19.24 20.22 03a60074o0319o
60073.841965  21.147  1.354    13   17 o  0   1.37 162.51094 -13.92580  2062.21  3684.47 2.30 2.04 -61.9 -0.415 19.09 19.99 03a60074o0331o
60073.863539  20.697  0.927    19   18 o  0   0.98 162.51094 -13.92580  2040.73  3801.03 2.48 2.27 -36.2 -0.389 18.89 19.82 03a60074o0378o
60074.908612 -23.391 14.000    -2   22 o  0   0.76 162.51094 -13.92580  2101.80  3727.61 2.64 2.33 -11.1 -0.379 18.91 19.81 03a60075o0449o
60074.911461 -20.874  1.271   -16   21 o  0   1.00 162.51094 -13.92580  2120.85  3766.79 2.64 2.41 -22.6 -0.401 18.84 19.82 03a60075o0455o
60074.917268 -23.662 15.429    -1   19 o  0   1.39 162.51094 -13.92580  2064.43  3688.00 2.78 2.42  -6.8 -0.392 18.81 19.77 03a60075o0467o
60074.927065  20.282  0.912    28   26 o  0   0.94 162.51094 -13.92580  2044.34  3803.81 3.25 2.55  -2.9 -0.401 18.69 19.71 03a60075o0487o
60076.100299 -22.227  3.760    -5   18 o  0   0.95 162.51094 -13.92580  6922.02  9549.16 2.73 2.23 -76.1 -0.394 19.15 20.60 04a60076o0332o
60076.104095 -20.871  0.952   -16   16 o  0   1.22 162.51094 -13.92580  6941.30  9586.34 2.70 2.13 -74.0 -0.395 19.06 20.42 04a60076o0340o
60076.109250 -22.596  6.000    -3   20 o  0   1.14 162.51094 -13.92580  6883.10  9507.21 2.48 2.11 -69.6 -0.420 18.96 20.26 04a60076o0351o
60076.120240 -20.454  0.691   -24   16 o  0   1.15 162.51094 -13.92580  6861.47  9621.30 2.79 2.21 -79.3 -0.372 19.10 20.43 04a60076o0375o
60082.770634 -20.742  0.542   -18   10 c  0   0.82 162.51094 -13.92580  6684.26  7688.75 3.00 2.64 -48.6 -0.387 19.59 21.85 03a60083o0187c
60082.773817 -21.723  1.216    -7    9 c  0   1.11 162.51094 -13.92580  6703.43  7728.14 3.07 2.69 -50.0 -0.394 19.59 21.84 03a60083o0194c
60082.780323 -23.902  9.500    -1   10 c  0   1.30 162.51094 -13.92580  6647.92  7650.04 3.40 3.10 -50.7 -0.367 19.46 21.83 03a60083o0208c
60082.790724  22.627  3.500     3   11 c  0   0.73 162.51094 -13.92580  6625.41  7766.54 3.04 2.70 -49.8 -0.395 19.58 21.84 03a60083o0230c
60084.038447 -20.691  3.464   -19   66 o  0   1.46 162.51094 -13.92580  5997.69  3573.66 2.25 2.02 -18.8 -0.445 17.34 18.51 04a60084o0069o
60084.041351  22.450 11.500     4   44 o  0   1.21 162.51094 -13.92580  6018.23  3610.40 2.20 2.02 -19.0 -0.437 17.97 19.15 04a60084o0075o
60084.047953  21.588  9.778     8   82 o  0   1.52 162.51094 -13.92580  5960.72  3528.55 2.31 2.13 -24.4 -0.427 17.05 18.26 04a60084o0089o
60084.059713 -18.482  2.070  -147  304 o  0   0.80 162.51094 -13.92580  5942.37  3637.80 2.23 2.07 -26.1 -0.402 15.90 17.07 04a60084o0114o
60085.085804  21.867  1.884     6   12 o  0   1.41 162.51094 -13.92580  6002.81  3542.91 2.30 2.15 -32.7 -0.403 19.18 20.72 04a60085o0318o
60085.088968 -21.127  0.989   -13   13 o  0   1.34 162.51094 -13.92580  6020.31  3580.86 2.21 2.00 -29.0 -0.416 19.22 20.73 04a60085o0325o
60085.096686  23.109  7.000     2   14 o  0   1.11 162.51094 -13.92580  5962.19  3501.34 2.26 2.11 -28.9 -0.416 19.20 20.72 04a60085o0342o
60085.112367  21.172  0.946    12   12 o  0   1.44 162.51094 -13.92580  5934.78  3615.12 2.14 1.98 -35.0 -0.416 19.23 20.70 04a60085o0376o
60088.760402 -22.307  3.680    -4   16 o  0   1.10 162.51094 -13.92580 10325.78  5979.50 2.74 2.29 -43.7 -0.376 19.11 20.30 03a60089o0169o
60088.764117  21.353  1.667    10   17 o  0   0.81 162.51094 -13.92580 10344.43  6019.12 2.90 2.42 -40.6 -0.373 19.08 20.32 03a60089o0177o
60088.769274  22.013  3.091     6   18 o  0   1.19 162.51094 -13.92580 10286.99  5940.35 2.73 2.25 -48.6 -0.361 19.05 20.19 03a60089o0188o
60088.776134  20.133  0.630    32   20 o  0   0.96 162.51094 -13.92580   227.85  5725.38 2.69 2.43 -49.9 -0.433 18.92 20.05 03a60089o0203o
60088.779320 -21.050  2.083   -14   29 o  0   0.85 162.51094 -13.92580   245.76  5764.41 2.82 2.53 -34.7 -0.368 18.54 19.64 03a60089o0210o
60088.779771  19.355  0.397    66   26 o  0   1.20 162.51094 -13.92580 10263.33  6056.52 2.81 2.29 -51.4 -0.361 18.45 19.49 03a60089o0211o
60088.785841 -20.727  0.938   -19   17 o  0   1.15 162.51094 -13.92580   188.91  5686.64 2.72 2.41 -48.5 -0.372 18.99 20.12 03a60089o0224o
60088.795971 -20.887  1.120   -16   18 o  0   1.01 162.51094 -13.92580   166.31  5803.57 2.68 2.43 -52.1 -0.387 19.00 20.12 03a60089o0246o
60091.740420  20.563  1.000    22   22 o  0   1.21 162.51094 -13.92580 10168.26  2094.04 2.72 2.34 -19.9 -0.358 18.83 19.66 03a60092o0114o
60091.754863  22.204  3.632     5   17 o  0   1.21 162.51094 -13.92580 10186.79  2136.32 2.39 2.08 -53.9 -0.382 18.96 19.70 03a60092o0145o
60091.757640 -21.538  2.000    -9   18 o  0   1.11 162.51094 -13.92580 10130.23  2056.36 2.54 2.25 -25.7 -0.366 18.93 19.70 03a60092o0151o
60091.762855 -22.732  7.286    -3   21 o  0   0.88 162.51094 -13.92580    43.66  1841.81 2.53 2.27 -41.5 -0.363 18.95 19.71 03a60092o0162o
60091.765633 -21.114  1.354   -13   18 o  0   1.09 162.51094 -13.92580 10106.90  2172.87 2.43 2.16 -37.0 -0.373 18.96 19.70 03a60092o0168o
60091.766592  21.035  1.396    14   20 o  0   0.78 162.51094 -13.92580    62.76  1881.46 2.47 2.13 -56.3 -0.383 18.97 19.68 03a60092o0170o
60100.830396 -19.909  3.344   -40  132 o  0   1.09 162.51094 -13.92580  7888.33  1648.18 2.34 2.17 -34.9 -0.434 16.74 16.66 03a60101o0323o
60100.833150  19.393  1.012    64   64 o  0   1.19 162.51094 -13.92580  7907.41  1687.35 2.33 2.13 -30.0 -0.420 17.36 17.46 03a60101o0329o
60100.858696  19.464  1.929    60  115 o  0   0.97 162.51094 -13.92580  7849.35  1602.89 2.43 2.18 -40.6 -0.419 17.34 17.56 03a60101o0383o
60100.878592 -22.312 32.818    -4  142 o  0   1.18 162.51094 -13.92580  7829.77  1715.50 2.57 2.27 -46.6 -0.423 17.01 17.00 03a60101o0425o
60101.779525 -22.471  3.538    -4   13 o  0   1.18 162.51094 -13.92580  2182.38  5666.96 2.46 2.26 -38.8 -0.399 19.00 19.86 03a60102o0211o
60101.782515 -22.162  3.111    -5   15 o  0   1.35 162.51094 -13.92580  2199.97  5705.94 2.43 2.21 -52.7 -0.391 19.02 19.83 03a60102o0217o
60101.788012  21.899  2.822     6   18 o  0   1.18 162.51094 -13.92580  2142.83  5627.88 2.44 2.23 -51.2 -0.397 19.00 19.79 03a60102o0229o
60101.797867  20.017  0.574    36   20 o  0   0.88 162.51094 -13.92580  2119.96  5743.65 2.32 2.08 -53.5 -0.403 19.03 19.72 03a60102o0250o
60106.040961  21.004  0.885    14   13 c  0   0.82 162.51094 -13.92580  6094.86  5471.20 2.46 2.19 -47.0 -0.383 19.27 21.24 04a60106o0161c
60106.043704 -20.565  0.472   -22   10 c  0   1.54 162.51094 -13.92580  6113.39  5509.74 2.47 2.23 -43.8 -0.384 19.27 21.25 04a60106o0167c
60106.061458  22.442  3.421     4   13 c  0   1.10 162.51094 -13.92580  6048.69  5430.97 2.69 2.42 -37.3 -0.368 19.15 21.24 04a60106o0205c
60106.070314  21.081  0.890    13   12 c  0   1.13 162.51094 -13.92580  6025.87  5547.62 2.54 2.32 -47.8 -0.369 19.19 21.17 04a60106o0224c
60107.989299 -20.765  0.825   -18   15 c  0   0.84 162.51094 -13.92580  8842.22  9487.03 3.25 2.92 -39.4 -0.344 19.21 21.32 04a60108o0110c
60107.992049  20.486  0.644    23   15 c  0   1.20 162.51094 -13.92580  8861.92  9525.11 3.17 2.78 -46.5 -0.353 19.28 21.29 04a60108o0116c
60107.999470  23.607 10.200     1   13 c  0   1.30 162.51094 -13.92580  8803.72  9442.08 3.15 2.75 -48.0 -0.352 19.27 21.29 04a60108o0132c
60108.010071  20.874  0.774    16   13 c  0   1.47 162.51094 -13.92580  8784.68  9554.90 3.12 2.79 -48.5 -0.343 19.26 21.31 04a60108o0155c
60110.979289 -22.294  3.048    -4   13 c  0   1.01 162.51094 -13.92580  2708.94  9278.64 3.00 2.31 -82.5 -0.364 19.27 21.11 04a60111o0091c
60110.982452  23.774 12.000     1   14 c  0   0.99 162.51094 -13.92580  2729.04  9315.57 3.13 2.38 -82.0 -0.357 19.29 21.11 04a60111o0098c
60110.991971 -23.890 11.800    -1   12 c  0   0.98 162.51094 -13.92580  2671.87  9232.07 2.98 2.23 -84.0 -0.366 19.28 21.08 04a60111o0119c
60111.002994 -20.617  0.590   -21   12 c  0   1.26 162.51094 -13.92580  2653.41  9343.79 3.02 2.25 -81.9 -0.357 19.28 21.11 04a60111o0143c
60111.983973 -20.824  0.726   -17   12 c  0   0.80 162.51094 -13.92580  4053.51  3648.38 2.23 2.16  57.7 -0.394 19.29 21.32 04a60112o0095c
60111.999013  21.550  1.532     9   13 c  0   1.66 162.51094 -13.92580  4075.64  3680.84 2.18 2.15  65.1 -0.394 19.08 21.03 04a60112o0127c
60112.001792  21.916  2.073     6   13 c  0   0.76 162.51094 -13.92580  4015.36  3601.06 2.11 2.06  60.1 -0.395 19.28 21.24 04a60112o0133c
60112.013061  22.169  2.826     5   14 c  0   1.72 162.51094 -13.92580  3996.47  3713.91 2.15 2.10  58.7 -0.389 18.85 20.69 04a60112o0157c
60113.990284 -20.616  0.973   -21   20 c  0   1.15 162.51094 -13.92580  4871.68  7703.38 4.43 4.13 -70.1 -0.293 18.66 21.14 04a60114o0039c
60113.995892  20.086  0.881    34   30 c  0   1.03 162.51094 -13.92580  4892.73  7738.41 5.07 4.74 -68.1 -0.268 18.39 20.95 04a60114o0051c
60118.707420 -20.189  0.967   -30   30 o  0   1.08 162.51094 -13.92580 10499.95  7599.34 6.16 3.12  -3.2 -0.366 18.35 19.84 03a60119o0056o
60118.713450  21.472  2.433     9   23 o  0   1.26 162.51094 -13.92580   542.16  7338.03 4.39 2.74  -4.4 -0.388 18.71 20.07 03a60119o0068o
60123.001865  21.214  2.066    12   24 o  0   1.04 162.51094 -13.92580  3933.70  1693.82 2.27 2.14  22.7 -0.405 18.68 19.52 04a60123o0137o
60123.011424  20.477  3.000    23   70 o  0   1.16 162.51094 -13.92580  3950.12  1732.11 2.15 2.06 -11.8 -0.396 17.35 17.66 04a60123o0158o
60123.030488 -21.040  1.635   -14   23 o  0   1.18 162.51094 -13.92580  3884.44  1655.34 2.19 2.06  29.0 -0.427 18.61 19.24 04a60123o0200o
60123.038667  19.727  0.475    47   22 o  0   1.45 162.51094 -13.92580  3859.49  1773.67 2.18 2.02  32.4 -0.440 18.64 19.28 04a60123o0218o
60123.985286 -20.383  1.114   -26   28 o  0   0.98 162.51094 -13.92580  2107.55  3734.54 2.57 2.31  53.3 -0.409 18.60 19.48 04a60124o0089o
60123.988504 -19.703  0.520   -48   25 o  0   1.07 162.51094 -13.92580  2126.18  3772.58 2.60 2.32  58.0 -0.411 18.56 19.47 04a60124o0096o
60123.994121  21.035  1.815    14   25 o  0   1.34 162.51094 -13.92580  2066.25  3693.87 2.50 2.22  58.6 -0.418 18.63 19.49 04a60124o0108o
60124.014552  23.438 19.222     2   29 o  0   0.80 162.51094 -13.92580  2042.04  3807.85 2.47 2.23  58.1 -0.403 18.57 19.39 04a60124o0152o
60125.989478  21.731  3.350     7   25 o  0   1.26 162.51094 -13.92580  6904.75  9541.94 2.83 2.32 -64.4 -0.379 18.56 19.29 04a60126o0103o
60125.994886 -19.620  0.549   -52   28 o  0   0.85 162.51094 -13.92580  6922.61  9580.80 2.84 2.25 -65.7 -0.385 18.57 19.20 04a60126o0115o
60125.997605  21.002  1.790    14   26 o  0   1.56 162.51094 -13.92580  6864.06  9501.90 2.81 2.30 -66.1 -0.363 18.55 19.30 04a60126o0121o
60126.008046  19.703  0.599    48   29 o  0   0.88 162.51094 -13.92580  6841.53  9618.71 2.73 2.18 -65.2 -0.400 18.53 19.19 04a60126o0144o
60127.031833 -20.714  1.560   -19   29 o  0   1.70 162.51094 -13.92580  6894.99  9543.32 2.95 2.21 -74.6 -0.363 18.22 18.77 04a60127o0198o
60127.035520 -19.610  0.668   -52   35 o  0   0.96 162.51094 -13.92580  6912.26  9583.81 2.91 2.20 -74.6 -0.371 18.08 18.70 04a60127o0206o
60127.042395 -19.851  0.766   -42   32 o  0   1.83 162.51094 -13.92580  6850.20  9507.22 2.83 2.16 -74.0 -0.372 18.15 18.70 04a60127o0221o
60127.051921 -20.473  2.000   -24   47 o  0   1.12 162.51094 -13.92580  6823.65  9627.64 2.82 2.07 -72.8 -0.376 17.92 18.32 04a60127o0242o
60127.744664 -20.427  0.796   -24   20 o  0   1.61 162.51094 -13.92580  4088.76  5602.28 2.40 2.17 -45.7 -0.397 18.64 19.13 03a60128o0015o
60127.747918 -22.651  8.000    -3   25 o  0   0.75 162.51094 -13.92580  4109.07  5642.37 2.45 2.25 -35.8 -0.395 18.60 19.12 03a60128o0022o
60127.758517 -20.191  0.883   -30   27 o  0   1.56 162.51094 -13.92580  4052.49  5560.21 2.55 2.29 -47.9 -0.406 18.53 19.03 03a60128o0045o
60127.776504  19.841  0.733    42   31 o  0   1.01 162.51094 -13.92580  4033.76  5671.71 2.60 2.33 -44.2 -0.402 18.45 18.93 03a60128o0084o
60128.735246 -21.104  1.935   -13   25 o  0   0.92 162.51094 -13.92580  4087.84  5602.27 2.79 2.35 -10.4 -0.397 18.48 19.10 03a60129o0098o
60128.738034  20.589  1.172    21   25 o  0   1.36 162.51094 -13.92580  4105.36  5640.75 2.81 2.42 -14.0 -0.368 18.42 18.95 03a60129o0104o
60128.757987 -19.386  0.504   -64   32 o  0   0.85 162.51094 -13.92580  4051.47  5560.95 2.92 2.42  -9.2 -0.377 18.37 18.90 03a60129o0147o
60128.767798  22.278  7.125     4   32 o  0   1.36 162.51094 -13.92580  4031.41  5675.06 2.96 2.36  -9.1 -0.402 18.34 18.82 03a60129o0168o
60130.003146  23.347 18.857     2   31 o  0   1.42 162.51094 -13.92580  8716.30  7514.90 3.04 2.67 -45.9 -0.414 18.33 19.16 04a60130o0135o
60130.014671 -21.379  2.980   -10   30 o  0   0.97 162.51094 -13.92580  8729.84  7555.37 2.77 2.41 -49.5 -0.405 18.32 19.03 04a60130o0160o
60130.023366 -20.360  1.140   -26   30 o  0   1.25 162.51094 -13.92580  8666.72  7479.77 2.63 2.33 -42.0 -0.415 18.34 18.99 04a60130o0179o
60130.026526 -20.352  1.231   -26   32 o  0   1.10 162.51094 -13.92580  8644.14  7596.55 2.76 2.41 -47.1 -0.388 18.23 18.94 04a60130o0186o
60130.702539 -20.638  0.919   -20   18 o  0   1.16 162.51094 -13.92580  8587.91  7657.59 2.48 2.12 -54.9 -0.401 18.86 19.61 03a60131o0039o
60130.707620  20.902  1.065    16   17 o  0   1.01 162.51094 -13.92580  8607.21  7696.54 2.43 2.08 -53.8 -0.411 19.11 20.11 03a60131o0050o
60130.711312 -20.579  0.662   -21   14 o  0   1.24 162.51094 -13.92580  8550.07  7615.96 2.55 2.08 -55.1 -0.411 19.11 20.21 03a60131o0058o
60130.722798 -20.842  0.835   -17   14 o  0   0.87 162.51094 -13.92580  8529.58  7730.89 2.62 2.13 -51.9 -0.413 19.26 20.51 03a60131o0083o
60131.967510  19.673  1.171    49   57 o  0   1.06 162.51094 -13.92580  6794.31  7599.86 3.32 2.95 -68.0 -0.398 17.57 18.90 04a60132o0056o
60131.971144 -19.915  1.857   -39   73 o  0   1.19 162.51094 -13.92580  6811.17  7638.34 2.84 2.47 -61.5 -0.423 17.38 18.53 04a60132o0064o
60131.977950 -20.124  1.603   -32   52 o  0   1.17 162.51094 -13.92580  6753.14  7559.82 3.21 2.79 -67.1 -0.387 17.74 19.15 04a60132o0079o
