MJD          m      dm   uJy   duJy F err chi/N     RA       Dec        x        y     maj  min   phi  apfit mag5sig Sky   Obs
59577.917617 -20.516  0.489   -23   11 o  0   1.66  59.50642 -65.50676  3856.82  4734.76 3.01 2.34   2.7 -0.450 19.27 21.20 03a59578o0120o
59577.933624  20.201  0.538    30   16 o  0   1.02  59.50642 -65.50676  3983.44  4803.39 3.25 2.75   9.0 -0.400 19.20 21.18 03a59578o0142o
59577.936684 -20.706  0.662   -19   12 o  0   1.86  59.50642 -65.50676  3950.18  4729.48 3.29 2.55  -0.4 -0.419 19.17 21.14 03a59578o0148o
59577.942240  19.819  0.386    43   17 o  0   0.89  59.50642 -65.50676  3954.47  4840.32 3.19 2.56   6.6 -0.422 19.19 21.04 03a59578o0159o
59578.093646 -21.683  2.968    -8   23 o  0   1.18  59.50642 -65.50676  4714.58  5577.73 3.44 2.43  78.5 -0.363 18.50 19.68 03a59578o0440o
59578.899352  20.531  0.708    22   16 o  0   1.32  59.50642 -65.50676  3740.71  4711.43 3.03 2.77 -83.9 -0.390 19.03 20.78 03a59579o0149o
59578.902149  20.929  0.968    15   15 o  0   1.15  59.50642 -65.50676  3775.60  4750.34 3.01 2.70 -89.7 -0.393 19.02 20.77 03a59579o0155o
59578.908768 -22.067  2.458    -5   13 o  0   1.24  59.50642 -65.50676  3769.25  4679.48 2.90 2.59 -87.2 -0.404 19.13 20.84 03a59579o0167o
59578.918591  25.488 68.000     0   16 o  0   0.98  59.50642 -65.50676  3810.83  4802.92 2.98 2.63  74.6 -0.400 19.09 20.83 03a59579o0188o
59579.881418 -21.838  1.808    -7   12 o  0   1.20  59.50642 -65.50676  2487.95  2313.38 3.23 2.75  86.8 -0.386 19.25 21.42 03a59580o0210o
59579.884702  20.703  0.605    19   12 o  0   1.44  59.50642 -65.50676  2527.76  2349.82 3.12 2.76  79.4 -0.390 19.30 21.51 03a59580o0217o
59579.891187 -21.412  1.225   -10   12 o  0   1.11  59.50642 -65.50676  2514.86  2271.59 3.10 2.78  83.2 -0.385 19.31 21.53 03a59580o0230o
59579.901600  20.157  0.381    31   12 o  0   1.18  59.50642 -65.50676  2562.60  2391.45 3.13 2.81  73.5 -0.380 19.30 21.56 03a59580o0251o
59585.851024  21.390  1.387    10   14 c  0   0.89  59.50642 -65.50676  8575.41  5112.72 3.67 2.83   1.1 -0.379 19.18 21.63 03a59586o0147c
59585.853820 -20.457  0.507   -24   12 c  0   1.30  59.50642 -65.50676  8611.58  5152.18 3.61 2.79   3.9 -0.382 19.20 21.64 03a59586o0153c
59585.860345  21.284  1.194    11   13 c  0   1.18  59.50642 -65.50676  8600.61  5069.75 3.54 2.81   7.0 -0.381 19.25 21.72 03a59586o0166c
59585.872432  21.669  1.739     8   14 c  0   1.10  59.50642 -65.50676  8662.87  5188.46 3.64 2.97   6.3 -0.377 19.24 21.86 03a59586o0191c
59592.842849 -20.675  1.067   -20   21 o  0   1.62  59.50642 -65.50676  6850.14  5084.52 2.89 2.70  -3.3 -0.451 18.80 20.04 03a59593o0131o
59592.846633  19.578  0.439    54   24 o  0   0.72  59.50642 -65.50676  6888.75  5126.10 2.91 2.78 -32.5 -0.416 18.77 20.05 03a59593o0137o
59592.851778  21.291  2.255    11   25 o  0   0.75  59.50642 -65.50676  6871.53  5043.59 2.81 2.58  -5.6 -0.448 18.82 20.05 03a59593o0148o
59592.869401  20.474  0.827    24   19 o  0   1.19  59.50642 -65.50676  6966.15  5171.77 2.74 2.66  15.7 -0.416 18.79 20.03 03a59593o0183o
59604.851646 -21.784  1.514    -7   11 c  0   0.89  59.50642 -65.50676  3080.24  3721.14 2.83 2.32  88.0 -0.394 19.53 21.86 03a59605o0189c
59604.854522 -21.508  0.930    -9    8 c  0   1.14  59.50642 -65.50676  3099.35  3758.91 2.93 2.39  88.3 -0.387 19.50 21.88 03a59605o0195c
59604.860805 -21.934  1.387    -6    8 c  0   1.75  59.50642 -65.50676  3041.31  3685.90 2.87 2.27  88.4 -0.396 19.52 21.86 03a59605o0208c
59607.882019 -21.944  1.417    -6    9 c  0   1.60  59.50642 -65.50676  5809.48  7748.62 3.10 2.81 -82.2 -0.385 19.40 21.80 03a59608o0068c
59617.781846  20.881  1.102    16   18 o  0   1.08  59.50642 -65.50676  9515.36  7761.64 2.35 1.99 -83.2 -0.483 19.09 20.24 03a59618o0045o
59617.787118 -20.175  0.418   -31   13 o  0   1.23  59.50642 -65.50676  9536.25  7799.27 2.39 2.01 -83.1 -0.479 19.18 20.43 03a59618o0056o
59617.789901 -22.123  2.667    -5   14 o  0   1.67  59.50642 -65.50676  9483.15  7714.18 2.38 2.08 -84.6 -0.476 19.18 20.46 03a59618o0062o
59617.793088  21.116  0.959    13   12 o  0   1.84  59.50642 -65.50676   773.75  7558.90 2.64 2.03  85.0 -0.438 19.20 20.53 03a59618o0069o
59617.795844 -20.443  0.599   -24   14 o  0   1.12  59.50642 -65.50676   792.60  7598.23 2.66 2.03  84.9 -0.438 19.18 20.56 03a59618o0075o
59617.804833 -20.735  0.766   -18   14 o  0   1.03  59.50642 -65.50676  9470.77  7819.32 2.42 2.08 -84.6 -0.465 19.17 20.52 03a59618o0094o
59617.805747  20.062  0.490    34   17 o  0   0.97  59.50642 -65.50676   745.32  7529.79 2.64 2.07  86.7 -0.436 19.21 20.56 03a59618o0096o
59617.816876  21.453  1.562    10   15 o  0   1.32  59.50642 -65.50676   727.93  7654.40 2.83 2.16  86.7 -0.422 19.15 20.58 03a59618o0120o
59621.841987 -21.454  1.667   -10   16 o  0   1.17  59.50642 -65.50676  9556.70  7721.23 2.45 2.05 -77.6 -0.464 19.04 20.16 03a59622o0167o
59621.848415 -23.492 12.444    -2   18 o  0   0.75  59.50642 -65.50676  9577.41  7759.01 2.44 1.98 -81.4 -0.466 19.05 20.15 03a59622o0181o
59621.849326  20.531  0.787    22   18 o  0   1.17  59.50642 -65.50676   811.97  7604.24 2.50 2.03  89.8 -0.437 19.13 20.22 03a59622o0183o
59621.851611  23.890 16.000     1   16 o  0   0.95  59.50642 -65.50676  9523.53  7673.96 2.51 2.03 -76.6 -0.454 19.05 20.13 03a59622o0188o
59621.855759  21.797  2.625     7   18 o  0   0.96  59.50642 -65.50676   833.52  7645.71 2.62 2.08 -86.3 -0.418 19.09 20.19 03a59622o0197o
59621.858963 -21.186  1.451   -12   18 o  0   1.07  59.50642 -65.50676   779.39  7570.37 2.66 2.04 -88.9 -0.424 19.05 20.18 03a59622o0204o
59621.862639 -21.579  2.020    -8   17 o  0   1.13  59.50642 -65.50676  9509.43  7781.26 2.48 2.03 -79.4 -0.454 19.00 20.11 03a59622o0212o
59621.871805  21.411  1.690    10   17 o  0   1.37  59.50642 -65.50676   766.77  7695.31 2.65 2.03 -89.8 -0.423 19.06 20.16 03a59622o0232o
59628.021411 -22.550 14.214    -4   49 o  0   1.05  59.50642 -65.50676  9771.51    55.20 3.06 2.62 -20.7 -0.338 18.50 19.34 04a59628o0011o
59628.021866  20.819  1.750    17   30 o  0   1.27  59.50642 -65.50676  8838.23 10197.49 2.91 2.81  53.5 -0.409 18.54 19.47 04a59628o0012o
59628.024142 -19.700  0.715   -48   34 o  0   0.95  59.50642 -65.50676  9789.38    95.35 2.90 2.52 -25.5 -0.304 18.65 19.65 04a59628o0017o
59628.024597  20.371  1.124    26   29 o  0   1.05  59.50642 -65.50676  8853.52 10236.99 2.86 2.71  46.9 -0.413 18.76 19.76 04a59628o0018o
59628.029805  19.886  0.594    40   24 o  0   0.96  59.50642 -65.50676  8796.60 10151.25 3.04 2.87  51.4 -0.377 18.76 19.99 04a59628o0029o
59628.031717  22.411  6.059     4   24 o  0   1.06  59.50642 -65.50676   299.82 10271.25 3.37 2.40 -71.2 -0.395 18.86 20.05 04a59628o0033o
59628.034505 -21.476  2.575    -9   24 o  0   0.93  59.50642 -65.50676   314.43 10307.58 3.36 2.40 -71.2 -0.391 18.86 20.02 04a59628o0039o
59628.040422  21.632  3.091     8   25 o  0   1.08  59.50642 -65.50676   259.27 10230.81 3.41 2.47 -75.0 -0.392 18.79 19.85 04a59628o0052o
59628.041333 -22.427  7.667    -4   30 o  0   0.93  59.50642 -65.50676  9685.03   120.18 3.15 2.56 -33.0 -0.374 18.71 19.75 04a59628o0054o
59628.044661 -21.042  2.000   -14   28 o  0   1.01  59.50642 -65.50676  8766.41 10261.96 3.18 2.74  48.9 -0.371 18.74 19.75 04a59628o0061o
59628.050196 -19.253  0.368   -72   27 o  0   1.16  59.50642 -65.50676   231.59 10347.09 3.44 2.49 -72.3 -0.384 18.75 19.72 04a59628o0072o
59632.064683 -24.110 17.000    -1   14 c  0   0.94  59.50642 -65.50676  8800.18 10179.74 3.34 3.13  49.1 -0.318 19.29 21.47 04a59632o0032c
59632.066518 -20.174  1.030   -31   32 c  0   0.99  59.50642 -65.50676  9726.35    36.41 3.93 2.95 -28.6 -0.308 19.26 21.42 04a59632o0036c
59632.067429  21.362  1.371    10   14 c  0   1.12  59.50642 -65.50676  8816.37 10219.40 3.48 3.29  49.3 -0.306 19.24 21.45 04a59632o0038c
59632.069267 -22.701  6.700    -3   20 c  0   0.89  59.50642 -65.50676  9745.26    76.76 3.76 2.87 -28.5 -0.330 19.28 21.43 04a59632o0042c
59632.075234  21.729  1.792     7   13 c  0   1.16  59.50642 -65.50676  8759.05 10134.60 3.57 3.41  36.7 -0.282 19.23 21.49 04a59632o0055c
59632.084825  23.970 16.333     1   15 c  0   1.06  59.50642 -65.50676  8734.35 10250.44 3.56 3.47  50.8 -0.279 19.22 21.43 04a59632o0076c
59632.086676  20.170  0.509    31   16 c  0   0.95  59.50642 -65.50676  9643.84   105.81 3.86 2.75 -29.1 -0.339 19.20 21.44 04a59632o0080c
59632.095910  20.617  0.825    21   17 c  0   0.87  59.50642 -65.50676   248.70 10247.85 3.80 3.33 -74.8 -0.306 19.26 21.54 04a59632o0100c
59632.098703  21.983  2.789     6   16 c  0   0.94  59.50642 -65.50676   264.69 10284.98 3.77 3.19 -75.0 -0.287 19.30 21.54 04a59632o0106c
59632.101577  20.437  0.634    24   15 c  0   1.19  59.50642 -65.50676   210.99 10210.78 4.02 3.39 -72.0 -0.271 19.26 21.48 04a59632o0112c
59632.106730 -21.974  2.450    -6   14 c  0   1.46  59.50642 -65.50676   188.65 10330.52 3.66 3.13 -71.9 -0.296 19.31 21.38 04a59632o0123c
59636.081267  20.290  0.772    28   22 o  0   0.91  59.50642 -65.50676  7462.11    54.94 3.12 2.64 -34.7 -0.367 19.26 20.92 04a59636o0019o
59636.085345 -21.720  1.578    -7   12 o  0   1.09  59.50642 -65.50676  7010.90 10152.99 3.04 2.37 -82.1 -0.384 19.41 20.91 04a59636o0028o
59636.088085  22.329  2.880     4   12 o  0   1.33  59.50642 -65.50676  7026.47 10192.79 3.02 2.34 -84.9 -0.400 19.44 20.92 04a59636o0034o
59636.093535 -20.293  0.382   -28   11 o  0   1.47  59.50642 -65.50676  6969.61 10110.69 3.01 2.30 -84.4 -0.390 19.44 20.86 04a59636o0046o
59636.105314 -22.575  3.800    -3   13 o  0   0.95  59.50642 -65.50676  6945.01 10228.28 3.14 2.38 -87.4 -0.360 19.40 20.97 04a59636o0072o
59638.058422 -21.424  1.170   -10   11 o  0   1.52  59.50642 -65.50676  8744.29  4015.56 2.94 2.36 -26.8 -0.399 19.21 20.83 04a59638o0108o
59639.052766  22.732  4.083     3   12 c  0   1.36  59.50642 -65.50676  2048.45 10004.52 3.38 2.58 -73.6 -0.327 19.41 21.54 04a59639o0123c
59639.055468  21.943  2.148     6   13 c  0   0.88  59.50642 -65.50676  2066.04 10041.73 3.17 2.49 -73.5 -0.340 19.45 21.55 04a59639o0129c
59639.055919 -20.576  1.194   -21   26 c  0   1.56  59.50642 -65.50676 10524.13 10332.38 3.61 2.90  45.9 -0.388 19.36 21.47 04a59639o0130c
59639.062249  20.128  0.432    32   14 c  0   1.04  59.50642 -65.50676  2009.76  9964.53 3.23 2.67 -79.9 -0.336 19.40 21.55 04a59639o0144c
59639.072362  23.119  6.111     2   12 c  0   1.37  59.50642 -65.50676  1983.34 10082.16 3.12 2.54 -76.6 -0.341 19.46 21.55 04a59639o0166c
59640.038978 -20.914  0.786   -16   12 c  0   1.34  59.50642 -65.50676  8793.27  4059.00 3.02 2.47 -16.8 -0.387 19.31 21.40 04a59640o0102c
59640.043990  21.505  1.136     9   10 c  0   1.56  59.50642 -65.50676  8808.72  4098.18 2.89 2.31 -22.0 -0.415 19.31 21.37 04a59640o0113c
59640.046707  20.667  0.539    20   11 c  0   1.16  59.50642 -65.50676  8749.03  4014.67 2.81 2.25 -22.4 -0.404 19.32 21.34 04a59640o0119c
59640.058047  22.386  3.100     4   12 c  0   0.95  59.50642 -65.50676  8719.44  4127.81 2.82 2.33 -25.5 -0.405 19.33 21.36 04a59640o0144c
59641.035341 -21.627  2.094    -8   17 o  0   1.13  59.50642 -65.50676  2060.96 10006.69 3.12 2.55 -76.7 -0.405 19.13 20.90 04a59641o0107o
59641.042154  22.533  4.812     4   17 o  0   0.89  59.50642 -65.50676  2073.37 10042.98 3.02 2.29 -72.1 -0.405 19.22 20.87 04a59641o0122o
59641.045770 -23.948 18.000    -1   17 o  0   1.08  59.50642 -65.50676  2017.75  9967.11 3.18 2.40 -76.1 -0.388 19.18 20.93 04a59641o0130o
59641.062147  23.946 16.000     1   15 o  0   1.17  59.50642 -65.50676  1988.44 10082.04 3.14 2.44 -81.4 -0.374 19.20 20.87 04a59641o0166o
59642.039984 -21.597  2.295    -8   19 o  0   0.77  59.50642 -65.50676  8790.05  4056.47 2.64 2.24 -21.7 -0.420 18.97 20.40 04a59642o0105o
59642.044999 -20.521  0.645   -22   14 o  0   1.45  59.50642 -65.50676  8805.26  4095.76 2.54 2.20 -24.1 -0.428 19.03 20.47 04a59642o0116o
59642.048170 -19.981  0.430   -37   16 o  0   0.99  59.50642 -65.50676  8745.73  4013.44 2.65 2.23 -23.9 -0.427 19.00 20.38 04a59642o0123o
59642.058640  20.939  0.953    15   15 o  0   1.18  59.50642 -65.50676  8718.38  4125.57 2.52 2.19 -27.5 -0.426 19.08 20.62 04a59642o0146o
59645.800859  22.833  4.294     3   12 o  0   1.23  59.50642 -65.50676  5083.45  2088.25 2.62 2.28 -52.3 -0.411 19.30 20.62 03a59646o0100o
59645.805950 -22.256  2.571    -4   12 o  0   1.37  59.50642 -65.50676  5102.83  2129.91 2.67 2.30 -52.3 -0.413 19.27 20.65 03a59646o0111o
59645.816486  21.383  1.141    10   12 o  0   1.49  59.50642 -65.50676  5042.97  2050.77 2.61 2.30 -50.8 -0.415 19.27 20.62 03a59646o0134o
59645.819270 -21.563  1.481    -9   13 o  0   0.94  59.50642 -65.50676  5018.10  2165.76 2.62 2.30 -51.7 -0.416 19.27 20.61 03a59646o0140o
59656.039003  19.839  0.748    42   32 o  0   0.74  59.50642 -65.50676  4103.45  7775.87 2.68 2.30 -84.2 -0.398 18.35 19.13 04a59656o0124o
59656.044884 -23.243 15.818    -2   29 o  0   0.91  59.50642 -65.50676  4119.43  7814.25 2.57 2.14 -84.8 -0.409 18.36 19.13 04a59656o0136o
59656.051032 -19.744  0.805   -46   37 o  0   0.79  59.50642 -65.50676  4062.53  7737.76 2.64 2.26 -81.4 -0.398 18.39 19.10 04a59656o0149o
59656.062667 -20.856  2.053   -16   34 o  0   0.91  59.50642 -65.50676  4036.34  7855.53 2.57 2.17 -84.9 -0.422 18.33 19.05 04a59656o0173o
59669.759476 -21.428  1.212   -10   12 c  0   0.95  59.50642 -65.50676  6853.46 10187.14 2.93 2.67 -78.5 -0.375 19.51 21.28 03a59670o0100c
59669.761328  21.210  0.922    12   11 c  0   1.22  59.50642 -65.50676  7584.24    66.61 3.17 2.47 -54.4 -0.364 19.49 21.28 03a59670o0104c
59669.764575  21.268  0.814    11    9 c  0   1.86  59.50642 -65.50676  6872.19 10226.76 2.91 2.68 -72.6 -0.381 19.47 21.29 03a59670o0111c
59669.766425  20.962  0.675    15   10 c  0   1.28  59.50642 -65.50676  7603.69   106.38 3.22 2.56 -53.7 -0.357 19.44 21.29 03a59670o0115c
59669.771940 -24.107 13.000    -1   11 c  0   1.41  59.50642 -65.50676  6823.08 10143.52 3.05 2.80 -66.7 -0.369 19.43 21.29 03a59670o0127c
59669.774690 -19.931  0.289   -39   11 c  0   1.52  59.50642 -65.50676  6802.82 10258.04 3.10 2.85 -67.0 -0.373 19.40 21.30 03a59670o0133c
59669.786115  20.569  0.505    22   11 c  0   1.48  59.50642 -65.50676  7510.32   131.58 3.53 2.79 -56.4 -0.361 19.35 21.28 03a59670o0158c
59672.007146  20.146  0.503    32   16 o  0   1.38  59.50642 -65.50676  4377.73  5738.48 2.54 2.24 -82.9 -0.425 18.91 20.34 04a59672o0097o
59672.010317  22.713  5.412     3   16 o  0   1.24  59.50642 -65.50676  4393.85  5775.89 2.52 2.23 -80.4 -0.418 18.91 20.35 04a59672o0104o
59672.017128  22.614  5.368     3   18 o  0   1.08  59.50642 -65.50676  4333.96  5700.27 2.50 2.17 -81.4 -0.426 18.93 20.34 04a59672o0119o
59672.026690  23.998 14.600     1   13 o  0   1.45  59.50642 -65.50676  4308.53  5817.35 2.56 2.30 -88.8 -0.406 18.88 20.43 04a59672o0140o
59677.767259 -21.548  2.480    -9   22 o  0   1.09  59.50642 -65.50676  7137.18  2080.72 3.96 3.58 -47.4 -0.392 18.65 20.26 03a59678o0049o
59677.772304  19.607  0.447    52   23 o  0   0.93  59.50642 -65.50676  7155.89  2119.94 3.94 3.58 -48.1 -0.379 18.68 20.27 03a59678o0060o
59677.775052 -19.431  0.415   -61   26 o  0   0.94  59.50642 -65.50676  7095.96  2038.09 4.52 4.13 -46.8 -0.342 18.56 20.27 03a59678o0066o
59677.787456  21.143  1.794    13   23 o  0   1.18  59.50642 -65.50676  7069.31  2148.95 4.14 3.75 -50.5 -0.353 18.66 20.30 03a59678o0093o
59679.973730 -19.332  1.008   -67   68 o  0   1.63  59.50642 -65.50676  2464.16  5886.66 2.64 2.40 -84.4 -0.397 17.39 17.66 04a59680o0041o
59679.981443  21.300  3.229    11   35 o  0   1.03  59.50642 -65.50676  2478.93  5924.03 2.94 2.57 -85.0 -0.425 18.30 19.39 04a59680o0058o
59679.984608 -21.372  2.463   -10   25 o  0   0.81  59.50642 -65.50676  2420.45  5848.61 2.64 2.41 -77.8 -0.410 18.60 19.78 04a59680o0065o
59679.996507 -23.487 16.143    -2   24 o  0   0.74  59.50642 -65.50676  2396.59  5967.32 2.68 2.60  77.3 -0.411 18.67 20.05 04a59680o0091o
59687.990762  20.231  0.786    29   23 o  0   0.79  59.50642 -65.50676  1300.96  1889.58 2.75 2.20  42.6 -0.418 18.82 19.99 04a59688o0071o
59687.997082 -20.037  0.676   -35   24 o  0   1.04  59.50642 -65.50676  1317.78  1928.28 2.73 2.23  40.9 -0.413 18.74 19.82 04a59688o0085o
59688.002537 -20.774  1.386   -18   25 o  0   0.86  59.50642 -65.50676  1251.27  1856.53 2.90 2.30  35.0 -0.406 18.64 19.70 04a59688o0097o
59688.015693  21.121  1.836    13   24 o  0   1.86  59.50642 -65.50676  1222.96  1980.11 2.74 2.09  38.4 -0.410 18.64 19.51 04a59688o0126o
59746.154049 -20.865  1.778   -16   29 o  0   1.53  59.50642 -65.50676  7258.73 10410.00 3.01 2.91 -30.9 -0.403 18.20 18.95 03a59746o0590o
59746.157821 -20.565  1.309   -22   28 o  0   1.28  59.50642 -65.50676  7237.86 10366.72 2.76 2.70  88.6 -0.415 18.26 18.96 03a59746o0598o
59746.162890 -22.378  8.667    -4   35 o  0   1.29  59.50642 -65.50676  7126.84   256.57 3.48 3.08  17.9 -0.385 18.28 18.98 03a59746o0609o
59746.175976 -22.343  7.087    -4   30 o  0   1.15  59.50642 -65.50676  7296.38 10442.28 2.62 2.60 -28.3 -0.422 18.26 18.86 03a59746o0636o
59746.177803  20.377  1.318    26   34 o  0   1.27  59.50642 -65.50676  7116.09   215.62 3.72 3.31  13.3 -0.372 18.14 18.81 03a59746o0640o
59746.181961  20.126  1.367    32   44 o  0   1.11  59.50642 -65.50676  7166.71   294.25 3.48 3.05  12.8 -0.400 18.08 18.56 03a59746o0649o
59746.187781 -20.392  1.978   -25   50 o  0   1.10  59.50642 -65.50676  7314.32 10326.57 2.71 2.65 -43.3 -0.417 17.71 17.77 03a59746o0661o
59746.190170  19.601  1.389    52   73 o  0   1.10  59.50642 -65.50676  7189.50   176.27 3.30 2.69  22.9 -0.433 17.37 17.19 03a59746o0666o
59756.414005 -18.110  1.333  -207  276 c  0   0.92  59.50642 -65.50676  8171.74  4654.53 3.15 2.74 -18.7 -0.355 15.81 17.84 04a59756o0832c
59756.419685 -19.223  1.833   -74  136 c  0   0.83  59.50642 -65.50676  8155.58  4616.67 3.39 3.08 -23.7 -0.331 16.70 18.85 04a59756o0844c
59756.437107 -18.663  1.130  -124  140 c  0   1.22  59.50642 -65.50676  8215.13  4696.38 2.93 2.51 -21.6 -0.361 16.52 18.46 04a59756o0881c
59756.445612 -19.187  0.669   -77   51 c  0   0.97  59.50642 -65.50676  8236.72  4582.00 2.93 2.45 -16.1 -0.353 17.83 19.36 04a59756o0899c
59761.409045 -21.599  1.114    -8    9 c  0   1.52  59.50642 -65.50676  8570.43   544.64 3.20 2.35 -26.8 -0.351 19.47 21.56 04a59761o0958c
59761.412742 -21.278  0.912   -11   10 c  0   1.09  59.50642 -65.50676  8554.07   508.15 3.27 2.41 -28.1 -0.341 19.47 21.53 04a59761o0966c
59761.431690  20.932  0.699    15   11 c  0   1.34  59.50642 -65.50676  8610.85   587.90 3.04 2.18 -28.8 -0.359 19.54 21.43 04a59761o1000c
59761.432141 -20.151  0.518   -32   16 c  0   1.34  59.50642 -65.50676    73.40   416.68 4.84 2.15  44.0 -0.246 19.57 21.52 04a59761o1001c
59761.440414 -20.440  0.876   -24   21 c  0   1.17  59.50642 -65.50676    93.93   302.20 4.70 2.13  42.8 -0.286 19.26 20.79 04a59761o1018c
59761.444630  21.135  1.397    13   18 c  0   1.55  59.50642 -65.50676  8635.85   472.95 3.12 2.30 -25.8 -0.338 18.84 19.90 04a59761o1027c
59763.379336 -20.582  1.385   -21   29 c  0   1.03  59.50642 -65.50676  5357.62   369.18 2.50 2.37  17.2 -0.375 18.37 20.13 04a59763o0935c
59763.383555 -21.198  1.571   -12   19 c  0   1.73  59.50642 -65.50676  5340.00   331.00 2.39 2.25  17.2 -0.379 18.53 20.23 04a59763o0943c
59763.386727  20.093  1.333    33   44 c  0   1.59  59.50642 -65.50676  5323.07 10525.39 3.14 2.48 -83.6 -0.330 18.45 20.23 04a59763o0950c
59763.389910  23.537 11.400     1   16 c  0   1.84  59.50642 -65.50676  5394.39   409.62 2.34 2.25  23.5 -0.381 18.74 20.46 04a59763o0957c
59763.396777  20.906  1.438    16   23 c  0   0.96  59.50642 -65.50676  5411.65   294.31 2.47 2.26  27.0 -0.379 18.63 20.34 04a59763o0972c
59763.404466  20.583  1.238    21   26 c  0   1.94  59.50642 -65.50676  5411.86 10488.56 3.04 2.20 -77.7 -0.350 18.75 20.49 04a59763o0989c
59778.108065 -20.378  1.154   -26   30 o  0   0.84  59.50642 -65.50676    61.91   217.51 2.69 2.45 -51.8 -0.473 18.67 19.28 03a59778o0878o
59778.140730 -20.407  0.959   -25   24 o  0   1.15  59.50642 -65.50676  8557.25   593.46 2.57 2.38  -5.2 -0.440 18.69 19.34 03a59778o0948o
59778.156757 -22.013  4.280    -6   24 o  0   1.57  59.50642 -65.50676  8545.21   548.71 3.00 2.77   2.6 -0.424 18.61 19.43 03a59778o0982o
59778.174306  21.980  4.161     6   24 o  0   1.21  59.50642 -65.50676  8596.94   628.40 2.73 2.53   5.1 -0.432 18.62 19.31 03a59778o1020o
59778.189109  19.577  0.981    54   53 o  0   1.37  59.50642 -65.50676  8619.46   511.04 2.84 2.65   3.2 -0.432 17.76 17.70 03a59778o1051o
59782.177055 -20.180  0.424   -31   13 o  0   1.21  59.50642 -65.50676    70.37   192.70 2.35 2.09 -37.1 -0.474 19.30 20.39 03a59782o0845o
59784.417239 -20.515  0.377   -23    8 o  0   1.21  59.50642 -65.50676  4703.33  2922.81 2.19 2.09  -1.9 -0.423 19.48 21.07 04a59784o0970o
59784.427071  22.174  2.024     5   10 o  0   1.04  59.50642 -65.50676  4691.88  2885.91 2.15 2.11  25.7 -0.408 19.44 21.03 04a59784o0991o
59784.436596  20.642  1.145    20   23 o  0   0.73  59.50642 -65.50676  4755.30  2965.27 2.20 2.09  -9.4 -0.418 18.77 19.66 04a59784o1011o
59784.442987  18.431  1.011   154  156 o  0   0.62  59.50642 -65.50676  4779.54  2850.82 2.36 2.24 -10.9 -0.408 16.82 17.22 04a59784o1025o
59786.125401  22.067  1.636     5    9 c  0   1.18  59.50642 -65.50676  1705.34  6399.85 2.60 2.50 -33.3 -0.409 19.67 21.76 03a59786o0854c
59786.128604  21.647  1.130     8    9 c  0   1.03  59.50642 -65.50676  1686.58  6358.50 2.68 2.60 -40.7 -0.403 19.64 21.78 03a59786o0861c
59786.135260  20.578  0.467    21   10 c  0   0.89  59.50642 -65.50676  1741.54  6439.32 2.70 2.60 -36.2 -0.401 19.65 21.81 03a59786o0874c
59786.146101  21.186  0.731    12    9 c  0   1.40  59.50642 -65.50676  1762.37  6322.39 3.10 3.08 -54.9 -0.397 19.49 21.80 03a59786o0896c
59796.399847  20.769  0.610    18   11 c  0   0.73  59.50642 -65.50676  1509.80  8601.03 3.06 2.44 -88.1 -0.328 19.65 21.69 04a59796o0769c
59796.416621 -22.157  1.871    -5    9 c  0   1.15  59.50642 -65.50676  1503.59  8566.97 2.82 2.36 -83.1 -0.343 19.66 21.74 04a59796o0805c
59796.420356  21.145  0.808    13   10 c  0   1.14  59.50642 -65.50676  1569.50  8650.25 2.95 2.45 -89.3 -0.334 19.62 21.71 04a59796o0813c
59796.424992  21.676  1.213     8    9 c  0   1.18  59.50642 -65.50676  1596.16  8537.19 2.82 2.41 -87.9 -0.347 19.63 21.61 04a59796o0823c
59798.152705  20.161  0.283    31    9 c  0   1.21  59.50642 -65.50676  5016.82 10489.18 2.77 2.56 -72.1 -0.373 19.66 21.74 03a59798o0914c
59798.153156  21.446  1.000    10   10 c  0   1.12  59.50642 -65.50676  5364.84   327.71 2.74 2.64  -9.0 -0.370 19.70 21.77 03a59798o0915c
59798.158872  21.777  1.239     7    9 c  0   1.18  59.50642 -65.50676  5348.33   288.12 2.61 2.53  21.7 -0.372 19.73 21.77 03a59798o0927c
59798.162799  24.062  9.000     1    8 c  0   1.31  59.50642 -65.50676  4990.91 10450.54 2.82 2.62 -64.8 -0.367 19.65 21.74 03a59798o0935c
59798.177235 -21.420  1.000   -10   10 c  0   1.57  59.50642 -65.50676  5395.95   369.48 2.67 2.61   1.9 -0.366 19.47 21.03 03a59798o0964c
59798.183024 -21.294  1.658   -11   18 c  0   1.34  59.50642 -65.50676  5069.17 10410.97 2.68 2.44 -61.8 -0.360 18.94 19.77 03a59798o0975c
59798.184964 -22.992 11.067    -2   26 c  0   0.80  59.50642 -65.50676  5416.10   251.81 2.65 2.56  -8.2 -0.358 18.72 19.34 03a59798o0979c
59800.397686  21.496  1.200     9   11 o  0   1.11  59.50642 -65.50676  1516.78  8603.41 2.64 2.12  90.0 -0.374 19.47 20.99 04a59800o0939o
59800.400861  25.982 71.000     0   10 o  0   1.50  59.50642 -65.50676  1499.10  8563.97 2.74 2.15 -84.5 -0.367 19.45 21.05 04a59800o0946o
59800.407062 -23.969 13.167    -1   12 o  0   0.95  59.50642 -65.50676  1569.56  8648.62 2.79 2.26 -87.9 -0.363 19.48 21.05 04a59800o0958o
59800.419106 -24.507 22.750    -1   13 o  0   0.72  59.50642 -65.50676  1602.86  8536.55 2.69 2.13 -88.3 -0.371 19.49 21.07 04a59800o0982o
59802.070336 -19.233  7.456   -74  548 o  0   1.26  59.50642 -65.50676  7324.36  6821.81 2.38 2.17 -39.1 -0.461 15.14 14.53 03a59802o0448o
59802.073178 -15.469  0.667 -2356 1573 o  0   1.44  59.50642 -65.50676  7304.43  6785.05 2.47 2.21 -45.6 -0.450 13.99 13.30 03a59802o0454o
59804.288996  20.475  1.126    23   26 o  0   1.12  59.50642 -65.50676  1060.59  4471.56 2.48 2.10  51.3 -0.370 18.45 19.08 04a59804o0716o
59804.292231  20.681  1.267    19   25 o  0   1.13  59.50642 -65.50676  1041.37  4431.39 2.31 1.94  53.3 -0.392 18.53 19.10 04a59804o0723o
59804.295053 -22.816 10.455    -3   28 o  0   1.09  59.50642 -65.50676  1101.48  4514.43 2.37 1.98  58.8 -0.390 18.55 19.11 04a59804o0729o
59804.308241  21.823  3.588     7   24 o  0   1.16  59.50642 -65.50676  1124.52  4402.06 2.56 2.02  54.1 -0.373 18.53 19.15 04a59804o0756o
59804.310055  24.227 40.600     1   30 o  0   0.90  59.50642 -65.50676 10094.38  4417.15 2.83 1.98 -21.3 -0.391 18.52 19.02 04a59804o0760o
59804.314274 -25.279 109.500    -0   31 o  0   0.81  59.50642 -65.50676 10076.08  4380.97 2.68 1.91 -20.0 -0.435 18.55 19.05 04a59804o0769o
59804.326199 -21.161  2.494   -12   31 o  0   1.05  59.50642 -65.50676 10138.25  4456.58 2.86 2.04 -21.4 -0.395 18.51 19.13 04a59804o0795o
59804.343903 -22.767 11.053    -3   31 o  0   0.82  59.50642 -65.50676 10164.20  4343.75 2.80 2.04 -19.6 -0.399 18.55 19.15 04a59804o0833o
59814.133623 -20.528  0.522   -22   12 o  0   1.51  59.50642 -65.50676  4588.04  2826.80 2.18 2.07 -55.6 -0.442 19.47 20.68 03a59814o0903o
59814.137280  22.919  4.227     2   10 o  0   1.20  59.50642 -65.50676  4571.07  2787.01 2.18 2.00 -52.5 -0.439 19.49 20.74 03a59814o0911o
59814.157529  21.777  1.554     7   11 o  0   1.16  59.50642 -65.50676  4620.07  2866.50 2.17 1.97 -52.5 -0.434 19.47 20.64 03a59814o0953o
59814.173447  20.129  1.261    32   41 o  0   1.37  59.50642 -65.50676  4637.33  2751.10 2.25 2.10 -55.4 -0.438 18.13 18.27 03a59814o0986o
59826.032857  21.665  1.208     8   10 o  0   1.13  59.50642 -65.50676  1215.53  8379.22 2.62 2.30 -53.4 -0.394 19.64 21.31 03a59826o0688o
59826.039705  22.415  2.846     4   11 o  0   1.11  59.50642 -65.50676  1194.67  8336.44 2.65 2.32 -52.7 -0.394 19.63 21.33 03a59826o0703o
59826.064034  21.997  1.800     6   10 o  0   1.08  59.50642 -65.50676  1245.18  8413.90 2.76 2.46 -51.6 -0.385 19.57 21.31 03a59826o0755o
59826.069092 -21.007  0.728   -14   10 o  0   1.03  59.50642 -65.50676  1267.97  8297.65 2.87 2.55 -49.1 -0.382 19.50 21.25 03a59826o0765o
59828.238633  21.241  1.330    12   15 o  0   1.12  59.50642 -65.50676  1799.65   440.67 2.58 1.78  42.6 -0.417 19.14 20.12 04a59828o0583o
59828.240933 -19.848  0.395   -42   16 o  0   1.12  59.50642 -65.50676  1782.19   400.41 2.66 1.78  42.7 -0.419 19.13 20.10 04a59828o0588o
59828.251408  21.885  2.885     6   18 o  0   0.97  59.50642 -65.50676  1844.42   486.17 2.57 1.80  41.7 -0.416 19.17 20.09 04a59828o0610o
59828.267545  20.695  0.932    19   18 o  0   1.25  59.50642 -65.50676  1870.28   373.44 2.41 1.80  40.5 -0.446 19.16 20.18 04a59828o0644o
59828.269809 -19.758  0.390   -45   18 o  0   1.65  59.50642 -65.50676 10356.91   297.62 2.95 1.99 -30.3 -0.372 19.15 20.14 04a59828o0649o
59828.271611 -20.079  0.550   -34   19 o  0   1.36  59.50642 -65.50676 10339.31   260.48 2.80 2.09 -39.1 -0.364 19.17 20.13 04a59828o0653o
59828.274812  21.715  2.651     8   20 o  0   1.23  59.50642 -65.50676 10394.10   334.69 3.03 2.12 -34.6 -0.313 19.20 20.11 04a59828o0660o
59830.101484  20.719  0.938    19   18 o  0   1.49  59.50642 -65.50676  1182.09  8363.84 2.46 2.08 -56.3 -0.399 18.97 19.57 03a59830o0826o
59830.103758  21.173  1.115    12   14 o  0   1.68  59.50642 -65.50676  1160.13  8323.09 2.43 2.11 -57.3 -0.400 19.01 19.58 03a59830o0831o
59830.117398 -19.919  0.435   -39   17 o  0   0.96  59.50642 -65.50676  1215.27  8405.34 2.45 2.13 -60.5 -0.401 19.01 19.66 03a59830o0860o
59830.121012  21.175  1.266    12   16 o  0   1.32  59.50642 -65.50676  1239.18  8291.07 2.45 2.14 -59.2 -0.395 19.03 19.71 03a59830o0868o
59838.094449 -20.765  0.755   -18   14 o  0   1.09  59.50642 -65.50676  9942.62  4510.98 2.38 1.92 -58.7 -0.380 19.30 20.23 03a59838o0774o
59838.096266  20.430  0.538    24   13 o  0   1.06  59.50642 -65.50676  9925.47  4473.37 2.30 1.99 -56.0 -0.381 19.28 20.24 03a59838o0778o
59838.100104  21.157  1.047    12   13 o  0   1.61  59.50642 -65.50676  9980.60  4547.92 2.28 2.02 -55.5 -0.386 19.28 20.25 03a59838o0786o
59838.116348  21.081  1.009    13   14 o  0   1.16  59.50642 -65.50676  9999.96  4432.79 2.39 2.05 -58.6 -0.380 19.27 20.25 03a59838o0821o
59838.143481 -20.723  0.702   -19   13 o  0   1.36  59.50642 -65.50676  9455.25  6244.77 2.27 1.98 -54.8 -0.399 19.23 20.12 03a59838o0880o
59838.146440  20.575  0.736    21   16 o  0   1.06  59.50642 -65.50676  9473.05  6285.60 2.32 1.98 -56.1 -0.396 19.15 19.91 03a59838o0886o
59838.149391  22.387  4.441     4   18 o  0   1.04  59.50642 -65.50676  9418.32  6201.83 2.28 2.01 -55.9 -0.402 18.99 19.54 03a59838o0892o
59838.152352 -20.713  1.356   -19   26 o  0   0.94  59.50642 -65.50676  9395.52  6315.49 2.32 1.97 -56.5 -0.396 18.70 18.97 03a59838o0898o
59844.318967 -20.556  0.505   -22   11 o  0   0.91  59.50642 -65.50676  3630.64  8630.11 2.20 1.79 -72.5 -0.435 19.53 20.92 04a59844o0744o
59844.320700 -22.706  2.862    -3    9 o  0   1.89  59.50642 -65.50676  3611.91  8590.93 2.17 1.78 -71.9 -0.439 19.51 20.89 04a59844o0747o
59844.331283  23.101  4.789     2   10 o  0   1.51  59.50642 -65.50676  3685.26  8673.67 2.34 1.81 -73.9 -0.418 19.54 20.89 04a59844o0769o
59845.980611  21.905  1.279     6    8 c  0   1.00  59.50642 -65.50676  5368.75  8448.14 2.63 2.37 -41.8 -0.373 19.74 21.75 03a59846o0364c
59845.982901  21.517  0.887     9    8 c  0   1.13  59.50642 -65.50676  5349.42  8407.97 2.67 2.33 -46.7 -0.375 19.73 21.73 03a59846o0369c
59845.985658  20.985  0.549    15    8 c  0   1.27  59.50642 -65.50676  5406.89  8487.37 2.64 2.31 -41.3 -0.379 19.75 21.76 03a59846o0375c
59846.043856  20.490  0.538    23   12 c  0   0.78  59.50642 -65.50676  5412.06  8368.86 2.40 2.11 -51.5 -0.389 19.41 21.34 03a59846o0453c
59848.289073  21.744  1.744     7   13 o  0   1.62  59.50642 -65.50676  3604.79  8618.77 2.55 1.93 -78.6 -0.391 19.08 20.53 04a59848o0330o
59848.315751  21.892  2.238     6   14 o  0   1.16  59.50642 -65.50676  3611.77  8589.00 2.31 1.91 -79.1 -0.409 19.06 20.33 04a59848o0388o
59848.318949  22.494  7.143     4   26 o  0   0.81  59.50642 -65.50676  3677.70  8669.74 2.31 1.85 -80.7 -0.408 18.38 19.83 04a59848o0395o
59848.321696  19.933  1.037    39   40 o  0   0.62  59.50642 -65.50676  3700.69  8555.23 2.24 1.79 -78.0 -0.411 17.92 19.10 04a59848o0401o
59850.056075  21.718  1.194     8    9 c  0   0.99  59.50642 -65.50676  4184.67  4825.92 2.30 2.15 -52.8 -0.393 19.80 21.75 03a59850o0568c
59850.057889  20.978  0.584    15    9 c  0   1.19  59.50642 -65.50676  4166.29  4786.92 2.29 2.11 -52.8 -0.386 19.79 21.75 03a59850o0572c
59850.061512  24.016 66.000     1   59 c  0   1.10  59.50642 -65.50676  4220.29  4866.62 2.33 2.14 -51.2 -0.379 17.88 19.70 03a59850o0580c
59850.083271  21.405  0.684    10    7 c  0   1.48  59.50642 -65.50676  4237.17  4752.50 2.39 2.25 -59.7 -0.384 19.71 21.71 03a59850o0625c
59852.262461  21.152  0.766    13   10 o  0   1.24  59.50642 -65.50676  6555.96  2818.58 2.01 1.77 -28.9 -0.446 19.61 21.02 04a59852o0623o
59852.267532 -20.818  0.645   -17   11 o  0   0.97  59.50642 -65.50676  6542.88  2785.84 2.08 1.75 -18.2 -0.449 19.59 21.03 04a59852o0634o
59852.270275  21.036  0.652    14    9 o  0   1.49  59.50642 -65.50676  6599.44  2862.56 2.10 1.77 -18.7 -0.446 19.57 21.00 04a59852o0640o
59852.280942  21.229  0.882    12   10 o  0   1.23  59.50642 -65.50676  6627.58  2748.99 2.06 1.75 -16.2 -0.435 19.60 21.01 04a59852o0662o
59853.990899  20.662  0.418    20    8 c  0   1.36  59.50642 -65.50676  4194.13  4827.82 2.37 2.15 -50.9 -0.379 19.78 21.72 03a59854o0559c
59853.992737  23.749  5.500     1    6 c  0   1.91  59.50642 -65.50676  4177.75  4786.58 2.30 2.11 -51.9 -0.384 19.83 21.72 03a59854o0563c
59853.995955  20.744  0.442    18    8 c  0   0.86  59.50642 -65.50676  4232.21  4866.13 2.36 2.12 -53.5 -0.386 19.79 21.71 03a59854o0570c
59854.001418  21.002  0.576    14    8 c  0   0.97  59.50642 -65.50676  4253.10  4751.01 2.30 2.12 -54.9 -0.390 19.83 21.74 03a59854o0582c
59856.205878  20.769  0.872    18   16 o  0   0.93  59.50642 -65.50676  6523.10  2801.05 2.43 2.13 -21.4 -0.397 19.05 20.18 04a59856o0481o
59856.207691  21.138  1.130    13   14 o  0   1.12  59.50642 -65.50676  6505.81  2763.76 2.38 2.07 -22.9 -0.396 19.06 20.22 04a59856o0485o
59856.210845 -20.832  0.923   -17   16 o  0   1.00  59.50642 -65.50676  6563.32  2840.86 2.40 2.10 -22.0 -0.392 19.06 20.22 04a59856o0492o
59856.234277  21.855  2.216     7   15 o  0   0.91  59.50642 -65.50676  6598.98  2733.32 2.39 2.08 -24.4 -0.403 19.12 20.24 04a59856o0543o
59857.953582  21.153  1.457    13   18 o  0   1.28  59.50642 -65.50676  1799.35   270.00 2.49 2.15 -61.9 -0.406 19.05 19.88 03a59858o0477o
59857.954033 -21.620  2.237    -8   18 o  0   1.07  59.50642 -65.50676 10333.34   380.79 2.43 2.17 -57.4 -0.468 19.05 19.85 03a59858o0478o
59857.955398 -20.920  1.261   -16   20 o  0   0.69  59.50642 -65.50676  1781.97   228.71 2.48 2.14 -66.0 -0.413 19.07 19.88 03a59858o0481o
59857.966880 -20.909  1.265   -16   20 o  0   0.98  59.50642 -65.50676 10319.83   339.18 2.32 2.08 -53.6 -0.498 19.02 19.78 03a59858o0506o
59857.980145  19.138  0.593    80   48 o  0   1.59  59.50642 -65.50676  1833.49   306.40 2.41 2.15 -53.4 -0.410 18.47 19.17 03a59858o0533o
59857.982497  20.711  1.282    19   24 o  0   0.98  59.50642 -65.50676 10370.00   420.21 2.42 2.14 -56.7 -0.476 18.90 19.67 03a59858o0538o
59857.983431 -20.926  1.305   -16   20 o  0   1.19  59.50642 -65.50676  1855.41   189.16 2.46 2.19 -61.9 -0.416 18.99 19.82 03a59858o0540o
59857.984331 -23.587 20.125    -1   27 o  0   1.16  59.50642 -65.50676 10393.78   299.20 2.55 2.19 -56.3 -0.477 18.89 19.69 03a59858o0542o
59858.028022  23.493 15.857     2   23 o  0   1.21  59.50642 -65.50676   627.39 10348.71 2.84 2.56 -50.0 -0.424 18.94 19.83 03a59858o0632o
59858.050450 -21.291  1.948   -11   22 o  0   1.03  59.50642 -65.50676   596.90 10305.99 2.71 2.37 -54.3 -0.453 19.18 20.05 03a59858o0680o
59858.053515 -20.434  0.736   -24   18 o  0   1.53  59.50642 -65.50676  9717.05   104.26 2.32 2.17 -40.3 -0.496 18.83 19.70 03a59858o0686o
59858.069376  21.484  1.714     9   16 o  0   1.24  59.50642 -65.50676  9690.51   222.37 2.43 2.23 -51.4 -0.489 19.17 20.18 03a59858o0719o
59862.009869  19.674  5.337    49  262 o  0   0.83  59.50642 -65.50676   624.77 10351.96 3.32 2.99 -48.0 -0.438 16.54 16.23 03a59862o0606o
59862.012589 -17.130  0.449  -511  229 o  0   1.03  59.50642 -65.50676   602.85 10310.67 3.33 2.98 -48.5 -0.374 16.62 16.33 03a59862o0612o
59862.013040  19.925  9.988    39  389 o  0   0.79  59.50642 -65.50676  1792.36   260.50 3.08 2.88 -69.7 -0.406 16.44 16.18 03a59862o0613o
59864.318956  20.284  0.716    28   20 o  0   0.91  59.50642 -65.50676  1277.90  3996.71 2.05 1.87  55.7 -0.419 18.95 19.58 04a59864o0598o
59864.329808  21.057  1.206    14   16 o  0   1.27  59.50642 -65.50676  1290.96  4025.15 2.15 1.94  57.3 -0.407 18.92 19.60 04a59864o0621o
59864.332993 -23.165  9.684    -2   19 o  0   0.77  59.50642 -65.50676  1229.89  3949.10 2.13 1.86  64.3 -0.412 18.92 19.60 04a59864o0628o
59864.345213  19.459  0.332    60   20 o  0   0.77  59.50642 -65.50676  1202.36  4057.47 2.16 1.90  62.3 -0.399 18.89 19.62 04a59864o0654o
59866.013112  21.363  2.102    10   22 o  0   0.87  59.50642 -65.50676  2803.29 10450.85 2.83 2.30 -33.4 -0.403 18.97 19.72 03a59866o0603o
59866.014025 -21.121  1.378   -13   18 o  0   0.89  59.50642 -65.50676  3570.35   318.36 2.37 2.17 -49.1 -0.358 18.97 19.74 03a59866o0605o
59866.015869  20.304  0.649    27   18 o  0   1.15  59.50642 -65.50676  3553.75   278.35 2.31 2.08 -47.2 -0.362 19.02 19.74 03a59866o0609o
59866.016318  23.082  9.583     2   20 o  0   1.19  59.50642 -65.50676  2781.53 10411.77 2.78 2.38 -36.9 -0.398 18.94 19.71 03a59866o0610o
59866.021030  21.596  2.054     8   17 o  0   1.24  59.50642 -65.50676  2842.40 10490.92 2.52 2.21 -48.6 -0.393 19.00 19.69 03a59866o0620o
59866.021480  21.547  1.606     9   14 o  0   1.34  59.50642 -65.50676  3604.07   358.45 2.42 2.13 -50.2 -0.364 18.94 19.72 03a59866o0621o
59866.056369 -20.848  1.297   -17   22 o  0   1.05  59.50642 -65.50676  7512.31   123.46 2.66 2.42 -67.9 -0.371 18.63 19.38 03a59866o0695o
59866.056819  22.966 10.077     2   24 o  0   1.06  59.50642 -65.50676  6756.14 10255.85 2.81 2.35 -38.0 -0.390 18.82 19.53 03a59866o0696o
59868.236259 -21.702  1.280    -8   10 o  0   1.56  59.50642 -65.50676  6308.87  4863.88 2.04 1.68 -20.8 -0.428 19.40 20.58 04a59868o0483o
59868.239416  21.627  1.512     8   12 o  0   0.78  59.50642 -65.50676  6292.88  4826.59 2.10 1.76 -20.8 -0.427 19.40 20.56 04a59868o0490o
59868.262628  21.936  1.773     6   11 o  0   1.40  59.50642 -65.50676  6375.05  4908.17 2.02 1.69 -19.7 -0.433 19.40 20.52 04a59868o0540o
59868.265789 -22.727  4.188    -3   12 o  0   0.95  59.50642 -65.50676  6396.88  4794.36 2.05 1.68 -21.8 -0.429 19.38 20.55 04a59868o0547o
59869.992582 -21.713  1.783    -8   13 o  0   0.92  59.50642 -65.50676  2803.73 10449.91 2.71 2.26 -38.2 -0.412 19.50 20.87 03a59870o0556o
59869.994853 -22.165  2.094    -5   10 o  0   1.12  59.50642 -65.50676  2781.94 10409.87 2.67 2.20 -40.0 -0.402 19.50 20.85 03a59870o0561o
59869.999975 -20.292  0.455   -28   13 o  0   1.11  59.50642 -65.50676  2842.05 10494.10 2.56 2.17 -43.1 -0.400 19.41 20.75 03a59870o0572o
59870.002311  21.488  1.211     9   11 o  0   1.11  59.50642 -65.50676  3567.46   318.36 2.27 2.03 -51.9 -0.382 19.44 20.79 03a59870o0577o
59870.004603  21.696  1.515     8   12 o  0   1.15  59.50642 -65.50676  3548.69   278.33 2.20 1.99 -49.2 -0.389 19.53 20.84 03a59870o0582o
59870.007339 -24.733 20.250    -0    9 o  0   1.45  59.50642 -65.50676  3600.05   360.40 2.26 2.02 -54.8 -0.386 19.49 20.79 03a59870o0588o
59870.023736 -20.744  0.915   -18   17 o  0   0.71  59.50642 -65.50676  2857.34 10375.94 2.74 2.34 -38.7 -0.402 19.38 20.63 03a59870o0623o
59870.024762  20.312  0.405    27   11 o  0   1.31  59.50642 -65.50676  3615.98   243.19 2.30 2.11 -55.6 -0.374 19.41 20.67 03a59870o0625o
59872.237522  20.897  0.564    16    9 c  0   1.57  59.50642 -65.50676  6324.01  4867.92 2.34 1.97 -18.2 -0.382 19.57 21.49 04a59872o0471c
59872.239775  20.935  0.533    15    8 c  0   1.46  59.50642 -65.50676  6307.47  4830.80 2.27 2.01 -17.8 -0.389 19.59 21.46 04a59872o0476c
59872.258599  22.008  1.600     6    9 c  0   1.15  59.50642 -65.50676  6384.33  4914.86 2.27 2.04 -20.1 -0.381 19.62 21.52 04a59872o0516c
59872.264047  21.171  0.618    12    8 c  0   1.39  59.50642 -65.50676  6411.08  4800.89 2.39 2.06 -16.8 -0.381 19.62 21.51 04a59872o0528c
59873.991276 -20.928  0.937   -15   14 o  0   1.17  59.50642 -65.50676  3249.51  8430.74 2.91 2.66 -43.0 -0.378 19.20 20.62 03a59874o0538o
59873.993079  20.860  0.759    16   12 o  0   1.44  59.50642 -65.50676  3228.97  8392.07 2.93 2.68 -49.8 -0.375 19.21 20.65 03a59874o0542o
59874.003291 -21.938  2.030    -6   12 o  0   1.24  59.50642 -65.50676  3283.56  8470.50 2.87 2.57 -49.2 -0.366 19.26 20.68 03a59874o0563o
59874.010074  21.531  1.795     9   16 o  0   1.31  59.50642 -65.50676  7068.18  2140.47 3.04 2.92 -61.5 -0.392 19.03 20.64 03a59874o0577o
59876.203675  20.956  0.583    15    9 c  0   1.38  59.50642 -65.50676  8207.68  4693.06 2.55 1.96 -19.5 -0.431 19.63 21.55 04a59876o0473c
59876.230246 -22.428  2.310    -4    9 c  0   1.28  59.50642 -65.50676  8211.16  4662.04 2.68 2.00 -17.6 -0.395 19.65 21.56 04a59876o0528c
59876.234013  20.621  0.414    20    8 c  0   1.72  59.50642 -65.50676  8273.31  4739.31 2.63 1.99 -15.7 -0.400 19.65 21.58 04a59876o0536c
59876.238989  20.234  0.316    29    9 c  0   0.93  59.50642 -65.50676  8298.54  4623.51 2.63 1.95 -18.7 -0.406 19.67 21.56 04a59876o0547c
59878.050685  22.773  4.333     3   12 o  0   0.93  59.50642 -65.50676  7133.33  2071.70 2.31 2.16 -48.2 -0.429 19.31 20.61 03a59878o0649o
59878.056677  25.310 52.500     0   14 o  0   0.78  59.50642 -65.50676  7155.03  2119.93 2.29 2.20 -54.2 -0.441 19.34 20.59 03a59878o0661o
59878.064219 -21.802  1.811    -7   12 o  0   0.85  59.50642 -65.50676  7093.35  2032.34 2.30 2.12 -53.7 -0.443 19.37 20.63 03a59878o0676o
59878.104667 -20.673  0.746   -20   15 o  0   1.05  59.50642 -65.50676  7062.85  2148.75 2.46 2.29 -54.3 -0.437 19.16 20.33 03a59878o0697o
59880.271664  21.431  0.830    10    8 c  0   1.18  59.50642 -65.50676  2593.29  5952.71 2.25 1.85 -88.9 -0.378 19.79 21.78 04a59880o0610c
59880.298610  20.652  0.366    20    7 c  0   1.45  59.50642 -65.50676  2593.78  5971.84 2.29 1.92 -88.9 -0.375 19.69 21.60 04a59880o0668c
59880.301792  23.558  5.385     1    7 c  0   1.45  59.50642 -65.50676  2536.41  5893.72 2.24 1.90 -88.7 -0.378 19.71 21.61 04a59880o0675c
59880.307281  20.985  0.515    15    8 c  0   1.63  59.50642 -65.50676  2511.04  6006.12 2.30 1.92 -86.4 -0.372 19.67 21.54 04a59880o0687c
59881.970277 -22.384  3.500    -4   14 o  0   1.35  59.50642 -65.50676  6409.98  2754.92 2.36 2.04 -56.8 -0.421 19.18 20.54 03a59882o0494o
59881.972079 -20.661  0.597   -20   12 o  0   0.91  59.50642 -65.50676  6393.60  2718.26 2.43 2.06 -59.2 -0.415 19.35 20.73 03a59882o0498o
59881.997458  17.566  0.515   342  176 o  0   1.57  59.50642 -65.50676  6442.16  2797.69 2.28 2.01 -49.6 -0.410 16.38 17.66 03a59882o0552o
59882.000613  19.963  1.254    38   47 o  0   0.93  59.50642 -65.50676  6463.31  2683.68 2.29 2.03 -55.3 -0.425 17.73 19.03 03a59882o0559o
59884.284753  21.077  0.640    14    9 c  0   0.97  59.50642 -65.50676  1437.78  1929.62 2.57 1.89  42.9 -0.399 19.62 21.51 04a59884o0624c
59884.288466  22.631  2.654     3    8 c  0   1.76  59.50642 -65.50676  1456.97  1963.54 2.64 1.86  45.3 -0.402 19.61 21.48 04a59884o0632c
59884.294566  21.074  0.645    14    9 c  0   1.40  59.50642 -65.50676  1391.05  1884.17 2.51 1.97  39.2 -0.415 19.56 21.41 04a59884o0645c
59884.325340  20.942  0.684    15   10 c  0   0.87  59.50642 -65.50676  1349.89  1984.60 2.44 1.86  41.6 -0.405 19.60 21.39 04a59884o0707c
59888.255078 -21.074  1.244   -14   17 o  0   1.04  59.50642 -65.50676  1452.01  1942.56 2.34 1.79  43.5 -0.451 18.93 19.71 04a59888o0569o
59888.257780 -20.405  0.598   -25   15 o  0   1.83  59.50642 -65.50676  1470.71  1978.16 2.31 1.78  42.0 -0.450 18.98 19.71 04a59888o0575o
59888.292110 -20.604  0.867   -21   18 o  0   1.21  59.50642 -65.50676  1387.38  1879.15 2.35 1.79  43.3 -0.452 18.99 19.80 04a59888o0648o
59888.321259 -21.437  1.615   -10   16 o  0   0.98  59.50642 -65.50676  1347.56  1981.64 2.30 1.69  45.3 -0.447 19.10 19.97 04a59888o0709o
59892.181921 -19.101  1.045   -83   87 o  0   1.28  59.50642 -65.50676  2894.89  2969.85 2.52 2.28  57.8 -0.408 17.47 17.93 04a59892o0406o
59892.216059 -18.104  0.957  -208  199 o  0   1.06  59.50642 -65.50676  2989.64  2906.10 2.38 2.22  46.3 -0.385 16.39 16.53 04a59892o0477o
59893.954760  21.683  2.644     8   20 o  0   1.16  59.50642 -65.50676  9265.70  6649.94 2.86 2.39 -54.6 -0.384 18.88 19.77 03a59894o0453o
59893.957011  22.666  6.316     3   20 o  0   1.11  59.50642 -65.50676  9247.08  6615.66 2.85 2.32 -55.7 -0.379 18.90 19.77 03a59894o0458o
59893.961086 -22.422  4.591    -4   18 o  0   1.35  59.50642 -65.50676  9302.64  6691.98 2.95 2.44 -56.3 -0.372 18.85 19.76 03a59894o0467o
59893.971836  21.940  3.441     6   21 o  0   0.94  59.50642 -65.50676  9326.94  6576.35 2.89 2.46 -55.3 -0.383 18.84 19.77 03a59894o0489o
59896.220736  22.513  5.538     4   20 o  0   1.20  59.50642 -65.50676  7922.88  7723.01 3.49 3.14 -63.9 -0.363 18.78 20.22 04a59896o0010o
59896.223455  23.441 13.667     2   21 o  0   0.93  59.50642 -65.50676  7938.88  7761.43 3.32 3.13 -65.5 -0.334 18.80 20.23 04a59896o0016o
59896.258494 -21.753  2.116    -7   15 o  0   1.30  59.50642 -65.50676  7864.78  7656.09 2.70 2.42 -32.7 -0.381 19.06 20.24 04a59896o0090o
59896.263470 -20.064  0.458   -34   16 o  0   1.27  59.50642 -65.50676  7841.57  7766.79 2.65 2.45 -37.9 -0.394 19.09 20.24 04a59896o0101o
59897.911362 -22.085  1.351    -5    7 c  0   1.52  59.50642 -65.50676  6079.31  4777.37 2.44 2.14 -54.1 -0.395 19.65 21.71 03a59898o0345c
59897.912717  21.467  0.986     9    9 c  0   0.94  59.50642 -65.50676  6061.75  4738.07 2.45 2.14 -57.2 -0.393 19.74 21.81 03a59898o0348c
59897.934686  21.766  1.037     7    7 c  0   1.34  59.50642 -65.50676  6114.30  4811.77 2.45 2.18 -53.3 -0.394 19.80 21.85 03a59898o0391c
59897.947178  23.446  5.417     2    8 c  0   1.17  59.50642 -65.50676  6134.57  4697.40 2.35 2.15 -60.4 -0.389 19.72 21.57 03a59898o0415c
59900.141847  21.074  0.762    14   10 o  0   1.26  59.50642 -65.50676  3908.91  6582.54 2.18 1.92 -73.3 -0.385 19.38 20.74 04a59900o0306o
59900.144556  21.604  1.278     8   11 o  0   1.12  59.50642 -65.50676  3891.40  6544.05 2.16 1.89 -75.5 -0.394 19.41 20.78 04a59900o0312o
59900.150145 -22.306  2.233    -4   10 o  0   1.04  59.50642 -65.50676  3956.28  6624.59 2.14 1.85 -73.5 -0.393 19.44 20.78 04a59900o0323o
59900.155115 -21.954  1.842    -6   11 o  0   1.14  59.50642 -65.50676  3981.23  6510.83 2.19 1.89 -74.1 -0.385 19.40 20.80 04a59900o0334o
59901.992763 -20.623  0.578   -20   12 c  0   1.07  59.50642 -65.50676  4296.18  5725.22 2.63 2.42 -51.0 -0.375 19.18 21.29 03a59902o0366c
59902.091722  22.461  3.783     4   14 o  0   1.34  59.50642 -65.50676  4250.80  5682.96 2.71 2.36 -50.4 -0.389 19.07 20.19 03a59902o0430o
59904.190828  21.718  1.186     8    9 o  0   1.05  59.50642 -65.50676  6922.63  4102.80 2.17 1.82 -24.9 -0.417 19.53 21.05 04a59904o0410o
59904.194062 -21.806  1.277    -7    9 o  0   1.62  59.50642 -65.50676  6939.23  4139.96 2.15 1.82 -24.4 -0.420 19.55 21.06 04a59904o0417o
59904.199337 -21.421  0.898   -10    9 o  0   0.97  59.50642 -65.50676  6877.67  4056.57 2.09 1.84 -31.3 -0.425 19.55 21.10 04a59904o0428o
59904.229134  20.519  0.450    22   10 o  0   1.11  59.50642 -65.50676  6838.76  4151.92 2.07 1.82 -27.9 -0.429 19.58 21.18 04a59904o0493o
59905.901596  20.611  0.311    21    6 c  0   1.91  59.50642 -65.50676  7999.16  4665.70 2.43 2.10 -59.1 -0.400 19.82 21.84 03a59906o0318c
59905.904752  20.741  0.447    18    8 c  0   0.78  59.50642 -65.50676  7980.32  4628.40 2.43 2.04 -61.0 -0.404 19.84 21.86 03a59906o0325c
59905.910249  20.911  0.477    16    8 c  0   1.44  59.50642 -65.50676  8034.97  4705.08 2.37 2.05 -54.9 -0.409 19.87 21.86 03a59906o0337c
59905.937779  21.197  0.500    12    6 c  0   2.03  59.50642 -65.50676  8053.38  4589.38 2.38 2.07 -58.2 -0.403 19.87 21.91 03a59906o0395c
59908.206821 -22.218  2.892    -5   14 o  0   0.83  59.50642 -65.50676  2372.82  7990.73 2.51 1.86 -85.5 -0.383 19.36 20.59 04a59908o0427o
59908.210423  21.046  0.939    14   13 o  0   1.02  59.50642 -65.50676  2388.64  8025.40 2.42 1.82 -80.6 -0.392 19.35 20.63 04a59908o0435o
59908.216294  19.806  0.333    43   14 o  0   0.70  59.50642 -65.50676  2330.38  7945.80 2.44 1.83 -80.8 -0.395 19.38 20.64 04a59908o0448o
59908.252406  20.975  0.784    15   12 o  0   0.80  59.50642 -65.50676  2287.06  8040.50 2.42 1.79 -78.7 -0.392 19.42 20.75 04a59908o0525o
59909.905061  22.358  1.773     4    7 c  0   1.32  59.50642 -65.50676  7997.58  4663.74 3.00 2.64 -55.8 -0.374 19.67 22.06 03a59910o0320c
59909.906865  21.997  1.457     6    8 c  0   1.06  59.50642 -65.50676  7979.25  4626.79 2.85 2.43 -55.5 -0.377 19.72 22.05 03a59910o0324c
59909.910477  21.360  0.667    10    7 c  0   1.56  59.50642 -65.50676  8034.26  4704.52 2.77 2.35 -56.5 -0.388 19.75 22.01 03a59910o0332c
59909.915939  22.302  1.577     4    7 c  0   1.50  59.50642 -65.50676  8055.59  4590.99 2.79 2.49 -53.2 -0.385 19.74 21.98 03a59910o0344c
59912.159783  21.150  1.415    13   18 o  0   0.94  59.50642 -65.50676  8454.45  2653.57 2.73 2.23 -13.0 -0.389 19.33 20.62 04a59912o0331o
59912.162935 -22.502  4.727    -4   17 o  0   0.78  59.50642 -65.50676  8440.02  2616.92 2.66 1.85 -19.2 -0.417 19.39 20.65 04a59912o0338o
59912.168368 -24.794 32.667    -0   14 o  0   0.74  59.50642 -65.50676  8500.96  2692.84 2.81 1.97 -19.1 -0.392 19.37 20.67 04a59912o0350o
59912.173813  20.947  0.743    15   11 o  0   1.10  59.50642 -65.50676  8525.73  2576.93 2.84 2.01 -16.6 -0.380 19.35 20.72 04a59912o0362o
59913.902820  20.324  0.450    27   12 o  0   1.93  59.50642 -65.50676  9040.20  8684.18 2.82 2.30 -52.7 -0.406 19.19 20.36 03a59914o0310o
59913.904622  20.597  0.754    21   16 o  0   0.90  59.50642 -65.50676  9019.46  8647.04 2.73 2.20 -51.5 -0.412 19.22 20.34 03a59914o0314o
59913.907797  21.393  1.344    10   14 o  0   1.51  59.50642 -65.50676  9078.67  8723.26 2.76 2.20 -51.4 -0.406 19.21 20.34 03a59914o0321o
59913.913270  20.787  0.770    18   14 o  0   1.43  59.50642 -65.50676  9100.75  8607.49 2.68 2.24 -51.9 -0.405 19.23 20.33 03a59914o0333o
59916.130817  20.671  0.815    20   16 o  0   1.63  59.50642 -65.50676  7206.12   265.81 2.71 2.19 -24.4 -0.361 18.93 19.67 04a59916o0260o
59916.131718 -20.907  1.439   -16   23 o  0   1.40  59.50642 -65.50676  7578.20 10463.44 2.74 2.63 -87.6 -0.345 18.86 19.59 04a59916o0262o
59916.133528  20.274  0.740    28   21 o  0   0.89  59.50642 -65.50676  7190.52   228.90 2.67 2.28 -22.2 -0.358 18.89 19.67 04a59916o0266o
59916.134428  24.213 28.000     1   21 o  0   1.21  59.50642 -65.50676  7558.17 10426.16 2.72 2.60 -73.8 -0.342 18.87 19.64 04a59916o0268o
59916.138042 -22.986  9.133    -2   21 o  0   1.14  59.50642 -65.50676  7249.29   307.41 2.66 2.15 -21.3 -0.370 18.94 19.70 04a59916o0276o
59916.138492 -19.757  0.736   -45   34 o  0   1.04  59.50642 -65.50676  7629.04 10504.55 2.70 2.49 -68.8 -0.346 18.90 19.60 04a59916o0277o
59916.143740 -21.437  2.119   -10   20 o  0   1.10  59.50642 -65.50676  7273.37   190.91 2.79 2.25 -26.4 -0.344 18.89 19.68 04a59916o0288o
59916.144191 -19.586  0.400   -53   21 o  0   1.19  59.50642 -65.50676  7655.75 10388.08 2.73 2.63  86.1 -0.336 18.88 19.60 04a59916o0289o
59917.982165  20.437  0.770    24   19 o  0   1.10  59.50642 -65.50676  1326.10  1803.53 2.41 2.18 -73.5 -0.393 18.95 19.69 03a59918o0359o
59917.985808  25.286 62.500     0   17 o  0   0.99  59.50642 -65.50676  1344.61  1840.87 2.43 2.17 -71.0 -0.394 18.95 19.71 03a59918o0367o
59917.992132  21.430  1.621    10   16 o  0   1.46  59.50642 -65.50676  1284.97  1766.89 2.50 2.22 -73.5 -0.393 18.88 19.71 03a59918o0381o
59918.002590  20.590  0.830    21   18 o  0   1.35  59.50642 -65.50676  1259.60  1884.64 2.48 2.20 -71.9 -0.388 18.92 19.75 03a59918o0403o
59920.161055  23.075  9.905     2   21 o  0   0.95  59.50642 -65.50676  3325.99   194.31 1.82 1.77  43.7 -0.454 18.69 19.16 04a59920o0312o
59920.164228 -19.947  0.594   -38   23 o  0   1.50  59.50642 -65.50676  3344.58   230.92 2.15 1.84  40.3 -0.410 18.68 19.15 04a59920o0319o
59920.169688  21.765  3.105     7   22 o  0   0.95  59.50642 -65.50676  3278.26   150.07 2.15 1.92  34.8 -0.399 18.66 19.17 04a59920o0331o
59920.174210 -22.136  5.375    -5   27 o  0   1.14  59.50642 -65.50676  3581.30 10376.57 2.90 1.86 -78.2 -0.417 18.68 19.26 04a59920o0341o
59920.177373  20.961  1.978    15   30 o  0   0.93  59.50642 -65.50676  3596.04 10413.05 2.87 1.83 -77.3 -0.424 18.71 19.19 04a59920o0348o
59920.180081  19.752  0.533    46   24 o  0   1.19  59.50642 -65.50676  3247.40   260.86 2.19 1.86  38.0 -0.400 18.68 19.17 04a59920o0354o
59920.182799  19.806  0.459    43   20 o  0   1.76  59.50642 -65.50676  3540.92 10332.41 2.83 1.88 -75.9 -0.409 18.72 19.18 04a59920o0360o
59920.194069  20.617  1.428    21   29 o  0   0.90  59.50642 -65.50676  3513.53 10443.91 2.86 1.90 -75.0 -0.402 18.77 19.17 04a59920o0385o
59921.893078 -20.506  1.049   -23   24 o  0   0.94  59.50642 -65.50676  7649.83  7740.37 2.46 2.11 -52.6 -0.401 18.74 19.21 03a59922o0280o
59921.896240  21.387  2.493    10   25 o  0   0.87  59.50642 -65.50676  7666.55  7780.58 2.55 2.17 -54.0 -0.391 18.69 19.20 03a59922o0287o
59921.901796  19.926  0.598    39   23 o  0   1.14  59.50642 -65.50676  7612.75  7698.55 2.54 2.18 -52.7 -0.402 18.66 19.15 03a59922o0299o
59924.146728 -20.977  1.182   -15   17 o  0   1.23  59.50642 -65.50676  5267.14  3675.82 2.16 2.04 -18.0 -0.426 18.88 19.77 04a59924o0286o
59924.151268  21.532  2.086     9   18 o  0   1.20  59.50642 -65.50676  5282.08  3712.09 2.21 2.07 -34.3 -0.423 18.84 19.74 04a59924o0296o
59924.182990 -22.290  3.923    -4   17 o  0   1.33  59.50642 -65.50676  5204.89  3612.08 2.05 1.98 -29.9 -0.434 18.87 19.66 04a59924o0365o
59924.189309 -21.866  3.145    -6   20 o  0   1.01  59.50642 -65.50676  5179.10  3722.97 2.10 2.05 -22.4 -0.419 18.83 19.68 04a59924o0379o
59928.152169  23.761  7.111     1    8 c  0   1.40  59.50642 -65.50676  5260.61  3662.13 2.30 2.12 -25.5 -0.418 19.68 21.68 04a59928o0292c
59928.155323  23.276  3.833     2    7 c  0   1.80  59.50642 -65.50676  5276.99  3698.87 2.06 1.88 -16.3 -0.393 19.66 21.69 04a59928o0299c
59928.160749  22.437  1.892     4    7 c  0   1.30  59.50642 -65.50676  5213.37  3617.66 2.14 1.92 -18.3 -0.391 19.68 21.67 04a59928o0311c
59928.170701 -22.391  1.700    -4    7 c  0   1.54  59.50642 -65.50676  5186.09  3726.60 2.07 1.90 -15.8 -0.397 19.67 21.68 04a59928o0333c
59932.133113 -20.974  0.591   -15    9 c  0   1.38  59.50642 -65.50676  3531.56  1752.62 2.38 2.12  30.2 -0.400 19.60 21.83 04a59932o0249c
59932.137181  21.822  1.378     7    9 c  0   1.28  59.50642 -65.50676  3549.25  1788.35 2.67 2.63  33.0 -0.377 19.46 21.79 04a59932o0258c
59932.143080  23.241  4.600     2    8 c  0   1.43  59.50642 -65.50676  3484.57  1707.49 2.78 2.55  35.9 -0.372 19.46 21.80 04a59932o0271c
59932.173319  20.771  0.547    18   10 c  0   0.97  59.50642 -65.50676  3444.42  1804.52 2.54 2.27  38.8 -0.391 19.55 21.74 04a59932o0336c
59933.892837 -20.318  0.409   -27   11 o  0   0.94  59.50642 -65.50676  8046.73   141.32 2.26 2.13 -50.3 -0.421 19.53 20.96 03a59934o0256o
59933.893288 -22.261  2.467    -4   11 o  0   1.38  59.50642 -65.50676  7507.91 10294.84 2.64 2.19 -43.6 -0.408 19.55 21.01 03a59934o0257o
59933.896006  21.688  1.627     8   12 o  0   0.79  59.50642 -65.50676  8064.15   172.51 2.36 2.10 -54.8 -0.416 19.48 20.95 03a59934o0263o
59933.896457 -22.521  3.048    -4   11 o  0   1.37  59.50642 -65.50676  7522.37 10325.74 2.85 2.33 -41.8 -0.395 19.49 20.98 03a59934o0264o
59933.901459  22.001  1.814     6   10 o  0   1.02  59.50642 -65.50676  8004.60    74.22 2.37 2.15 -50.9 -0.418 19.47 20.95 03a59934o0275o
59933.902360  21.277  0.944    11   11 o  0   1.70  59.50642 -65.50676  7472.18 10226.81 2.75 2.21 -40.2 -0.411 19.54 21.06 03a59934o0277o
59933.912397 -23.149  5.812    -2   12 o  0   1.10  59.50642 -65.50676  7983.03   160.17 2.28 2.07 -51.3 -0.430 19.52 21.07 03a59934o0299o
59933.914222 -20.679  0.584   -19   11 o  0   1.24  59.50642 -65.50676  7455.38 10310.40 2.90 2.27 -39.4 -0.409 19.54 21.13 03a59934o0303o
59936.149257  21.005  0.528    14    8 c  0   1.58  59.50642 -65.50676  3515.60  1732.06 2.27 1.98  33.3 -0.408 19.68 21.79 04a59936o0278c
59936.152428 -22.395  2.030    -4    8 c  0   1.06  59.50642 -65.50676  3533.95  1768.12 2.32 2.01  39.4 -0.408 19.67 21.80 04a59936o0285c
59936.159641  21.279  0.761    11    8 c  0   1.47  59.50642 -65.50676  3469.02  1687.23 2.35 2.05  35.4 -0.423 19.65 21.77 04a59936o0301c
59936.170492  21.100  0.570    13    8 c  0   1.40  59.50642 -65.50676  3439.08  1798.81 2.34 2.04  42.8 -0.399 19.66 21.79 04a59936o0325c
59937.892927 -20.707  1.925   -19   36 o  0   0.88  59.50642 -65.50676  3452.98  3849.17 2.63 2.34 -69.0 -0.409 18.12 19.54 03a59938o0133o
59937.896107 -20.316  2.083   -27   57 o  0   1.14  59.50642 -65.50676  3469.54  3879.17 2.57 2.30 -59.6 -0.403 17.61 19.03 03a59938o0140o
59937.902001  19.043  0.950    88   83 o  0   1.02  59.50642 -65.50676  3415.22  3786.45 2.48 2.24 -65.9 -0.414 17.41 18.75 03a59938o0153o
59937.912886 -21.536  3.040    -9   27 o  0   1.44  59.50642 -65.50676  3394.75  3873.04 2.44 2.20 -71.1 -0.408 18.37 19.68 03a59938o0177o
59940.113421  21.733  1.341     7   10 c  0   0.84  59.50642 -65.50676  8327.48  5708.18 2.91 2.35 -28.5 -0.386 19.56 21.74 04a59940o0199c
59940.116573 -21.360  1.069   -10   11 c  0   0.75  59.50642 -65.50676  8343.60  5746.51 2.86 2.38 -26.6 -0.387 19.56 21.77 04a59940o0206c
59940.121990  21.954  1.452     6    9 c  0   1.37  59.50642 -65.50676  8283.63  5662.04 3.03 2.45 -27.8 -0.380 19.54 21.82 04a59940o0218c
59940.132843  21.686  0.796     8    6 c  0   2.55  59.50642 -65.50676  8254.90  5769.61 2.70 2.18 -21.2 -0.402 19.65 21.88 04a59940o0242c
59941.871520  21.703  1.629     8   12 o  0   1.16  59.50642 -65.50676  3452.95  3877.36 2.30 2.04 -62.8 -0.416 19.37 20.59 03a59942o0214o
59941.874695 -21.465  1.092    -9   10 o  0   1.57  59.50642 -65.50676  3468.94  3907.16 2.33 2.07 -64.9 -0.407 19.33 20.62 03a59942o0221o
59941.880577  21.739  1.746     7   13 o  0   0.97  59.50642 -65.50676  3413.19  3814.46 2.32 2.05 -62.9 -0.415 19.38 20.58 03a59942o0234o
59941.890554  20.533  0.556    22   12 o  0   1.11  59.50642 -65.50676  3389.55  3903.70 2.37 2.11 -63.3 -0.412 19.36 20.61 03a59942o0256o
59944.120275 -21.090  1.364   -13   18 o  0   0.84  59.50642 -65.50676  8316.13  5695.06 2.75 2.22 -20.1 -0.399 18.92 20.10 04a59944o0212o
59944.123562  19.631  0.951    51   48 o  0   1.19  59.50642 -65.50676  8333.60  5733.04 2.67 2.29 -24.8 -0.388 18.87 20.16 04a59944o0218o
59944.129897 -20.097  0.447   -33   15 o  0   1.61  59.50642 -65.50676  8271.91  5647.90 2.71 2.25 -19.4 -0.408 18.92 20.10 04a59944o0232o
59944.140038  21.486  1.907     9   18 o  0   1.14  59.50642 -65.50676  8245.01  5756.97 2.69 2.26 -20.5 -0.403 18.93 20.11 04a59944o0253o
59945.853953  20.883  0.971    16   16 o  0   0.96  59.50642 -65.50676  4622.81  6305.99 2.23 1.97 -64.4 -0.391 19.17 20.05 03a59946o0174o
59945.857137  18.799  0.141   110   16 o  0 158.36  59.50642 -65.50676  4637.59  6336.44 2.23 1.96 -61.9 -0.400 19.19 20.06 03a59946o0181o
59945.862564 -21.209  8.931   -12  106 o  0   0.81  59.50642 -65.50676  4585.32  6244.43 2.25 1.98 -61.1 -0.398 18.38 19.81 03a59946o0193o
59945.877558  20.162  0.494    31   15 o  0   1.07  59.50642 -65.50676  4561.39  6320.09 2.34 2.08 -68.5 -0.382 19.14 20.09 03a59946o0226o
59948.102348  21.038  1.595    14   22 o  0   1.41  59.50642 -65.50676  2146.53 10050.64 3.11 2.09 -80.2 -0.375 18.74 19.47 04a59948o0173o
59948.105508 -20.907  1.464   -16   23 o  0   1.31  59.50642 -65.50676  2160.62 10087.23 3.23 2.12 -80.7 -0.377 18.73 19.49 04a59948o0180o
59948.110926  23.365 13.556     2   22 o  0   1.25  59.50642 -65.50676  2105.18 10007.98 3.25 2.07 -79.0 -0.376 18.72 19.47 04a59948o0192o
59948.121787  22.125  5.111     5   26 o  0   0.93  59.50642 -65.50676  2079.93 10119.09 3.21 2.17 -81.9 -0.369 18.77 19.49 04a59948o0216o
59952.135597 -20.564  1.267   -22   27 o  0   1.14  59.50642 -65.50676  2122.09 10020.60 3.18 2.09 -77.0 -0.369 18.69 19.35 04a59952o0244o
59952.138301  19.774  0.690    45   31 o  0   0.94  59.50642 -65.50676  2137.89 10056.82 3.21 2.30 -80.3 -0.351 18.63 19.35 04a59952o0250o
59952.144619 -22.350  5.591    -4   23 o  0   1.49  59.50642 -65.50676  2081.86  9978.57 3.12 2.25 -75.5 -0.361 18.65 19.34 04a59952o0264o
59952.153993 -22.823 11.357    -3   31 o  0   0.79  59.50642 -65.50676  2056.41 10093.31 3.31 2.17 -75.2 -0.347 18.61 19.31 04a59952o0284o
59953.847155 -20.566  0.523   -22   11 o  0   2.18  59.50642 -65.50676  6102.81  9800.24 2.53 2.16 -43.4 -0.403 19.25 20.26 03a59954o0146o
59953.850318 -20.459  0.594   -24   14 o  0   1.02  59.50642 -65.50676  6118.46  9831.17 2.55 2.15 -46.9 -0.398 19.23 20.21 03a59954o0153o
59953.856262  22.709  5.273     3   16 o  0   0.78  59.50642 -65.50676  6070.64  9734.61 2.44 2.16 -52.6 -0.403 19.22 20.16 03a59954o0166o
59953.866709  21.232  1.512    12   18 o  0   1.01  59.50642 -65.50676  6051.35  9822.23 2.59 2.16 -49.6 -0.396 19.15 20.06 03a59954o0189o
59956.093772  20.658  0.843    20   17 o  0   1.33  59.50642 -65.50676  8884.55  4089.53 2.90 2.25  62.9 -0.416 18.98 20.63 04a59956o0151o
59956.099175 -22.241  3.579    -5   16 o  0   1.22  59.50642 -65.50676  8898.87  4127.20 3.00 2.45  54.5 -0.375 19.01 20.70 04a59956o0163o
59956.102328 -22.225  3.444    -5   16 o  0   1.10  59.50642 -65.50676  8839.29  4044.00 3.17 2.61  65.5 -0.382 18.98 20.78 04a59956o0170o
59956.113179  20.856  0.985    16   16 o  0   0.88  59.50642 -65.50676  8811.58  4152.75 3.02 2.46  64.0 -0.397 19.04 20.70 04a59956o0194o
59957.849120  20.765  4.818    18   86 c  0   1.49  59.50642 -65.50676  6097.27  9770.26 2.65 2.29 -65.7 -0.373 17.59 19.50 03a59958o0166c
59957.859581  20.928  0.682    15   10 c  0   0.99  59.50642 -65.50676  6066.93  9702.70 2.55 2.18 -64.8 -0.396 19.65 21.71 03a59958o0188c
59957.870021  20.439  0.713    24   17 c  0   1.32  59.50642 -65.50676  6053.09  9788.73 2.62 2.23 -64.1 -0.389 19.10 21.16 03a59958o0211c
59960.110566  20.617  0.627    21   13 o  0   1.07  59.50642 -65.50676  8865.40  4065.85 2.72 2.12 -21.4 -0.427 19.36 21.04 04a59960o0188o
59960.113276  22.906  4.615     2   12 o  0   1.37  59.50642 -65.50676  8883.40  4103.79 3.02 2.27 -15.4 -0.411 19.26 21.04 04a59960o0194o
59960.119603  20.985  0.692    15   10 o  0   1.60  59.50642 -65.50676  8823.05  4019.01 2.77 2.08 -11.6 -0.411 19.37 21.09 04a59960o0208o
59960.130125  22.970  3.941     2    9 o  0   1.67  59.50642 -65.50676  8795.94  4130.40 2.42 2.01 -18.6 -0.429 19.49 21.07 04a59960o0230o
59961.875810  18.963  0.496    94   47 c  0   1.00  59.50642 -65.50676  4696.45  7684.96 2.72 2.40 -53.5 -0.365 17.56 19.49 03a59962o0020c
59961.885799  20.977  3.222    15   48 c  0   1.12  59.50642 -65.50676  4670.66  7619.04 2.65 2.32 -54.8 -0.368 18.41 20.30 03a59962o0042c
59964.121733 -19.773  0.289   -45   13 o  0   1.46  59.50642 -65.50676  5317.43 10211.42 2.93 2.41 -77.5 -0.375 19.25 20.71 04a59964o0210o
59964.125379  21.645  2.000     8   16 o  0   0.98  59.50642 -65.50676  5331.10 10248.85 3.06 2.47 -88.8 -0.346 19.19 20.73 04a59964o0218o
59964.130828  22.222  3.069     5   14 o  0   1.01  59.50642 -65.50676  5278.64 10168.46 2.88 2.12 -79.0 -0.375 19.32 20.73 04a59964o0230o
59964.132180  20.087  0.500    34   17 o  0   1.36  59.50642 -65.50676  5457.79    57.07 2.46 2.25  51.7 -0.399 19.28 20.66 04a59964o0233o
59964.142868  21.950  2.371     6   14 o  0   0.95  59.50642 -65.50676  5253.61 10281.84 2.92 2.26 -82.2 -0.358 19.26 20.70 04a59964o0256o
59964.160344  21.223  1.280    12   15 o  0   1.25  59.50642 -65.50676  5355.34    89.35 2.10 2.02 -69.6 -0.405 19.39 20.65 04a59964o0294o
59965.847895  21.119  0.636    13    8 c  0   1.06  59.50642 -65.50676  3472.33  1653.00 2.26 2.12 -55.0 -0.401 19.83 21.76 03a59966o0168c
59965.851502 -22.026  1.250    -6    7 c  0   1.10  59.50642 -65.50676  3491.33  1691.19 2.25 2.11 -58.7 -0.404 19.80 21.73 03a59966o0176c
59965.857856 -23.491  5.417    -2    8 c  0   1.06  59.50642 -65.50676  3432.07  1613.17 2.29 2.15 -60.9 -0.399 19.78 21.73 03a59966o0190c
59965.874870 -23.029  3.333    -2    7 c  0   1.38  59.50642 -65.50676  3405.10  1733.18 2.31 2.17 -60.1 -0.397 19.76 21.70 03a59966o0226c
59968.115543  21.092  0.854    13   11 o  0   1.81  59.50642 -65.50676  5317.48 10210.74 2.52 1.88 -73.6 -0.448 19.39 20.65 04a59968o0143o
59968.117441  20.761  1.000    18   18 o  0   1.35  59.50642 -65.50676  5466.05    59.34 2.04 1.99 -76.1 -0.399 19.38 20.66 04a59968o0147o
59968.118367  21.024  0.964    14   14 o  0   1.13  59.50642 -65.50676  5335.98 10249.23 2.23 1.85 -73.0 -0.484 19.38 20.62 04a59968o0149o
59968.133344 -22.070  2.419    -5   13 o  0   0.86  59.50642 -65.50676  5276.65 10165.71 2.25 1.83 -76.7 -0.479 19.40 20.62 04a59968o0181o
59968.138391  20.568  0.586    22   13 o  0   0.93  59.50642 -65.50676  5253.29 10282.26 2.27 1.86 -76.9 -0.472 19.40 20.64 04a59968o0192o
59968.139796  20.437  0.587    24   14 o  0   1.18  59.50642 -65.50676  5363.24    91.89 2.02 1.96  89.9 -0.397 19.37 20.59 04a59968o0195o
59969.816528 -21.600  1.133    -8    9 c  0   1.12  59.50642 -65.50676  8164.57  5739.76 2.58 2.21 -60.0 -0.381 19.64 21.40 03a59970o0100c
59969.819692  22.657  2.609     3    8 c  0   1.38  59.50642 -65.50676  8181.83  5779.68 2.56 2.18 -60.3 -0.385 19.63 21.43 03a59970o0107c
59969.827157  22.597  2.577     3    9 c  0   0.97  59.50642 -65.50676  8128.42  5697.80 2.45 2.13 -62.3 -0.388 19.66 21.44 03a59970o0123c
59969.837183 -23.855  8.500    -1    9 c  0   1.16  59.50642 -65.50676  8104.34  5810.14 2.49 2.13 -61.0 -0.388 19.67 21.47 03a59970o0145c
59972.086234  20.837  0.783    17   13 o  0   0.77  59.50642 -65.50676  3198.95  3713.29 2.09 1.91  59.4 -0.412 19.25 20.51 04a59972o0136o
59972.098591  20.395  0.445    25   11 o  0   1.39  59.50642 -65.50676  3170.41  3824.41 2.03 1.87  59.3 -0.426 19.34 20.58 04a59972o0163o
59973.821390  20.379  0.575    26   15 o  0   1.08  59.50642 -65.50676  8169.41  5741.36 2.53 2.33 -61.4 -0.406 19.20 20.37 03a59974o0119o
59973.824555  21.522  1.417     9   13 o  0   1.22  59.50642 -65.50676  8186.72  5781.68 2.56 2.25 -57.2 -0.400 19.17 20.35 03a59974o0126o
59973.829986  21.549  1.652     9   14 o  0   1.27  59.50642 -65.50676  8131.95  5698.74 2.84 2.54 -59.5 -0.400 19.07 20.33 03a59974o0137o
59973.841827 -21.059  0.890   -14   12 o  0   1.47  59.50642 -65.50676  8108.51  5810.96 2.60 2.23 -55.0 -0.395 19.19 20.39 03a59974o0163o
59976.086701  20.125  0.681    32   22 o  0   0.85  59.50642 -65.50676  3233.97  3742.28 2.34 2.13  64.5 -0.413 18.77 19.74 04a59976o0152o
59976.098376 -19.054  0.674   -87   58 o  0   0.92  59.50642 -65.50676  3246.46  3776.98 2.42 2.14  75.8 -0.426 17.77 18.40 04a59976o0177o
59976.102475 -21.817  4.050    -7   28 o  0   1.05  59.50642 -65.50676  3184.89  3700.35 2.38 2.18  81.0 -0.425 18.53 19.54 04a59976o0186o
59976.112750 -20.973  1.521   -15   22 o  0   1.12  59.50642 -65.50676  3158.28  3814.40 2.36 2.12  81.7 -0.426 18.70 19.72 04a59976o0208o
59977.791269  19.670  0.556    49   27 o  0   1.20  59.50642 -65.50676 10409.15 10396.20 3.08 2.18 -50.1 -0.442 18.99 19.71 03a59978o0059o
59977.798100 -20.491  0.930   -23   22 o  0   1.14  59.50642 -65.50676  1890.48  9908.68 2.64 2.32 -46.7 -0.405 19.05 19.86 03a59978o0074o
59977.800820 -19.824  0.509   -43   22 o  0   1.13  59.50642 -65.50676 10372.55 10348.79 3.02 2.27 -51.0 -0.462 18.99 19.81 03a59978o0080o
59977.801732  20.482  0.842    23   20 o  0   1.15  59.50642 -65.50676  1905.95  9945.64 2.76 2.43 -47.6 -0.389 18.99 19.87 03a59978o0082o
59977.811292  24.687 60.000     0   29 o  0   1.01  59.50642 -65.50676 10353.38 10463.06 3.34 2.54 -49.9 -0.456 18.94 19.79 03a59978o0101o
59977.813590  23.432 13.500     2   21 o  0   1.08  59.50642 -65.50676  1855.80  9868.58 2.88 2.55 -44.7 -0.389 18.92 19.84 03a59978o0106o
59977.819049 -22.005  3.656    -6   21 o  0   1.08  59.50642 -65.50676  1833.46  9986.22 2.79 2.43 -49.4 -0.397 18.99 19.84 03a59978o0118o
59980.062265 -21.779  3.468    -7   24 o  0   1.09  59.50642 -65.50676  6023.63  7692.60 2.35 2.21 -68.0 -0.392 18.52 19.24 04a59980o0094o
59980.065424 -19.815  0.662   -43   28 o  0   1.03  59.50642 -65.50676  6040.13  7730.41 2.78 2.38 -71.3 -0.401 18.46 19.22 04a59980o0101o
59980.071285  20.783  1.389    18   24 o  0   1.24  59.50642 -65.50676  5981.44  7650.17 2.52 2.22 -69.1 -0.411 18.50 19.21 04a59980o0114o
59980.083054  20.478  1.299    23   30 o  0   1.24  59.50642 -65.50676  5962.22  7759.80 2.56 2.29 -59.5 -0.377 18.44 19.14 04a59980o0140o
59981.858701  21.507  3.111     9   28 o  0   1.61  59.50642 -65.50676 10412.87 10391.59 3.03 2.16 -46.7 -0.498 18.80 19.33 03a59982o0043o
59981.860961 -22.917  8.400    -2   21 o  0   1.42  59.50642 -65.50676  1892.05  9918.83 2.67 2.20 -46.1 -0.407 18.87 19.44 03a59982o0048o
59981.864183 -23.868 17.714    -1   18 o  0   1.65  59.50642 -65.50676  1908.85  9957.93 2.55 2.13 -52.5 -0.400 18.88 19.42 03a59982o0055o
59981.867419  19.759  0.805    45   36 o  0   0.85  59.50642 -65.50676 10379.20 10346.56 3.29 2.39 -46.6 -0.486 18.74 19.30 03a59982o0062o
59981.869709 -20.939  1.573   -15   24 o  0   1.29  59.50642 -65.50676  1858.77  9882.26 2.66 2.24 -47.3 -0.395 18.85 19.41 03a59982o0067o
59981.877531 -19.106  0.679   -83   56 o  0   1.10  59.50642 -65.50676 10361.56 10460.36 3.18 2.32 -47.4 -0.551 18.73 19.23 03a59982o0084o
59981.880353 -19.676  0.518   -49   25 o  0   1.07  59.50642 -65.50676  1837.77 10001.59 2.71 2.31 -46.5 -0.408 18.78 19.33 03a59982o0090o
59984.043829  23.567  9.143     1   12 o  0   1.45  59.50642 -65.50676  6038.10  7692.12 2.69 2.45 -61.0 -0.393 19.08 20.64 04a59984o0070o
59984.047096 -22.795  4.875    -3   14 o  0   1.18  59.50642 -65.50676  6054.01  7729.94 2.57 2.32 -58.3 -0.395 19.14 20.72 04a59984o0077o
59984.053408 -22.519  4.526    -4   16 o  0   0.78  59.50642 -65.50676  5993.76  7649.77 2.74 2.33 -71.8 -0.418 19.17 20.72 04a59984o0091o
59984.068972 -21.249  1.492   -12   17 o  0   1.05  59.50642 -65.50676  5965.13  7760.51 2.62 2.29 -65.1 -0.420 19.08 20.43 04a59984o0125o
59986.785832 -19.208  0.961   -75   72 o  0   0.96  59.50642 -65.50676 10037.24   142.79 2.78 2.37 -65.4 -0.454 17.50 18.72 03a59987o0060o
59986.787665  21.694  2.448     8   19 o  0   0.94  59.50642 -65.50676  9157.42 10268.51 3.36 2.77 -55.1 -0.397 18.31 19.80 03a59987o0064o
59986.789016 -21.547  8.444    -9   74 o  0   1.67  59.50642 -65.50676 10057.73   175.68 2.88 2.47 -59.0 -0.454 16.72 18.07 03a59987o0067o
59986.789920  18.856  0.918   104   96 o  0   1.16  59.50642 -65.50676  1100.92 10057.11 3.02 2.80 -64.0 -0.391 17.62 19.04 03a59987o0069o
59986.790833 -17.080  1.610  -535  861 o  0   1.60  59.50642 -65.50676  9174.56 10300.75 3.38 2.75 -54.3 -0.424 16.54 17.89 03a59987o0071o
59986.793100 -21.049  1.092   -14   15 o  0   1.26  59.50642 -65.50676  1116.94 10086.26 2.88 2.49 -51.8 -0.423 18.25 19.70 03a59987o0076o
59986.794918 -20.966  1.127   -15   17 o  0   0.95  59.50642 -65.50676 10005.36    73.87 2.71 2.31 -60.2 -0.465 19.32 20.73 03a59987o0080o
59986.796269 -21.706  1.800    -8   14 o  0   0.96  59.50642 -65.50676  9129.12 10202.75 2.95 2.30 -52.8 -0.441 19.36 20.79 03a59987o0083o
59986.800617  21.339  1.293    11   14 o  0   1.31  59.50642 -65.50676  1071.39  9990.52 2.81 2.36 -54.3 -0.429 19.44 20.88 03a59987o0092o
59986.805403  22.049  2.714     6   15 o  0   0.86  59.50642 -65.50676  9988.05   162.29 2.44 2.21 -57.9 -0.479 19.38 20.79 03a59987o0102o
59986.806765 -21.493  1.356    -9   12 o  0   1.43  59.50642 -65.50676  9118.91 10289.55 3.05 2.42 -49.5 -0.425 19.37 20.85 03a59987o0105o
59986.810392 -21.375  1.618   -10   17 o  0   0.92  59.50642 -65.50676  1055.14 10081.59 2.77 2.44 -54.8 -0.431 19.44 20.91 03a59987o0113o
59988.036643 -21.554  1.429    -9   12 c  0   1.24  59.50642 -65.50676  9731.18  7718.08 3.11 2.73 -19.1 -0.383 19.40 21.37 04a59988o0060c
59988.039796  20.064  0.368    34   13 c  0   1.19  59.50642 -65.50676  9751.00  7756.50 3.10 2.77 -17.9 -0.383 19.40 21.48 04a59988o0067c
59988.045282  21.001  0.920    14   13 c  0   1.11  59.50642 -65.50676  9690.04  7672.64 3.27 3.05 -11.6 -0.365 19.37 21.56 04a59988o0079c
59988.055087  21.014  0.929    14   13 c  0   1.06  59.50642 -65.50676  9665.97  7785.27 3.03 2.88 -24.0 -0.376 19.42 21.64 04a59988o0100c
59988.055537 -21.751  1.545    -7   11 c  0   1.16  59.50642 -65.50676   969.75  7645.53 3.11 2.51  88.0 -0.354 19.42 21.66 04a59988o0101c
59988.058689  21.748  1.583     7   12 c  0   1.25  59.50642 -65.50676   984.12  7682.04 2.93 2.44 -80.5 -0.358 19.44 21.64 04a59988o0108c
59988.064103 -23.126  4.900    -2   10 c  0   1.20  59.50642 -65.50676   925.83  7608.09 2.98 2.42 -83.5 -0.360 19.44 21.67 04a59988o0120c
59988.075413 -21.693  1.293    -8   10 c  0   1.25  59.50642 -65.50676   903.81  7720.89 2.80 2.36 -82.3 -0.355 19.50 21.64 04a59988o0145c
59990.777350  22.013  2.600     6   15 o  0   1.26  59.50642 -65.50676  8774.06  4164.55 2.75 2.24 -62.0 -0.398 18.97 20.02 03a59991o0045o
59990.781453  22.360  3.409     4   14 o  0   1.10  59.50642 -65.50676  8791.82  4205.11 2.94 2.42 -64.0 -0.393 19.07 20.47 03a59991o0054o
59990.787360  23.559 10.857     1   15 o  0   1.02  59.50642 -65.50676  8734.67  4120.42 2.97 2.47 -62.7 -0.400 19.15 20.74 03a59991o0067o
59990.797383 -21.147  1.000   -13   13 o  0   1.36  59.50642 -65.50676  8708.39  4231.64 3.16 2.69 -62.6 -0.396 19.16 20.88 03a59991o0089o
59992.025160  25.364 72.000     0   19 c  0   1.05  59.50642 -65.50676  9733.14  7720.68 3.24 2.80 -24.6 -0.352 18.96 20.34 04a59992o0017c
59992.028325  21.984  2.478     6   14 c  0   1.52  59.50642 -65.50676  9751.00  7759.40 3.12 2.76 -24.6 -0.381 19.14 20.84 04a59992o0024c
59992.047954  21.829  1.690     7   11 c  0   1.82  59.50642 -65.50676  9684.48  7671.10 2.93 2.61 -23.0 -0.407 19.43 21.52 04a59992o0067c
59992.059982 -21.778  1.733    -7   12 c  0   0.95  59.50642 -65.50676  9657.70  7784.23 2.97 2.65 -20.8 -0.386 19.44 21.58 04a59992o0093c
59992.063670  22.605  3.600     3   12 c  0   1.15  59.50642 -65.50676   958.74  7641.73 3.08 2.51  81.2 -0.348 19.43 21.59 04a59992o0101c
59992.066837  20.906  0.688    16   11 c  0   0.97  59.50642 -65.50676   975.97  7677.39 2.96 2.43 -86.3 -0.352 19.45 21.60 04a59992o0108c
59992.072707  22.258  2.348     4   11 c  0   1.16  59.50642 -65.50676   917.18  7602.99 2.85 2.41  89.2 -0.356 19.44 21.57 04a59992o0121c
59992.082554  21.075  0.862    14   12 c  0   0.89  59.50642 -65.50676   891.50  7719.91 2.98 2.45  88.5 -0.345 19.44 21.52 04a59992o0142c
59994.766951 -21.031  1.211   -14   17 o  0   1.40  59.50642 -65.50676  5088.56 10210.46 2.98 2.41 -37.7 -0.370 19.06 19.99 03a59995o0028o
59994.770109  21.057  0.976    14   13 o  0   1.26  59.50642 -65.50676  5104.39 10249.16 2.78 2.25 -38.6 -0.386 19.32 20.46 03a59995o0035o
59994.773271  23.407  8.077     2   13 o  0   0.69  59.50642 -65.50676  5473.31    46.35 2.27 2.05 -45.7 -0.401 19.42 20.73 03a59995o0042o
59994.777371  26.207 85.000     0   10 o  0   1.22  59.50642 -65.50676  5491.72    85.66 2.25 2.04 -44.3 -0.408 19.48 20.94 03a59995o0051o
59994.777822 -24.095 14.000    -1   12 o  0   1.23  59.50642 -65.50676  5052.06 10168.09 2.82 2.29 -36.9 -0.384 19.52 20.99 03a59995o0052o
59994.791902 -23.379  6.222    -2   10 o  0   1.73  59.50642 -65.50676  5030.76 10280.33 2.93 2.39 -36.9 -0.376 19.47 21.11 03a59995o0083o
59994.797390 -21.714  1.300    -8   10 o  0   1.25  59.50642 -65.50676  5399.85   117.12 2.49 2.35 -61.1 -0.394 19.45 21.06 03a59995o0095o
59998.827101 -20.653  0.547   -20   11 o  0   1.23  59.50642 -65.50676  5082.91 10211.44 2.81 2.30 -40.0 -0.388 19.53 21.01 03a59999o0157o
59998.830286 -20.611  0.500   -21   10 o  0   1.39  59.50642 -65.50676  5100.76 10252.54 2.80 2.30 -38.9 -0.391 19.50 21.01 03a59999o0164o
59998.834587  22.267  2.667     4   12 o  0   1.05  59.50642 -65.50676  5451.45    50.83 2.25 2.06 -28.3 -0.416 19.52 20.99 03a59999o0173o
59998.835997 -20.977  0.851   -15   13 o  0   1.22  59.50642 -65.50676  5050.64 10171.69 3.10 2.47 -36.0 -0.379 19.46 21.04 03a59999o0176o
59998.837403  20.732  0.549    18   10 o  0   1.21  59.50642 -65.50676  5469.60    87.10 2.34 2.15 -44.6 -0.387 19.44 21.00 03a59999o0179o
59998.846111  21.297  1.113    11   12 o  0   1.10  59.50642 -65.50676  5030.32 10287.10 2.87 2.35 -40.0 -0.377 19.48 21.04 03a59999o0198o
59998.853182  23.531  6.909     1   10 o  0   1.47  59.50642 -65.50676  5377.83   123.02 2.31 2.13 -45.4 -0.385 19.47 21.01 03a59999o0213o
60000.019831  20.425  1.035    25   25 o  0   1.05  59.50642 -65.50676  9295.32  2048.96 2.97 2.51 -17.1 -0.373 18.62 19.54 04a60000o0043o
60000.023511 -20.513  0.903   -23   20 o  0   1.02  59.50642 -65.50676  9313.79  2088.05 2.88 2.57 -15.9 -0.398 18.80 20.06 04a60000o0051o
60000.029417  23.062  7.700     2   17 o  0   1.36  59.50642 -65.50676  9247.74  2003.74 3.00 2.49 -18.5 -0.381 19.07 20.49 04a60000o0064o
60000.049195 -20.824  0.802   -17   14 o  0   1.22  59.50642 -65.50676  9211.94  2114.37 2.90 2.29 -23.3 -0.397 19.16 20.67 04a60000o0107o
60002.764389 -21.297  2.412   -11   26 o  0   1.01  59.50642 -65.50676  4446.36  9731.10 3.18 2.70 -49.3 -0.356 18.68 19.39 03a60003o0041o
60002.767552 -21.551  2.535    -9   22 o  0   0.77  59.50642 -65.50676  4462.11  9760.33 3.04 2.64 -47.2 -0.359 18.87 19.85 03a60003o0048o
60002.775160  20.217  0.461    30   14 o  0   1.28  59.50642 -65.50676  4419.62  9660.01 2.90 2.45 -44.5 -0.363 19.13 20.39 03a60003o0064o
60002.785295  20.856  0.946    16   16 o  0   0.74  59.50642 -65.50676  4409.52  9749.70 2.91 2.34 -41.7 -0.371 19.28 20.51 03a60003o0086o
60004.012148 -21.529  4.920    -9   44 o  0   1.39  59.50642 -65.50676   626.39  6125.15 2.69 2.37  87.7 -0.374 18.05 18.21 04a60004o0032o
60004.015304  20.464  1.264    24   30 o  0   1.13  59.50642 -65.50676   643.20  6160.15 2.66 2.29 -89.4 -0.377 18.44 19.06 04a60004o0039o
60004.022102  22.577  6.048     3   20 o  0   1.11  59.50642 -65.50676   582.86  6083.03 2.60 2.22  82.7 -0.377 18.92 19.91 04a60004o0054o
60004.033571   0.000 20.920    -0   16 o  0   1.17  59.50642 -65.50676   556.67  6195.90 2.53 2.22  80.5 -0.378 19.04 20.21 04a60004o0079o
60006.889095  23.575 18.125     1   24 o  0   0.74  59.50642 -65.50676  3105.93  3679.48 2.51 2.27 -55.6 -0.404 18.68 19.44 03a60007o0045o
60006.894803  20.236  0.754    29   22 o  0   1.30  59.50642 -65.50676  3080.77  3791.45 2.57 2.32 -55.5 -0.387 18.66 19.47 03a60007o0057o
60008.062584 -23.607 18.143    -1   24 o  0   1.10  59.50642 -65.50676   589.35  6107.26 2.63 2.55  60.6 -0.361 18.64 19.56 04a60008o0042o
60008.065746  23.001 10.357     2   24 o  0   1.05  59.50642 -65.50676   606.95  6144.34 2.50 2.38  62.8 -0.369 18.64 19.55 04a60008o0049o
60008.071669  20.190  0.698    30   21 o  0   1.24  59.50642 -65.50676   547.39  6073.06 2.48 2.25  77.0 -0.374 18.77 19.53 04a60008o0062o
60008.081875 -20.302  0.865   -28   24 o  0   0.95  59.50642 -65.50676   523.26  6192.35 2.41 2.10  77.5 -0.368 18.79 19.48 04a60008o0084o
60014.749865  19.567  0.570    54   31 o  0   1.01  59.50642 -65.50676  5861.26  7720.72 2.51 2.18 -47.7 -0.380 18.45 18.70 03a60015o0032o
60014.753092 -23.309 13.000    -2   22 o  0   1.03  59.50642 -65.50676  5877.95  7760.02 2.67 2.31 -48.3 -0.378 18.79 19.48 03a60015o0039o
60014.758622  21.431  1.500    10   15 o  0   1.16  59.50642 -65.50676  5825.12  7679.70 2.58 2.14 -47.2 -0.391 19.22 20.28 03a60015o0051o
60014.779294 -22.637  3.478    -3   11 o  0   1.34  59.50642 -65.50676  5801.69  7796.79 2.48 2.12 -46.4 -0.412 19.44 20.81 03a60015o0096o
60016.029689  25.052 48.500     0   17 o  0   1.22  59.50642 -65.50676  5113.32  2055.71 2.29 2.27  39.4 -0.468 19.07 20.36 04a60016o0093o
60016.032855  20.339  0.632    27   17 o  0   1.01  59.50642 -65.50676  5129.38  2093.76 2.35 2.29  54.1 -0.435 19.02 20.40 04a60016o0100o
60016.038365 -21.478  2.094    -9   20 o  0   0.99  59.50642 -65.50676  5067.49  2016.71 2.29 2.27 -34.7 -0.467 19.02 20.33 04a60016o0112o
60016.064198  20.803  0.990    17   17 o  0   1.27  59.50642 -65.50676  5037.05  2135.56 2.45 2.30 -72.3 -0.427 19.03 20.47 04a60016o0138o
60018.744739  20.493  0.957    23   22 c  0   1.48  59.50642 -65.50676  9544.84  7843.64 3.00 2.49 -60.1 -0.383 18.68 19.64 03a60019o0028c
60018.746094  20.934  1.386    15   21 c  0   0.99  59.50642 -65.50676   803.86  7546.47 2.83 2.55 -47.0 -0.365 18.93 20.09 03a60019o0031c
60018.747969  20.457  0.708    24   17 c  0   1.08  59.50642 -65.50676  9561.46  7883.14 3.08 2.61 -60.5 -0.375 19.03 20.34 03a60019o0035c
60018.748871  21.627  1.907     8   16 c  0   1.12  59.50642 -65.50676   820.53  7584.34 2.84 2.55 -45.9 -0.363 19.20 20.60 03a60019o0037c
60018.769069  22.845  4.467     3   12 c  0   0.98  59.50642 -65.50676  9506.21  7794.68 2.81 2.33 -58.9 -0.381 19.53 21.39 03a60019o0081c
60018.770467  22.096  1.793     5    9 c  0   1.49  59.50642 -65.50676   765.39  7511.41 2.76 2.48 -45.8 -0.373 19.53 21.51 03a60019o0084c
60018.783535 -22.272  2.565    -4   12 c  0   0.97  59.50642 -65.50676  9483.81  7903.78 2.96 2.41 -57.7 -0.382 19.46 21.41 03a60019o0112c
60018.785364 -21.870  1.629    -6   11 c  0   1.23  59.50642 -65.50676   740.54  7630.09 2.76 2.46 -45.8 -0.377 19.49 21.45 03a60019o0116c
60019.997835  20.962  1.929    15   29 o  0   1.41  59.50642 -65.50676  6355.11  5656.72 2.40 2.29 -37.3 -0.448 18.37 19.01 04a60020o0031o
60020.001007 -22.200  4.556    -5   22 o  0   1.09  59.50642 -65.50676  6372.31  5694.10 2.46 2.27 -54.8 -0.442 18.68 19.69 04a60020o0038o
60020.008248  20.630  0.748    20   15 o  0   1.20  59.50642 -65.50676  6310.28  5614.11 2.35 2.23 -52.2 -0.444 19.02 20.34 04a60020o0054o
60020.018231  20.523  0.589    22   13 o  0   1.47  59.50642 -65.50676  6284.56  5728.62 2.27 2.17 -58.3 -0.436 19.12 20.47 04a60020o0076o
60022.833009 -22.864  4.267    -3   11 c  0   1.02  59.50642 -65.50676   805.38  7556.81 2.74 2.42 -42.8 -0.387 19.61 21.51 03a60023o0223c
60022.842738 -21.415  1.051   -10   10 c  0   0.88  59.50642 -65.50676   823.27  7594.65 2.68 2.36 -43.2 -0.388 19.59 21.48 03a60023o0244c
60022.845958  20.299  0.429    28   12 c  0   0.87  59.50642 -65.50676   770.44  7521.15 2.75 2.46 -40.3 -0.381 19.57 21.48 03a60023o0251c
60022.866677 -21.164  1.227   -12   15 c  0   0.81  59.50642 -65.50676   752.08  7643.64 3.48 3.06 -25.8 -0.359 19.32 21.41 03a60023o0292c
60024.016513  21.128  1.403    13   18 o  0   1.07  59.50642 -65.50676  6338.79  5650.76 2.48 2.29 -50.8 -0.445 18.95 20.30 04a60024o0031o
60024.019706 -22.327  4.727    -4   20 o  0   0.93  59.50642 -65.50676  6355.37  5690.31 2.52 2.34 -59.2 -0.434 18.94 20.29 04a60024o0038o
60024.030673  20.101  0.534    33   18 o  0   0.82  59.50642 -65.50676  6291.83  5613.42 2.12 1.96 -23.8 -0.458 19.05 20.28 04a60024o0062o
60024.043015  23.393 11.375     2   18 o  0   1.18  59.50642 -65.50676  6265.25  5731.29 2.47 2.34 -70.8 -0.450 18.88 20.27 04a60024o0089o
60030.798605 -20.827  0.729   -17   12 o  0   1.31  59.50642 -65.50676  9236.82  2160.93 2.50 2.17 -63.5 -0.407 19.17 20.50 03a60031o0164o
60030.802092 -20.187  0.405   -31   12 o  0   1.17  59.50642 -65.50676  9255.91  2203.05 2.53 2.18 -60.3 -0.402 19.20 20.48 03a60031o0171o
60030.820534 -21.897  1.909    -6   12 o  0   1.25  59.50642 -65.50676  9192.19  2113.60 2.45 2.18 -59.5 -0.408 19.16 20.50 03a60031o0199o
60032.024399  20.250  1.111    29   32 o  0   1.29  59.50642 -65.50676  9757.86    62.25 3.13 2.48 -42.2 -0.316 18.90 20.11 04a60032o0111o
60032.025373 -20.949  1.479   -15   22 o  0   0.99  59.50642 -65.50676  8819.56 10164.89 2.52 2.39 -80.0 -0.490 18.93 20.10 04a60032o0113o
60032.027691 -19.745  0.424   -46   20 o  0   1.51  59.50642 -65.50676   284.51 10234.66 3.05 2.20 -77.1 -0.412 18.97 20.18 04a60032o0118o
60032.028165 -20.533  1.107   -22   25 o  0   1.04  59.50642 -65.50676  8837.43 10206.46 2.67 2.37 -81.3 -0.480 18.90 20.10 04a60032o0119o
60032.043189 -21.228  2.319   -12   27 o  0   1.38  59.50642 -65.50676  9657.14    98.33 3.26 2.43 -37.9 -0.390 18.85 20.07 04a60032o0151o
60032.045956  21.645  3.484     8   28 o  0   0.68  59.50642 -65.50676   295.74 10278.82 3.19 2.56 -71.8 -0.417 18.84 20.16 04a60032o0157o
60032.047388 -20.823  1.090   -17   18 o  0   1.70  59.50642 -65.50676  8777.09 10129.25 2.86 2.38 -86.5 -0.405 18.90 20.05 04a60032o0160o
60032.063381 -24.309 32.667    -1   22 o  0   1.35  59.50642 -65.50676   236.34 10213.48 3.18 2.37 -78.6 -0.369 18.95 20.11 04a60032o0185o
60032.064341 -23.243 12.778    -2   23 o  0   0.80  59.50642 -65.50676  8754.13 10251.94 2.67 2.30 -80.2 -0.431 18.89 20.01 04a60032o0187o
60032.067649  20.579  0.956    21   20 o  0   1.25  59.50642 -65.50676   212.98 10336.14 3.24 2.36 -78.5 -0.390 18.96 20.10 04a60032o0194o
60042.721729 -23.188 19.333    -2   37 o  0   1.63  59.50642 -65.50676  3283.84   115.39 2.60 2.40 -44.4 -0.364 18.02 18.16 03a60043o0014o
60042.724692 -19.707  0.582   -48   28 o  0   1.26  59.50642 -65.50676  3302.07   154.51 2.69 2.52 -51.1 -0.341 18.37 18.95 03a60043o0020o
60042.730777  20.255  0.729    29   21 o  0   0.73  59.50642 -65.50676  3237.70    75.78 2.71 2.57 -48.0 -0.524 18.94 20.03 03a60043o0032o
60042.746159 -21.026  1.323   -14   19 o  0   1.01  59.50642 -65.50676  3205.18   198.29 3.11 2.82 -85.2 -0.341 18.83 20.15 03a60043o0063o
60042.783717 -21.963  5.091    -6   30 o  0   0.93  59.50642 -65.50676  3322.79 10294.17 3.74 2.68   9.5 -0.429 18.26 19.55 03a60043o0137o
60045.765520 -20.413  0.398   -25   10 o  0   2.18  59.50642 -65.50676  3446.42  1679.33 2.49 2.29 -56.2 -0.409 19.24 20.55 03a60046o0120o
60045.769405 -22.814  5.300    -3   14 o  0   0.92  59.50642 -65.50676  3464.37  1718.00 2.34 2.14 -58.9 -0.417 19.29 20.55 03a60046o0128o
60045.775949  20.893  0.737    16   12 o  0   1.44  59.50642 -65.50676  3402.10  1639.62 2.39 2.17 -61.0 -0.408 19.27 20.54 03a60046o0141o
60045.786088 -20.990  0.876   -15   13 o  0   1.16  59.50642 -65.50676  3375.08  1756.16 2.39 2.15 -62.5 -0.402 19.25 20.58 03a60046o0161o
60060.730444 -20.314  1.493   -27   41 o  0   1.41  59.50642 -65.50676   796.84  7558.39 2.92 2.58 -57.1 -0.375 18.19 19.11 03a60061o0070o
60060.733705 -21.311  4.767   -11   52 o  0   1.11  59.50642 -65.50676   815.22  7597.39 2.55 2.21 -59.5 -0.380 18.42 19.29 03a60061o0076o
60060.752255  20.553  1.373    22   30 o  0   0.71  59.50642 -65.50676   762.61  7524.87 2.79 2.47 -54.1 -0.383 18.71 19.71 03a60061o0112o
60060.758031  20.232  1.021    29   30 o  0   1.70  59.50642 -65.50676   740.72  7644.45 2.58 2.27 -57.5 -0.371 18.27 19.18 03a60061o0124o
60063.713667  21.298  2.093    11   23 o  0   1.07  59.50642 -65.50676  9500.37  6262.26 2.63 2.15 -59.0 -0.367 18.57 19.07 03a60064o0042o
60063.714585 -20.054  0.650   -34   22 o  0   1.33  59.50642 -65.50676   493.35  6029.14 2.56 2.23 -67.9 -0.401 18.74 19.35 03a60064o0044o
60063.716910 -21.561  2.467    -9   21 o  0   1.19  59.50642 -65.50676  9517.48  6300.47 2.59 2.10 -58.1 -0.383 18.72 19.42 03a60064o0049o
60063.722597  21.982  3.026     6   18 o  0   1.10  59.50642 -65.50676  9463.39  6215.95 2.67 2.20 -59.3 -0.374 18.82 19.66 03a60064o0061o
60063.724427 -20.776  1.086   -18   19 o  0   1.07  59.50642 -65.50676   511.22  6067.65 2.68 2.33 -67.4 -0.405 18.90 19.82 03a60064o0065o
60063.727660  20.213  0.699    30   21 o  0   1.16  59.50642 -65.50676   455.82  5994.07 2.86 2.50 -69.2 -0.390 18.93 19.82 03a60064o0072o
60063.737504  20.603  0.730    21   15 o  0   1.57  59.50642 -65.50676  9440.73  6323.73 2.82 2.31 -56.5 -0.367 18.81 19.71 03a60064o0093o
60063.737979  20.566  1.018    22   22 o  0   1.21  59.50642 -65.50676   432.74  6114.42 2.94 2.50 -64.4 -0.382 18.89 19.84 03a60064o0094o
60106.164860  21.359  1.808    10   19 o  0   0.88  59.50642 -65.50676  7398.18  6863.15 2.88 2.56 -35.9 -0.409 18.89 20.08 03a60106o1023o
60106.172426  21.819  2.500     7   17 o  0   1.53  59.50642 -65.50676  7376.81  6827.98 2.81 2.48 -36.5 -0.408 18.92 20.04 03a60106o1038o
60106.177166  20.830  1.021    17   17 o  0   1.28  59.50642 -65.50676  7435.40  6900.90 2.73 2.42 -30.7 -0.417 18.88 19.86 03a60106o1048o
60106.187749 -20.090  1.167   -33   39 o  0   0.80  59.50642 -65.50676  7456.09  6788.92 2.71 2.30 -38.1 -0.397 18.08 18.24 03a60106o1069o
60118.151941  20.182  0.483    31   15 o  0   1.39  59.50642 -65.50676  4276.15  4891.33 2.56 2.37 -35.4 -0.397 19.08 20.33 03a60118o0776o
60118.177364  21.038  1.056    14   15 o  0   1.33  59.50642 -65.50676  4262.03  4840.64 2.35 2.25 -30.9 -0.417 19.13 20.25 03a60118o0829o
60118.196336  19.359  0.912    66   60 o  0   1.43  59.50642 -65.50676  4318.36  4919.46 2.38 2.21 -40.2 -0.399 17.67 17.29 03a60118o0868o
60127.149566 -20.649  1.065   -20   21 o  0   1.37  59.50642 -65.50676  6497.84  2811.61 2.26 2.07 -36.3 -0.449 18.78 19.43 03a60127o0966o
60127.159503  20.544  0.839    22   18 o  0   1.19  59.50642 -65.50676  6482.34  2772.23 2.32 2.19 -30.4 -0.454 18.84 19.52 03a60127o0987o
60127.184736 -20.576  0.857   -21   18 o  0   1.40  59.50642 -65.50676  6542.30  2846.27 2.39 2.23 -35.9 -0.435 18.91 19.70 03a60127o1040o
60127.194472 -20.318  1.353   -27   37 o  0   1.20  59.50642 -65.50676  6568.26  2726.77 2.30 2.26 -31.6 -0.468 18.20 18.25 03a60127o1060o
60130.157806  20.566  1.400    22   30 o  0   1.16  59.50642 -65.50676  6195.26  4836.65 2.13 1.84  -2.0 -0.476 18.37 19.26 03a60130o0519o
60130.186734  20.849  5.220    17   87 o  0   1.17  59.50642 -65.50676  6185.09  4789.66 1.96 1.75  -3.8 -0.497 17.37 17.53 03a60130o0573o
60131.396283  20.093 13.840    33  461 o  0   0.93  59.50642 -65.50676  6291.75  4843.73 3.13 2.99 -78.9 -0.302 15.58 15.93 04a60131o0776o
60131.399518 -17.535  1.232  -351  433 o  0   1.12  59.50642 -65.50676  6272.53  4805.65 2.84 2.64 -67.7 -0.360 15.55 15.53 04a60131o0783o
60131.427223 -20.373  1.966   -26   51 o  0   0.97  59.50642 -65.50676  6358.27  4776.51 2.52 2.38 -47.4 -0.371 18.00 18.60 04a60131o0842o
60139.087492 -25.735 51.000    -0    9 c  0   1.18  59.50642 -65.50676  3759.71  6512.69 2.74 2.54 -34.1 -0.376 19.53 21.58 03a60139o0839c
60139.090321  21.056  0.789    14   11 c  0   1.04  59.50642 -65.50676  3741.09  6471.11 2.78 2.63 -34.1 -0.375 19.51 21.61 03a60139o0845c
60139.113347  20.267  0.355    28   10 c  0   0.88  59.50642 -65.50676  3801.26  6541.41 2.72 2.60 -42.6 -0.378 19.55 21.66 03a60139o0892c
60139.118508  21.957  1.529     6    9 c  0   1.16  59.50642 -65.50676  3822.63  6428.52 2.67 2.55 -33.6 -0.378 19.57 21.65 03a60139o0903c
60142.109474  20.174  0.443    31   14 c  0   1.45  59.50642 -65.50676  7174.60   283.89 2.44 2.31 -13.8 -0.390 19.27 20.97 03a60142o0835c
60142.109925  21.869  2.400     6   16 c  0   0.79  59.50642 -65.50676  7306.50 10452.54 2.64 2.30 -46.2 -0.384 19.13 20.83 03a60142o0836c
60142.112717  21.856  2.120     7   14 c  0   2.09  59.50642 -65.50676  7159.76   242.20 2.40 2.27 -20.8 -0.391 18.92 20.63 03a60142o0842c
60142.113168 -21.328  1.286   -11   14 c  0   1.13  59.50642 -65.50676  7285.56 10411.53 2.62 2.27 -48.1 -0.382 19.32 21.02 03a60142o0843c
60142.143715  21.278  1.320    11   15 c  0   0.91  59.50642 -65.50676  7219.16   319.72 2.46 2.28 -24.6 -0.390 19.08 20.86 03a60142o0901c
60142.144176 -25.509 67.000    -0   15 c  0   1.07  59.50642 -65.50676  7341.03 10488.76 2.63 2.28 -49.4 -0.385 19.17 20.93 03a60142o0902c
60142.148984  22.942  5.077     2   12 c  0   0.90  59.50642 -65.50676  7244.14   199.32 2.66 2.33  -5.9 -0.393 19.29 21.14 03a60142o0912c
60142.149435  20.042  0.321    35   11 c  0   1.24  59.50642 -65.50676  7365.35 10370.51 2.66 2.34 -48.3 -0.382 19.45 21.22 03a60142o0913c
60148.073603  20.731  0.576    18   11 c  0   1.12  59.50642 -65.50676  2369.92  4869.63 2.57 2.34 -37.2 -0.396 19.54 21.39 03a60148o0788c
60148.090482  21.152  0.612    13    8 c  0   1.83  59.50642 -65.50676  2356.02  4821.03 2.47 2.30 -30.9 -0.406 19.64 21.51 03a60148o0823c
60148.093722  20.425  0.382    24    9 c  0   0.96  59.50642 -65.50676  2412.69  4901.13 2.45 2.27 -28.1 -0.408 19.62 21.50 03a60148o0830c
60148.110106  20.764  0.476    18    9 c  0   1.21  59.50642 -65.50676  2434.95  4792.86 2.45 2.29 -36.4 -0.406 19.62 21.57 03a60148o0865c
60149.382220  21.801  1.885     7   13 o  0   1.15  59.50642 -65.50676  2470.98  4983.13 2.33 2.08  79.1 -0.388 19.27 20.88 04a60149o0437o
60149.385995 -21.847  1.809    -7   12 o  0   1.25  59.50642 -65.50676  2454.37  4942.84 2.37 2.13  75.9 -0.391 19.28 20.82 04a60149o0445o
60149.391181 -23.932 12.857    -1   12 o  0   1.27  59.50642 -65.50676  2514.19  5025.76 2.37 2.15  79.1 -0.386 19.28 20.86 04a60149o0456o
60149.413634  20.811  0.821    17   14 o  0   1.12  59.50642 -65.50676  2547.56  4917.77 2.46 2.21  79.1 -0.381 19.27 20.86 04a60149o0504o
60149.444686  24.186 27.667     1   21 o  0   0.97  59.50642 -65.50676  2530.48  4990.55 2.30 2.10  81.8 -0.370 18.86 19.81 04a60149o0570o
60155.322612  21.418  3.031    10   30 o  0   1.04  59.50642 -65.50676  5383.80   383.70 2.11 2.06  43.7 -0.407 18.61 19.30 04a60155o0793o
60155.337021  20.386  1.057    25   27 o  0   0.78  59.50642 -65.50676  5368.31   349.33 2.08 2.00  30.7 -0.428 18.56 19.40 04a60155o0824o
60155.349781  20.124  1.059    32   34 o  0   1.05  59.50642 -65.50676  5423.92   434.10 2.34 2.27   4.1 -0.421 18.39 19.24 04a60155o0851o
