MJD          m      dm   uJy   duJy F err chi/N     RA       Dec        x        y     maj  min   phi  apfit mag5sig Sky   Obs
59677.610122  20.663  1.108    20   22 o  0   0.91 332.90717  46.31112  9268.59  1383.20 2.81 2.69 -43.4 -0.474 18.83 19.92 01a59677o0773o
59677.622732 -21.624  2.975    -8   24 o  0   0.84 332.90717  46.31112  9253.42  1331.26 2.98 2.72 -54.3 -0.471 18.84 19.94 01a59677o0800o
59677.636520 -20.415  1.360   -25   34 o  0   0.93 332.90717  46.31112  9317.60  1410.75 3.10 2.80 -53.7 -0.489 18.38 19.20 01a59677o0829o
59679.591551  20.762  2.091    18   38 c  0   1.36 332.90717  46.31112  9904.19  4781.21 2.88 2.53  19.2 -0.390 18.10 19.97 02a59679o0782c
59679.598334 -23.750 16.500    -1   19 c  0   1.13 332.90717  46.31112  9927.71  4817.43 2.84 2.50  20.7 -0.403 19.02 20.89 02a59679o0796c
59679.602493 -22.540  5.444    -4   19 c  0   0.99 332.90717  46.31112  9869.17  4742.70 2.86 2.50  20.7 -0.397 19.03 20.88 02a59679o0805c
59679.618739 -20.656  1.039   -20   21 c  0   1.27 332.90717  46.31112  9848.78  4861.15 2.86 2.51  22.3 -0.394 19.04 20.87 02a59679o0840c
59687.605811  18.345  0.245   167   41 o  0   1.51 332.90717  46.31112 10342.28  7192.86 2.34 2.07  14.9 -0.446 18.35 18.65 02a59687o0822o
59687.608095  18.465  0.237   149   35 o  0   0.74 332.90717  46.31112   475.08  7218.59 2.11 1.86  12.9 -0.437 18.25 18.50 02a59687o0827o
59687.612521  18.373  0.164   162   27 o  0   1.37 332.90717  46.31112   498.79  7257.58 2.00 1.89 -19.9 -0.464 18.32 18.55 02a59687o0836o
59687.615738  18.356  0.266   165   44 o  0   0.87 332.90717  46.31112 10359.97  7231.27 2.32 2.10  12.4 -0.459 18.43 18.73 02a59687o0843o
59687.619868  18.028  0.151   223   34 o  0   2.28 332.90717  46.31112 10298.07  7154.86 2.35 2.09  16.2 -0.456 18.38 18.75 02a59687o0852o
59687.620324  18.282  0.158   177   28 o  0   1.44 332.90717  46.31112   436.32  7175.77 2.02 1.92   3.0 -0.437 18.33 18.60 02a59687o0853o
59687.627234  18.585  0.266   134   36 o  0   2.34 332.90717  46.31112 10278.96  7273.13 2.31 2.11  13.2 -0.452 18.37 18.68 02a59687o0868o
59687.629981  18.971  0.403    94   38 o  0   0.94 332.90717  46.31112   413.88  7290.70 2.00 1.89   3.0 -0.445 18.13 18.34 02a59687o0874o
59693.602524  17.295  0.218   438   96 o  0   1.02 332.90717  46.31112  4199.69  3532.35 2.97 2.76  41.0 -0.453 17.48 18.55 01a59693o0826o
59709.585044  16.747  0.025   726   18 o  0   2.17 332.90717  46.31112  7252.67  1426.58 2.79 2.61 -59.2 -0.478 19.15 20.37 01a59709o0760o
59709.588725  16.706  0.024   754   18 o  0   1.27 332.90717  46.31112  7232.16  1387.42 2.78 2.63 -61.6 -0.479 19.17 20.40 01a59709o0768o
59709.607236  16.735  0.023   735   17 o  0   1.71 332.90717  46.31112  7295.75  1464.49 2.77 2.72  76.0 -0.457 19.11 20.38 01a59709o0808o
59709.618286  16.709  0.036   752   27 o  0   1.26 332.90717  46.31112  7314.98  1342.61 2.82 2.67 -64.0 -0.485 18.50 19.15 01a59709o0832o
59711.581454  16.830  0.022   673   15 c  0   1.73 332.90717  46.31112  7114.10  2547.00 3.07 2.80  34.9 -0.375 19.28 20.99 02a59711o0744c
59711.585611  16.863  0.024   653   16 c  0   1.36 332.90717  46.31112  7134.80  2584.57 3.18 2.91  37.8 -0.362 19.21 21.00 02a59711o0753c
59711.604002  16.775  0.023   708   16 c  0   1.46 332.90717  46.31112  7085.45  2507.26 2.95 2.72  39.0 -0.382 19.37 21.03 02a59711o0793c
59711.614705  16.834  0.028   670   19 c  0   1.64 332.90717  46.31112  7066.44  2624.07 2.87 2.63  39.0 -0.376 19.00 20.37 02a59711o0816c
59717.559327  16.748  0.049   726   35 o  0   1.09 332.90717  46.31112  8382.04  5802.39 3.40 3.34  53.6 -0.410 18.43 19.41 01a59717o0701o
59717.563933  16.785  0.051   701   36 o  0   1.10 332.90717  46.31112  8364.48  5761.10 3.42 3.21  39.8 -0.366 18.49 19.38 01a59717o0711o
59717.571758  16.826  0.058   676   39 o  0   1.02 332.90717  46.31112  8425.54  5838.67 4.07 4.02  34.7 -0.315 18.15 19.41 01a59717o0728o
59717.586492  16.694  0.055   763   42 o  0   0.94 332.90717  46.31112  8447.19  5719.39 3.88 3.69  38.4 -0.370 18.34 19.44 01a59717o0760o
59723.594523  16.763  0.023   716   17 o  0   2.40 332.90717  46.31112  1432.40   828.22 1.94 1.83  88.8 -0.559 19.36 20.37 02a59723o0772o
59723.599690  16.713  0.021   750   16 o  0   2.42 332.90717  46.31112  1454.20   869.58 1.93 1.84  89.3 -0.558 19.34 20.34 02a59723o0783o
59723.609534  16.735  0.023   734   17 o  0   2.96 332.90717  46.31112  1399.75   786.68 1.88 1.76  79.7 -0.569 19.19 20.03 02a59723o0804o
59723.615788  16.785  0.036   702   26 o  0   1.71 332.90717  46.31112  1374.51   903.21 1.97 1.81 -73.4 -0.542 18.66 19.03 02a59723o0817o
59729.590344  16.936  0.036   610   22 o  0   1.21 332.90717  46.31112  7288.25  7803.81 3.05 2.83  51.1 -0.432 18.96 20.42 01a59729o0757o
59729.592186  16.982  0.030   585   17 o  0   1.49 332.90717  46.31112  7269.88  7766.75 2.89 2.73  56.0 -0.447 19.18 20.58 01a59729o0761o
59729.606419  16.957  0.028   599   17 o  0   1.59 332.90717  46.31112  7330.22  7841.09 3.11 2.86  50.6 -0.421 19.25 20.74 01a59729o0791o
59729.613440  16.964  0.034   595   20 o  0   0.91 332.90717  46.31112  7347.05  7723.30 2.86 2.82  83.4 -0.452 19.14 20.38 01a59729o0806o
59731.583457  17.343  0.034   420   14 c  0   1.71 332.90717  46.31112  2477.97  7177.07 3.05 2.87  41.7 -0.375 19.32 21.14 02a59731o0586c
59731.586663  17.375  0.037   407   15 c  0   1.18 332.90717  46.31112  2500.53  7217.29 2.77 2.63  34.9 -0.398 19.37 21.14 02a59731o0593c
59731.599052  17.379  0.037   406   15 c  0   1.51 332.90717  46.31112  2433.37  7135.01 3.16 2.88  35.3 -0.386 19.27 21.10 02a59731o0619c
59731.609237  17.290  0.038   441   17 c  0   1.04 332.90717  46.31112  2420.79  7253.82 2.84 2.67  40.3 -0.386 19.19 20.68 02a59731o0641c
59733.552339  17.083  0.033   533   18 o  0   1.06 332.90717  46.31112  7287.16  7809.45 2.86 2.67  50.7 -0.450 19.33 20.63 01a59733o0683o
59733.557864  17.149  0.032   502   16 o  0   1.41 332.90717  46.31112  7269.05  7767.03 3.04 2.70  49.3 -0.427 19.27 20.61 01a59733o0695o
59733.568003  17.122  0.033   514   17 o  0   1.33 332.90717  46.31112  7330.46  7842.47 2.99 2.69  47.5 -0.435 19.29 20.59 01a59733o0717o
59733.571689  17.174  0.035   490   17 o  0   1.06 332.90717  46.31112  7347.92  7725.14 2.86 2.69  54.5 -0.448 19.31 20.61 01a59733o0725o
59735.535058  17.507  0.040   361   14 c  0   1.23 332.90717  46.31112  2464.86  7179.31 2.61 2.36  31.7 -0.403 19.46 21.03 02a59735o0640c
59735.540548  17.432  0.035   387   13 c  0   1.25 332.90717  46.31112  2483.71  7218.35 2.64 2.35  32.5 -0.399 19.45 21.04 02a59735o0652c
59735.544270  17.404  0.034   397   14 c  0   1.70 332.90717  46.31112  2425.03  7138.68 2.82 2.40  31.8 -0.383 19.44 21.06 02a59735o0660c
59735.554399  17.422  0.031   390   12 c  0   1.58 332.90717  46.31112  2408.73  7256.04 2.57 2.31  33.0 -0.409 19.51 21.09 02a59735o0682c
59737.583630  17.317  0.039   430   17 o  0   1.11 332.90717  46.31112  9190.36  7731.70 3.00 2.79  49.0 -0.434 19.30 20.67 01a59737o0751o
59737.587775  17.229  0.035   466   16 o  0   1.87 332.90717  46.31112  9171.19  7690.03 3.11 2.96  58.8 -0.422 19.21 20.66 01a59737o0760o
59737.596067  17.261  0.043   452   19 o  0   0.95 332.90717  46.31112  9231.39  7763.88 3.08 2.87  49.5 -0.425 19.25 20.65 01a59737o0778o
59737.606737  17.366  0.049   411   20 o  0   1.10 332.90717  46.31112  9247.19  7643.75 3.32 2.95  44.5 -0.399 19.05 20.31 01a59737o0800o
59739.563647  17.659  0.037   314   12 c  0   1.48 332.90717  46.31112  5176.64   719.61 2.45 2.26 -79.9 -0.438 19.60 21.30 02a59739o0704c
59739.567310  17.590  0.038   334   13 c  0   1.41 332.90717  46.31112  5193.78   758.22 2.45 2.28  76.7 -0.433 19.57 21.32 02a59739o0712c
59739.580222  17.678  0.037   308   12 c  0   1.49 332.90717  46.31112  5140.92   679.73 2.47 2.29  89.8 -0.431 19.60 21.33 02a59739o0740c
59739.593838  17.691  0.042   304   13 c  0   1.27 332.90717  46.31112  5123.71   795.94 2.50 2.32  89.6 -0.430 19.61 21.35 02a59739o0769c
59741.539758  17.437  0.066   385   25 o  0   1.10 332.90717  46.31112  9182.97  7739.08 3.26 2.89  45.5 -0.413 18.90 19.94 01a59741o0654o
59741.545271  17.427  0.060   388   23 o  0   1.11 332.90717  46.31112  9166.55  7698.76 3.23 3.07  71.5 -0.414 18.88 20.04 01a59741o0665o
59741.559540  17.417  0.046   392   18 o  0   1.23 332.90717  46.31112  9228.09  7774.88 3.35 3.08  50.0 -0.407 19.05 20.42 01a59741o0694o
59741.562765  17.324  0.043   427   18 o  0   1.30 332.90717  46.31112  9244.22  7653.28 3.15 2.91  50.0 -0.420 19.16 20.48 01a59741o0701o
59745.554423  17.471  0.071   373   26 o  0   0.93 332.90717  46.31112  3216.67  1670.88 2.88 2.73  52.1 -0.439 18.61 19.38 01a59745o0681o
59745.557640  17.396  0.064   400   26 o  0   0.99 332.90717  46.31112  3195.31  1631.55 2.81 2.77  57.9 -0.454 18.61 19.43 01a59745o0688o
59745.563632  17.643  0.089   318   28 o  0   0.99 332.90717  46.31112  3257.29  1709.11 2.81 2.79 -45.8 -0.462 18.61 19.35 01a59745o0701o
59745.579803  17.501  0.076   363   28 o  0   0.84 332.90717  46.31112  3271.28  1588.34 2.83 2.76  49.1 -0.457 18.64 19.43 01a59745o0735o
59751.503488  17.605  0.044   330   14 o  0   2.29 332.90717  46.31112  4135.03  4692.51 2.61 2.10  36.2 -0.430 19.27 20.34 02a59751o0560o
59751.511786  17.784  0.059   280   17 o  0   1.19 332.90717  46.31112  4156.10  4731.50 2.56 1.96  33.8 -0.448 19.33 20.32 02a59751o0578o
59751.513778  17.757  0.057   286   16 o  0   1.29 332.90717  46.31112  4095.24  4652.17 3.03 2.21  33.4 -0.433 19.22 20.31 02a59751o0582o
59751.523676  17.799  0.052   276   14 o  0   1.20 332.90717  46.31112  4079.22  4769.11 2.45 1.98  33.5 -0.446 19.31 20.28 02a59751o0603o
59753.536397  17.852  0.081   263   21 o  0   7.25 332.90717  46.31112  4540.39  5992.35 2.87 2.78  52.5 -0.436 18.91 20.26 01a59753o0644o
59753.552012  17.824  0.064   270   17 o  0   1.23 332.90717  46.31112  4522.10  5954.95 2.97 2.75  50.4 -0.427 19.16 20.61 01a59753o0677o
59753.555235  17.848  0.055   263   14 o  0   1.33 332.90717  46.31112  4580.99  6029.19 2.93 2.79  50.3 -0.428 19.23 20.72 01a59753o0684o
59753.560755  18.151  0.100   199   20 o  0   1.21 332.90717  46.31112  4599.18  5911.72 2.85 2.78  45.3 -0.440 18.87 20.14 01a59753o0696o
59757.481361  22.339 88.000     4  371 o  0   1.00 332.90717  46.31112  4536.91  6007.65 3.35 2.85  47.8 -0.376 16.00 17.49 01a59757o0520o
59757.484591  18.259  0.195   180   35 o  0   0.96 332.90717  46.31112  4515.83  5965.01 2.90 2.83  59.8 -0.438 18.28 19.71 01a59757o0527o
59757.490635  18.053  0.116   218   25 o  0   1.03 332.90717  46.31112  4575.94  6040.89 3.08 2.86  48.0 -0.413 18.68 20.15 01a59757o0540o
59757.497128 -15.677  0.366 -1946  713 o  0   1.12 332.90717  46.31112  4596.78  5927.13 4.53 3.79  46.9 -0.188 14.76 16.52 01a59757o0554o
59761.514163  18.218  0.108   187   20 o  0   1.17 332.90717  46.31112  1608.98  9720.10 3.84 3.67 -80.4 -0.400 18.98 20.74 01a59761o0469o
59761.516906  18.204  0.098   190   19 o  0   1.24 332.90717  46.31112  1588.97  9680.29 3.85 3.64 -47.7 -0.401 18.93 20.74 01a59761o0475o
59761.522380  18.044  0.104   220   23 o  0   1.03 332.90717  46.31112  1646.39  9754.36 4.04 3.86 -69.9 -0.409 18.89 20.75 01a59761o0487o
59761.534584  17.977  0.062   234   14 o  0   1.77 332.90717  46.31112  1665.57  9635.67 3.16 3.00 -65.0 -0.443 19.18 20.83 01a59761o0513o
59765.504786  18.260  0.094   180   17 o  0   1.11 332.90717  46.31112  1611.61  9722.89 2.90 2.74 -77.6 -0.471 19.27 20.91 01a59765o0576o
59765.507569  18.338  0.098   168   16 o  0   1.16 332.90717  46.31112  1590.62  9681.81 3.04 2.74 -46.6 -0.470 19.30 20.93 01a59765o0582o
59765.510754  18.504  0.095   144   14 o  0   1.99 332.90717  46.31112  1649.21  9756.13 2.99 2.78 -58.6 -0.470 19.28 20.96 01a59765o0589o
59765.515841  18.356  0.079   165   13 o  0   2.13 332.90717  46.31112  1668.53  9638.40 2.96 2.82 -73.7 -0.460 19.30 20.99 01a59765o0600o
59767.501380  19.278  1.333    71   94 c  0   0.97 332.90717  46.31112  5302.82  9051.04 2.72 2.48  40.8 -0.385 17.20 18.54 02a59767o0537c
59767.504559 -18.886  1.604  -101  163 c  0   1.06 332.90717  46.31112  5322.53  9089.88 2.69 2.46  40.3 -0.385 16.52 17.83 02a59767o0544c
59767.512535  19.013  3.833    90  346 c  0   0.71 332.90717  46.31112  5260.88  9011.67 2.68 2.42  38.3 -0.390 15.89 17.15 02a59767o0561c
59767.517960  18.677  5.647   123  694 c  0   0.88 332.90717  46.31112  5241.67  9129.21 2.74 2.44  37.6 -0.387 15.12 16.44 02a59767o0573c
59769.466323  18.238  0.132   184   24 o  0   0.68 332.90717  46.31112   663.84  5880.26 2.61 2.51 -57.9 -0.478 18.84 19.95 01a59769o0495o
59769.471786  18.303  0.087   173   15 o  0   1.52 332.90717  46.31112   645.03  5841.98 2.76 2.55 -49.2 -0.473 19.18 20.36 01a59769o0507o
59769.478172  18.307  0.105   173   18 o  0   1.03 332.90717  46.31112   704.59  5915.79 2.74 2.54 -45.3 -0.474 19.16 20.44 01a59769o0521o
59769.485015  18.238  0.087   184   16 o  0   1.32 332.90717  46.31112   724.19  5799.03 2.84 2.64 -48.5 -0.467 19.20 20.60 01a59769o0536o
59769.517885  18.293  0.077   175   14 o  0   1.50 332.90717  46.31112 10328.77  5718.56 2.90 2.88  58.9 -0.447 19.38 21.02 01a59769o0607o
59769.520161  18.361  0.084   164   14 o  0   1.25 332.90717  46.31112 10308.68  5678.84 2.93 2.83  33.4 -0.445 19.35 21.02 01a59769o0612o
59769.525173  18.276  0.086   178   15 o  0   1.35 332.90717  46.31112 10368.85  5756.31 3.15 2.82  27.9 -0.422 19.33 21.03 01a59769o0623o
59769.530652  18.320  0.084   170   14 o  0   1.53 332.90717  46.31112 10385.83  5639.04 2.92 2.77  23.8 -0.451 19.38 21.01 01a59769o0635o
59771.494883  17.933  0.262   244   64 o  0   1.08 332.90717  46.31112  9023.28  2876.55 2.09 2.02  16.1 -0.421 17.59 17.70 02a59771o0550o
59771.513719  19.394  1.653    64  105 o  0   1.22 332.90717  46.31112  9049.49  2915.75 2.15 2.13 -47.0 -0.409 17.06 17.44 02a59771o0591o
59771.521430  19.038  0.540    88   48 o  0   0.95 332.90717  46.31112  8993.25  2843.25 2.13 2.11 -86.9 -0.428 17.96 18.33 02a59771o0608o
59771.525072  18.353  0.297   166   49 o  0   1.74 332.90717  46.31112  8973.88  2960.06 2.12 2.10 -85.4 -0.426 17.64 17.87 02a59771o0616o
59773.416110  18.739  0.436   116   50 o  0   1.13 332.90717  46.31112   659.35  5879.76 3.34 3.07 -46.8 -0.437 18.29 19.13 01a59773o0382o
59773.417020  18.454  0.301   151   45 o  0   1.66 332.90717  46.31112 10312.58  5749.68 3.41 3.33  88.8 -0.406 18.30 19.07 01a59773o0384o
59773.417929  18.704  0.462   120   55 o  0   1.12 332.90717  46.31112   639.72  5842.02 3.96 3.79 -54.9 -0.408 18.11 19.11 01a59773o0386o
59773.428502  18.371  0.307   163   50 o  0   1.57 332.90717  46.31112   701.84  5913.92 3.83 3.67 -56.8 -0.366 18.21 19.17 01a59773o0409o
59773.429866  18.728  0.427   117   50 o  0   1.22 332.90717  46.31112 10295.11  5702.88 3.77 3.61  31.5 -0.383 18.21 19.12 01a59773o0412o
59773.436177  18.688  0.447   122   54 o  0   1.45 332.90717  46.31112 10359.01  5785.21 4.47 4.18  32.6 -0.349 18.05 19.12 01a59773o0425o
59773.436633  18.411  0.286   157   45 o  0   1.65 332.90717  46.31112   722.03  5800.64 3.85 3.75 -39.4 -0.383 18.12 19.18 01a59773o0426o
59773.437998  18.638  0.422   127   54 o  0   1.16 332.90717  46.31112 10375.83  5666.73 3.83 3.71 -83.5 -0.390 18.14 19.14 01a59773o0429o
59777.532472  18.522  0.163   142   23 o  0   1.48 332.90717  46.31112 10345.62  7037.02 3.48 3.32 -71.3 -0.381 18.78 19.98 01a59777o0336o
59777.537938  18.704  0.187   120   22 o  0   1.42 332.90717  46.31112 10367.73  7074.07 3.30 3.15  25.0 -0.383 18.85 19.96 01a59777o0348o
59777.547993  18.459  0.171   150   26 o  0   1.19 332.90717  46.31112 10309.08  7000.47 3.23 3.13 -71.7 -0.403 18.85 19.95 01a59777o0370o
59777.549831  18.750  0.167   115   19 o  0   1.60 332.90717  46.31112   482.24  7326.35 3.11 2.86 -50.8 -0.401 18.85 19.95 01a59777o0374o
59777.551196  19.207  0.308    75   23 o  0   1.59 332.90717  46.31112 10294.05  7119.00 3.22 3.19 -85.0 -0.386 18.88 19.95 01a59777o0377o
59777.553019  18.541  0.173   139   24 o  0   1.04 332.90717  46.31112   505.22  7366.62 3.26 2.96 -49.0 -0.402 18.84 19.97 01a59777o0381o
59777.559868  18.620  0.173   129   22 o  0   1.03 332.90717  46.31112   444.10  7287.74 3.07 2.83 -51.9 -0.399 18.89 19.95 01a59777o0396o
59777.572872  18.772  0.179   112   20 o  0   1.29 332.90717  46.31112   432.57  7405.21 2.75 2.63 -65.8 -0.427 18.91 19.96 01a59777o0424o
59777.624128  18.291  0.524   175   92 o  0   1.19 332.90717  46.31112   482.49  7349.08 2.99 2.65 -49.3 -0.430 18.04 18.38 01a59777o0534o
59777.624585  20.529  6.289    22  140 o  0   1.19 332.90717  46.31112 10350.57  7066.70 3.31 3.24  16.6 -0.388 17.91 18.21 01a59777o0535o
59779.542237  18.833  0.148   106   16 o  0   1.13 332.90717  46.31112  9318.13  1394.87 2.05 1.89  20.2 -0.480 19.23 20.21 02a59779o0423o
59779.576291  18.947  0.169    96   16 o  0   1.12 332.90717  46.31112  9293.29  1357.65 2.04 1.87  21.7 -0.501 19.22 20.14 02a59779o0497o
59779.579455  18.791  0.150   110   17 o  0   0.82 332.90717  46.31112  9357.51  1441.27 1.96 1.76 -60.3 -0.503 19.27 20.14 02a59779o0504o
59779.584966  18.626  0.125   129   16 o  0   0.91 332.90717  46.31112  9377.98  1323.25 2.02 1.80 -60.3 -0.503 19.27 20.17 02a59779o0516o
59783.499211  18.902  0.143   100   14 o  0   1.34 332.90717  46.31112  1265.84  9181.67 2.06 1.89 -55.8 -0.522 19.50 20.81 02a59783o0562o
59783.501024  18.738  0.130   116   15 o  0   0.84 332.90717  46.31112  1284.11  9221.57 2.04 1.91 -54.5 -0.523 19.52 20.81 02a59783o0566o
59783.504199  18.729  0.119   117   14 o  0   1.22 332.90717  46.31112  1224.97  9141.64 1.99 1.97 -14.0 -0.514 19.48 20.81 02a59783o0573o
59783.509642  18.886  0.148   101   15 o  0   0.90 332.90717  46.31112  1206.87  9258.97 2.06 1.90 -49.5 -0.533 19.51 20.77 02a59783o0585o
59785.555728  18.935  0.157    97   15 o  0   1.15 332.90717  46.31112  6863.09   535.60 2.96 2.80 -45.0 -0.472 19.39 21.05 01a59785o0508o
59785.558914  19.211  0.170    75   13 o  0   1.72 332.90717  46.31112  6883.53   574.53 2.93 2.71 -45.7 -0.490 19.40 21.05 01a59785o0515o
59785.582810  19.115  0.166    82   14 o  0   1.52 332.90717  46.31112  6832.70   501.13 2.97 2.76 -56.6 -0.476 19.31 21.00 01a59785o0565o
59785.588429  19.139  0.201    80   16 o  0   1.19 332.90717  46.31112  6819.22   620.26 3.06 2.85 -58.3 -0.478 19.30 20.98 01a59785o0577o
59785.626537  18.918  0.409    98   40 o  0   1.04 332.90717  46.31112  6872.04   567.28 2.92 2.75 -54.9 -0.500 18.08 18.40 01a59785o0656o
59787.472371  19.484  0.200    58   12 c  0   1.21 332.90717  46.31112  5248.41  2658.86 2.58 2.46  58.2 -0.413 19.61 21.43 02a59787o0511c
59787.475541  19.550  0.213    55   12 c  0   1.23 332.90717  46.31112  5268.11  2698.08 2.58 2.44  59.5 -0.419 19.61 21.44 02a59787o0518c
59787.479631  19.289  0.131    70    9 c  0   1.90 332.90717  46.31112  5212.82  2619.68 2.53 2.40  56.4 -0.414 19.64 21.45 02a59787o0527c
59787.507752  19.571  0.181    54   10 c  0   1.52 332.90717  46.31112  5202.80  2738.55 2.56 2.32  40.5 -0.427 19.63 21.48 02a59787o0588c
59789.325174  19.265  0.335    72   24 o  0   0.77 332.90717  46.31112  3586.95 10037.03 3.31 3.22 -77.7 -0.398 18.95 20.39 01a59789o0011o
59789.327011  19.394  0.300    64   19 o  0   1.43 332.90717  46.31112  3569.50  9997.95 3.19 3.09 -83.3 -0.424 18.91 20.41 01a59789o0015o
59789.330201  19.413  0.318    62   20 o  0   0.89 332.90717  46.31112  3628.14 10074.52 2.97 2.81 -84.3 -0.433 19.06 20.44 01a59789o0022o
59789.353292  19.134  0.187    81   15 o  0   1.14 332.90717  46.31112  3661.09  9952.78 2.80 2.65 -53.6 -0.469 19.24 20.67 01a59789o0072o
59791.451545  19.558  0.181    55   10 c  0   1.51 332.90717  46.31112  5248.33  2656.70 2.60 2.44  47.1 -0.415 19.62 21.39 02a59791o0405c
59791.465369  21.511  1.131     9   10 c  0   1.48 332.90717  46.31112  5268.65  2695.37 2.57 2.43  53.3 -0.413 19.61 21.41 02a59791o0434c
59791.467636  19.977  0.317    37   12 c  0   1.08 332.90717  46.31112  5211.09  2619.63 2.64 2.43  56.3 -0.411 19.55 21.39 02a59791o0439c
59791.472615  19.849  0.279    42   12 c  0   1.18 332.90717  46.31112  5192.07  2735.25 2.54 2.40  53.3 -0.415 19.60 21.39 02a59791o0450c
59793.501782  19.065  0.171    86   15 o  0   1.46 332.90717  46.31112  9366.71  8659.88 2.99 2.83  40.5 -0.416 19.23 20.69 01a59793o0584o
59793.529331  20.696  0.733    19   14 o  0   1.60 332.90717  46.31112  9396.90  8700.04 2.97 2.83  33.3 -0.412 19.26 20.73 01a59793o0643o
59793.557829  18.695  0.124   121   15 o  0   1.40 332.90717  46.31112  9339.86  8631.05 3.06 2.88  41.9 -0.405 19.24 20.76 01a59793o0704o
59793.582873  19.286  0.206    70   14 o  0   1.28 332.90717  46.31112  9329.74  8753.57 3.05 2.92  49.5 -0.406 19.22 20.76 01a59793o0758o
59797.445086  19.521  0.292    56   16 o  0   1.10 332.90717  46.31112  1202.45  1864.69 2.80 2.72 -60.2 -0.497 19.19 20.82 01a59797o0022o
59797.446908  19.050  0.192    87   17 o  0   1.03 332.90717  46.31112  1180.97  1825.16 2.75 2.64 -48.6 -0.508 19.23 20.80 01a59797o0026o
59797.451501  19.663  0.278    50   14 o  0   1.99 332.90717  46.31112  1245.91  1899.33 2.89 2.80 -56.7 -0.482 19.15 20.75 01a59797o0036o
59797.456965  20.194  0.519    30   16 o  0   1.10 332.90717  46.31112  1262.30  1781.03 2.87 2.73 -49.9 -0.493 19.17 20.76 01a59797o0048o
59799.390281  19.397  0.298    63   19 o  0   1.20 332.90717  46.31112  6423.81  7000.01 2.34 2.10  40.5 -0.451 19.03 19.82 02a59799o0336o
59799.392088  19.586  0.357    53   19 o  0   1.00 332.90717  46.31112  6442.83  7038.49 2.44 2.14  42.9 -0.436 18.96 19.80 02a59799o0340o
59799.399846  19.663  0.423    50   21 o  0   0.85 332.90717  46.31112  6381.91  6963.38 2.59 2.18  41.7 -0.432 18.87 19.72 02a59799o0357o
59799.429646  20.154  0.735    32   23 o  0   0.72 332.90717  46.31112  6368.25  7078.98 2.47 2.01  38.3 -0.444 18.89 19.61 02a59799o0422o
59801.469261  19.484  0.339    58   20 o  0   1.14 332.90717  46.31112  6989.62  2478.04 2.80 2.75 -56.3 -0.472 18.82 19.79 01a59801o0523o
59801.503095  19.881  0.580    40   24 o  0   1.04 332.90717  46.31112  7019.44  2516.18 2.92 2.81 -53.6 -0.460 18.80 19.79 01a59801o0596o
59801.506288  19.807  0.556    43   24 o  0   1.12 332.90717  46.31112  6963.36  2443.08 3.15 3.06 -37.9 -0.435 18.71 19.78 01a59801o0603o
59801.511761  20.100  0.751    33   25 o  0   0.84 332.90717  46.31112  6950.15  2560.56 2.97 2.86 -43.9 -0.452 18.78 19.79 01a59801o0615o
59803.477967 -19.689  0.923   -48   45 o  0   2.31 332.90717  46.31112  6120.81  3475.39 2.58 2.03  26.7 -0.429 17.58 17.82 02a59803o0538o
59803.481167  21.454  5.542    10   53 o  0   1.07 332.90717  46.31112  6100.69  3434.47 2.42 2.05  28.4 -0.447 17.88 18.00 02a59803o0545o
59803.513270  18.958  0.453    95   43 o  0   1.54 332.90717  46.31112  6152.41  3514.28 2.63 2.07  28.5 -0.436 17.95 18.15 02a59803o0615o
59803.518755  20.646  2.953    20   59 o  0   0.86 332.90717  46.31112  6174.64  3399.51 2.39 1.99  25.5 -0.444 17.77 17.74 02a59803o0627o
59805.418164  19.650  0.482    50   24 o  0   1.40 332.90717  46.31112  3513.19  8072.63 2.90 2.69  61.5 -0.430 18.78 19.57 01a59805o0417o
59805.421417  19.544  0.436    55   24 o  0   1.12 332.90717  46.31112  3494.52  8034.43 3.25 2.81  54.5 -0.378 18.67 19.57 01a59805o0424o
59805.424156  19.746  0.530    46   24 o  0   0.95 332.90717  46.31112  3551.47  8110.84 2.70 2.67 -31.4 -0.463 18.84 19.57 01a59805o0430o
59805.430097  20.030  0.644    35   23 o  0   1.22 332.90717  46.31112  3568.56  7992.80 2.70 2.68  76.5 -0.460 18.83 19.59 01a59805o0443o
59807.352478  19.536  0.275    56   15 o  0   1.61 332.90717  46.31112  4443.43  7097.86 2.31 2.08  40.0 -0.436 19.21 20.16 02a59807o0272o
59807.387893  19.348  0.228    66   15 o  0   1.30 332.90717  46.31112  4467.69  7135.71 2.37 2.05  42.7 -0.429 19.13 19.99 02a59807o0349o
59807.396788  19.697  0.346    48   17 o  0   1.35 332.90717  46.31112  4412.95  7062.52 2.41 2.01  42.7 -0.435 19.19 20.01 02a59807o0368o
59807.399958  20.371  0.583    26   15 o  0   1.47 332.90717  46.31112  4393.19  7178.75 2.36 1.99  43.7 -0.433 19.15 20.01 02a59807o0375o
59809.455168  19.391  0.263    64   17 o  0   1.22 332.90717  46.31112  8371.17  6767.22 3.00 2.95 -69.1 -0.430 19.16 20.65 01a59809o0481o
59809.458812  20.557  0.603    22   13 o  0   1.88 332.90717  46.31112  8393.06  6805.83 2.87 2.81 -57.6 -0.443 19.21 20.63 01a59809o0489o
59809.465651  20.706  0.816    19   16 o  0   1.15 332.90717  46.31112  8333.03  6731.74 2.83 2.79 -82.6 -0.444 19.20 20.59 01a59809o0504o
59809.476587  19.480  0.260    59   15 o  0   1.33 332.90717  46.31112  8322.56  6850.64 3.17 2.89  31.4 -0.398 19.15 20.55 01a59809o0528o
59811.488390  20.057  0.313    34   11 o  0   1.65 332.90717  46.31112  7287.91  1444.55 2.06 1.99  34.9 -0.456 19.38 20.63 02a59811o0564o
59811.491553  22.668  4.138     3   13 o  0   1.60 332.90717  46.31112  7268.90  1405.25 2.05 2.03  79.1 -0.464 19.35 20.62 02a59811o0571o
59811.526780  20.064  0.396    34   14 o  0   1.21 332.90717  46.31112  7326.51  1489.82 2.14 2.10 -77.1 -0.450 19.29 20.49 02a59811o0648o
59811.532720  20.492  0.641    23   15 o  0   0.85 332.90717  46.31112  7345.34  1367.52 2.25 2.22 -88.9 -0.437 19.22 20.46 02a59811o0661o
59817.445299  22.334  3.591     4   15 o  0   1.51 332.90717  46.31112  1251.23   907.35 2.84 2.79  58.9 -0.509 19.27 20.82 01a59817o0418o
59817.448488 -21.006  1.155   -14   17 o  0   1.03 332.90717  46.31112  1273.78   948.32 2.94 2.87  73.4 -0.499 19.22 20.81 01a59817o0425o
59817.454883  21.400  1.640    10   16 o  0   1.41 332.90717  46.31112  1213.89   868.99 2.91 2.79  61.8 -0.519 19.24 20.82 01a59817o0439o
59817.464908  19.883  0.423    40   17 o  0   1.29 332.90717  46.31112  1203.57   988.33 2.94 2.90  83.6 -0.504 19.22 20.76 01a59817o0461o
59819.432153   0.000 21.456    -0   10 c  0   1.44 332.90717  46.31112  8357.38  5838.96 2.59 2.33  32.1 -0.413 19.64 21.52 02a59819o0456c
59819.437595  21.868  1.696     6   11 c  0   0.90 332.90717  46.31112  8336.02  5797.16 2.57 2.34  27.7 -0.413 19.59 21.51 02a59819o0468c
59819.441244  21.996  2.125     6   12 c  0   0.84 332.90717  46.31112  8393.74  5879.82 2.63 2.35  29.4 -0.409 19.60 21.52 02a59819o0476c
59819.452119 -22.432  3.074    -4   12 c  0   1.00 332.90717  46.31112  8414.69  5762.43 2.60 2.34  28.6 -0.415 19.64 21.52 02a59819o0500c
59819.638061  23.045 42.000     2   92 c  0   0.89 332.90717  46.31112  8360.86  5834.75 3.41 2.91  22.5 -0.351 17.39 18.46 02a59819o0904c
59821.476077  21.488  1.714     9   16 o  0   1.11 332.90717  46.31112  1263.63   908.99 2.78 2.72  53.8 -0.522 19.34 21.03 01a59821o0149o
59821.479269  21.328  1.571    11   17 o  0   1.29 332.90717  46.31112  1285.53   949.17 2.79 2.78  19.3 -0.511 19.32 21.03 01a59821o0156o
59821.485199 -20.241  0.444   -29   13 o  0   1.43 332.90717  46.31112  1226.09   870.51 2.81 2.76  56.7 -0.519 19.33 21.03 01a59821o0169o
59821.495700  22.245  3.320     5   15 o  0   1.17 332.90717  46.31112  1214.56   987.72 2.72 2.69  27.6 -0.528 19.29 20.94 01a59821o0192o
59823.429387  21.931  2.128     6   13 c  0   0.66 332.90717  46.31112  8358.43  5842.37 2.79 2.43  31.5 -0.404 19.58 21.53 02a59823o0455c
59823.455801  24.674 20.333     0   10 c  0   1.40 332.90717  46.31112  8335.16  5804.59 2.86 2.46  30.9 -0.397 19.57 21.50 02a59823o0512c
59823.481005  20.966  0.753    15   11 c  0   1.16 332.90717  46.31112  8389.53  5883.92 2.77 2.37  30.7 -0.405 19.60 21.46 02a59823o0566c
59823.505443  21.071  0.814    14   11 c  0   1.29 332.90717  46.31112  8401.43  5767.60 2.76 2.40  33.4 -0.407 19.58 21.41 02a59823o0619c
59825.454532 -23.062  6.455    -2   14 o  0   1.01 332.90717  46.31112  2472.69  7234.95 3.01 2.90  42.8 -0.414 19.23 20.94 01a59825o0433o
59825.457719 -20.595  0.642   -21   14 o  0   1.41 332.90717  46.31112  2493.99  7273.49 2.91 2.89 -58.3 -0.429 19.25 20.92 01a59825o0440o
59825.464109  21.412  1.596    10   16 o  0   1.31 332.90717  46.31112  2435.48  7197.67 3.11 3.01  48.7 -0.410 19.18 20.89 01a59825o0454o
59825.476617  20.793  0.856    18   15 o  0   1.05 332.90717  46.31112  2422.96  7315.24 2.93 2.87  41.4 -0.436 19.27 20.93 01a59825o0481o
59829.335974  20.067  0.768    34   26 o  0   0.97 332.90717  46.31112  8091.52  3367.16 4.15 3.98  36.8 -0.329 18.47 19.82 01a59829o0269o
59829.339175 -19.703  0.638   -48   30 o  0   1.02 332.90717  46.31112  8071.79  3326.58 4.51 4.36  25.8 -0.333 18.37 19.80 01a59829o0276o
59829.344642  22.927  9.857     2   24 o  0   1.52 332.90717  46.31112  8132.95  3401.81 4.16 3.99  41.0 -0.343 18.46 19.84 01a59829o0288o
59829.371208 -19.603  0.595   -52   31 o  0   0.92 332.90717  46.31112  8148.68  3282.36 4.55 4.43  37.5 -0.319 18.43 19.85 01a59829o0345o
59833.399340 -21.987 28.500    -6  166 o  0   1.33 332.90717  46.31112  7265.63  9806.47 2.29 2.16 -82.2 -0.459 17.02 16.67 02a59833o0399o
59833.403439  19.917  2.251    39   88 o  0   1.45 332.90717  46.31112  7245.64  9764.20 2.24 2.06 -77.8 -0.453 17.68 17.40 02a59833o0408o
59833.410484 -21.506 22.675    -9  206 o  0   0.92 332.90717  46.31112  7300.57  9844.69 2.19 2.02 -77.1 -0.466 17.02 16.68 02a59833o0423o
59833.430986  21.307  3.921    11   43 o  0   0.66 332.90717  46.31112  5079.78   767.57 2.36 2.23 -34.8 -0.498 18.16 18.16 01a59833o0257o
59833.433767  19.676  1.786    49   87 o  0   0.93 332.90717  46.31112  5099.43   807.06 2.31 2.19 -40.0 -0.525 17.73 17.46 01a59833o0263o
59833.441166 -18.308  2.207  -172  381 o  0   0.88 332.90717  46.31112  5044.32   730.34 2.35 2.29  -6.1 -0.518 16.39 15.78 01a59833o0279o
59833.445589  22.438 50.067     4  192 o  0   1.61 332.90717  46.31112  7308.95  9724.59 2.19 2.12 -87.8 -0.460 16.77 16.46 02a59833o0499o
59833.451348  19.136  0.953    80   77 o  0   1.03 332.90717  46.31112  5029.79   850.26 2.39 2.22 -43.0 -0.536 17.32 16.89 01a59833o0301o
59835.455191  23.073  7.444     2   16 o  0   1.63 332.90717  46.31112  5080.04   767.24 2.38 2.25 -35.2 -0.482 19.13 19.73 01a59835o0529o
59835.458424 -20.948  1.353   -15   20 o  0   0.91 332.90717  46.31112  5099.12   806.63 2.29 2.18 -29.7 -0.485 19.13 19.72 01a59835o0536o
59835.464461 -21.199  1.355   -12   16 o  0   1.75 332.90717  46.31112  5044.60   729.54 2.30 2.19 -34.3 -0.483 19.13 19.72 01a59835o0549o
59835.474468  19.634  0.380    51   19 o  0   1.09 332.90717  46.31112  5030.00   848.36 2.48 2.34 -37.6 -0.472 19.10 19.73 01a59835o0570o
59836.425384 -20.552  0.760   -22   17 o  0   0.99 332.90717  46.31112  5151.17   765.16 2.22 2.12 -39.0 -0.490 19.32 20.10 01a59836o0455o
59836.431915  19.952  0.337    38   13 o  0   1.77 332.90717  46.31112  5175.51   804.79 2.47 2.35 -43.6 -0.456 19.23 20.09 01a59836o0468o
59836.446277  20.777  0.830    18   15 o  0   1.05 332.90717  46.31112  5129.84   728.91 2.31 2.22 -32.4 -0.473 19.30 20.10 01a59836o0498o
59836.460563 -19.989  0.398   -37   15 o  0   1.14 332.90717  46.31112  5122.47   848.03 2.44 2.31 -38.8 -0.472 19.24 20.09 01a59836o0528o
59837.460599 -22.086  2.956    -5   16 o  0   1.06 332.90717  46.31112  6178.47   758.42 2.46 2.19 -47.6 -0.475 19.25 20.08 01a59837o0514o
59837.487348  20.382  0.665    26   17 o  0   1.25 332.90717  46.31112  6205.58   805.48 2.79 2.42 -51.9 -0.466 19.08 19.94 01a59837o0570o
59837.489829  20.389  0.687    25   17 o  0   1.51 332.90717  46.31112  6148.22   727.50 2.53 2.30 -50.9 -0.471 19.14 19.93 01a59837o0575o
59837.495553  21.872  2.404     6   16 o  0   2.06 332.90717  46.31112  6133.59   846.58 2.50 2.28 -46.2 -0.467 19.16 19.93 01a59837o0587o
59837.515243  20.048  0.458    35   16 o  0   1.78 332.90717  46.31112  7214.52  7853.17 2.44 1.99  34.4 -0.442 19.11 19.81 02a59837o0641o
59837.519348  24.656 33.500     0   17 o  0   1.02 332.90717  46.31112  7194.99  7813.17 2.37 1.99  34.8 -0.448 19.11 19.79 02a59837o0650o
59837.538041  22.841  9.438     3   25 o  0   0.75 332.90717  46.31112  7249.05  7894.55 2.95 2.21  32.1 -0.416 18.92 19.72 02a59837o0690o
59837.545794  23.800 17.429     1   19 o  0   1.44 332.90717  46.31112  7267.92  7778.40 2.81 2.16  33.2 -0.414 18.93 19.63 02a59837o0707o
59839.342625  20.332  2.882    27   77 o  0   1.26 332.90717  46.31112  3354.22  2721.87 2.13 1.99  50.1 -0.450 17.12 18.12 02a59839o0285o
59839.344433 -21.374  1.447   -10   15 o  0   1.11 332.90717  46.31112  3374.00  2761.47 2.17 2.03  52.4 -0.471 19.25 20.52 02a59839o0289o
59839.347599  19.816  0.567    43   24 o  0   0.78 332.90717  46.31112  3317.07  2682.30 2.20 2.02  47.0 -0.458 18.79 20.02 02a59839o0296o
59839.353029  20.805  0.935    17   16 o  0   0.96 332.90717  46.31112  3300.42  2800.10 2.21 2.00  41.2 -0.471 19.18 20.47 02a59839o0308o
59841.412776 -21.168  0.679   -12    8 c  0   2.43 332.90717  46.31112  5166.99  4750.38 3.13 2.83  33.2 -0.334 19.51 21.77 01a59841o0441c
59841.415551 -22.627  3.095    -3   10 c  0   1.55 332.90717  46.31112  5188.76  4789.45 3.14 2.84  32.6 -0.333 19.54 21.77 01a59841o0447c
59841.421096  21.036  0.724    14   10 c  0   1.91 332.90717  46.31112  5131.05  4713.61 3.64 3.12  37.5 -0.274 19.42 21.77 01a59841o0459c
59841.431720  20.661  0.576    20   11 c  0   1.18 332.90717  46.31112  5115.03  4830.83 3.17 2.88  32.9 -0.329 19.53 21.77 01a59841o0482c
59843.420064 -21.052  0.924   -14   13 o  0   1.56 332.90717  46.31112  9115.63  7816.78 2.41 2.16  31.0 -0.447 19.42 20.69 02a59843o0411o
59843.423247  21.155  1.090    12   14 o  0   1.11 332.90717  46.31112  9098.24  7776.52 2.28 2.14  30.1 -0.454 19.44 20.70 02a59843o0418o
59843.428675 -21.967  2.543    -6   15 o  0   1.07 332.90717  46.31112  9154.63  7856.13 2.37 2.14  27.6 -0.449 19.40 20.69 02a59843o0430o
59843.440904  22.010  2.591     6   15 o  0   0.70 332.90717  46.31112  9174.64  7740.66 2.32 2.17  37.5 -0.459 19.37 20.67 02a59843o0457o
59845.369588  20.739  0.594    18   11 c  0   1.26 332.90717  46.31112  5167.91  4747.42 2.98 2.72  33.6 -0.342 19.44 21.38 01a59845o0269c
59845.402201  21.292  0.754    11    8 c  0   1.50 332.90717  46.31112  5195.75  4788.25 3.10 2.82  34.1 -0.333 19.59 21.58 01a59845o0338c
59845.405433  20.651  0.472    20    9 c  0   1.25 332.90717  46.31112  5137.79  4711.23 3.12 2.85  34.5 -0.330 19.61 21.59 01a59845o0345c
59845.410976  21.181  0.797    12   10 c  0   1.56 332.90717  46.31112  5120.25  4827.41 3.09 2.83  33.1 -0.335 19.47 21.43 01a59845o0357c
59847.380406 -20.790  0.899   -18   16 o  0   1.42 332.90717  46.31112  9120.82  7819.56 2.30 2.14 -77.1 -0.459 19.41 20.74 02a59847o0375o
59847.384028  20.255  0.596    29   17 o  0   1.00 332.90717  46.31112  9101.47  7779.35 2.29 2.13 -79.1 -0.452 19.32 20.66 02a59847o0383o
59847.390828 -22.426  4.400    -4   17 o  0   1.06 332.90717  46.31112  9158.40  7858.56 2.27 2.16 -84.4 -0.449 19.30 20.61 02a59847o0398o
59847.426310  20.975  1.288    15   19 o  0   1.11 332.90717  46.31112  9171.37  7740.76 2.22 2.15  52.8 -0.463 19.38 20.70 02a59847o0475o
59849.466628  21.566  1.087     9    9 c  0   1.39 332.90717  46.31112  9060.37  4470.20 3.46 3.12  15.3 -0.316 19.47 21.53 01a59849o0263c
59849.501450  21.993  2.000     6   12 c  0   0.98 332.90717  46.31112  9085.32  4521.62 3.06 2.96  13.7 -0.349 19.41 21.32 01a59849o0334c
59849.507915  20.383  0.493    26   13 c  0   0.91 332.90717  46.31112  9027.63  4449.45 3.08 3.02 -15.6 -0.355 19.42 21.25 01a59849o0348c
59849.533127  20.019  0.357    36   13 c  0   1.07 332.90717  46.31112  9011.10  4573.71 2.99 2.90 -36.2 -0.379 19.40 21.14 01a59849o0400c
59851.376991  20.830  0.761    17   13 o  0   1.08 332.90717  46.31112  3266.53  1648.11 2.11 1.95  41.1 -0.477 19.46 20.83 02a59851o0376o
59851.380154 -22.546  3.303    -4   12 o  0   0.88 332.90717  46.31112  3247.81  1609.02 2.04 1.94  36.7 -0.483 19.48 20.86 02a59851o0383o
59851.386053  20.717  0.669    19   12 o  0   1.23 332.90717  46.31112  3306.86  1685.22 2.23 2.06  37.2 -0.460 19.38 20.89 02a59851o0396o
59851.397432  20.864  0.862    16   14 o  0   0.66 332.90717  46.31112  3330.24  1568.51 2.13 2.01  34.4 -0.475 19.44 20.92 02a59851o0421o
59853.325881  21.019  0.790    14   11 o  0   1.56 332.90717  46.31112  9036.19  4449.21 2.69 2.63  32.1 -0.403 19.42 20.90 01a59853o0277o
59853.329119  21.936  1.886     6   12 o  0   1.64 332.90717  46.31112  9056.47  4487.41 2.66 2.56 -63.8 -0.415 19.45 20.93 01a59853o0284o
59853.331891  21.172  0.943    12   12 o  0   1.67 332.90717  46.31112  8997.08  4412.54 2.68 2.54 -62.0 -0.424 19.47 20.94 01a59853o0290o
59853.334662  21.250  0.971    12   11 o  0   1.91 332.90717  46.31112  8980.45  4529.67 2.94 2.79 -65.2 -0.399 19.39 20.94 01a59853o0296o
59857.374193  19.384  1.013    64   65 o  0   1.01 332.90717  46.31112  6354.14  9050.78 3.59 2.62  48.0 -0.279 17.39 17.86 01a59857o0002o
59857.377445  17.781  0.650   280  182 o  0   0.78 332.90717  46.31112  6417.60  9128.92 2.65 2.24  49.7 -0.403 16.49 16.53 01a59857o0009o
59857.383004 -20.218  0.584   -30   17 o  0   1.34 332.90717  46.31112  6358.13  9052.61 2.38 2.23  52.8 -0.423 18.93 19.68 01a59857o0021o
59857.394585 -21.074  0.966   -14   13 o  0   1.46 332.90717  46.31112  6343.45  9171.36 2.43 2.30  61.0 -0.411 19.21 20.11 01a59857o0046o
59859.373337 -17.986  1.012  -232  235 o  0   0.97 332.90717  46.31112  4501.46  5998.62 2.55 1.87  33.1 -0.428 16.38 16.36 02a59859o0388o
59859.376512 -17.838  0.881  -266  234 o  0   0.98 332.90717  46.31112  4480.66  5958.93 2.57 1.88  30.1 -0.431 16.31 16.35 02a59859o0395o
59859.382428  19.873  3.228    41  132 o  0   1.21 332.90717  46.31112  4540.01  6036.90 2.30 1.83  24.6 -0.450 16.78 16.81 02a59859o0408o
59859.393746 -20.339  7.593   -27  202 o  0   1.06 332.90717  46.31112  4558.71  5918.32 2.51 1.89  28.1 -0.444 16.49 16.55 02a59859o0433o
59861.322284 -20.524  1.605   -22   36 o  0   1.38 332.90717  46.31112  6392.86  9083.89 2.30 2.28 -13.2 -0.448 18.20 18.01 01a59861o0237o
59861.325977  21.427  5.825    10   57 o  0   1.04 332.90717  46.31112  6413.70  9122.10 2.36 2.26  32.7 -0.452 17.80 17.55 01a59861o0245o
59861.331984  19.029  0.606    89   54 o  0   1.49 332.90717  46.31112  6353.29  9045.53 2.37 2.27  28.4 -0.445 17.70 17.27 01a59861o0258o
59861.344943  18.570  1.199   136  162 o  0   1.44 332.90717  46.31112  6337.85  9165.68 2.34 2.32 -52.5 -0.473 16.39 15.55 01a59861o0286o
59861.418658 -19.304  3.686   -69  254 o  0   0.99 332.90717  46.31112  4507.68  6000.11 2.56 1.85  32.8 -0.436 16.15 16.06 02a59861o0476o
59861.424715  19.156  2.107    79  166 o  0   0.94 332.90717  46.31112  4487.06  5962.02 2.60 1.88  32.1 -0.423 16.59 16.65 02a59861o0489o
59861.429322  19.924  2.697    39  105 o  0   0.92 332.90717  46.31112  4546.08  6037.54 2.50 1.77  31.4 -0.436 17.18 17.22 02a59861o0499o
59861.440811 -18.883  1.436  -102  146 o  0   1.38 332.90717  46.31112  4566.87  5918.08 2.55 1.77  32.4 -0.432 16.68 16.81 02a59861o0523o
59863.327167 -22.359  4.865    -4   20 o  0   1.54 332.90717  46.31112  4509.40  6008.13 2.36 1.82  27.4 -0.445 18.69 19.24 02a59863o0283o
59863.330335 -21.181  1.991   -12   24 o  0   1.01 332.90717  46.31112  4490.12  5971.70 2.42 1.79  27.1 -0.447 18.77 19.26 02a59863o0290o
59863.335770  20.025  0.854    36   30 o  0   1.18 332.90717  46.31112  4550.00  6045.84 2.41 1.79  27.7 -0.441 18.21 18.99 02a59863o0302o
59863.370834 -22.577  8.800    -3   30 o  0   0.61 332.90717  46.31112  4560.62  5925.81 2.80 1.93  30.7 -0.420 18.77 19.28 02a59863o0378o
59864.362530  20.448  0.677    24   16 o  0   1.57 332.90717  46.31112 10432.69  2818.68 2.43 2.06 -60.9 -0.399 19.15 19.72 01a59864o0347o
59864.383612 -20.087  0.468   -34   16 o  0   1.42 332.90717  46.31112 10457.88  2863.02 2.47 2.06 -55.9 -0.396 19.10 19.66 01a59864o0392o
59864.386841 -20.337  0.611   -27   16 o  0   1.33 332.90717  46.31112 10401.88  2789.45 2.46 2.05 -57.9 -0.403 19.10 19.67 01a59864o0399o
59864.392381 -21.220  1.298   -12   15 o  0   1.59 332.90717  46.31112 10383.89  2908.62 2.50 2.05 -58.7 -0.404 19.08 19.65 01a59864o0411o
59864.407407 -20.417  0.568   -25   14 o  0   1.97 332.90717  46.31112   960.50  2946.96 2.18 2.08  34.1 -0.434 19.12 19.64 01a59864o0443o
59864.411105 -20.497  0.812   -23   19 o  0   1.08 332.90717  46.31112   981.04  2987.20 2.26 2.13  44.4 -0.427 19.09 19.63 01a59864o0451o
59864.435073  20.389  0.688    25   18 o  0   1.78 332.90717  46.31112   931.28  2908.23 2.45 2.19  44.0 -0.401 18.97 19.55 01a59864o0502o
59864.442538 -22.314  3.683    -4   16 o  0   1.42 332.90717  46.31112   914.70  3026.00 2.28 2.19  41.4 -0.426 19.02 19.53 01a59864o0518o
59865.398135 -18.137  3.468  -202  700 o  0   1.21 332.90717  46.31112 10390.50  2913.36 2.22 2.05 -43.3 -0.407 15.98 16.41 01a59865o0443o
59865.403240  17.279  0.621   445  276 o  0   1.21 332.90717  46.31112   907.88  3024.38 2.35 2.14  42.3 -0.438 16.30 16.95 01a59865o0454o
59866.453403 -20.014  0.559   -36   20 o  0   1.04 332.90717  46.31112  1510.42  9661.17 2.06 1.79 -52.7 -0.541 19.07 19.83 02a59866o0572o
59866.456571 -24.548 45.000    -1   25 o  0   0.74 332.90717  46.31112  1492.46  9619.49 2.08 1.81 -50.4 -0.525 19.00 19.80 02a59866o0579o
59866.474035 -23.051  8.200    -2   18 o  0   1.69 332.90717  46.31112  1547.51  9693.95 2.05 1.74 -52.8 -0.540 18.97 19.70 02a59866o0617o
59866.488426  22.577  6.567     3   22 o  0   0.91 332.90717  46.31112  1566.63  9581.27 2.00 1.93 -33.3 -0.513 18.88 19.62 02a59866o0648o
59867.360987  20.589  0.647    21   14 o  0   1.68 332.90717  46.31112 10436.97  2823.98 2.62 2.18 -57.6 -0.386 19.26 20.20 01a59867o0368o
59867.362543  20.022  0.522    36   19 o  0   0.63 332.90717  46.31112  1503.80  9665.45 2.11 1.73 -50.1 -0.532 19.22 20.11 02a59867o0368o
59867.362838   0.000 21.269    -0   11 o  0   1.83 332.90717  46.31112   951.61  2946.53 2.26 2.14  45.3 -0.428 19.35 20.23 01a59867o0372o
59867.364224  20.894  0.842    16   13 o  0   1.12 332.90717  46.31112 10457.27  2862.03 2.65 2.16 -60.4 -0.392 19.30 20.20 01a59867o0375o
59867.365718  21.090  1.430    13   19 o  0   0.90 332.90717  46.31112  1484.88  9627.46 2.03 1.68 -46.9 -0.551 19.25 20.09 02a59867o0375o
59867.373004 -20.761  1.006   -18   18 o  0   1.11 332.90717  46.31112  1540.90  9702.09 2.25 1.56 -54.1 -0.549 19.28 20.08 02a59867o0391o
59867.381063 -21.146  1.062   -13   13 o  0   1.50 332.90717  46.31112 10405.13  2792.39 2.58 2.17 -57.5 -0.390 19.25 20.07 01a59867o0411o
59867.381526  21.770  1.925     7   14 o  0   1.33 332.90717  46.31112   976.99  2988.66 2.35 2.22  41.0 -0.416 19.27 20.11 01a59867o0412o
59867.384303  21.734  2.072     7   15 o  0   1.05 332.90717  46.31112   919.67  2908.65 2.34 2.23  41.5 -0.421 19.25 20.10 01a59867o0418o
59867.385285 -21.249  1.534   -12   18 o  0   1.04 332.90717  46.31112  1562.40  9582.17 2.08 1.64 -53.1 -0.541 19.21 20.04 02a59867o0418o
59867.387997  20.707  0.774    19   15 o  0   1.32 332.90717  46.31112 10387.22  2912.05 2.58 2.14 -60.2 -0.396 19.26 20.04 01a59867o0426o
59867.395169  20.905  0.938    16   15 o  0   1.44 332.90717  46.31112   904.97  3025.49 2.39 2.25  44.9 -0.412 19.21 20.08 01a59867o0441o
59869.295955 -22.574  2.967    -3   10 o  0   1.67 332.90717  46.31112 10433.41  2814.52 2.55 2.18 -57.7 -0.405 19.52 20.72 01a59869o0232o
59869.300576 -22.353  2.622    -4   11 o  0   1.83 332.90717  46.31112 10451.43  2853.22 2.57 2.11 -60.2 -0.414 19.57 20.74 01a59869o0242o
59869.306116 -22.166  2.511    -5   12 o  0   1.01 332.90717  46.31112 10397.06  2779.29 2.45 2.12 -56.0 -0.418 19.57 20.78 01a59869o0254o
59869.316744  22.659  3.833     3   12 o  0   1.35 332.90717  46.31112 10378.57  2898.92 2.41 2.17 -45.9 -0.398 19.52 20.76 01a59869o0277o
59869.318596 -21.448  1.020   -10   10 o  0   1.59 332.90717  46.31112   951.75  2943.19 2.22 2.08  39.3 -0.433 19.60 20.80 01a59869o0281o
59869.321371 -22.524  3.528    -4   12 o  0   0.93 332.90717  46.31112   972.71  2982.64 2.27 2.13  31.7 -0.429 19.58 20.78 01a59869o0287o
59869.326923  21.017  0.827    14   12 o  0   1.15 332.90717  46.31112   915.17  2903.89 2.45 2.20  37.6 -0.400 19.56 20.81 01a59869o0299o
59869.362046  22.651  3.633     3   12 o  0   0.98 332.90717  46.31112   907.47  3021.66 2.44 2.16  37.3 -0.403 19.55 20.83 01a59869o0373o
59870.252912 -23.489  7.364    -2   11 c  0   1.28 332.90717  46.31112  9071.10   898.53 2.64 2.07 -63.4 -0.449 19.57 21.23 02a59870o0135c
59870.274794  20.513  0.395    23    9 c  0   2.47 332.90717  46.31112  9093.51   948.14 2.58 2.09 -61.5 -0.448 19.60 21.32 02a59870o0183c
59870.302511  22.049  1.634     6    9 c  0   2.50 332.90717  46.31112  1558.72  9714.76 2.52 2.06 -54.9 -0.503 19.61 21.38 02a59870o0241c
59870.316975  20.444  0.495    24   12 c  0   1.11 332.90717  46.31112  1576.15  9594.33 2.33 2.15 -52.0 -0.496 19.62 21.37 02a59870o0272c
59871.347827  20.746  0.521    18   10 c  0   1.65 332.90717  46.31112  1507.16  9668.65 2.41 2.10 -48.7 -0.500 19.61 21.45 02a59871o0342c
59871.351352  21.920  2.096     6   13 o  0   1.08 332.90717  46.31112  8942.21  2902.47 2.45 2.32 -56.7 -0.448 19.50 20.85 01a59871o0344o
59871.351456  21.564  1.215     9   10 c  0   1.43 332.90717  46.31112  1487.35  9629.68 2.46 2.09 -51.7 -0.497 19.61 21.45 02a59871o0350c
59871.354695  21.905  1.600     6   10 o  0   2.03 332.90717  46.31112  8962.85  2942.75 2.43 2.24 -48.3 -0.452 19.52 20.85 01a59871o0351o
59871.357360  21.771  1.537     7   11 c  0   1.19 332.90717  46.31112  1542.37  9704.73 2.45 2.07 -49.1 -0.496 19.63 21.45 02a59871o0363c
59871.371479  21.087  0.881    13   12 c  0   1.01 332.90717  46.31112  1562.37  9584.07 2.44 2.10 -45.7 -0.495 19.61 21.45 02a59871o0394c
59871.376352 -22.203  2.386    -5   11 o  0   1.30 332.90717  46.31112  8912.82  2871.89 2.33 2.21 -45.5 -0.448 19.55 20.86 01a59871o0395o
59871.398528  22.372  2.457     4   10 o  0   1.93 332.90717  46.31112  8901.77  2995.14 2.41 2.33  -4.4 -0.432 19.49 20.85 01a59871o0438o
59873.341914 -19.236  0.414   -73   30 o  0   1.12 332.90717  46.31112  1247.56  9285.12 6.17 6.12 -78.4 -0.290 18.55 20.75 01a59873o0334o
59873.345672  20.126  0.659    32   21 o  0   1.10 332.90717  46.31112  1268.00  9324.59 4.70 4.48  86.2 -0.312 18.82 20.78 01a59873o0342o
59873.351221 -20.362  0.698   -26   18 o  0   1.05 332.90717  46.31112  1207.77  9243.39 3.93 3.79 -58.6 -0.321 19.05 20.79 01a59873o0354o
59873.363796 -23.181  9.857    -2   19 o  0   1.04 332.90717  46.31112  1190.30  9361.35 3.93 3.79 -67.2 -0.339 19.03 20.80 01a59873o0381o
59875.333297  22.100  2.025     5   11 c  0   1.26 332.90717  46.31112   642.25  5805.84 2.39 2.29  -2.9 -0.426 19.52 21.13 02a59875o0310c
59875.336958  20.864  0.738    16   12 c  0   0.73 332.90717  46.31112   621.89  5767.84 2.35 2.26   2.0 -0.418 19.50 21.14 02a59875o0318c
59875.343301 -20.912  0.721   -16   11 c  0   1.04 332.90717  46.31112   680.15  5841.57 2.35 2.27   0.5 -0.427 19.51 21.15 02a59875o0332c
59875.348741 -20.088  0.332   -34   11 c  0   1.28 332.90717  46.31112 10299.52  5834.54 2.67 2.48  24.1 -0.426 19.51 21.19 02a59875o0344c
59875.351908  21.127  0.862    13   11 c  0   1.47 332.90717  46.31112 10282.95  5793.69 2.63 2.54  31.0 -0.436 19.52 21.18 02a59875o0351c
59875.356465 -21.259  0.817   -11    9 c  0   1.77 332.90717  46.31112   700.08  5721.87 2.45 2.35   7.3 -0.429 19.48 21.12 02a59875o0361c
59875.358742 -21.344  1.203   -10   13 c  0   1.26 332.90717  46.31112 10338.24  5874.11 2.78 2.51  19.4 -0.421 19.49 21.15 02a59875o0366c
59875.371874 -21.218  1.173   -12   14 c  0   1.12 332.90717  46.31112 10359.79  5757.40 3.18 3.05  21.7 -0.402 19.43 21.13 02a59875o0395c
59877.301595 -22.325  2.973    -4   13 o  0   1.06 332.90717  46.31112  1232.47  9272.40 2.38 2.32 -58.4 -0.448 19.47 20.67 01a59877o0247o
59877.304370  22.074  2.614     5   14 o  0   0.68 332.90717  46.31112  1256.17  9313.02 2.51 2.37  81.4 -0.431 19.42 20.69 01a59877o0253o
59877.309925  20.398  0.490    25   12 o  0   1.27 332.90717  46.31112  1194.79  9233.44 2.53 2.45 -83.6 -0.432 19.42 20.71 01a59877o0265o
59877.320098 -21.985  2.383    -6   14 o  0   1.10 332.90717  46.31112  1175.49  9349.97 2.55 2.32 -46.6 -0.450 19.43 20.66 01a59877o0287o
59881.338740 -20.485  0.454   -23   10 o  0   2.05 332.90717  46.31112  5174.47  2720.43 2.50 2.34  29.9 -0.410 19.47 20.77 01a59881o0334o
59881.342436  20.957  0.832    15   12 o  0   0.98 332.90717  46.31112  5196.18  2760.25 2.52 2.36  33.4 -0.407 19.44 20.75 01a59881o0342o
59881.355963 -21.509  1.183    -9   11 o  0   1.35 332.90717  46.31112  5142.14  2685.04 2.58 2.45  32.9 -0.397 19.41 20.70 01a59881o0371o
59881.368993  21.012  0.903    14   13 o  0   1.42 332.90717  46.31112  5127.82  2802.10 2.79 2.74  19.8 -0.393 19.25 20.60 01a59881o0399o
59883.313406 -22.401  3.100    -4   12 o  0   1.13 332.90717  46.31112   213.07  3399.06 2.02 1.93   6.3 -0.438 19.38 20.53 02a59883o0282o
59883.317479 -20.953  1.081   -15   16 o  0   0.60 332.90717  46.31112   193.72  3359.84 2.03 1.95   1.9 -0.446 19.38 20.53 02a59883o0291o
59883.326603 -22.089  2.500    -5   13 o  0   0.76 332.90717  46.31112   255.25  3434.78 1.99 1.91   2.3 -0.452 19.40 20.50 02a59883o0311o
59883.329787 -20.759  0.678   -18   12 o  0   1.19 332.90717  46.31112 10081.78  3399.57 2.04 1.89 -51.7 -0.477 19.43 20.52 02a59883o0318o
59883.333889 -20.034  0.407   -35   14 o  0   1.22 332.90717  46.31112 10061.50  3357.80 2.02 1.91 -37.1 -0.480 19.44 20.51 02a59883o0327o
59883.336600  21.729  1.459     7   11 o  0   1.90 332.90717  46.31112   277.16  3316.39 1.99 1.92  -8.0 -0.453 19.35 20.45 02a59883o0333o
59883.339312  24.835 34.000     0   14 o  0   1.25 332.90717  46.31112 10122.17  3441.65 2.09 1.91 -45.8 -0.480 19.39 20.48 02a59883o0339o
59883.350706  21.022  0.984    14   14 o  0   1.33 332.90717  46.31112 10142.03  3320.72 2.14 1.94 -52.5 -0.480 19.37 20.46 02a59883o0364o
59885.281612  20.453  0.804    24   19 o  0   0.99 332.90717  46.31112  5164.24  2706.54 2.33 2.26  34.8 -0.438 19.10 19.82 01a59885o0210o
59885.284403 -21.773  2.355    -7   17 o  0   1.15 332.90717  46.31112  5184.04  2745.76 2.34 2.26  21.1 -0.432 19.19 19.94 01a59885o0216o
59885.291338 -22.576  3.844    -3   13 o  0   1.10 332.90717  46.31112  5127.82  2669.29 2.30 2.19  20.7 -0.441 19.31 20.13 01a59885o0231o
59885.302430 -24.034 14.875    -1   13 o  0   1.41 332.90717  46.31112  5111.32  2788.34 2.45 2.23  29.5 -0.415 19.29 20.12 01a59885o0255o
59890.377702  19.467  0.628    59   37 o  0   0.67 332.90717  46.31112  3528.18  9998.63 2.44 2.41 -60.5 -0.404 18.44 18.85 02a59890o0325o
59890.380868 -21.803  4.265    -7   29 o  0   1.28 332.90717  46.31112  3509.53  9959.29 2.34 2.33 -55.8 -0.423 18.49 18.86 02a59890o0332o
59890.390541  19.705  0.695    48   33 o  0   1.09 332.90717  46.31112  3565.03 10036.46 2.41 2.40 -15.6 -0.421 18.44 18.81 02a59890o0353o
59890.403357  21.058  2.576    14   35 o  0   0.97 332.90717  46.31112  3586.51  9914.99 2.42 2.35 -54.6 -0.423 18.40 18.75 02a59890o0381o
59893.269175 -21.289  1.521   -11   17 o  0   0.94 332.90717  46.31112  6374.50  7050.64 2.65 2.31  33.6 -0.365 19.09 19.73 01a59893o0185o
59893.271947 -23.144  8.059    -2   16 o  0   1.03 332.90717  46.31112  6395.44  7089.54 2.59 2.34  34.3 -0.372 19.03 19.74 01a59893o0191o
59893.309221  21.544  2.014     9   18 o  0   1.06 332.90717  46.31112  6347.25  7019.40 2.56 2.38  39.0 -0.365 18.99 19.64 01a59893o0205o
59893.316793  20.397  0.679    25   17 o  0   1.36 332.90717  46.31112  6331.79  7139.24 2.74 2.52  37.7 -0.349 18.93 19.62 01a59893o0221o
59897.293023  25.971 67.000     0   10 c  0   0.99 332.90717  46.31112  4414.44  7171.43 3.10 2.84  41.5 -0.305 19.61 21.50 01a59897o0238c
59897.296263 -22.038  1.667    -6    9 c  0   1.43 332.90717  46.31112  4435.27  7211.05 3.46 3.00  42.2 -0.271 19.53 21.51 01a59897o0245c
59897.303333  22.150  2.182     5   11 c  0   0.91 332.90717  46.31112  4376.39  7134.14 3.17 2.86  44.0 -0.298 19.57 21.47 01a59897o0260c
59897.316739  20.532  0.474    22   10 c  0   0.99 332.90717  46.31112  4363.13  7253.96 2.99 2.83  39.2 -0.321 19.59 21.41 01a59897o0289c
59899.295173  24.077 15.500     1   13 o  0   1.17 332.90717  46.31112  1251.31  1798.59 2.04 2.00  86.0 -0.449 19.30 20.45 02a59899o0246o
59899.300627  23.048  6.300     2   14 o  0   1.26 332.90717  46.31112  1232.04  1759.33 2.09 2.02  77.0 -0.444 19.30 20.51 02a59899o0258o
59899.303811 -21.809  1.896    -7   13 o  0   1.06 332.90717  46.31112  1292.82  1834.40 1.99 1.95  85.9 -0.466 19.37 20.53 02a59899o0265o
59899.316585  20.318  0.528    27   14 o  0   0.89 332.90717  46.31112  1313.56  1712.29 2.05 1.98 -74.0 -0.481 19.37 20.66 02a59899o0293o
59901.253256 -23.485  5.778    -2    8 c  0   1.43 332.90717  46.31112  4405.85  7166.45 3.34 2.93  43.7 -0.281 19.57 21.54 01a59901o0126c
59901.256030  20.568  0.473    22   10 c  0   0.97 332.90717  46.31112  4425.95  7205.18 3.02 2.82  38.2 -0.322 19.63 21.55 01a59901o0132c
59901.261576  22.942  3.750     2    9 c  0   1.24 332.90717  46.31112  4366.65  7130.02 3.10 2.84  41.2 -0.313 19.61 21.55 01a59901o0144c
59901.273125  20.625  0.459    20    9 c  0   1.30 332.90717  46.31112  4350.11  7246.78 2.81 2.77  32.9 -0.342 19.64 21.57 01a59901o0169c
59905.267077  20.637  0.557    20   11 c  0   1.83 332.90717  46.31112  3256.04  9210.00 4.42 4.12  54.4 -0.249 19.22 21.55 01a59905o0185c
59905.274126  24.956 26.500     0   10 c  0   1.65 332.90717  46.31112  3277.72  9249.67 3.41 3.29  65.6 -0.301 19.50 21.57 01a59905o0200c
59905.305626  20.619  0.523    20   11 c  0   1.24 332.90717  46.31112  3222.69  9176.23 3.39 3.23  66.9 -0.292 19.51 21.57 01a59905o0214c
59905.309319  22.388  2.737     4   11 c  0   1.28 332.90717  46.31112  3204.95  9295.05 3.63 3.49  69.0 -0.279 19.43 21.54 01a59905o0222c
59907.322654 -24.082 21.625    -1   18 o  0   0.50 332.90717  46.31112  3508.38  7967.63 2.03 1.95   4.6 -0.457 19.42 20.55 02a59907o0310o
59909.269953  21.765  1.292     7    9 c  0   1.62 332.90717  46.31112  3259.92  9206.31 2.97 2.87  76.3 -0.335 19.58 21.42 01a59909o0185c
59909.274581  21.577  1.211     8   10 c  0   1.07 332.90717  46.31112  3281.81  9246.76 2.97 2.86  80.2 -0.336 19.58 21.41 01a59909o0195c
59909.280613  20.989  0.667    15   10 c  0   1.45 332.90717  46.31112  3221.14  9169.79 2.89 2.80  77.3 -0.340 19.61 21.40 01a59909o0208c
59915.270250 -20.329  0.551   -27   15 o  0   1.44 332.90717  46.31112  2194.51  3720.12 2.31 1.83  31.2 -0.458 19.06 19.82 02a59915o0195o
59915.273472  19.953  0.423    38   16 o  0   1.33 332.90717  46.31112  2175.82  3681.83 2.18 1.82  32.1 -0.473 19.11 19.81 02a59915o0202o
59915.279831 -19.938  0.447   -38   17 o  0   0.71 332.90717  46.31112  2235.43  3756.94 2.26 1.84  32.3 -0.466 19.09 19.79 02a59915o0216o
59915.290763  20.890  1.404    16   22 o  0   0.65 332.90717  46.31112  2256.05  3638.61 2.18 1.81  32.8 -0.477 19.03 19.74 02a59915o0240o
59926.244593 -21.584  1.755    -8   15 o  0   1.23 332.90717  46.31112  9128.02  9754.71 2.43 2.37 -60.1 -0.446 19.28 20.56 02a59926o0009o
59927.201729 -20.584  0.728   -21   15 c  0   1.13 332.90717  46.31112  9150.81  9794.25 2.75 2.60  43.2 -0.396 19.38 20.89 02a59927o0035c
59927.204975 -23.179  7.500    -2   15 c  0   1.11 332.90717  46.31112  9131.32  9754.13 2.66 2.54  41.9 -0.404 19.45 21.07 02a59927o0042c
59927.210449 -22.396  3.417    -4   14 c  0   1.02 332.90717  46.31112  9186.18  9832.65 2.80 2.49  38.4 -0.403 19.46 21.17 02a59927o0054c
59927.229672 -20.448  0.550   -24   13 c  0   0.99 332.90717  46.31112  9206.03  9712.64 2.77 2.76  86.0 -0.395 19.47 21.23 02a59927o0096c
60040.617076 -19.798  1.085   -44   47 o  0   1.07 332.90717  46.31112  9662.52  4768.36 2.79 2.71  19.6 -0.380 17.89 18.37 02a60040o0824o
60040.624412  22.690 16.750     3   51 o  0   0.76 332.90717  46.31112  9689.44  4806.19 2.25 2.18 -21.0 -0.431 17.94 18.25 02a60040o0839o
60040.632294  18.240  0.395   184   72 o  0   1.03 332.90717  46.31112  9636.23  4731.11 2.39 2.30  13.1 -0.408 17.76 18.24 02a60040o0855o
60040.639306 -19.051  0.607   -87   53 o  0   1.01 332.90717  46.31112  9622.16  4847.74 2.30 2.17  15.4 -0.422 17.88 18.13 02a60040o0870o
60050.604733  24.878 46.333     0   19 o  0   1.07 332.90717  46.31112  8141.73  6861.30 2.37 2.06  33.6 -0.442 19.07 20.03 02a60050o0767o
60050.608799  20.350  0.676    26   18 o  0   1.29 332.90717  46.31112  8163.34  6898.75 2.43 2.05  32.4 -0.439 19.05 19.97 02a60050o0776o
60050.617120  20.792  0.984    18   17 o  0   1.29 332.90717  46.31112  8107.69  6821.57 2.44 2.07  31.5 -0.445 19.11 20.09 02a60050o0792o
60050.632386 -20.425  1.408   -25   35 o  0   1.43 332.90717  46.31112  8100.45  6939.48 2.37 2.04  32.4 -0.445 18.55 19.04 02a60050o0823o
60052.610781  20.215  0.556    30   16 c  0   0.92 332.90717  46.31112  1173.30   798.87 2.58 2.34 -67.9 -0.453 19.15 20.65 02a60052o0803c
60052.616473  20.969  1.021    15   15 c  0   1.06 332.90717  46.31112  1194.59   840.43 2.44 2.23 -72.4 -0.468 19.23 20.65 02a60052o0814c
60052.620445  21.073  1.156    14   16 c  0   1.33 332.90717  46.31112  1140.07   760.87 2.39 2.17 -71.2 -0.466 19.18 20.59 02a60052o0822c
60060.601979 -21.441  1.532   -10   15 c  0   1.46 332.90717  46.31112  7768.74  4440.40 2.76 2.58  29.3 -0.383 19.15 20.73 02a60060o0758c
60060.606050  20.355  0.630    26   16 c  0   1.01 332.90717  46.31112  7789.03  4477.71 2.90 2.69  31.7 -0.365 19.09 20.73 02a60060o0767c
60060.618643 -22.201  3.731    -5   18 c  0   0.96 332.90717  46.31112  7740.37  4401.28 2.68 2.43  31.8 -0.388 19.17 20.54 02a60060o0791c
60060.626863 -21.496  2.596    -9   24 c  0   1.18 332.90717  46.31112  7723.76  4518.19 2.67 2.40  30.0 -0.383 18.58 19.59 02a60060o0807c
60072.596620 -21.566  2.706    -9   23 o  0   1.22 332.90717  46.31112  4248.43  7082.21 2.44 1.98  36.2 -0.428 18.81 19.18 02a60072o0781o
60072.612145 -19.662  0.504   -50   25 o  0   1.15 332.90717  46.31112  4277.87  7117.93 2.61 2.03  37.9 -0.417 18.72 19.20 02a60072o0814o
60072.615760  21.723  3.190     7   24 o  0   0.86 332.90717  46.31112  4220.52  7040.10 2.55 1.96  36.5 -0.414 18.73 19.12 02a60072o0822o
60072.621298 -19.263  0.429   -72   31 o  0   0.73 332.90717  46.31112  4205.25  7156.93 2.48 1.91  35.2 -0.426 18.54 18.71 02a60072o0833o
60078.596379  21.649  1.913     8   15 o  0   1.48 332.90717  46.31112  3117.30   756.97 2.11 1.96  55.3 -0.489 19.21 20.20 02a60078o0771o
60078.604286  21.499  1.575     9   14 o  0   1.44 332.90717  46.31112  3137.91   796.27 2.13 1.94  52.6 -0.487 19.17 20.20 02a60078o0786o
60078.608280 -20.672  0.889   -20   17 o  0   0.98 332.90717  46.31112  3081.40   715.81 2.10 1.95  59.8 -0.498 19.18 20.16 02a60078o0792o
60086.554860 -21.468  1.312    -9   12 o  0   1.80 332.90717  46.31112  5855.62  4571.83 2.59 2.12  33.4 -0.432 19.28 20.50 02a60086o0656o
60086.574778 -21.508  1.507    -9   14 o  0   1.10 332.90717  46.31112  5883.44  4610.17 2.57 1.95  35.5 -0.452 19.37 20.63 02a60086o0697o
60086.578046 -20.025  0.320   -36   11 o  0   1.46 332.90717  46.31112  5826.02  4533.27 2.55 1.95  35.9 -0.457 19.43 20.68 02a60086o0703o
60086.585407 -24.770 24.500    -0   11 o  0   1.71 332.90717  46.31112  5809.58  4650.05 2.16 1.90  36.2 -0.468 19.44 20.66 02a60086o0718o
60086.617056  23.585 13.500     1   18 o  0   1.39 332.90717  46.31112  5866.39  4592.81 2.50 1.96  40.0 -0.439 18.81 19.70 02a60086o0785o
60088.592922  22.724  4.593     3   14 o  0   1.11 332.90717  46.31112  8882.70   908.46 2.16 1.85 -61.2 -0.499 19.31 20.43 02a60088o0689o
60088.600784 -24.933 45.500    -0   18 o  0   0.66 332.90717  46.31112  8902.11   942.30 1.97 1.76 -63.8 -0.516 19.29 20.44 02a60088o0705o
60088.606073 -21.245  1.218   -12   14 o  0   1.38 332.90717  46.31112  8851.16   869.96 2.00 1.74 -64.8 -0.515 19.30 20.39 02a60088o0716o
60088.614285 -23.372 13.188    -2   21 o  0   0.83 332.90717  46.31112  8835.24   990.38 2.06 1.78 -62.3 -0.518 19.05 19.84 02a60088o0733o
60090.561809 -20.591  0.697   -21   15 o  0   1.51 332.90717  46.31112  9897.17  4767.24 2.11 2.04 -21.4 -0.470 19.28 20.32 02a60090o0678o
60090.573179 -22.788  5.565    -3   16 o  0   0.97 332.90717  46.31112  9914.72  4807.11 2.14 2.06   5.0 -0.471 19.35 20.39 02a60090o0701o
60090.581336 -22.026  2.723    -6   15 o  0   1.00 332.90717  46.31112  9860.95  4732.60 2.12 2.08 -16.6 -0.460 19.35 20.48 02a60090o0718o
60090.585892 -20.980  1.119   -15   16 o  0   0.86 332.90717  46.31112  9840.82  4850.18 2.10 2.03 -37.6 -0.472 19.38 20.47 02a60090o0728o
60090.618784  23.199 11.167     2   21 o  0   1.02 332.90717  46.31112   243.27  4754.39 2.11 1.93  26.4 -0.427 18.80 19.34 02a60090o0795o
60090.622322 -20.409  1.332   -25   33 o  0   0.88 332.90717  46.31112   263.77  4794.36 2.07 1.88  26.1 -0.439 18.32 18.54 02a60090o0802o
60092.530286  18.462  0.410   150   61 o  0   1.57 332.90717  46.31112 10314.07  7174.04 2.25 2.04 -45.4 -0.454 17.34 18.36 02a60092o0580o
60092.534013  20.755  0.838    18   15 o  0   2.39 332.90717  46.31112 10336.98  7212.06 2.20 2.08 -26.8 -0.466 19.07 20.16 02a60092o0587o
60092.552134 -20.347  0.693   -26   18 o  0   0.83 332.90717  46.31112 10282.94  7138.34 2.19 2.09 -35.5 -0.485 19.34 20.49 02a60092o0624o
60092.553616 -20.956  0.950   -15   14 o  0   1.17 332.90717  46.31112   451.18  7191.83 1.96 1.88 -43.1 -0.460 19.32 20.46 02a60092o0627o
60092.568261 -21.420  1.562   -10   15 o  0   0.74 332.90717  46.31112 10263.44  7258.52 2.14 2.07 -29.3 -0.488 19.42 20.60 02a60092o0655o
60092.569165  23.043  6.000     2   13 o  0   1.37 332.90717  46.31112   472.71  7232.70 1.93 1.86 -40.6 -0.475 19.45 20.57 02a60092o0657o
60092.576052 -25.626 59.000    -0   12 o  0   1.42 332.90717  46.31112   412.14  7150.82 1.91 1.85  -4.9 -0.479 19.46 20.68 02a60092o0669o
60092.587649 -21.982  2.741    -6   16 o  0   0.61 332.90717  46.31112   396.07  7269.66 1.93 1.89  -9.9 -0.471 19.38 20.58 02a60092o0692o
60094.562110  19.301  0.332    69   23 o  0   1.05 332.90717  46.31112  7008.00   582.70 2.04 1.86 -68.4 -0.468 18.89 19.95 02a60094o0418o
60094.565125  20.402  0.678    25   17 o  0   1.24 332.90717  46.31112  7027.36   621.63 2.02 1.81 -71.2 -0.469 19.05 20.14 02a60094o0424o
60094.572620 -20.429  0.631   -24   15 o  0   1.45 332.90717  46.31112  6973.92   542.47 2.10 1.82 -64.5 -0.474 19.30 20.38 02a60094o0440o
60094.588872 -20.647  1.295   -20   26 o  0   0.89 332.90717  46.31112  6954.75   663.38 2.00 1.82 -71.9 -0.474 18.90 20.03 02a60094o0474o
60096.542177  18.303  1.615   173  280 o  0   1.36 332.90717  46.31112  9300.92  8777.48 2.23 2.14  19.7 -0.466 16.89 17.08 02a60096o0636o
60096.544899 -20.700  3.325   -19   63 o  0   0.99 332.90717  46.31112  9322.52  8816.13 2.15 2.13 -21.9 -0.435 18.50 19.14 02a60096o0642o
60096.564160 -20.039  1.109   -35   39 o  0   1.13 332.90717  46.31112  9264.58  8742.45 2.24 2.11  34.3 -0.440 18.16 18.85 02a60096o0678o
60096.574377 -20.422  1.056   -25   26 o  0   1.55 332.90717  46.31112  9244.50  8862.47 2.21 2.14  48.1 -0.436 18.66 19.54 02a60096o0698o
60098.552335 -20.734  2.513   -18   46 o  0   0.88 332.90717  46.31112  7105.48  2534.80 2.30 2.02  39.3 -0.415 17.93 18.28 02a60098o0653o
60098.563220  20.990  1.645    15   24 o  0   1.71 332.90717  46.31112  7126.32  2573.84 2.03 1.94  41.1 -0.437 18.33 18.66 02a60098o0674o
60098.568883 -22.287  5.025    -4   22 o  0   1.03 332.90717  46.31112  7071.43  2498.34 2.03 1.94  46.4 -0.439 18.61 18.99 02a60098o0686o
60098.581101 -20.007  0.629   -36   23 o  0   0.86 332.90717  46.31112  7054.95  2617.46 2.05 1.95  47.8 -0.445 18.85 19.42 02a60098o0709o
60099.553042  16.512  3.679   902 3319 o  0   0.67 332.90717  46.31112  7132.34  2571.32 1.97 1.86   1.2 -0.402 13.18 13.10 02a60099o0648o
60099.556238 -16.863  1.635  -653 1068 o  0   1.22 332.90717  46.31112  7078.82  2493.66 2.08 2.02  42.3 -0.405 14.24 14.00 02a60099o0655o
60099.569538 -19.348 50.176   -66 3322 o  0   1.59 332.90717  46.31112  7062.15  2612.06 2.15 2.07  44.5 -0.421 13.13 12.91 02a60099o0683o
60100.530150 -19.042  0.669   -88   59 o  0   1.27 332.90717  46.31112  8365.34  6860.23 2.24 2.15  40.6 -0.434 17.90 18.02 02a60100o0599o
60100.533151 -21.660  5.593    -8   44 o  0   1.32 332.90717  46.31112  8386.61  6898.61 2.29 2.15  38.7 -0.429 18.28 18.73 02a60100o0605o
60100.546192  20.067  0.726    34   25 o  0   0.84 332.90717  46.31112  8332.86  6825.53 2.30 2.11  38.5 -0.438 18.85 19.42 02a60100o0631o
60100.558164 -21.991  6.811    -6   40 o  0   1.84 332.90717  46.31112  8316.30  6946.46 2.36 2.11  37.2 -0.425 18.11 18.47 02a60100o0657o
60102.550892  20.691  0.898    19   17 o  0   1.54 332.90717  46.31112  1412.83   812.02 2.09 1.97 -69.1 -0.516 19.06 19.82 02a60102o0649o
60102.553605 -21.579  2.039    -8   17 o  0   1.28 332.90717  46.31112  1433.47   853.42 2.04 1.91 -74.0 -0.526 19.06 19.83 02a60102o0655o
60102.560482 -21.474  1.820    -9   17 o  0   1.32 332.90717  46.31112  1376.98   772.76 1.99 1.86 -76.4 -0.528 19.07 19.85 02a60102o0669o
60102.581220 -21.005  1.103   -14   16 o  0   1.57 332.90717  46.31112  1362.58   892.21 2.09 1.94 -70.4 -0.524 19.10 19.88 02a60102o0713o
60104.547116 -20.656  0.805   -20   16 o  0   1.46 332.90717  46.31112  2451.42  7163.00 2.35 2.08  34.0 -0.414 18.94 19.77 02a60104o0632o
60104.549963 -25.853 130.000    -0   22 o  0   1.31 332.90717  46.31112  2471.59  7201.56 2.74 2.34  21.1 -0.396 18.81 19.77 02a60104o0638o
60104.562166 -22.504  4.444    -4   16 o  0   1.23 332.90717  46.31112  2414.19  7122.57 2.41 2.17  32.6 -0.414 19.04 19.92 02a60104o0662o
60104.573607 -22.141  3.385    -5   17 o  0   1.15 332.90717  46.31112  2393.08  7239.77 2.44 2.09  34.5 -0.417 19.08 19.97 02a60104o0684o
60106.545980 -20.606  0.774   -21   16 o  0   1.10 332.90717  46.31112  5152.59   698.65 2.34 2.20 -70.6 -0.447 19.22 20.35 02a60106o0636o
60106.556484  21.336  1.245    11   13 o  0   1.34 332.90717  46.31112  5172.45   739.14 2.11 2.00 -55.8 -0.454 19.24 20.36 02a60106o0658o
60106.559648 -21.823  2.033    -7   14 o  0   1.23 332.90717  46.31112  5118.13   661.47 2.14 1.96 -60.7 -0.470 19.31 20.37 02a60106o0665o
60106.566101 -21.893  2.224    -6   14 o  0   1.50 332.90717  46.31112  5100.25   780.04 2.10 1.98 -71.2 -0.463 19.27 20.38 02a60106o0678o
60110.520284 -21.485  1.290    -9   12 c  0   0.99 332.90717  46.31112  7959.40  4448.95 2.47 2.42  79.0 -0.409 19.51 21.22 02a60110o0585c
60110.526868  21.963  1.923     6   11 c  0   1.24 332.90717  46.31112  7980.77  4488.26 2.50 2.45  89.8 -0.408 19.49 21.24 02a60110o0599c
60110.537027 -24.052 13.200    -1   12 c  0   1.45 332.90717  46.31112  7925.11  4415.42 2.69 2.66 -31.3 -0.393 19.42 21.24 02a60110o0621c
60110.540095 -23.166  5.538    -2   11 c  0   1.64 332.90717  46.31112  7904.32  4530.62 2.49 2.45  70.8 -0.407 19.49 21.23 02a60110o0627c
60112.564769  21.566  1.382     9   12 c  0   1.42 332.90717  46.31112  5275.90  9047.07 2.67 2.43  46.7 -0.401 19.51 21.34 02a60112o0678c
60112.569148  21.557  1.431     9   12 c  0   1.04 332.90717  46.31112  5297.07  9086.97 2.56 2.39  44.0 -0.409 19.54 21.36 02a60112o0687c
60112.575788  20.475  0.494    23   12 c  0   1.11 332.90717  46.31112  5237.77  9008.85 2.59 2.39  47.2 -0.410 19.60 21.38 02a60112o0701c
60112.601614  20.895  0.720    16   12 c  0   0.88 332.90717  46.31112  5220.76  9129.72 2.74 2.44  40.5 -0.396 19.53 21.37 02a60112o0754c
60114.540645  20.438  0.506    24   12 c  0   0.96 332.90717  46.31112  8996.30  2870.63 2.51 2.30 -62.1 -0.416 19.54 21.35 02a60114o0620c
60114.543919  22.644  2.955     3    9 c  0   2.21 332.90717  46.31112  9014.92  2909.36 2.52 2.32 -62.6 -0.417 19.57 21.34 02a60114o0627c
60114.551416  20.805  0.675    17   12 c  0   1.06 332.90717  46.31112  8959.86  2833.98 2.49 2.28 -60.3 -0.423 19.59 21.36 02a60114o0642c
60114.562641 -22.529  2.920    -4   10 c  0   1.15 332.90717  46.31112  8945.56  2953.26 2.50 2.29 -62.6 -0.422 19.59 21.37 02a60114o0666c
60116.527958  23.449  7.091     2   11 c  0   1.76 332.90717  46.31112  1233.24  9173.93 2.35 2.28 -65.2 -0.460 19.54 21.20 02a60116o0596c
60116.534516  22.019  2.293     6   13 c  0   1.13 332.90717  46.31112  1249.01  9212.60 2.34 2.26 -64.1 -0.467 19.51 21.23 02a60116o0608c
60116.544481 -21.551  1.524    -9   13 c  0   0.97 332.90717  46.31112  1192.44  9133.85 2.35 2.30 -48.4 -0.458 19.52 21.24 02a60116o0629c
60116.547196  23.868 14.143     1   15 c  0   0.77 332.90717  46.31112  1171.19  9250.88 2.42 2.39 -45.4 -0.457 19.55 21.25 02a60116o0635c
60124.522640  21.895  1.950     6   12 c  0   1.24 332.90717  46.31112  3026.33  9093.71 2.57 2.54  80.3 -0.398 19.49 21.49 02a60124o0585c
60124.525353 -23.031  6.750    -2   15 c  0   1.13 332.90717  46.31112  3046.01  9133.24 2.79 2.75  75.3 -0.401 19.41 21.48 02a60124o0591c
60124.535589 -21.794  1.975    -7   14 c  0   1.19 332.90717  46.31112  2986.11  9057.24 2.71 2.66  54.5 -0.399 19.46 21.51 02a60124o0612c
60124.546137  20.192  0.386    30   12 c  0   1.44 332.90717  46.31112  2962.37  9174.32 2.63 2.59  61.0 -0.406 19.51 21.53 02a60124o0634c
60126.452823 -20.220  0.737   -30   22 o  0   1.53 332.90717  46.31112  1981.00  4738.18 2.27 1.89  34.8 -0.456 18.74 19.19 02a60126o0446o
60126.482603 -20.468  0.583   -24   14 o  0   1.53 332.90717  46.31112  1924.35  4656.97 2.21 1.86  33.2 -0.466 19.02 19.60 02a60126o0508o
60126.496524  22.629  7.000     3   23 o  0   1.21 332.90717  46.31112  1899.73  4775.44 2.32 1.86  34.0 -0.463 18.88 19.43 02a60126o0537o
60130.537251 -20.343  0.941   -26   25 o  0   1.29 332.90717  46.31112   143.19  9867.01 2.34 2.04 -47.8 -0.589 18.89 19.63 02a60130o0612o
60130.540511  20.195  0.828    30   25 o  0   1.61 332.90717  46.31112   168.10  9909.75 2.28 2.01 -46.7 -0.608 18.70 19.36 02a60130o0619o
60130.551285  20.440  1.178    24   28 o  0   0.91 332.90717  46.31112   101.34  9828.01 2.17 1.83 -46.3 -0.610 19.03 19.67 02a60130o0641o
60130.556743 -20.446  1.436   -24   35 o  0   1.05 332.90717  46.31112    80.18  9946.57 2.21 1.89 -49.2 -0.627 18.98 19.69 02a60130o0653o
60132.491868  22.544  5.583     4   20 o  0   1.11 332.90717  46.31112  8848.20 10040.46 2.42 2.17 -60.4 -0.456 19.00 19.93 02a60132o0525o
60132.509294 -20.734  0.784   -18   14 o  0   2.03 332.90717  46.31112  8870.81 10080.43 2.41 2.12 -67.3 -0.458 19.06 19.90 02a60132o0561o
60132.512685 -20.602  0.732   -21   15 o  0   1.63 332.90717  46.31112  8804.77 10004.52 2.44 2.10 -66.3 -0.456 19.08 19.91 02a60132o0568o
60132.519648  19.818  1.494    43   64 o  0   0.36 332.90717  46.31112  8782.81 10124.29 2.45 2.20 -68.6 -0.448 19.06 19.92 02a60132o0583o
60134.453161 -20.870  0.972   -16   16 o  0   1.16 332.90717  46.31112  1079.25  5922.82 2.11 2.02  44.5 -0.460 19.27 20.19 02a60134o0440o
60134.470781  21.134  1.430    13   18 o  0   1.94 332.90717  46.31112  1106.13  5964.28 2.15 2.03  40.4 -0.450 18.84 19.59 02a60134o0478o
60134.473762 -20.822  1.208   -17   21 o  0   0.94 332.90717  46.31112  1043.82  5883.14 2.21 2.09  34.8 -0.455 19.05 19.95 02a60134o0484o
60134.494833  22.984  8.450     2   20 o  0   0.65 332.90717  46.31112  1030.28  5997.73 2.17 1.99  35.0 -0.465 19.22 20.16 02a60134o0528o
60138.430939 -22.004  3.115    -6   18 c  0   0.95 332.90717  46.31112  5892.00  8234.01 2.88 2.85 -45.7 -0.403 19.12 20.81 02a60138o0396c
60138.463520 -21.741  1.889    -7   14 c  0   1.06 332.90717  46.31112  5916.00  8270.62 2.87 2.79  53.8 -0.389 19.20 20.96 02a60138o0466c
60138.473532  21.150  1.241    13   16 c  0   1.11 332.90717  46.31112  5862.14  8199.08 3.03 2.96  56.3 -0.387 19.21 21.04 02a60138o0487c
60138.498470 -21.143  1.157   -13   15 c  0   1.55 332.90717  46.31112  5840.52  8307.54 3.33 3.06  41.1 -0.362 19.09 21.00 02a60138o0537c
60140.503168 -21.606  1.812    -8   15 c  0   1.48 332.90717  46.31112  9889.69  4776.27 3.38 3.25 -66.0 -0.392 19.17 21.07 02a60140o0499c
60140.505912  20.586  0.718    21   15 c  0   0.95 332.90717  46.31112  9912.84  4814.79 3.32 3.18 -54.8 -0.397 19.17 21.08 02a60140o0505c
60140.509246 -20.552  0.645   -22   14 c  0   1.13 332.90717  46.31112   210.88  4750.92 3.26 3.12  40.2 -0.359 19.16 21.11 02a60140o0512c
60140.511200 -20.189  0.478   -30   15 c  0   1.03 332.90717  46.31112  9860.25  4741.09 3.13 2.99 -61.8 -0.396 19.28 21.11 02a60140o0516c
60140.531356  22.290  3.300     4   14 c  0   1.39 332.90717  46.31112   259.91  4792.66 3.09 3.03  24.6 -0.386 19.26 21.21 02a60140o0558c
60140.532807  21.675  1.865     8   14 c  0   0.97 332.90717  46.31112  9871.38  4861.14 3.01 2.93 -40.7 -0.403 19.30 21.20 02a60140o0561c
60140.534267  21.838  1.676     7   11 c  0   1.37 332.90717  46.31112   205.92  4713.49 2.97 2.86  32.8 -0.375 19.33 21.22 02a60140o0564c
60140.537455  23.866 13.400     1   14 c  0   1.12 332.90717  46.31112   190.30  4829.92 3.04 2.92  26.7 -0.375 19.27 21.23 02a60140o0571c
60146.430147  20.800  0.775    17   14 c  0   1.09 332.90717  46.31112  9239.86  8768.53 2.99 2.75  20.4 -0.379 19.32 21.07 02a60146o0400c
60146.449539  21.719  1.902     8   14 c  0   1.28 332.90717  46.31112  9276.86  8813.44 2.77 2.70 -88.7 -0.393 19.40 21.08 02a60146o0442c
60146.470236  21.128  0.986    13   13 c  0   1.57 332.90717  46.31112  9229.73  8737.04 2.75 2.69 -86.1 -0.402 19.38 21.06 02a60146o0486c
60146.476260  21.437  1.396    10   14 c  0   1.31 332.90717  46.31112  9216.41  8859.26 2.78 2.71 -86.9 -0.393 19.41 21.08 02a60146o0498c
60148.481505 -21.698  1.294    -8   10 c  0   2.00 332.90717  46.31112  7082.65  2529.10 2.54 2.43  86.3 -0.409 19.53 21.46 02a60148o0508c
60148.483767  20.659  0.530    20   10 c  0   1.62 332.90717  46.31112  7103.72  2569.98 2.74 2.64  79.7 -0.397 19.49 21.45 02a60148o0513c
60148.512595  20.512  0.483    23   11 c  0   1.03 332.90717  46.31112  7084.29  2499.19 2.59 2.53  78.6 -0.402 19.55 21.50 02a60148o0572c
60148.541154  23.038  5.133     2   11 c  0   1.15 332.90717  46.31112  3542.30  7954.00 2.59 2.37  24.7 -0.407 19.62 21.61 02a60148o0631c
60150.483654 -24.200 17.500    -1   13 c  0   1.14 332.90717  46.31112  8358.45  6858.48 2.88 2.72  44.3 -0.404 19.41 21.42 02a60150o0514c
60150.485462 -23.194  6.111    -2   12 c  0   1.47 332.90717  46.31112  8380.61  6898.06 3.06 2.93  50.6 -0.387 19.36 21.41 02a60150o0518c
60150.488264 -21.871  1.774    -6   12 c  0   1.33 332.90717  46.31112  8323.13  6824.09 3.02 2.90  50.1 -0.392 19.44 21.42 02a60150o0524c
60150.495634  24.202 15.750     1   12 c  0   1.23 332.90717  46.31112  8313.52  6941.37 2.92 2.69  41.1 -0.402 19.45 21.42 02a60150o0539c
60152.473434 -22.297  2.542    -4   11 c  0   1.25 332.90717  46.31112  1380.36   801.39 2.54 2.37 -79.0 -0.449 19.38 21.31 02a60152o0498c
60152.475242 -22.351  3.211    -4   13 c  0   1.75 332.90717  46.31112  1401.71   841.40 2.53 2.37 -75.8 -0.447 19.00 21.01 02a60152o0502c
60152.478422 -21.487  1.435    -9   13 c  0   1.48 332.90717  46.31112  1346.29   761.62 2.60 2.42 -75.3 -0.435 19.22 21.23 02a60152o0509c
60152.483868  22.153  2.148     5   11 c  0   1.38 332.90717  46.31112  1334.47   880.54 2.81 2.63 -79.6 -0.430 19.45 21.54 02a60152o0521c
60154.515536  20.642  0.693    20   14 o  0   1.41 332.90717  46.31112  8157.94  3414.20 2.16 2.06  34.3 -0.438 19.34 20.51 02a60154o0587o
60154.520757  23.460  9.231     2   14 o  0   1.19 332.90717  46.31112  8134.89  3376.98 2.16 2.00  27.2 -0.441 19.30 20.43 02a60154o0597o
60154.523919  20.167  0.349    31   11 o  0   2.28 332.90717  46.31112  8194.16  3454.05 2.10 1.98  31.7 -0.446 19.40 20.59 02a60154o0604o
60154.559005 -20.072  0.386   -34   13 o  0   1.38 332.90717  46.31112  8206.97  3336.88 2.17 2.02  33.3 -0.448 19.43 20.79 02a60154o0679o
60156.453952 -20.292  0.920   -28   26 o  0   1.21 332.90717  46.31112  5112.58   684.20 2.25 2.03 -59.9 -0.473 18.64 19.08 02a60156o0459o
60156.458197 -20.311  0.845   -27   23 o  0   1.22 332.90717  46.31112  5140.19   727.65 2.19 1.99 -66.0 -0.463 18.76 19.19 02a60156o0468o
60156.463311  18.797  0.360   110   40 o  0   0.80 332.90717  46.31112  5086.58   648.74 2.20 2.01 -66.1 -0.459 18.24 18.54 02a60156o0479o
60156.492396  20.730  0.981    18   18 o  0   1.70 332.90717  46.31112  5105.40   772.72 2.14 1.98 -54.4 -0.462 18.79 19.27 02a60156o0539o
