MJD          m      dm   uJy   duJy F err chi/N     RA       Dec        x        y     maj  min   phi  apfit mag5sig Sky   Obs
59860.607778  19.813  3.484    43  150 o  0   1.03 140.58604  28.80465  5450.17  8429.79 2.75 2.66  30.6 -0.398 16.65 16.70 01a59860o0843o
59860.626668  18.554  0.987   138  136 o  0   0.91 140.58604  28.80465  5439.72  8388.01 2.50 2.47 -14.5 -0.406 16.86 17.41 01a59860o0882o
59860.633593 -19.450  0.570   -60   34 o  0   0.71 140.58604  28.80465  5500.69  8470.57 2.86 2.42  45.8 -0.361 18.31 19.03 01a59860o0897o
59860.640085  20.089  2.327    33   78 o  0   1.73 140.58604  28.80465  5523.03  8353.35 2.80 2.34  47.8 -0.370 17.18 17.08 01a59860o0911o
59862.557190 -19.886  2.519   -40  102 o  0   1.02 140.58604  28.80465  1921.60  7930.60 2.22 1.94  17.9 -0.431 17.82 18.06 02a59862o0523o
59862.560374 -20.213  5.600   -30  167 o  0   1.41 140.58604  28.80465  1939.78  7969.28 2.49 1.96  23.7 -0.411 17.69 17.88 02a59862o0530o
59862.582642  19.120  0.620    82   51 o  0   1.56 140.58604  28.80465  1879.91  7888.96 1.96 1.85 -10.1 -0.466 18.07 18.26 02a59862o0577o
59862.590363  18.954  0.609    95   58 o  0   1.09 140.58604  28.80465  1857.80  8003.67 2.07 1.86   9.0 -0.423 18.25 18.64 02a59862o0594o
59863.618653  20.159  0.883    31   28 o  0   0.80 140.58604  28.80465  5453.95  8433.41 2.59 2.29  48.2 -0.389 18.74 19.08 01a59863o0700o
59863.622883  19.986  0.727    37   27 o  0   1.37 140.58604  28.80465  5434.96  8389.54 3.17 2.50  47.6 -0.308 18.33 18.82 01a59863o0709o
59863.630475  20.730  2.490    18   46 o  0   1.26 140.58604  28.80465  5493.45  8464.69 2.64 2.30  50.7 -0.374 18.21 18.56 01a59863o0725o
59863.644906  18.866  0.681   103   70 o  0   1.46 140.58604  28.80465  5520.41  8349.22 2.84 2.36  46.6 -0.377 17.26 16.82 01a59863o0756o
59868.613004  19.084  0.184    84   16 o  0   1.39 140.58604  28.80465  2662.39  4361.82 2.32 2.13  44.2 -0.447 19.17 19.79 01a59868o0872o
59868.618550  18.855  0.137   104   14 o  0   1.39 140.58604  28.80465  2646.76  4325.49 2.65 2.29  45.0 -0.404 19.13 19.83 01a59868o0884o
59868.627351  19.020  0.160    90   14 o  0   1.30 140.58604  28.80465  2703.83  4396.39 2.46 2.23  47.2 -0.431 19.17 19.84 01a59868o0901o
59868.638019  18.991  0.212    92   20 o  0   1.04 140.58604  28.80465  2727.23  4284.09 2.67 2.28  43.4 -0.407 18.89 19.40 01a59868o0924o
59876.573387  18.410  0.082   157   13 o  0   1.24 140.58604  28.80465   847.39  8262.61 2.46 2.35  82.2 -0.443 19.46 20.61 01a59876o0789o
59876.576619  18.646  0.098   126   12 o  0   1.54 140.58604  28.80465   830.14  8223.92 2.50 2.42  84.7 -0.440 19.45 20.62 01a59876o0796o
59876.594804  18.634  0.104   128   13 o  0   1.02 140.58604  28.80465   891.00  8293.95 2.56 2.41  81.7 -0.443 19.48 20.69 01a59876o0834o
59876.605429  18.432  0.087   154   13 o  0   1.03 140.58604  28.80465   915.29  8181.52 2.59 2.46 -79.3 -0.447 19.46 20.73 01a59876o0857o
59880.611574  18.691  0.104   121   13 o  0   1.39 140.58604  28.80465  8728.11  4688.17 2.80 2.79  75.6 -0.410 19.31 20.64 01a59880o0724o
59880.631739  18.516  0.095   142   14 o  0   1.03 140.58604  28.80465  8712.15  4640.16 2.61 2.55 -51.1 -0.439 19.43 20.63 01a59880o0762o
59880.633688  18.387  0.082   160   13 o  0   1.05 140.58604  28.80465  8770.33  4718.89 2.57 2.54 -65.5 -0.438 19.41 20.63 01a59880o0766o
59880.637630  18.694  0.101   121   12 o  0   1.37 140.58604  28.80465  8790.73  4601.31 2.56 2.52  69.9 -0.425 19.40 20.60 01a59880o0774o
59881.601387  18.428  0.088   154   14 c  0   1.10 140.58604  28.80465  6041.61  8248.83 2.67 2.39  34.9 -0.401 19.49 21.05 02a59881o0722c
59881.604602  18.382  0.082   161   13 c  0   0.88 140.58604  28.80465  6060.31  8286.10 2.74 2.37  35.5 -0.396 19.49 21.05 02a59881o0729c
59881.610072  18.667  0.105   124   13 c  0   1.24 140.58604  28.80465  6002.39  8208.26 2.71 2.34  35.3 -0.401 19.50 21.05 02a59881o0741c
59884.624998  18.692  0.101   121   12 o  0   1.32 140.58604  28.80465  8736.32  4685.51 2.46 2.44 -22.9 -0.437 19.53 20.73 01a59884o0839o
59884.631080  18.619  0.089   130   12 o  0   0.99 140.58604  28.80465  8715.67  4644.38 2.38 2.34  78.8 -0.448 19.56 20.73 01a59884o0852o
59884.643204  18.557  0.100   137   14 o  0   0.99 140.58604  28.80465  8778.54  4719.67 2.63 2.39  37.0 -0.404 19.28 20.31 01a59884o0878o
59884.645317  18.482  0.110   147   16 o  0   0.87 140.58604  28.80465  8796.59  4603.76 2.39 2.33 -74.0 -0.453 19.26 20.06 01a59884o0881o
59885.627472  18.510  0.079   143   11 c  0   1.15 140.58604  28.80465  3578.29   474.87 2.48 2.28 -79.5 -0.427 19.44 21.07 02a59885o0936c
59885.629402  18.517  0.078   142   11 c  0   1.49 140.58604  28.80465  3597.80   513.58 2.44 2.20 -82.7 -0.430 19.50 21.07 02a59885o0940c
59885.633969  18.446  0.066   152   10 c  0   1.78 140.58604  28.80465  3541.29   433.80 2.41 2.19 -80.6 -0.430 19.49 21.04 02a59885o0948c
59885.644368  18.570  0.083   136   11 c  0   1.63 140.58604  28.80465  3520.68   552.54 2.44 2.21 -82.1 -0.430 19.30 20.64 02a59885o0967c
59887.613247  18.985  0.123    92   11 o  0   1.17 140.58604  28.80465  8766.55  4724.15 2.36 2.33  89.8 -0.442 19.49 20.60 01a59887o0693o
59887.617449  18.663  0.090   124   11 o  0   1.21 140.58604  28.80465  8786.19  4608.94 2.42 2.34  36.1 -0.431 19.48 20.61 01a59887o0702o
59889.601200  18.862  0.118   104   12 o  0   2.41 140.58604  28.80465  3574.38   471.29 1.91 1.75 -78.4 -0.483 19.08 19.71 02a59889o0550o
59889.631763  18.873  0.092   103   10 o  0   2.22 140.58604  28.80465  3601.29   510.68 1.92 1.77  89.4 -0.480 19.42 20.55 02a59889o0612o
59889.639986  18.898  0.114   100   11 o  0   1.54 140.58604  28.80465  3541.58   433.23 2.02 1.83 -81.8 -0.468 19.42 20.55 02a59889o0629o
59889.641873  18.710  0.106   119   13 o  0   1.31 140.58604  28.80465  3525.23   550.63 2.02 1.87 -85.1 -0.468 19.39 20.51 02a59889o0633o
59889.651040  19.032  0.195    89   17 o  0   1.25 140.58604  28.80465  3567.74   492.83 1.98 1.83 -84.6 -0.476 19.05 19.69 02a59889o0651o
59890.619098  18.883  0.180   102   18 o  0   1.20 140.58604  28.80465  7582.91  3980.91 2.40 2.02  34.9 -0.413 18.99 19.54 02a59890o0838o
59890.622711  19.043  0.182    88   16 o  0   1.78 140.58604  28.80465  7602.36  4019.52 2.37 2.00  34.7 -0.414 18.99 19.55 02a59890o0846o
59890.625874  19.293  0.261    70   18 o  0   0.93 140.58604  28.80465  7546.60  3942.63 2.34 1.96  34.4 -0.425 19.04 19.57 02a59890o0853o
59890.631463  18.775  0.141   112   16 o  0   1.62 140.58604  28.80465  7525.55  4059.23 2.29 1.94  34.5 -0.425 19.04 19.63 02a59890o0865o
59890.651718  19.299  0.318    69   22 o  0   1.16 140.58604  28.80465  7570.26  4003.73 2.34 1.92  32.3 -0.423 18.82 19.12 02a59890o0905o
59891.624055  19.182  0.362    77   28 o  0   1.82 140.58604  28.80465  2881.83   218.00 2.23 2.11  50.0 -0.490 18.39 18.35 01a59891o0923o
59891.646907  18.654  0.181   126   23 o  0   1.35 140.58604  28.80465  1309.88 10474.85 2.49 2.26 -81.6 -0.487 18.81 19.10 01a59891o0970o
59891.647831  19.345  0.317    66   21 o  0   1.11 140.58604  28.80465  2919.67   232.51 2.25 2.10  43.6 -0.490 18.81 19.00 01a59891o0972o
59893.561927  19.511  0.404    57   23 o  0   1.27 140.58604  28.80465  7579.31  3981.71 2.82 2.46  27.8 -0.395 18.68 19.33 02a59893o0819o
59893.584794  19.658  0.397    50   20 o  0   1.17 140.58604  28.80465  7599.05  4018.08 2.55 2.15  30.6 -0.407 18.86 19.43 02a59893o0864o
59893.587959  18.657  0.158   125   20 o  0   1.21 140.58604  28.80465  7541.63  3941.19 2.46 2.06  32.6 -0.404 18.92 19.44 02a59893o0871o
59893.601680  18.908  0.177    99   18 o  0   1.41 140.58604  28.80465  7520.84  4059.54 2.65 2.21  31.4 -0.403 18.87 19.49 02a59893o0900o
59893.654380  19.254  0.319    72   23 o  0   1.56 140.58604  28.80465  7574.66  4002.89 2.70 2.18  30.9 -0.398 18.63 18.99 02a59893o1013o
59895.525444  18.667  0.203   124   25 o  0   0.79 140.58604  28.80465  1256.60 10505.94 2.44 2.19 -77.2 -0.475 18.92 19.26 01a59895o0719o
59895.528679  18.739  0.207   116   24 o  0   0.99 140.58604  28.80465  1239.81 10466.95 2.52 2.28 -79.8 -0.476 18.89 19.28 01a59895o0726o
59895.553101  18.866  0.226   103   23 o  0   1.01 140.58604  28.80465  1327.46 10420.74 2.48 2.23 -83.8 -0.466 18.95 19.41 01a59895o0775o
59895.563365  18.742  0.187   116   22 o  0   1.14 140.58604  28.80465  2903.53   263.66 2.40 2.28  47.4 -0.465 18.95 19.44 01a59895o0797o
59895.566148  19.448  0.350    60   21 o  0   1.29 140.58604  28.80465  2882.25   220.48 2.44 2.31  46.7 -0.450 18.94 19.46 01a59895o0803o
59895.582899  18.895  0.193   100   19 o  0   1.02 140.58604  28.80465  2942.33   296.86 2.36 2.24  42.8 -0.469 18.99 19.50 01a59895o0838o
59895.599581  18.871  0.171   103   18 o  0   0.93 140.58604  28.80465  2965.59   181.75 2.36 2.23  52.8 -0.469 19.02 19.58 01a59895o0874o
59896.594693  19.520  0.348    56   20 o  0   1.23 140.58604  28.80465  3191.75 10369.91 2.53 2.38 -89.6 -0.396 18.89 19.29 01a59896o0881o
59896.595155  19.250  0.237    72   17 o  0   1.23 140.58604  28.80465  4900.05   160.03 2.29 2.24  58.6 -0.482 18.93 19.31 01a59896o0882o
59896.597466  19.411  0.341    62   21 o  0   1.06 140.58604  28.80465  3174.22 10331.34 2.58 2.38  79.9 -0.381 18.92 19.31 01a59896o0887o
59896.597927  18.649  0.154   126   19 o  0   1.23 140.58604  28.80465  4880.54   121.01 2.35 2.27  58.4 -0.469 18.91 19.32 01a59896o0888o
59896.603468  18.698  0.165   120   20 o  0   1.22 140.58604  28.80465  3233.39 10409.34 2.62 2.40  79.6 -0.376 18.91 19.33 01a59896o0900o
59896.609009  19.060  0.201    86   17 o  0   1.21 140.58604  28.80465  3255.22 10290.99 2.59 2.37  74.3 -0.386 18.92 19.35 01a59896o0912o
59896.622494  19.107  0.205    83   17 o  0   1.25 140.58604  28.80465  4940.13   191.08 2.29 2.18  44.1 -0.468 18.93 19.39 01a59896o0939o
59899.586494  19.913  0.420    39   16 o  0   1.35 140.58604  28.80465  4901.46   160.26 2.30 2.25  50.6 -0.465 19.03 19.63 01a59899o0841o
59899.588378  19.248  0.217    72   16 o  0   1.39 140.58604  28.80465  4880.68   119.71 2.31 2.27  59.7 -0.469 19.05 19.68 01a59899o0845o
59899.592535  19.868  0.391    41   16 o  0   1.12 140.58604  28.80465  4940.33   198.46 2.34 2.31  18.6 -0.471 19.02 19.60 01a59899o0854o
59899.600229  19.000  0.207    91   19 o  0   0.85 140.58604  28.80465  4961.33    78.67 2.28 2.24  52.9 -0.481 19.06 19.69 01a59899o0870o
59902.579395  19.351  0.165    66   11 o  0   1.92 140.58604  28.80465  7491.90  2042.15 1.99 1.98 -73.5 -0.433 19.47 20.62 02a59902o0840o
59902.581203  19.450  0.176    60   11 o  0   1.55 140.58604  28.80465  7510.95  2080.34 2.01 2.00 -78.2 -0.433 19.47 20.63 02a59902o0844o
59902.605842  19.092  0.128    84   11 o  0   1.34 140.58604  28.80465  7458.73  2004.45 2.20 2.15  49.4 -0.424 19.41 20.71 02a59902o0888o
59902.611158  19.558  0.204    54   11 o  0   1.18 140.58604  28.80465  7440.80  2122.08 2.09 2.03  38.5 -0.431 19.46 20.71 02a59902o0899o
59903.570175  19.703  0.193    48    9 c  0   1.19 140.58604  28.80465  3186.53 10372.94 3.20 2.95  86.2 -0.304 19.60 21.32 01a59903o0520c
59903.573411  19.975  0.264    37   10 c  0   1.26 140.58604  28.80465  3168.26 10333.13 3.24 2.98  84.2 -0.300 19.57 21.32 01a59903o0527c
59903.576179  19.649  0.173    50    9 c  0   1.44 140.58604  28.80465  3226.44 10411.18 3.27 3.02  84.5 -0.297 19.56 21.32 01a59903o0533c
59903.584030  19.652  0.183    50    9 c  0   1.56 140.58604  28.80465  3249.60 10291.89 3.43 3.16  78.1 -0.283 19.53 21.32 01a59903o0550c
59903.617860  19.273  0.127    71    9 c  0   1.24 140.58604  28.80465  4890.93   157.94 3.17 2.97  64.1 -0.350 19.60 21.42 01a59903o0621c
59903.619709  19.511  0.140    57    8 c  0   1.68 140.58604  28.80465  4870.13   117.62 3.20 3.00  60.5 -0.343 19.57 21.43 01a59903o0625c
59903.624824  19.280  0.127    70    9 c  0   1.32 140.58604  28.80465  4929.83   195.26 3.11 2.93  61.0 -0.356 19.60 21.43 01a59903o0636c
59903.640985  19.599  0.184    52   10 c  0   1.02 140.58604  28.80465  4949.24    72.68 3.18 3.01  61.4 -0.347 19.56 21.36 01a59903o0667c
59903.651410  19.526  0.264    56   15 c  0   1.28 140.58604  28.80465  7278.06   378.59 3.24 3.23 -83.6 -0.336 19.06 20.27 01a59903o0687c
59904.586380  19.538  0.177    56   10 c  0   0.99 140.58604  28.80465  8815.33  8366.14 3.23 3.07  52.1 -0.361 19.66 21.66 01a59904o0659c
59904.600253  19.550  0.167    55    9 c  0   1.16 140.58604  28.80465  8798.98  8320.99 3.20 3.00  53.0 -0.366 19.67 21.62 01a59904o0688c
59904.608995  19.464  0.160    60   10 c  0   1.08 140.58604  28.80465  8858.08  8398.67 3.32 3.14  54.6 -0.353 19.61 21.59 01a59904o0706c
59904.612232  19.640  0.159    51    8 c  0   1.62 140.58604  28.80465  8877.86  8280.98 3.32 3.16  57.1 -0.356 19.63 21.61 01a59904o0713c
59906.597920  19.259  0.168    72   12 o  0   1.33 140.58604  28.80465  3809.48  5915.38 2.44 2.20  20.9 -0.425 19.37 20.72 02a59906o0902o
59906.599728  19.402  0.208    63   13 o  0   0.95 140.58604  28.80465  3828.36  5953.90 2.21 2.04  37.4 -0.436 19.45 20.71 02a59906o0906o
59906.604031  19.538  0.194    56   11 o  0   1.19 140.58604  28.80465  3773.71  5876.65 2.23 2.06  37.7 -0.441 19.47 20.72 02a59906o0915o
59907.598944  19.862  0.233    41   10 c  0   1.01 140.58604  28.80465  8817.79  8356.80 3.36 3.18  52.4 -0.364 19.63 21.60 01a59907o0865c
59907.601717  19.353  0.150    66   10 c  0   1.30 140.58604  28.80465  8799.47  8317.18 3.37 3.18  52.0 -0.363 19.62 21.60 01a59907o0871c
59907.608607  20.207  0.317    30   10 c  0   1.10 140.58604  28.80465  8857.52  8395.17 3.34 3.11  50.8 -0.363 19.62 21.61 01a59907o0882c
59907.624291  19.933  0.268    39   10 c  0   0.75 140.58604  28.80465  8877.86  8274.87 3.39 3.17  46.3 -0.354 19.62 21.56 01a59907o0915c
59907.656990  21.028  1.547    14   22 c  0   1.12 140.58604  28.80465  1671.64  2424.49 3.27 2.96  45.5 -0.330 18.74 19.52 01a59907o0983c
59908.556873  20.197  0.276    30    8 c  0   1.13 140.58604  28.80465  8810.81  8368.35 3.10 2.97  59.7 -0.380 19.69 21.58 01a59908o0719c
59908.559904  20.440  0.394    24   10 c  0   1.05 140.58604  28.80465  8793.40  8327.59 3.16 3.00  57.2 -0.374 19.67 21.58 01a59908o0724c
59908.562676  19.964  0.260    38   10 c  0   0.92 140.58604  28.80465  8851.97  8406.37 3.09 2.97  67.2 -0.379 19.68 21.56 01a59908o0730c
59908.569164  20.204  0.315    30   10 c  0   0.88 140.58604  28.80465  8873.23  8288.72 3.08 2.93  60.5 -0.381 19.68 21.58 01a59908o0744c
59909.586670  19.983  0.279    37   10 o  0   1.57 140.58604  28.80465  3811.03  5913.62 2.16 1.89  36.1 -0.450 19.52 20.64 02a59909o0733o
59909.588478  19.169  0.132    78   10 o  0   1.35 140.58604  28.80465  3831.37  5952.17 2.17 1.87  36.7 -0.444 19.50 20.64 02a59909o0737o
59909.591643  19.773  0.293    45   13 o  0   1.21 140.58604  28.80465  3772.63  5875.37 2.14 1.91  34.8 -0.448 19.52 20.66 02a59909o0744o
59909.601944  19.776  0.258    45   12 o  0   1.11 140.58604  28.80465  3750.97  5988.81 2.16 1.92  34.9 -0.446 19.51 20.68 02a59909o0763o
59913.518367  20.596  0.729    21   15 o  0   0.81 140.58604  28.80465  3827.28  5952.74 2.15 1.82  35.3 -0.445 19.32 20.35 02a59913o0653o
59913.526399  20.452  0.572    24   14 o  0   1.08 140.58604  28.80465  3762.33  5874.03 2.49 1.78  29.7 -0.432 19.36 20.43 02a59913o0667o
59913.532805  19.939  0.361    38   14 o  0   0.84 140.58604  28.80465  3744.26  5988.00 2.05 1.71  30.7 -0.455 19.48 20.49 02a59913o0681o
59914.541084  22.674  1.111     3    3 o  0   1.26 140.58604  28.80465  1433.77    31.10 1.88 1.66  73.4 -0.489 19.62 21.05 02a59914o0780o
59914.542892  20.169  0.363    31   11 o  0   0.87 140.58604  28.80465  1452.20    71.49 1.89 1.68  73.3 -0.490 19.62 21.05 02a59914o0784o
59914.579472  19.658  0.220    50   11 o  0   1.43 140.58604  28.80465  9721.75 10284.59 2.18 2.04  38.1 -0.468 19.56 21.08 02a59914o0860o
59914.579924  19.546  0.170    55    9 o  0   1.45 140.58604  28.80465  1387.24   108.98 1.74 1.55  73.0 -0.497 19.59 21.03 02a59914o0861o
59914.581731  20.076  0.331    34   11 o  0   1.37 140.58604  28.80465  9743.07 10325.66 2.17 2.06  38.8 -0.466 19.57 21.10 02a59914o0865o
59914.585967  19.562  0.212    54   12 o  0   0.99 140.58604  28.80465  9682.35 10247.24 2.21 2.03  37.1 -0.467 19.61 21.12 02a59914o0874o
59914.596104  19.718  0.249    47   12 o  0   0.99 140.58604  28.80465  9663.69 10366.04 2.20 2.02  40.5 -0.463 19.60 21.09 02a59914o0895o
59957.514392  20.551  0.646    22   14 o  0   0.79 140.58604  28.80465  6666.84  2720.15 2.26 1.85  34.7 -0.439 19.33 20.24 02a59957o0653o
59957.546063  23.201  7.647     2   15 o  0   0.96 140.58604  28.80465  6644.29  2682.71 2.23 1.88  34.8 -0.440 19.31 20.21 02a59957o0721o
59957.549228  21.638  1.500     8   12 o  0   1.62 140.58604  28.80465  6704.06  2763.47 2.28 1.89  36.9 -0.437 19.27 20.21 02a59957o0728o
59957.554658  20.799  0.861    17   15 o  0   0.99 140.58604  28.80465  6724.80  2644.71 2.23 1.84  33.6 -0.441 19.29 20.21 02a59957o0740o
59958.454837  20.130  0.434    32   14 o  0   1.30 140.58604  28.80465  3911.84  7850.43 2.39 2.02  35.5 -0.417 19.29 20.22 02a59958o0562o
59958.456643  19.829  0.360    42   15 o  0   0.96 140.58604  28.80465  3931.25  7889.84 2.40 2.01  38.3 -0.416 19.27 20.22 02a59958o0566o
59958.459380 -22.559  4.107    -3   14 o  0   0.87 140.58604  28.80465  3873.26  7813.09 2.38 1.99  36.7 -0.414 19.29 20.20 02a59958o0572o
59958.464805  21.514  1.676     9   15 o  0   0.86 140.58604  28.80465  3853.23  7929.04 2.42 2.02  36.8 -0.414 19.25 20.20 02a59958o0584o
59966.374331  21.110  0.990    13   13 o  0   1.09 140.58604  28.80465  3678.61  2228.21 2.48 1.93  39.7 -0.439 19.36 20.50 02a59966o0374o
59966.377499  20.331  0.508    27   14 o  0   0.98 140.58604  28.80465  3702.90  2267.12 2.07 1.83  37.2 -0.454 19.45 20.49 02a59966o0381o
59966.406675  22.198  2.545     5   12 o  0   1.11 140.58604  28.80465  3644.46  2192.23 2.12 1.91  38.9 -0.444 19.46 20.60 02a59966o0440o
59966.434861  26.265 114.000     0   13 o  0   1.00 140.58604  28.80465  3622.41  2315.02 2.18 1.93  41.6 -0.447 19.42 20.59 02a59966o0498o
59969.532368  21.875  1.792     6   12 o  0   1.46 140.58604  28.80465  6883.18  8318.25 2.48 2.05  37.7 -0.431 19.55 20.94 02a59969o0500o
59969.558851  24.556 21.250     0   12 o  0   1.09 140.58604  28.80465  6859.70  8280.74 2.48 2.09  38.7 -0.422 19.51 20.90 02a59969o0512o
59969.561836  19.957  0.317    38   12 o  0   1.16 140.58604  28.80465  6916.46  8358.71 2.41 2.07  38.4 -0.434 19.51 20.91 02a59969o0518o
59969.589396  20.875  0.723    16   12 o  0   1.01 140.58604  28.80465  6929.40  8243.31 2.43 2.07  38.3 -0.431 19.48 20.77 02a59969o0576o
59985.201910  17.879  0.121   256   31 o  0  46.38 140.58604  28.80465  3833.39  7832.77 2.15 1.86 -74.2 -0.416 18.37 18.62 04a59985o0419o
59985.205063  21.109  2.213    13   29 o  0   1.12 140.58604  28.80465  3856.27  7868.73 2.11 1.80 -77.5 -0.411 18.37 18.62 04a59985o0426o
59985.217922  19.751  0.703    46   32 o  0   1.07 140.58604  28.80465  3811.22  7778.61 2.13 1.87 -69.3 -0.424 18.33 18.57 04a59985o0454o
59985.224225  21.417  3.120    10   31 o  0   1.08 140.58604  28.80465  3797.40  7889.95 2.19 1.86 -70.5 -0.416 18.31 18.56 04a59985o0468o
59987.965461 -21.934  3.629    -6   22 o  0   0.78 140.58604  28.80465  5574.53   320.84 2.58 2.34 -63.4 -0.368 18.89 19.95 03a59988o0457o
59987.965911  20.878  1.325    16   21 o  0   1.20 140.58604  28.80465  3368.47 10426.18 2.88 2.54 -50.1 -0.357 18.80 19.80 03a59988o0458o
59987.968614  20.706  0.945    19   18 o  0   1.11 140.58604  28.80465  5592.71   352.30 2.57 2.34 -63.2 -0.371 18.89 19.93 03a59988o0464o
59987.969064  22.399  5.500     4   22 o  0   1.18 140.58604  28.80465  3387.71 10457.75 3.04 2.59 -48.5 -0.349 18.79 19.78 03a59988o0465o
59987.974018  20.983  1.625    15   24 o  0   0.65 140.58604  28.80465  5537.31   258.68 2.65 2.41 -67.0 -0.357 18.85 19.90 03a59988o0476o
59987.974469 -22.793  8.231    -3   23 o  0   0.82 140.58604  28.80465  3329.05 10363.45 2.94 2.51 -45.8 -0.360 18.74 19.75 03a59988o0477o
59988.008494  20.235  0.693    29   20 o  0   1.17 140.58604  28.80465  5521.20   281.75 2.39 2.25 -56.2 -0.380 18.86 19.72 03a59988o0551o
59988.008944  19.716  0.455    47   22 o  0   1.32 140.58604  28.80465  3307.99 10384.65 2.75 2.32 -43.5 -0.377 18.73 19.56 03a59988o0552o
59993.193118  21.547  1.109     9   10 c  0   1.80 140.58604  28.80465  3631.57  2215.87 2.37 2.15  57.7 -0.393 19.28 20.99 04a59993o0404c
59993.200378  22.468  3.042     4   11 c  0   1.60 140.58604  28.80465  3658.36  2249.12 2.35 2.11  58.5 -0.392 19.29 20.98 04a59993o0420c
59993.204501 -21.643  1.580    -8   13 c  0   1.53 140.58604  28.80465  3605.59  2167.97 2.41 2.11  51.6 -0.397 19.22 20.89 04a59993o0429c
59993.239281  21.634  1.600     8   13 c  0   1.44 140.58604  28.80465  3617.37  2261.11 2.40 2.08  49.5 -0.394 19.21 20.73 04a59993o0505c
59997.137947  20.143  0.348    32   11 c  0   1.52 140.58604  28.80465  6920.28  8402.66 2.81 2.21 -63.9 -0.385 19.29 21.02 04a59997o0139c
59997.139750  20.775  0.844    18   15 c  0   1.25 140.58604  28.80465  6901.25  8363.47 2.94 2.26 -61.6 -0.397 19.21 20.99 04a59997o0143c
59997.143830 -21.972  2.417    -6   14 c  0   0.95 140.58604  28.80465  6960.91  8441.49 3.21 2.46 -66.1 -0.378 19.16 21.05 04a59997o0150c
59997.161345  22.952  5.231     2   12 c  0   1.23 140.58604  28.80465  6980.12  8323.76 2.77 2.11 -67.8 -0.395 19.33 21.07 04a59997o0186c
59998.348585  23.049  4.750     2   10 c  0   1.17 140.58604  28.80465  2272.75  7381.23 2.39 2.31  36.7 -0.410 19.57 21.38 02a59998o0154c
59998.351296 -22.931  4.111    -2   10 c  0   1.23 140.58604  28.80465  2291.52  7421.19 2.36 2.30  33.9 -0.417 19.57 21.41 02a59998o0160c
59998.357435  21.630  1.429     8   12 c  0   0.93 140.58604  28.80465  2232.16  7341.34 2.40 2.31  26.8 -0.414 19.52 21.35 02a59998o0172c
59998.377226   0.000 21.060     0   14 c  0   1.12 140.58604  28.80465  2215.05  7459.45 2.51 2.31  32.5 -0.407 19.33 21.14 02a59998o0209c
60001.128102  25.309 30.500     0    8 c  0   1.39 140.58604  28.80465  4550.77  4345.90 2.23 2.10 -48.0 -0.376 19.39 21.17 04a60001o0224c
60001.129912 -25.369 30.500    -0    8 c  0   2.30 140.58604  28.80465  4531.98  4307.29 2.16 2.04 -37.8 -0.381 19.37 21.19 04a60001o0228c
60001.133073  21.340  0.939    11   10 c  0   1.57 140.58604  28.80465  4590.79  4383.97 2.41 2.24 -47.6 -0.396 19.34 21.18 04a60001o0235c
60001.138521  20.515  0.361    23    8 c  0   1.66 140.58604  28.80465  4610.91  4267.98 2.11 2.01 -47.4 -0.383 19.42 21.21 04a60001o0245c
60001.430080  21.167  1.378    12   17 c  0   0.97 140.58604  28.80465  1290.24 10412.65 3.99 3.52 -52.0 -0.399 19.09 21.33 02a60001o0141c
60001.433244  20.721  0.829    19   16 c  0   1.10 140.58604  28.80465  1273.80 10374.05 3.29 2.86 -49.4 -0.424 19.15 21.12 02a60001o0148c
60001.436537  21.341  1.300    11   14 c  0   1.17 140.58604  28.80465  2911.88   166.64 3.46 3.16 -81.8 -0.375 19.21 21.36 02a60001o0155c
60001.438798 -23.381  9.667    -2   16 c  0   1.05 140.58604  28.80465  1330.05 10448.09 3.52 3.14 -55.8 -0.417 19.21 21.34 02a60001o0160c
60001.440154  20.545  0.780    22   17 c  0   1.24 140.58604  28.80465  2891.89   126.12 3.36 3.04 -75.1 -0.372 19.14 21.22 02a60001o0163c
60001.463551 -22.127  2.600    -5   13 c  0   1.20 140.58604  28.80465  2977.22    82.02 3.39 3.14  89.0 -0.366 19.21 21.36 02a60001o0165c
60001.467611  20.405  0.520    25   13 c  0   1.10 140.58604  28.80465  1355.86 10325.12 3.44 3.04 -54.0 -0.420 19.21 21.34 02a60001o0173c
60001.469949 -23.196  6.333    -2   12 c  0   1.33 140.58604  28.80465  2978.39    81.34 3.07 2.79 -75.3 -0.385 19.35 21.36 02a60001o0177c
60005.110006 -19.700  0.656   -48   31 o  0   1.40 140.58604  28.80465  4551.02  4345.03 2.29 2.02 -29.8 -0.502 18.26 18.45 04a60005o0249o
60005.132291 -22.233  6.703    -5   31 o  0   1.03 140.58604  28.80465  4537.20  4304.19 2.08 1.95 -56.2 -0.434 18.34 18.67 04a60005o0297o
60005.136358 -20.291  1.274   -28   35 o  0   0.95 140.58604  28.80465  4597.75  4381.53 2.20 1.99 -33.3 -0.514 18.28 18.53 04a60005o0306o
60005.141771 -19.766  0.651   -45   29 o  0   1.07 140.58604  28.80465  4619.29  4264.80 2.10 1.92 -48.8 -0.456 18.37 18.68 04a60005o0318o
60013.151596  21.410  3.627    10   36 o  0   1.29 140.58604  28.80465  9699.31  2349.74 2.79 2.35 -19.3 -0.359 18.44 18.89 04a60013o0316o
60013.154500 -20.152  1.031   -32   32 o  0   1.13 140.58604  28.80465  9721.49  2386.42 2.84 2.32 -16.2 -0.369 18.44 18.89 04a60013o0321o
60013.158972  19.964  0.985    38   37 o  0   0.87 140.58604  28.80465  9667.33  2306.91 2.66 2.31 -18.4 -0.368 18.51 18.86 04a60013o0329o
60013.170716 -20.442  1.341   -24   32 o  0   1.15 140.58604  28.80465  9656.12  2417.82 2.76 2.24 -15.5 -0.367 18.43 18.80 04a60013o0351o
60014.377037  20.508  3.706    23   84 o  0   1.17 140.58604  28.80465   862.05  1440.44 2.06 2.04 -89.6 -0.468 16.21 17.19 02a60014o0204o
60014.380204  19.025  0.852    89   76 o  0   1.22 140.58604  28.80465   842.37  1401.99 2.14 2.08  59.2 -0.479 15.91 16.77 02a60014o0211o
60014.385632  20.211  0.754    30   22 o  0   1.32 140.58604  28.80465   904.83  1479.21 2.30 2.12  71.4 -0.443 18.62 19.44 02a60014o0223o
60014.397134  20.551  0.881    22   19 o  0   0.78 140.58604  28.80465   925.32  1357.78 2.18 2.05  50.1 -0.449 18.85 19.71 02a60014o0246o
60015.876976 -22.326  4.571    -4   20 o  0   1.21 140.58604  28.80465  3860.94  7813.00 2.52 2.24 -51.0 -0.367 18.89 19.70 03a60016o0310o
60015.880134 -20.378  0.667   -26   17 o  0   1.13 140.58604  28.80465  3879.08  7852.58 2.57 2.24 -50.1 -0.365 18.90 19.69 03a60016o0317o
60015.885992  20.725  1.008    19   19 o  0   1.19 140.58604  28.80465  3822.47  7773.73 2.47 2.15 -49.5 -0.371 18.93 19.69 03a60016o0330o
60015.895917  21.300  1.757    11   19 o  0   0.90 140.58604  28.80465  3799.74  7889.68 2.48 2.18 -48.8 -0.373 18.88 19.66 03a60016o0352o
60017.117845  20.183  0.431    31   13 o  0   2.36 140.58604  28.80465  1793.86  5964.02 2.27 2.07  77.0 -0.383 19.01 20.28 04a60017o0277o
60017.120910  21.142  1.303    13   16 o  0   0.85 140.58604  28.80465  1817.43  6000.25 2.22 2.01  89.1 -0.379 19.01 20.14 04a60017o0283o
60017.125754  20.289  0.601    28   17 o  0   1.07 140.58604  28.80465  1763.23  5917.06 2.27 1.97  83.4 -0.382 18.96 20.04 04a60017o0293o
60017.136468  22.600  5.360     3   18 o  0   1.23 140.58604  28.80465  1754.51  6023.71 2.18 1.88  78.5 -0.385 18.96 19.98 04a60017o0314o
60017.434207 -21.950  1.929    -6   12 o  0   1.18 140.58604  28.80465   880.11  1433.43 2.04 1.84 -63.3 -0.480 19.47 20.68 02a60017o0037o
60017.437370 -21.320  1.261   -11   14 o  0   1.20 140.58604  28.80465   860.49  1393.55 2.15 1.91 -64.6 -0.464 19.40 20.65 02a60017o0044o
60017.443816 -21.148  0.968   -13   12 o  0   1.78 140.58604  28.80465   923.96  1470.13 2.21 1.93 -57.2 -0.463 19.29 20.44 02a60017o0058o
60017.454263  21.669  1.530     8   12 o  0   1.51 140.58604  28.80465   948.14  1349.77 2.17 1.92 -49.5 -0.467 19.33 20.42 02a60017o0081o
60018.385865  21.025  0.821    14   12 o  0   1.08 140.58604  28.80465  2977.61  5785.40 2.43 1.94  35.3 -0.422 19.46 20.77 02a60018o0365o
60018.389140  22.851  4.136     3   11 o  0   1.19 140.58604  28.80465  2958.59  5743.66 2.34 1.89  33.9 -0.428 19.50 20.76 02a60018o0372o
60018.394280 -22.680  3.800    -3   12 o  0   1.13 140.58604  28.80465  3019.41  5822.45 2.42 1.90  34.4 -0.425 19.50 20.75 02a60018o0383o
60018.415702  20.189  0.564    30   17 o  0   1.00 140.58604  28.80465  3046.30  5700.56 2.40 1.83  33.7 -0.433 19.11 20.26 02a60018o0430o
60019.905716 -22.171  3.211    -5   16 c  0   0.92 140.58604  28.80465  3858.52  7816.97 2.59 2.32 -33.2 -0.375 18.95 20.74 03a60020o0060c
60019.909342 -20.867  0.786   -16   13 c  0   1.34 140.58604  28.80465  3875.85  7855.34 2.56 2.32 -48.1 -0.369 19.07 20.85 03a60020o0068c
60019.919516 -20.056  1.647   -34   57 c  0   1.35 140.58604  28.80465  3822.11  7776.96 2.68 2.40 -49.2 -0.360 18.00 20.15 03a60020o0090c
60021.133919  21.778  2.000     7   14 o  0   1.08 140.58604  28.80465  1822.69  5939.00 2.16 1.92  86.7 -0.396 19.06 20.06 04a60021o0320o
60021.137081  20.748  0.854    18   16 o  0   1.53 140.58604  28.80465  1844.24  5975.61 2.15 1.88  88.1 -0.388 19.06 20.07 04a60021o0327o
60021.165577 -20.558  0.563   -22   12 o  0   1.51 140.58604  28.80465  1811.47  5879.94 2.16 1.90  81.0 -0.385 19.07 20.11 04a60021o0387o
60021.171991  20.589  0.677    21   14 o  0   0.96 140.58604  28.80465  1794.29  5992.53 2.19 1.81  83.6 -0.385 19.04 20.10 04a60021o0399o
60021.382177  20.051  0.362    35   12 o  0   1.01 140.58604  28.80465  2977.44  5780.90 2.28 1.83  34.4 -0.439 19.56 20.74 02a60021o0353o
60021.385344  21.418  0.943    10    9 o  0   1.93 140.58604  28.80465  2959.28  5745.63 2.28 1.85  32.8 -0.434 19.51 20.76 02a60021o0360o
60021.390780 -21.716  1.313    -8   10 o  0   1.63 140.58604  28.80465  3019.79  5820.51 2.24 1.84  34.1 -0.434 19.50 20.73 02a60021o0372o
60021.401032  21.117  0.754    13   10 o  0   1.36 140.58604  28.80465  3042.44  5702.85 2.29 1.83  34.0 -0.435 19.51 20.69 02a60021o0393o
60022.268293  21.225  1.065    12   12 o  0   0.90 140.58604  28.80465  5544.18  1334.16 1.89 1.80 -63.9 -0.465 19.44 20.45 02a60022o0107o
60022.271149 -22.677  3.344    -3   10 o  0   1.37 140.58604  28.80465  5564.57  1372.94 1.90 1.84 -83.2 -0.460 19.44 20.45 02a60022o0113o
60022.274315  23.848 12.455     1   13 o  0   0.93 140.58604  28.80465  5509.37  1294.24 1.90 1.83 -79.7 -0.460 19.43 20.47 02a60022o0120o
60022.280072  22.668  3.548     3   11 o  0   1.42 140.58604  28.80465  5492.48  1411.45 1.93 1.85  85.8 -0.456 19.43 20.45 02a60022o0131o
60025.100934  22.102  3.727     5   20 o  0   1.57 140.58604  28.80465  9248.31   126.56 2.84 2.48 -31.0 -0.398 19.15 20.37 04a60025o0240o
60025.101499  19.999  0.427    36   16 o  0   1.02 140.58604  28.80465  7635.55 10346.27 2.42 2.08 -64.4 -0.412 19.05 20.19 04a60025o0241o
60025.103920  19.931  0.619    39   24 o  0   1.29 140.58604  28.80465  9269.96   162.39 2.99 2.42 -29.0 -0.370 19.10 20.33 04a60025o0246o
60025.104822  21.306  1.515    11   16 o  0   1.21 140.58604  28.80465  7658.47 10382.51 2.53 2.22 -67.9 -0.388 19.02 20.22 04a60025o0248o
60025.109815 -19.700  0.475   -48   23 o  0   1.63 140.58604  28.80465  9219.60    81.52 2.62 2.41 -43.2 -0.403 19.12 20.30 04a60025o0259o
60025.110266 -23.587 12.750    -1   17 o  0   1.42 140.58604  28.80465  7603.72 10300.62 2.56 2.28 -70.8 -0.361 19.04 20.16 04a60025o0260o
60025.121540 -20.231  0.540   -29   16 o  0   1.35 140.58604  28.80465  9208.39   191.04 2.74 2.46 -31.9 -0.401 19.12 20.37 04a60025o0285o
60025.122893  20.538  0.649    22   14 o  0   1.44 140.58604  28.80465  7593.56 10409.53 2.55 2.20 -69.3 -0.383 19.05 20.30 04a60025o0288o
60029.076127 -19.808  0.457   -43   20 o  0   1.26 140.58604  28.80465  7620.33 10358.75 2.65 2.45 -75.3 -0.347 18.82 19.90 04a60029o0219o
60029.080262  21.351  1.831    10   19 o  0   0.96 140.58604  28.80465  7645.24 10394.40 2.51 2.28 -69.3 -0.382 18.84 19.93 04a60029o0228o
60029.083957  19.932  0.615    39   24 o  0   1.11 140.58604  28.80465  9241.84   131.82 3.33 2.54 -34.7 -0.345 18.95 20.07 04a60029o0236o
60029.086234  21.023  1.341    14   19 o  0   1.19 140.58604  28.80465  7591.72 10310.80 2.50 2.22 -64.8 -0.381 18.88 19.93 04a60029o0241o
60029.087603  21.552  3.086     9   27 o  0   0.96 140.58604  28.80465  9265.06   166.97 3.05 2.54 -33.1 -0.370 18.96 20.09 04a60029o0244o
60029.093994 -19.682  0.697   -49   34 o  0   1.07 140.58604  28.80465  9214.38    84.50 3.21 2.64 -28.6 -0.359 18.92 20.08 04a60029o0258o
60029.096328  19.984  0.549    37   20 o  0   0.95 140.58604  28.80465  7581.51 10420.79 2.48 2.22 -65.5 -0.402 18.85 19.93 04a60029o0263o
60029.104618 -21.143  1.679   -13   21 o  0   1.38 140.58604  28.80465  9204.16   195.69 2.75 2.37 -31.8 -0.433 19.01 20.10 04a60029o0281o
60029.331296 -21.297  1.138   -11   12 o  0   1.23 140.58604  28.80465  6897.67  5664.02 2.36 1.96  35.3 -0.441 19.39 20.44 02a60029o0237o
60029.334463  20.762  0.792    18   14 o  0   0.73 140.58604  28.80465  6879.25  5625.10 2.32 1.89  35.5 -0.447 19.38 20.45 02a60029o0244o
60029.340822 -21.325  1.090   -11   12 o  0   1.32 140.58604  28.80465  6935.11  5699.32 2.32 1.89  36.0 -0.445 19.43 20.46 02a60029o0257o
60029.354268  21.384  0.904    10    9 o  0   1.41 140.58604  28.80465  6956.21  5588.11 2.36 1.89  39.2 -0.438 19.45 20.59 02a60029o0284o
60030.325625  23.396  7.333     2   12 o  0   1.22 140.58604  28.80465  6905.11  5674.26 2.38 2.00  34.3 -0.451 19.33 20.49 02a60030o0218o
60030.329137 -21.678  1.459    -8   11 o  0   1.23 140.58604  28.80465  6885.66  5635.02 2.25 2.01  43.3 -0.453 19.37 20.50 02a60030o0225o
60030.335818 -22.159  2.050    -5   10 o  0   1.73 140.58604  28.80465  6942.33  5708.10 2.27 1.96  35.1 -0.450 19.39 20.51 02a60030o0239o
60030.348538  20.740  0.715    18   13 o  0   1.06 140.58604  28.80465  6962.55  5596.69 2.40 2.02  35.5 -0.445 19.35 20.51 02a60030o0264o
60033.040930 -20.358  1.241   -26   32 o  0   0.92 140.58604  28.80465  4877.11   175.08 2.64 2.36  23.1 -0.412 18.23 18.90 04a60033o0149o
60033.042785 -20.440  1.309   -24   32 o  0   0.99 140.58604  28.80465  4858.17   136.05 2.25 2.07   7.1 -0.409 18.31 18.95 04a60033o0153o
60033.045557  20.883  1.644    16   26 o  0   1.89 140.58604  28.80465  4918.88   214.02 2.30 2.12   5.3 -0.385 18.25 18.77 04a60033o0159o
60033.059470  19.292  0.404    70   28 o  0   1.90 140.58604  28.80465  4943.36    94.70 2.25 1.91 -22.5 -0.428 18.30 18.87 04a60033o0189o
60033.065630  20.632  1.318    20   27 o  0   1.34 140.58604  28.80465  7311.05   273.61 2.67 2.34 -29.0 -0.357 18.45 19.15 04a60033o0202o
60033.069266 -20.262  1.199   -28   34 o  0   1.27 140.58604  28.80465  7333.80   309.32 2.69 2.48 -35.1 -0.346 18.39 19.03 04a60033o0210o
60033.076148  19.741  0.762    46   35 o  0   1.01 140.58604  28.80465  7288.53   225.18 2.61 2.50 -44.1 -0.365 18.48 19.16 04a60033o0225o
60033.109885  19.676  0.675    49   33 o  0   0.93 140.58604  28.80465  7299.44   315.29 2.55 2.42 -15.0 -0.373 18.50 19.17 04a60033o0297o
60033.264118 -19.724  1.060   -47   50 o  0   1.14 140.58604  28.80465  3529.81  4164.24 2.38 1.89  35.0 -0.447 17.68 17.96 02a60033o0082o
60033.265926 -21.248  2.205   -12   25 o  0   1.22 140.58604  28.80465  3549.91  4203.34 2.32 1.85  35.2 -0.438 18.38 18.68 02a60033o0086o
60033.270833 -20.098  2.607   -33   86 o  0   1.23 140.58604  28.80465  3495.04  4125.25 2.34 1.84  35.1 -0.450 17.32 17.42 02a60033o0096o
60033.276859  19.740  1.381    46   64 o  0   1.03 140.58604  28.80465  3475.79  4240.12 2.35 1.85  34.2 -0.449 17.65 17.79 02a60033o0109o
60038.088387  16.872  0.802   647  519 o  0   1.02 140.58604  28.80465  5651.81 10430.85 2.60 1.95 -71.0 -0.411 15.76 15.63 04a60038o0262o
60038.109130  21.309 24.480    11  266 o  0   1.54 140.58604  28.80465  7371.36   231.06 2.57 2.47 -37.7 -0.361 16.24 16.13 04a60038o0307o
60038.112367  16.912  0.376   624  234 o  0   1.07 140.58604  28.80465  7392.30   269.01 2.57 2.36 -36.4 -0.412 16.56 16.62 04a60038o0314o
60038.122922 -21.343 13.289   -10  140 o  0   1.13 140.58604  28.80465  7341.61   186.00 2.53 2.34 -37.4 -0.404 16.68 16.67 04a60038o0337o
60038.130762 -19.886  5.560   -40  224 o  0   1.08 140.58604  28.80465  7326.21   301.77 2.59 2.53 -11.4 -0.348 16.65 16.66 04a60038o0354o
60039.362572  18.548  0.814   138  113 o  0   1.37 140.58604  28.80465  1082.66  6217.72 2.10 1.95  17.8 -0.438 17.01 17.02 02a60039o0313o
60039.366201  18.465  0.780   149  116 o  0   1.07 140.58604  28.80465  1064.77  6179.01 2.16 2.00  20.7 -0.434 16.91 16.88 02a60039o0321o
60039.372983 -19.492  0.969   -58   56 o  0   1.88 140.58604  28.80465  1127.10  6253.89 2.08 1.95  17.7 -0.449 17.56 17.57 02a60039o0335o
60039.383738  17.591  0.273   334   91 o  0   1.92 140.58604  28.80465  1150.61  6135.65 2.07 1.94  16.0 -0.453 17.01 16.94 02a60039o0358o
60041.332371  20.900  1.299    16   21 o  0   1.02 140.58604  28.80465  4777.97  2321.35 2.22 1.92  40.9 -0.441 18.80 19.30 02a60041o0235o
60041.335536  20.313  0.803    27   22 o  0   1.00 140.58604  28.80465  4759.69  2282.16 2.21 1.90  38.8 -0.440 18.76 19.25 02a60041o0242o
60041.342328 -22.540  6.067    -4   21 o  0   1.05 140.58604  28.80465  4821.01  2358.42 2.19 1.90  38.8 -0.448 18.80 19.26 02a60041o0257o
60041.352257  20.459  0.845    24   20 o  0   1.41 140.58604  28.80465  4841.40  2240.27 2.29 1.94  40.7 -0.444 18.74 19.27 02a60041o0278o
60043.325030  20.574  1.115    21   24 o  0   0.97 140.58604  28.80465  7240.08 10105.08 2.17 2.12 -79.2 -0.446 18.83 19.62 02a60043o0230o
60043.328211  21.926  3.625     6   22 o  0   1.56 140.58604  28.80465  7221.99 10066.14 2.13 2.08  83.2 -0.451 18.84 19.55 02a60043o0237o
60043.334980 -26.047 127.000    -0   18 o  0   1.36 140.58604  28.80465  7279.32 10142.76 2.17 2.11  50.0 -0.457 19.03 19.82 02a60043o0251o
60043.344759  19.999  0.574    36   21 o  0   1.42 140.58604  28.80465  7299.78 10027.62 2.10 2.06 -72.8 -0.460 18.90 19.65 02a60043o0272o
60044.071093  20.221  0.813    30   24 o  0   0.93 140.58604  28.80465  7553.67  3934.91 2.22 2.07 -13.9 -0.440 18.72 19.43 04a60044o0229o
60044.074338 -20.322  0.846   -27   23 o  0   1.59 140.58604  28.80465  7575.15  3971.19 2.27 2.00 -17.7 -0.431 18.68 19.41 04a60044o0236o
60044.082202  21.183  1.878    12   23 o  0   1.45 140.58604  28.80465  7523.87  3890.95 2.33 2.00 -22.8 -0.416 18.62 19.38 04a60044o0253o
60044.093999  19.668  0.603    49   30 o  0   0.92 140.58604  28.80465  7512.60  4000.06 2.29 1.99 -17.4 -0.431 18.62 19.31 04a60044o0278o
60045.333391  22.241  6.154     5   28 c  0   0.99 140.58604  28.80465  3242.26  6584.12 2.64 2.52  33.9 -0.390 18.48 20.17 02a60045o0204c
60045.362001  20.196  0.908    30   28 c  0   0.98 140.58604  28.80465  3229.08  6539.84 2.64 2.45  32.2 -0.386 18.62 20.25 02a60045o0221c
60045.364888 -21.753  1.400    -7   10 c  0   1.41 140.58604  28.80465  3285.68  6616.37 2.74 2.54  31.6 -0.386 19.38 21.20 02a60045o0227c
60045.370392  20.836  0.596    17   10 c  0   1.12 140.58604  28.80465  3307.66  6499.84 2.67 2.47  33.9 -0.386 19.39 21.20 02a60045o0239c
60047.377250  20.854  0.943    16   16 c  0   1.05 140.58604  28.80465  3335.18  8518.82 2.59 2.50  27.1 -0.392 19.24 20.93 02a60047o0089c
60047.380415  22.802  8.556     3   24 c  0   1.54 140.58604  28.80465  3318.41  8479.79 2.51 2.44  26.0 -0.391 18.68 20.27 02a60047o0096c
60047.385926  21.125  1.358    13   18 c  0   1.03 140.58604  28.80465  3377.09  8556.09 2.64 2.52  37.9 -0.381 19.20 20.91 02a60047o0108c
60047.396850  23.043 10.125     2   22 c  0   0.77 140.58604  28.80465  3402.48  8438.27 2.48 2.42  24.6 -0.395 18.76 20.31 02a60047o0131c
60049.386350  21.592  1.182     8   10 c  0   1.59 140.58604  28.80465  7039.13  4652.90 2.54 2.29  32.9 -0.399 19.47 21.14 02a60049o0338c
60049.389522 -21.380  1.176   -10   12 c  0   1.01 140.58604  28.80465  7021.88  4612.18 2.48 2.30  35.3 -0.399 19.48 21.14 02a60049o0345c
60049.394802  20.499  0.487    23   11 c  0   1.27 140.58604  28.80465  7081.64  4691.14 2.50 2.30  32.9 -0.400 19.49 21.12 02a60049o0356c
60049.427717  21.595  1.600     8   13 c  0   0.78 140.58604  28.80465  7110.15  4577.03 2.63 2.35  32.5 -0.390 19.35 20.96 02a60049o0424c
60050.033935  19.449  0.309    60   19 c  0   1.16 140.58604  28.80465  9648.43 10231.70 3.09 2.85 -23.8 -0.360 18.97 20.44 04a60050o0163c
60050.037129  23.024  9.000     2   20 c  0   1.04 140.58604  28.80465  9671.98 10268.54 3.13 2.90 -24.7 -0.342 18.94 20.45 04a60050o0170c
60050.047296 -21.014  1.490   -14   21 c  0   0.92 140.58604  28.80465  9619.98 10183.65 3.12 2.87 -24.8 -0.368 18.94 20.46 04a60050o0192c
60050.048205 -21.593  3.700    -8   31 c  0   0.95 140.58604  28.80465  1416.05    54.20 3.90 2.38  52.7 -0.325 19.05 20.58 04a60050o0194c
60050.052833 -20.278  0.766   -28   22 c  0   1.01 140.58604  28.80465  9604.99 10298.28 2.98 2.60 -48.9 -0.388 19.03 20.47 04a60050o0204c
60050.061383 -20.546  1.111   -22   24 c  0   1.10 140.58604  28.80465  1347.31    78.83 3.97 2.28  51.7 -0.314 19.07 20.57 04a60050o0222c
60051.344018  22.692  3.682     3   11 c  0   0.73 140.58604  28.80465  1143.71   278.75 2.49 2.09 -65.3 -0.440 19.52 21.23 02a60051o0195c
60051.347211  22.691  3.364     3   10 c  0   1.02 140.58604  28.80465  1124.30   239.33 2.53 2.07 -62.3 -0.440 19.56 21.22 02a60051o0202c
60051.348570 -19.493  0.515   -58   30 c  0   0.61 140.58604  28.80465  9377.39 10510.10 2.81 2.69 -40.3 -0.382 19.54 21.25 02a60051o0205c
60051.352677  21.032  0.742    14   10 c  0   1.35 140.58604  28.80465  1186.81   316.68 2.56 2.11 -63.3 -0.445 19.52 21.21 02a60051o0214c
60051.363704  20.390  0.356    25    9 c  0   1.67 140.58604  28.80465  1211.12   196.92 2.57 2.13 -65.1 -0.430 19.52 21.19 02a60051o0238c
60051.364607 -20.649  0.894   -20   18 c  0   0.90 140.58604  28.80465  9458.14 10472.07 2.83 2.72 -31.5 -0.373 19.50 21.24 02a60051o0240c
60055.316919  19.924  0.343    39   13 c  0   1.24 140.58604  28.80465  5340.23 10180.19 2.60 2.47  42.9 -0.399 19.45 21.06 02a60055o0199c
60055.320125  21.265  1.365    11   15 c  0   0.78 140.58604  28.80465  5322.32 10140.06 2.47 2.40 -33.5 -0.415 19.49 21.05 02a60055o0206c
60055.325746 -20.564  0.641   -22   14 c  0   1.28 140.58604  28.80465  5381.24 10217.18 2.54 2.52  -6.5 -0.409 19.46 21.04 02a60055o0218c
60055.338512 -22.541  4.000    -4   14 c  0   1.17 140.58604  28.80465  5404.13 10099.97 2.49 2.45  -8.0 -0.410 19.47 21.02 02a60055o0246c
60056.030634  21.212  1.328    12   16 c  0   1.26 140.58604  28.80465  5618.31  4047.96 2.43 2.37 -53.1 -0.376 19.03 20.62 04a60056o0164c
60056.034321  20.469  0.674    24   16 c  0   0.95 140.58604  28.80465  5640.30  4084.16 2.39 2.35 -29.5 -0.378 19.02 20.62 04a60056o0172c
60056.054100  21.223  1.328    12   16 c  0   1.32 140.58604  28.80465  5600.26  3994.06 2.46 2.43 -34.1 -0.366 18.99 20.57 04a60056o0214c
60056.066069  21.137  1.231    13   16 c  0   1.14 140.58604  28.80465  5587.16  4104.12 2.51 2.42  -8.9 -0.357 18.92 20.55 04a60056o0240c
60057.274627  24.294 15.000     1   10 c  0   1.43 140.58604  28.80465  5170.78  6490.13 2.55 2.15  33.0 -0.408 19.51 21.06 02a60057o0103c
60057.277793 -23.429  7.909    -2   12 c  0   0.77 140.58604  28.80465  5151.40  6452.08 2.56 2.17  33.4 -0.404 19.55 21.06 02a60057o0110c
60057.288500 -20.469  0.476   -24   11 c  0   0.90 140.58604  28.80465  5208.95  6529.25 2.55 2.16  33.4 -0.404 19.53 21.07 02a60057o0132c
60057.294344 -22.432  2.857    -4   11 c  0   1.35 140.58604  28.80465  5229.47  6411.60 2.52 2.15  31.3 -0.405 19.51 21.07 02a60057o0144c
60059.278122  22.114  2.711     5   14 o  0   1.02 140.58604  28.80465   841.86  2548.92 2.04 1.98 -53.0 -0.445 19.28 20.15 02a60059o0107o
60059.285247 -20.883  0.686   -16   11 o  0   1.71 140.58604  28.80465   823.88  2508.49 2.08 1.95 -51.1 -0.447 19.28 20.13 02a60059o0122o
60059.288889  19.894  0.362    40   14 o  0   1.45 140.58604  28.80465   884.99  2585.12 2.05 1.97 -50.5 -0.448 19.27 20.14 02a60059o0130o
60059.305043  21.362  1.322    10   14 o  0   1.23 140.58604  28.80465   908.75  2461.13 2.07 1.94 -56.9 -0.451 19.26 20.11 02a60059o0165o
60061.252118  17.565  0.692   342  237 o  0   0.87 140.58604  28.80465  6917.42  2721.91 2.30 2.00  28.4 -0.426 16.24 15.98 02a60061o0034o
60061.255291 -19.523  0.843   -56   48 o  0   1.17 140.58604  28.80465  6899.10  2682.55 2.09 1.91  32.5 -0.435 17.84 17.87 02a60061o0041o
60067.284341 -22.369  6.297    -4   26 o  0   1.37 140.58604  28.80465  1072.63  8157.75 2.09 1.96  16.6 -0.460 18.80 19.21 02a60067o0113o
60067.288039  21.598  3.375     8   28 o  0   1.04 140.58604  28.80465  1055.03  8118.07 2.01 1.87 -36.9 -0.473 18.84 19.17 02a60067o0121o
60067.308305  19.755  0.534    46   24 o  0   1.41 140.58604  28.80465  1118.45  8192.97 1.97 1.91 -15.4 -0.475 18.79 19.13 02a60067o0165o
60067.314197  19.787  0.591    44   26 o  0   1.37 140.58604  28.80465  1143.09  8073.65 2.05 1.97 -23.0 -0.469 18.77 19.12 02a60067o0178o
60068.009485 -19.591  0.553   -53   29 o  0   1.49 140.58604  28.80465  1824.11  5935.22 2.37 2.14 -88.1 -0.404 18.18 18.59 04a60068o0134o
60068.015165 -21.159  2.208   -12   28 o  0   2.10 140.58604  28.80465  1847.47  5969.75 2.44 2.16 -85.1 -0.403 18.18 18.58 04a60068o0146o
60068.019770  22.458  7.409     4   28 o  0   2.02 140.58604  28.80465  1788.42  5887.24 2.43 2.14  83.6 -0.392 18.17 18.58 04a60068o0156o
60068.030869  20.094  1.269    33   42 o  0   0.78 140.58604  28.80465  1781.36  5996.66 2.44 2.15  85.8 -0.393 18.12 18.54 04a60068o0179o
60069.297373 -21.343  2.122   -10   22 o  0   1.32 140.58604  28.80465  8956.71  4586.64 2.22 2.20   9.4 -0.420 18.70 19.02 02a60069o0139o
60069.300788  20.604  1.263    21   26 o  0   0.86 140.58604  28.80465  8938.77  4546.83 2.14 2.06  16.3 -0.424 18.72 19.01 02a60069o0146o
60069.307731  21.685  3.143     8   24 o  0   0.98 140.58604  28.80465  8999.01  4626.36 2.19 2.12  26.8 -0.418 18.69 18.98 02a60069o0161o
60069.317974 -21.389  2.541   -10   26 o  0   0.93 140.58604  28.80465  9023.44  4510.04 2.17 2.08  16.7 -0.423 18.69 18.95 02a60069o0183o
60071.297150  22.058  3.471     6   19 o  0   0.92 140.58604  28.80465  1512.75 10399.02 2.03 1.81 -54.3 -0.501 18.88 19.47 02a60071o0141o
60071.297602  21.085  1.432    13   19 o  0   1.09 140.58604  28.80465  3131.70   161.14 2.20 1.76 -58.7 -0.461 18.96 19.49 02a60071o0142o
60071.299916  21.126  1.377    13   18 o  0   1.48 140.58604  28.80465  1495.18 10359.96 2.14 1.76 -54.8 -0.475 18.90 19.45 02a60071o0147o
60071.300369 -22.537  5.571    -4   20 o  0   1.16 140.58604  28.80465  3112.79   121.18 2.07 1.75 -63.8 -0.474 18.91 19.46 02a60071o0148o
60071.305910 -20.342  0.728   -26   19 o  0   1.02 140.58604  28.80465  1553.92 10436.63 2.16 1.78 -53.5 -0.499 18.87 19.41 02a60071o0160o
60071.306362  19.852  0.422    42   18 o  0   1.11 140.58604  28.80465  3174.97   198.86 2.02 1.73 -66.2 -0.498 18.92 19.43 02a60071o0161o
60071.323924 -23.916 16.444    -1   16 o  0   1.88 140.58604  28.80465  1582.33 10318.10 2.11 1.75 -54.3 -0.476 18.83 19.28 02a60071o0199o
60071.324954  19.661  0.470    50   23 o  0   1.44 140.58604  28.80465  3201.09    79.94 2.08 1.77 -62.3 -0.456 18.81 19.30 02a60071o0201o
60074.022101 -21.175  1.562   -12   19 o  0   1.16 140.58604  28.80465  1743.05  2235.37 2.39 2.03  47.2 -0.464 18.82 19.90 04a60074o0161o
60074.032013  21.522  2.132     9   19 o  0   1.06 140.58604  28.80465  1766.80  2270.35 2.54 1.99  53.7 -0.415 18.88 19.93 04a60074o0182o
60074.054081 -22.387  5.550    -4   22 o  0   1.18 140.58604  28.80465  1724.02  2187.04 2.45 2.15  51.7 -0.413 18.80 19.92 04a60074o0192o
60074.059207 -19.959  0.516   -38   20 o  0   1.73 140.58604  28.80465  1706.63  2301.66 2.25 1.99  54.6 -0.411 18.78 19.86 04a60074o0202o
60077.292883 -21.599  1.381    -8   12 c  0   0.92 140.58604  28.80465  2806.19  2409.34 2.32 2.24 -71.8 -0.422 19.46 20.86 02a60077o0131c
60077.296552  21.996  2.091     6   12 c  0   0.79 140.58604  28.80465  2784.36  2371.47 2.33 2.22 -71.1 -0.422 19.46 20.86 02a60077o0139c
60077.302049 -22.042  1.976    -6   11 c  0   1.23 140.58604  28.80465  2848.12  2445.28 2.33 2.21 -73.5 -0.421 19.46 20.87 02a60077o0151c
60077.312265  21.799  1.654     7   12 c  0   1.15 140.58604  28.80465  2872.25  2329.05 2.32 2.24 -80.0 -0.420 19.42 20.85 02a60077o0173c
60079.300983 -21.734  1.625    -7   12 c  0   1.05 140.58604  28.80465  7082.88  6391.56 2.54 2.35  29.7 -0.408 19.45 20.85 02a60079o0146c
60079.303751  23.443  6.700     2   10 c  0   1.44 140.58604  28.80465  7066.57  6350.96 2.55 2.33  29.3 -0.407 19.46 20.83 02a60079o0152c
60079.310690 -22.405  3.231    -4   13 c  0   1.16 140.58604  28.80465  7127.49  6427.37 2.50 2.34  28.5 -0.409 19.41 20.79 02a60079o0167c
60079.320784 -20.593  0.618   -21   13 c  0   0.94 140.58604  28.80465  7151.46  6313.37 2.50 2.36  27.0 -0.410 19.38 20.76 02a60079o0189c
60079.976105  20.160  0.757    31   24 o  0   1.31 140.58604  28.80465  9899.52  6016.56 2.82 2.42 -15.3 -0.411 18.68 19.72 04a60080o0075o
60079.980266  22.186  4.857     5   24 o  0   1.27 140.58604  28.80465  9924.68  6052.54 2.94 2.44 -11.7 -0.395 18.65 19.75 04a60080o0084o
60079.986820 -21.633  3.194    -8   26 o  0   0.91 140.58604  28.80465  9872.28  5972.74 3.05 2.68 -13.3 -0.370 18.63 19.69 04a60080o0098o
60080.002215  19.743  0.602    46   28 o  0   0.88 140.58604  28.80465  9862.50  6081.83 3.24 2.76 -10.8 -0.345 18.53 19.61 04a60080o0131o
60085.246200 -23.464 14.500    -2   22 o  0   1.09 140.58604  28.80465  5225.98  8415.61 2.36 1.94  39.5 -0.440 18.99 19.54 02a60085o0006o
60085.249040 -22.289  3.622    -4   16 o  0   1.68 140.58604  28.80465  5208.29  8375.88 2.23 1.96  39.0 -0.449 19.18 19.92 02a60085o0012o
60085.254842  21.704  2.015     8   15 o  0   0.79 140.58604  28.80465  5264.67  8452.60 2.14 1.97  40.6 -0.452 19.40 20.27 02a60085o0024o
60085.269582 -21.460  1.548   -10   15 o  0   0.99 140.58604  28.80465  5287.97  8333.37 2.07 1.99  43.6 -0.455 19.43 20.33 02a60085o0056o
60093.265630  19.420  0.541    62   34 o  0   1.26 140.58604  28.80465  7045.08 10098.80 2.19 2.13 -58.5 -0.440 18.62 19.02 02a60093o0066o
60093.268909  17.779  0.857   281  241 o  0   2.67 140.58604  28.80465  7026.03 10061.12 2.23 2.18  34.8 -0.409 16.82 16.94 02a60093o0073o
60093.274979 -20.197  4.427   -30  134 o  0   1.03 140.58604  28.80465  7085.08 10139.28 2.23 2.21 -11.6 -0.486 17.06 17.25 02a60093o0086o
60093.287649 -20.891  6.845   -16  109 o  0   1.40 140.58604  28.80465  7108.79 10021.74 2.23 2.12  29.6 -0.427 17.42 17.88 02a60093o0113o
60095.281005  21.686  2.714     8   21 o  0   1.06 140.58604  28.80465  3122.17  6507.07 2.57 2.00  30.2 -0.410 18.81 19.44 02a60095o0003o
60097.953691 -18.962  0.647   -94   61 o  0   1.46 140.58604  28.80465  3785.10  5847.70 2.65 2.40 -82.7 -0.407 17.65 18.03 04a60098o0035o
60097.956882  20.321  1.880    27   51 o  0   1.23 140.58604  28.80465  3808.64  5883.77 2.66 2.41 -74.1 -0.411 17.81 18.32 04a60098o0042o
60097.963244  19.996  1.323    36   48 o  0   1.39 140.58604  28.80465  3755.34  5802.28 2.51 2.26 -77.5 -0.398 17.96 18.50 04a60098o0056o
60097.976461 -19.405  0.640   -63   40 o  0   1.15 140.58604  28.80465  3736.42  5912.27 2.47 2.18 -80.6 -0.421 17.96 18.49 04a60098o0085o
60099.254850  18.416  1.160   156  181 o  0   1.35 140.58604  28.80465  6847.88  4663.94 2.25 1.91  33.1 -0.429 16.45 16.30 02a60099o0033o
60099.257877  19.338  4.475    67  299 o  0   1.12 140.58604  28.80465  6829.87  4624.73 2.21 1.89  31.9 -0.455 15.94 15.82 02a60099o0039o
60099.269364  18.314  0.592   172  102 o  0   0.95 140.58604  28.80465  6889.67  4702.65 2.26 1.95  36.0 -0.438 17.16 17.13 02a60099o0064o
60099.275709  17.517  1.017   357  363 o  0   0.82 140.58604  28.80465  6910.95  4584.71 2.45 2.11  31.7 -0.439 15.73 15.68 02a60099o0078o
60101.254439 -18.793  1.293  -110  143 o  0   0.60 140.58604  28.80465  9189.74 10510.50 3.01 2.27 -55.6 -0.395 17.75 18.46 02a60101o0035o
60101.254890  20.098  1.802    33   60 o  0   1.11 140.58604  28.80465   935.64   245.53 2.66 2.01 -60.2 -0.464 17.65 18.22 02a60101o0036o
60101.266156  19.295  0.480    70   33 o  0   1.44 140.58604  28.80465  1001.31   321.84 2.44 1.82 -58.6 -0.493 18.21 19.06 02a60101o0060o
60101.274295  16.320  0.529  1076  569 o  0   1.17 140.58604  28.80465  1024.33   202.73 2.34 1.73 -62.1 -0.459 14.93 15.60 02a60101o0078o
60101.276641 -20.673  2.245   -20   44 o  0   0.81 140.58604  28.80465  9274.34 10471.31 2.94 2.45 -56.8 -0.403 18.21 19.27 02a60101o0083o
60103.251663  20.193  1.139    30   35 o  0   1.08 140.58604  28.80465  8847.87  6343.92 2.15 2.11  22.9 -0.443 18.58 18.91 02a60103o0024o
60103.255025 -19.637  0.393   -51   20 o  0   1.59 140.58604  28.80465  8830.17  6304.79 2.16 2.13  18.5 -0.444 18.86 19.45 02a60103o0031o
60103.262002  21.530  2.077     9   18 o  0   1.06 140.58604  28.80465  8890.70  6383.71 2.25 2.19  13.3 -0.437 19.18 20.12 02a60103o0046o
60103.273326 -24.394 22.400    -1   14 o  0   1.49 140.58604  28.80465  8914.08  6267.15 2.13 2.10  -4.8 -0.450 19.33 20.29 02a60103o0071o
60103.952676  19.155  0.538    79   43 c  0   1.55 140.58604  28.80465  5492.47   369.21 3.30 2.97  50.4 -0.358 17.86 18.86 04a60104o0033c
60103.957667 -21.484  4.000    -9   37 c  0   1.10 140.58604  28.80465  3635.00 10454.33 3.43 2.40 -75.2 -0.366 18.26 19.51 04a60104o0044c
60103.958118 -19.480  0.522   -59   31 c  0   0.87 140.58604  28.80465  5438.87   287.65 3.06 2.80  46.5 -0.380 18.43 19.72 04a60104o0045c
60103.971799  21.702  2.962     8   22 c  0   1.37 140.58604  28.80465  5429.63   403.57 3.04 2.67  48.0 -0.382 18.71 20.15 04a60104o0075c
60105.251177  20.048  1.178    35   41 c  0   1.23 140.58604  28.80465  5159.64 10182.59 2.76 2.72 -40.9 -0.392 18.34 19.23 02a60105o0017c
60105.255014  19.655  0.642    50   32 c  0   1.05 140.58604  28.80465  5142.99 10142.70 2.96 2.94  46.5 -0.370 18.65 19.82 02a60105o0025c
60105.260207  22.579  6.889     3   23 c  0   1.00 140.58604  28.80465  5201.32 10221.31 2.81 2.81 -56.1 -0.388 18.99 20.26 02a60105o0036c
60105.272010  21.169  1.879    12   23 c  0   0.99 140.58604  28.80465  5225.24 10103.51 2.86 2.82   9.5 -0.378 19.09 20.45 02a60105o0061c
60107.251698  23.348 22.556     2   38 c  0   1.17 140.58604  28.80465  4993.02  6485.08 2.83 2.64  32.5 -0.365 18.08 18.95 02a60107o0024c
60107.255061 -21.544  3.267    -9   29 c  0   0.91 140.58604  28.80465  4975.68  6446.22 2.87 2.72  26.2 -0.377 18.45 19.56 02a60107o0031c
60107.262130 -21.453  1.974   -10   19 c  0   1.21 140.58604  28.80465  5035.94  6522.81 3.19 3.11  42.4 -0.374 18.80 20.26 02a60107o0046c
60107.273476  24.008 20.750     1   19 c  0   0.94 140.58604  28.80465  5060.29  6405.28 3.04 2.95   9.2 -0.370 18.91 20.44 02a60107o0071c
60111.254426 -19.697  0.648   -48   31 c  0   1.37 140.58604  28.80465  6748.38  2682.12 2.37 2.24 -58.1 -0.399 18.24 19.14 02a60111o0024c
60111.261612 -20.778  0.803   -18   14 c  0   1.50 140.58604  28.80465  6807.17  2759.22 2.40 2.22 -58.2 -0.394 19.01 20.14 02a60111o0039c
