MJD          m      dm   uJy   duJy F err chi/N     RA       Dec        x        y     maj  min   phi  apfit mag5sig Sky   Obs
59845.423179  23.906 25.200     1   25 o  0   2.13 345.01469  15.97850  8613.06 10051.77 2.30 2.13 -70.9 -0.441 19.11 20.81 02a59845o0475o
59845.426372  21.630  2.116     8   17 o  0   4.09 345.01469  15.97850  8592.99 10012.44 2.33 2.17 -72.1 -0.440 19.15 20.77 02a59845o0482o
59845.432310 -20.254  0.654   -29   19 o  0   3.51 345.01469  15.97850  8651.90 10093.82 2.36 2.10 -69.8 -0.443 19.30 20.84 02a59845o0495o
59845.442254  19.563  0.415    54   22 o  0   3.40 345.01469  15.97850  8669.98  9976.11 2.36 2.26 -85.5 -0.432 19.12 20.80 02a59845o0517o
59846.386357 -20.157  0.482   -31   15 c  0   2.51 345.01469  15.97850  5443.49  2485.00 2.91 2.70  41.7 -0.350 19.34 21.11 01a59846o0390c
59846.389592  19.723  0.365    47   17 c  0   2.71 345.01469  15.97850  5463.94  2523.83 2.94 2.69  38.2 -0.352 19.28 21.06 01a59846o0397c
59846.394755 -21.422  1.417   -10   14 c  0   3.56 345.01469  15.97850  5406.91  2446.78 2.96 2.70  41.4 -0.351 19.27 21.04 01a59846o0408c
59846.405928 -19.540  0.314   -56   17 c  0   2.47 345.01469  15.97850  5389.50  2564.03 2.94 2.72  49.7 -0.347 19.06 20.79 01a59846o0432c
59846.470046 -21.226  2.359   -12   28 o  0   1.78 345.01469  15.97850  8607.29 10053.22 2.50 2.13 -56.0 -0.438 19.06 20.26 02a59846o0524o
59846.473210 -20.580  0.789   -21   17 o  0   2.62 345.01469  15.97850  8588.24 10013.79 2.49 2.18 -55.8 -0.430 19.42 20.66 02a59846o0531o
59846.502326 -19.143  0.224   -80   18 o  0   3.27 345.01469  15.97850  8642.81 10095.66 2.65 2.27 -57.0 -0.427 19.31 20.67 02a59846o0590o
59846.508624 -20.120  0.602   -32   20 o  0   1.99 345.01469  15.97850  8667.74  9979.39 2.30 2.16 -43.3 -0.439 19.43 20.59 02a59846o0600o
59847.400099 -19.655  0.250   -50   12 c  0   2.24 345.01469  15.97850  5449.61  2487.11 2.94 2.71  40.9 -0.353 19.75 21.60 01a59847o0339c
59847.404260 -19.963  0.301   -38   11 c  0   2.68 345.01469  15.97850  5469.54  2526.60 2.97 2.75  43.2 -0.347 19.74 21.60 01a59847o0348c
59847.429974 -20.043  0.331   -35   12 c  0   4.72 345.01469  15.97850  5417.11  2451.14 2.89 2.72  47.7 -0.360 19.72 21.58 01a59847o0400c
59847.455617 -19.585  0.262   -53   14 c  0   2.27 345.01469  15.97850  5402.90  2568.48 2.87 2.73  47.6 -0.356 19.54 21.33 01a59847o0453c
59848.401607  20.739  0.925    18   17 o  0   3.18 345.01469  15.97850  8610.95 10054.43 2.43 2.20 -69.0 -0.439 19.49 20.81 02a59848o0426o
59848.404789  23.202  8.286     2   16 o  0   4.54 345.01469  15.97850  8592.08 10014.43 2.41 2.18 -67.8 -0.447 19.51 20.82 02a59848o0433o
59848.429281  20.236  0.498    29   14 o  0   5.46 345.01469  15.97850  8645.03 10092.89 2.49 2.26 -61.8 -0.433 19.41 20.69 02a59848o0485o
59848.434620  21.658  1.907     8   15 o  0   3.58 345.01469  15.97850  8665.03  9976.74 2.47 2.32 -45.9 -0.433 19.37 20.65 02a59848o0496o
59848.476505 -19.950  0.347   -38   13 c  0   2.81 345.01469  15.97850  9328.76  2253.93 3.03 2.96   1.2 -0.362 19.55 21.35 01a59848o0539c
59848.479736 -19.151  0.160   -79   13 c  0   3.16 345.01469  15.97850  9348.54  2292.49 2.95 2.90 -27.5 -0.387 19.58 21.33 01a59848o0546c
59848.515105 -19.350  0.206   -66   14 c  0   2.77 345.01469  15.97850  9295.74  2226.67 3.05 2.97 -36.1 -0.382 19.43 21.10 01a59848o0617c
59848.529128 -18.582  0.118  -134   16 c  0   2.23 345.01469  15.97850  9278.43  2347.65 3.16 3.08 -35.1 -0.369 19.36 21.02 01a59848o0644c
59848.914337 -18.729  0.103  -117   12 c  0   3.85 345.01469  15.97850  5844.87   370.65 2.52 2.32 -57.6 -0.377 19.70 21.61 03a59849o0418c
59848.917952 -18.715  0.121  -118   14 c  0   2.92 345.01469  15.97850  5861.30   410.40 2.51 2.35 -53.6 -0.383 19.68 21.59 03a59849o0426c
59848.924721 -18.511  0.088  -143   13 c  0   3.64 345.01469  15.97850  5803.25   331.30 2.54 2.38 -53.6 -0.382 19.70 21.59 03a59849o0441c
59849.464746 -18.509  0.125  -143   18 o  0   3.55 345.01469  15.97850  8606.71 10052.71 2.32 2.20 -58.0 -0.438 19.52 20.92 02a59849o0551o
59849.467705 -20.696  0.893   -19   17 o  0   6.68 345.01469  15.97850  8589.39 10012.13 2.31 2.17 -55.7 -0.430 19.56 20.92 02a59849o0556o
59849.497688 -20.000  0.529   -36   19 o  0   4.21 345.01469  15.97850  8649.25 10092.62 2.37 2.16 -53.6 -0.440 19.47 20.81 02a59849o0616o
59849.501857  20.792  1.237    18   22 o  0   3.95 345.01469  15.97850  8661.19  9977.22 2.37 2.28 -68.0 -0.430 19.42 20.73 02a59849o0624o
59850.375623 -19.820  0.261   -43   11 c  0   3.94 345.01469  15.97850  9312.72  2243.88 2.86 2.75  -2.0 -0.393 19.77 21.69 01a59850o0371c
59850.379827 -19.149  0.131   -80   10 c  0   3.39 345.01469  15.97850  9333.33  2282.53 2.87 2.75   3.2 -0.390 19.79 21.71 01a59850o0380c
59850.385386 -19.312  0.161   -68   11 c  0   4.77 345.01469  15.97850  9276.44  2206.01 2.86 2.76   8.6 -0.392 19.77 21.69 01a59850o0392c
59850.388794 -21.333  1.356   -11   14 o  0   6.72 345.01469  15.97850  4540.31  3904.18 2.37 1.91  35.2 -0.450 19.54 20.91 02a59850o0403o
59850.391958 -21.792  2.815    -7   20 o  0   3.69 345.01469  15.97850  4522.04  3866.47 2.48 2.00  36.9 -0.441 19.51 20.92 02a59850o0410o
59850.397922 -21.670  1.967    -8   15 o  0   4.35 345.01469  15.97850  4581.03  3943.78 2.47 2.01  32.6 -0.438 19.52 20.90 02a59850o0423o
59850.409121 -19.903  0.395   -40   16 o  0   4.89 345.01469  15.97850  4599.99  3829.32 2.58 2.03  30.9 -0.441 19.46 20.73 02a59850o0445o
59850.420722 -19.512  0.182   -57   10 c  0   3.43 345.01469  15.97850  9264.04  2324.18 2.88 2.78  27.3 -0.380 19.76 21.67 01a59850o0467c
59851.167838  22.435  4.684     4   18 o  0   3.80 345.01469  15.97850  2020.88  2476.27 2.09 1.76  52.1 -0.423 19.49 20.81 04a59851o0431o
59851.170990 -19.931  0.470   -39   18 o  0   4.12 345.01469  15.97850  2042.84  2512.59 2.07 1.75  50.1 -0.423 19.49 20.84 04a59851o0438o
59851.197803 -19.885  0.444   -40   18 o  0   2.33 345.01469  15.97850  2004.38  2415.00 2.10 1.78  51.0 -0.425 19.47 20.79 04a59851o0496o
59851.203292 -19.956  0.484   -38   18 o  0   3.15 345.01469  15.97850  1987.52  2527.59 2.12 1.82  50.9 -0.422 19.43 20.82 04a59851o0508o
59851.407328 -19.275  0.147   -71   10 c  0   3.62 345.01469  15.97850  9326.19  2245.08 2.81 2.76  -2.7 -0.386 19.76 21.68 01a59851o0437c
59851.426388 -18.917  0.114   -98   11 c  0   4.06 345.01469  15.97850  9349.43  2287.27 2.81 2.76 -42.8 -0.392 19.76 21.62 01a59851o0477c
59851.442532 -18.905  0.118  -100   12 c  0   2.57 345.01469  15.97850  9295.12  2211.40 2.85 2.80 -25.6 -0.387 19.72 21.62 01a59851o0510c
59851.457197 -19.835  0.284   -42   12 c  0   3.35 345.01469  15.97850  9280.00  2331.80 2.81 2.78 -63.8 -0.396 19.73 21.56 01a59851o0540c
59852.373471 -20.520  0.593   -22   13 c  0   2.72 345.01469  15.97850  9318.80  2245.13 2.94 2.86   2.2 -0.375 19.76 21.76 01a59852o0300c
59852.381355 -19.203  0.149   -76   11 c  0   3.26 345.01469  15.97850  9340.43  2284.48 2.93 2.84  -6.6 -0.379 19.75 21.75 01a59852o0317c
59852.404466 -18.698  0.089  -120   11 c  0   5.06 345.01469  15.97850  9288.56  2207.65 2.91 2.81 -12.5 -0.383 19.72 21.69 01a59852o0366c
59852.415665 -18.823  0.116  -107   12 c  0   2.80 345.01469  15.97850  9271.56  2326.39 2.91 2.87 -21.4 -0.375 19.72 21.66 01a59852o0389c
59852.874754 -23.075  8.867    -2   19 o  0   2.07 345.01469  15.97850  5855.04   362.61 2.46 2.25 -49.6 -0.401 19.36 20.65 03a59853o0330o
59852.877909 -19.807  0.415   -43   18 o  0   3.23 345.01469  15.97850  5871.46   402.91 2.38 2.17 -44.7 -0.406 19.40 20.65 03a59853o0337o
59852.886931 -20.359  0.693   -26   18 o  0   4.05 345.01469  15.97850  5811.05   325.34 2.38 2.14 -49.0 -0.399 19.35 20.64 03a59853o0356o
59852.892693 -20.703  0.850   -19   16 o  0   1.94 345.01469  15.97850  5787.15   444.05 2.33 2.14 -43.0 -0.406 19.40 20.66 03a59853o0368o
59853.390109 -19.604  0.251   -52   13 o  0   4.63 345.01469  15.97850  4537.66  3905.83 2.43 1.97  34.0 -0.446 19.56 20.96 02a59853o0420o
59853.393137 -19.431  0.265   -61   16 o  0   7.30 345.01469  15.97850  4517.60  3863.64 2.28 1.87  35.9 -0.449 19.60 20.99 02a59853o0426o
59853.398797  20.495  0.751    23   17 o  0   4.24 345.01469  15.97850  4575.74  3945.06 2.42 1.95  35.3 -0.445 19.56 21.01 02a59853o0438o
59853.408772 -21.171  1.417   -12   18 o  0   4.99 345.01469  15.97850  4593.47  3829.08 2.37 1.93  34.9 -0.451 19.60 20.99 02a59853o0459o
59854.384442  18.925  0.126    98   12 c  0   3.99 345.01469  15.97850  9330.13  2246.95 2.81 2.78  43.1 -0.393 19.77 21.61 01a59854o0398c
59854.387831  18.299  0.113   174   20 o  0   2.44 345.01469  15.97850  4539.38  3910.56 2.38 1.89  36.8 -0.452 19.55 20.90 02a59854o0402o
59854.388249  19.941  0.292    38   11 c  0   6.95 345.01469  15.97850  9350.36  2285.88 2.79 2.76 -65.7 -0.397 19.77 21.61 01a59854o0406c
59854.391019  19.119  0.254    82   21 o  0   2.80 345.01469  15.97850  4520.42  3870.72 2.43 1.90  30.3 -0.450 19.51 20.91 02a59854o0409o
59854.393792  19.402  0.197    63   12 c  0   2.49 345.01469  15.97850  9292.92  2209.36 2.83 2.78 -68.9 -0.400 19.76 21.60 01a59854o0418c
59854.396602  18.675  0.130   123   16 o  0   5.39 345.01469  15.97850  4578.52  3948.34 2.37 1.90  30.7 -0.453 19.56 20.90 02a59854o0421o
59854.403954  18.843  0.118   105   12 c  0   2.87 345.01469  15.97850  9275.11  2327.74 2.86 2.80 -62.2 -0.398 19.73 21.60 01a59854o0440c
59854.407300  19.151  0.214    79   17 o  0   5.61 345.01469  15.97850  4599.08  3830.99 2.42 1.94  32.9 -0.450 19.54 20.90 02a59854o0442o
59855.134721  17.303  0.049   435   22 o  0   4.17 345.01469  15.97850  1997.96  2494.56 2.26 1.89  52.4 -0.413 19.13 20.08 04a59855o0354o
59855.137873  16.601  0.484   831  402 o  0   0.23 345.01469  15.97850  2020.62  2530.44 2.21 1.91  47.9 -0.416 19.09 20.05 04a59855o0361o
59855.143734  17.487  0.056   368   21 o  0   6.96 345.01469  15.97850  1967.81  2446.47 2.27 1.91  46.5 -0.403 19.10 20.09 04a59855o0374o
59855.178445  17.390  0.060   402   24 o  0   2.94 345.01469  15.97850  1979.08  2535.32 2.31 1.93  51.6 -0.405 19.12 20.16 04a59855o0450o
59856.383663  16.120  0.015  1294   19 o  0   5.46 345.01469  15.97850  5615.78  6837.87 2.39 2.12  46.5 -0.389 19.55 20.41 01a59856o0357o
59856.387356  16.138  0.016  1273   20 o  0   4.84 345.01469  15.97850  5637.80  6877.85 2.40 2.15  48.4 -0.386 19.50 20.39 01a59856o0365o
59856.403798  16.159  0.017  1249   21 o  0   4.04 345.01469  15.97850  5581.83  6802.18 2.40 2.17  45.9 -0.391 19.48 20.35 01a59856o0399o
59856.409135  16.186  0.015  1218   18 o  0   5.87 345.01469  15.97850  5563.62  6919.04 2.36 2.13  45.8 -0.392 19.50 20.36 01a59856o0410o
59856.779001  15.929  0.024  1544   37 o  0   4.04 345.01469  15.97850  5023.62  5775.54 2.76 2.43 -55.1 -0.389 18.01 18.64 03a59857o0114o
59856.809906  15.972  0.016  1483   24 o  0   2.69 345.01469  15.97850  4999.89  5736.02 2.33 2.07 -43.4 -0.394 18.86 19.48 03a59857o0181o
59856.811722  16.023  0.018  1415   25 o  0   2.77 345.01469  15.97850  5054.94  5814.88 2.29 2.03 -40.7 -0.389 18.90 19.49 03a59857o0185o
59856.818076  16.005  0.020  1438   29 o  0   3.45 345.01469  15.97850  5075.20  5700.39 2.28 2.01 -46.6 -0.389 18.93 19.51 03a59857o0199o
59858.381870  15.807  0.021  1727   36 o  0   6.53 345.01469  15.97850  4672.62  8265.07 2.20 1.97  41.1 -0.436 18.87 19.69 02a59858o0403o
59858.385060  15.885  0.024  1608   39 o  0   4.31 345.01469  15.97850  4653.85  8227.49 2.21 2.01  36.1 -0.434 18.86 19.62 02a59858o0410o
59858.390589  15.829  0.022  1692   37 o  0   6.26 345.01469  15.97850  4711.16  8305.80 2.19 1.93  36.1 -0.442 18.91 19.46 02a59858o0422o
59858.404641  15.874  0.027  1624   44 o  0   4.45 345.01469  15.97850  4729.12  8188.12 2.22 1.94  38.6 -0.433 18.83 19.31 02a59858o0452o
59863.188131  15.644  0.023  2007   46 o  0   2.79 345.01469  15.97850  4179.18  8646.28 2.77 2.18 -81.1 -0.373 17.99 18.07 04a59863o0465o
59863.191284  15.525  0.021  2239   48 o  0   2.24 345.01469  15.97850  4199.70  8684.14 2.68 2.08 -80.0 -0.371 18.02 18.07 04a59863o0472o
59863.204930  15.502  0.022  2287   51 o  0   1.81 345.01469  15.97850  4145.69  8602.50 2.61 2.06 -80.6 -0.361 17.99 17.98 04a59863o0502o
59863.210337  15.504  0.022  2282   49 o  0   1.87 345.01469  15.97850  4126.18  8718.38 2.67 2.08 -81.7 -0.362 18.02 17.94 04a59863o0514o
59863.388435  15.558  0.015  2171   32 o  0   2.69 345.01469  15.97850  5639.71  6836.38 2.49 2.21  45.8 -0.386 18.65 18.97 01a59863o0215o
59863.391668  15.530  0.014  2227   32 o  0   2.35 345.01469  15.97850  5660.12  6876.65 2.53 2.21  47.3 -0.384 18.69 19.08 01a59863o0222o
59863.400290  15.527  0.015  2235   33 o  0   2.41 345.01469  15.97850  5602.89  6800.89 2.48 2.16  47.4 -0.372 18.73 18.87 01a59863o0240o
59863.410054  15.522  0.017  2246   38 o  0   2.78 345.01469  15.97850  5586.60  6918.53 2.49 2.18  48.3 -0.368 18.16 17.93 01a59863o0260o
59864.361933  15.466  0.016  2363   38 o  0   4.53 345.01469  15.97850  4678.15  8272.68 2.28 1.91  38.4 -0.426 19.05 19.70 02a59864o0361o
59864.365564  15.544  0.014  2200   32 o  0   6.86 345.01469  15.97850  4659.72  8233.78 2.29 1.91  38.4 -0.429 19.04 19.69 02a59864o0369o
59864.371440  15.481  0.014  2331   32 o  0   6.69 345.01469  15.97850  4718.12  8311.40 2.26 1.91  39.8 -0.432 19.02 19.66 02a59864o0382o
59864.383763  15.511  0.015  2268   35 o  0   5.97 345.01469  15.97850  4736.43  8195.05 2.28 1.91  38.7 -0.436 19.00 19.65 02a59864o0409o
59864.458383  15.486  0.011  2321   26 o  0   4.69 345.01469  15.97850  2059.69   725.03 2.25 2.19  47.1 -0.483 19.04 19.52 01a59864o0552o
59864.462540  15.505  0.012  2280   28 o  0   3.84 345.01469  15.97850  2080.29   765.11 2.19 2.12  40.7 -0.502 19.08 19.50 01a59864o0561o
59864.468574  15.492  0.012  2307   28 o  0   1.96 345.01469  15.97850  2025.90   685.80 2.43 2.20  54.3 -0.447 18.95 19.47 01a59864o0574o
59864.489216  15.541  0.012  2206   27 o  0   3.18 345.01469  15.97850  2013.01   807.04 2.64 2.37  54.8 -0.423 18.80 19.34 01a59864o0618o
59865.382321  15.569  0.084  2150  180 o  0   1.95 345.01469  15.97850  4676.14  8273.12 2.38 1.95  34.6 -0.440 17.44 17.88 02a59865o0044o
59865.385496  15.472  0.018  2351   42 o  0   4.44 345.01469  15.97850  4657.00  8233.62 2.31 1.97  36.7 -0.427 18.69 19.40 02a59865o0051o
59865.399219  18.294 12.509   175 2185 o  0   1.10 345.01469  15.97850  4715.56  8310.65 2.25 2.00  36.1 -0.447 14.93 15.09 02a59865o0081o
59866.362556  15.455  0.012  2388   28 o  0   8.36 345.01469  15.97850   123.10  1691.20 1.88 1.76 -64.0 -0.493 19.34 20.24 02a59866o0375o
59866.363460  15.405  0.009  2500   24 o  0  14.20 345.01469  15.97850 10345.97  1702.04 2.08 1.63 -56.9 -0.512 19.33 20.23 02a59866o0377o
59866.368066  15.457  0.012  2384   29 o  0  12.75 345.01469  15.97850   103.15  1651.34 1.84 1.73 -72.6 -0.489 19.33 20.21 02a59866o0387o
59866.368972  15.438  0.010  2425   25 o  0   7.89 345.01469  15.97850 10326.81  1664.56 2.13 1.62 -57.8 -0.509 19.32 20.20 02a59866o0389o
59866.378085  15.421  0.011  2463   27 o  0  16.63 345.01469  15.97850   162.71  1729.17 1.81 1.74  41.3 -0.475 19.26 20.16 02a59866o0409o
59866.378989  15.434  0.011  2435   28 o  0   8.27 345.01469  15.97850 10385.81  1743.96 1.96 1.62 -56.9 -0.521 19.29 20.16 02a59866o0411o
59866.384124  15.515  0.012  2259   26 o  0  17.88 345.01469  15.97850   181.56  1611.01 1.83 1.71 -69.2 -0.481 19.27 20.15 02a59866o0422o
59866.385029  15.498  0.013  2296   31 o  0   7.99 345.01469  15.97850 10406.56  1624.92 2.11 1.60 -56.7 -0.501 19.31 20.15 02a59866o0424o
59866.394265  15.500  0.016  2291   36 o  0   2.81 345.01469  15.97850  2053.45   721.70 2.19 2.08  46.0 -0.491 18.63 18.97 01a59866o0375o
59866.397508  15.479  0.021  2336   48 o  0   2.11 345.01469  15.97850  2073.02   761.53 2.18 2.07  47.4 -0.495 18.25 18.51 01a59866o0382o
59866.403199  15.500  0.017  2291   39 o  0   1.96 345.01469  15.97850  2014.68   682.47 2.14 2.05  43.9 -0.502 18.36 18.62 01a59866o0394o
59866.419383  15.489  0.010  2314   24 o  0   5.27 345.01469  15.97850  1998.87   802.15 2.31 2.20  51.7 -0.473 19.30 20.09 01a59866o0429o
59867.443924  15.510  0.010  2269   24 o  0   4.10 345.01469  15.97850  2066.10   728.28 2.49 2.29  49.5 -0.447 19.22 20.09 01a59867o0545o
59867.447182  15.526  0.012  2236   27 o  0   3.85 345.01469  15.97850  2086.75   768.25 2.37 2.22  49.7 -0.460 19.26 20.08 01a59867o0552o
59867.453661  15.490  0.011  2312   26 o  0   3.86 345.01469  15.97850  2028.18   690.40 2.25 2.19  58.0 -0.488 19.29 20.06 01a59867o0566o
59867.477807  15.517  0.012  2255   26 o  0   2.69 345.01469  15.97850  2014.92   811.42 2.37 2.31  57.1 -0.477 19.18 19.90 01a59867o0617o
59868.336943  15.470  0.010  2355   24 o  0   5.28 345.01469  15.97850  2042.90   717.73 2.29 2.13  34.0 -0.477 19.53 20.60 01a59868o0309o
59868.340217  15.466  0.009  2363   22 o  0   6.89 345.01469  15.97850  2063.86   757.88 2.21 2.11  25.6 -0.483 19.55 20.58 01a59868o0316o
59868.351441  15.454  0.009  2389   21 o  0   7.62 345.01469  15.97850  2007.01   679.73 2.29 2.19  46.5 -0.480 19.51 20.54 01a59868o0338o
59868.370096  15.477  0.009  2340   22 o  0   7.25 345.01469  15.97850  1993.04   798.36 2.31 2.16  39.5 -0.472 19.47 20.40 01a59868o0377o
59869.375570  15.654  0.011  1988   23 c  0   4.24 345.01469  15.97850 10352.02  1708.28 2.54 2.18 -56.7 -0.430 19.66 21.51 02a59869o0396c
59869.378733  15.629  0.010  2035   21 c  0   6.10 345.01469  15.97850 10332.92  1669.18 2.57 2.21 -57.1 -0.429 19.61 21.53 02a59869o0403c
59869.384295  15.643  0.010  2009   21 c  0   6.33 345.01469  15.97850 10394.18  1749.03 2.52 2.17 -57.0 -0.434 19.65 21.50 02a59869o0414c
59869.396930  15.662  0.011  1974   22 c  0   3.93 345.01469  15.97850 10408.06  1631.49 2.52 2.17 -55.7 -0.431 19.61 21.42 02a59869o0441c
59870.223949  15.533  0.010  2223   22 o  0   7.24 345.01469  15.97850  8450.32 10043.85 2.31 2.16 -75.6 -0.444 19.45 20.32 01a59870o0021o
59870.226721  15.520  0.010  2248   23 o  0   7.38 345.01469  15.97850  8432.24 10007.70 2.28 2.10 -63.3 -0.456 19.50 20.34 01a59870o0027o
59870.249257  15.525  0.010  2239   23 o  0   3.81 345.01469  15.97850  8499.72 10080.60 2.56 2.15 -55.3 -0.437 19.58 20.50 01a59870o0075o
59870.249645  15.642  0.012  2010   25 c  0   4.16 345.01469  15.97850 10452.58  8876.09 2.86 2.75 -54.5 -0.387 19.60 21.19 02a59870o0128c
59870.251457  15.640  0.013  2014   26 c  0   4.88 345.01469  15.97850 10473.21  8915.69 2.90 2.72 -48.6 -0.392 19.60 21.21 02a59870o0132c
59870.252028  15.486  0.009  2320   21 o  0   8.28 345.01469  15.97850  8519.37  9963.94 2.48 2.17 -56.8 -0.443 19.56 20.52 01a59870o0081o
59870.255704  15.662  0.012  1973   23 c  0   7.81 345.01469  15.97850 10413.69  8837.95 2.82 2.74 -29.0 -0.389 19.63 21.24 02a59870o0141c
59870.261136  15.703  0.011  1900   22 c  0   6.69 345.01469  15.97850 10394.99  8956.36 2.85 2.73 -51.1 -0.389 19.60 21.26 02a59870o0153c
59870.264302  15.713  0.012  1883   23 c  0  10.60 345.01469  15.97850   227.61  8867.23 2.45 2.08 -47.6 -0.442 19.62 21.25 02a59870o0160c
59870.266112  15.721  0.012  1869   23 c  0   8.58 345.01469  15.97850   247.31  8906.74 2.46 2.10 -48.8 -0.434 19.63 21.27 02a59870o0164c
59870.269275  15.718  0.011  1874   21 c  0  17.44 345.01469  15.97850   188.68  8827.66 2.48 2.08 -50.7 -0.441 19.65 21.29 02a59870o0171c
59870.275251  15.692  0.012  1920   23 c  0  11.61 345.01469  15.97850   169.77  8945.66 2.48 2.10 -52.1 -0.442 19.61 21.32 02a59870o0184c
59871.093002  15.712  0.012  1885   22 c  0   4.81 345.01469  15.97850  3848.81   459.40 2.99 2.70  57.2 -0.351 19.32 21.24 04a59871o0241c
59871.096613  15.728  0.012  1858   23 c  0   2.78 345.01469  15.97850  3872.22   495.64 3.11 2.89  60.0 -0.333 19.29 21.25 04a59871o0249c
59871.106129  15.747  0.012  1824   21 c  0   4.81 345.01469  15.97850  3821.95   409.62 2.94 2.51  55.0 -0.351 19.38 21.25 04a59871o0270c
59871.116071  15.731  0.011  1851   21 c  0   6.37 345.01469  15.97850  3811.53   517.90 3.00 2.61  56.1 -0.338 19.38 21.27 04a59871o0292c
59871.246625  15.497  0.014  2296   32 o  0   5.55 345.01469  15.97850   473.47 10045.77 2.13 1.90 -57.0 -0.568 19.22 20.59 01a59871o0123o
59871.249405  15.433  0.012  2436   30 o  0  12.24 345.01469  15.97850   454.66 10005.99 2.13 1.90 -57.5 -0.566 19.29 20.62 01a59871o0129o
59871.252636  15.438  0.013  2425   32 o  0   5.58 345.01469  15.97850   512.85 10083.22 2.15 1.90 -63.8 -0.569 19.29 20.63 01a59871o0136o
59871.265875  15.492  0.010  2308   24 o  0   5.74 345.01469  15.97850   536.33  9963.22 2.26 2.04 -71.3 -0.520 19.65 20.69 01a59871o0164o
59872.354376  15.503  0.011  2285   25 o  0   9.25 345.01469  15.97850 10360.44  6983.74 2.67 2.08 -74.8 -0.493 19.51 21.12 01a59872o0227o
59872.357611  15.456  0.011  2387   27 o  0   7.51 345.01469  15.97850 10381.91  7023.84 2.79 2.13 -71.8 -0.484 19.57 21.15 01a59872o0234o
59872.362779  15.513  0.011  2264   25 o  0   8.49 345.01469  15.97850 10323.52  6946.99 2.60 2.09 -59.9 -0.480 19.77 21.01 01a59872o0245o
59872.369305  15.494  0.011  2303   25 o  0   4.55 345.01469  15.97850   161.14  7029.64 2.26 2.17  89.0 -0.456 19.55 21.11 01a59872o0259o
59872.372093  15.504  0.011  2282   24 o  0   5.24 345.01469  15.97850   181.83  7068.45 2.28 2.18 -62.5 -0.475 19.51 21.12 01a59872o0265o
59872.387676  15.546  0.010  2195   23 o  0   6.73 345.01469  15.97850 10308.38  7068.69 2.74 2.23 -61.8 -0.462 19.67 20.97 01a59872o0298o
59872.389061  15.513  0.009  2264   21 o  0   9.91 345.01469  15.97850   124.31  6992.99 2.37 2.29 -85.9 -0.437 19.65 20.99 01a59872o0301o
59872.408030  15.473  0.009  2348   20 o  0   5.70 345.01469  15.97850   110.26  7111.10 2.57 2.44  80.0 -0.408 19.57 20.93 01a59872o0341o
59873.467547  15.684  0.011  1933   21 c  0   4.15 345.01469  15.97850   133.84  1687.30 2.42 2.32  70.2 -0.421 19.34 21.03 02a59873o0031c
59873.470719  15.703  0.012  1900   24 c  0   4.47 345.01469  15.97850   112.93  1647.44 2.24 2.16  81.7 -0.441 19.44 21.01 02a59873o0038c
59873.471621  15.754  0.012  1812   22 c  0   4.70 345.01469  15.97850 10350.93  1708.94 2.52 2.23 -46.6 -0.426 19.47 21.10 02a59873o0040c
59873.474395  15.759  0.012  1804   22 c  0   4.11 345.01469  15.97850 10332.68  1669.68 2.48 2.15 -46.4 -0.435 19.44 21.08 02a59873o0046c
59873.476205  15.696  0.011  1913   22 c  0   6.82 345.01469  15.97850   172.18  1725.05 2.32 2.19 -76.5 -0.438 19.42 20.97 02a59873o0050c
59873.479832  15.664  0.011  1970   22 c  0   4.12 345.01469  15.97850 10388.88  1747.90 2.56 2.17 -47.8 -0.433 19.44 21.05 02a59873o0058c
59873.488471  15.762  0.014  1799   25 c  0   4.75 345.01469  15.97850   190.36  1608.13 2.40 2.13 -86.5 -0.446 19.22 21.01 02a59873o0077c
59873.492545  15.732  0.012  1850   22 c  0   8.61 345.01469  15.97850 10409.21  1629.26 2.65 2.16 -50.0 -0.430 19.42 20.96 02a59873o0086c
59875.088642  15.752  0.012  1817   21 c  0   4.07 345.01469  15.97850  1918.32   531.93 3.24 2.26  50.3 -0.351 19.44 21.37 04a59875o0228c
59875.091801  15.790  0.012  1754   21 c  0   6.74 345.01469  15.97850  1941.15   568.93 3.19 2.18  50.5 -0.361 19.51 21.37 04a59875o0235c
59875.098112  15.806  0.012  1729   21 c  0   4.27 345.01469  15.97850  1888.09   484.51 3.24 2.18  54.0 -0.355 19.51 21.36 04a59875o0249c
59875.109827  15.813  0.013  1717   22 c  0   7.31 345.01469  15.97850  1878.37   592.80 3.17 2.07  50.4 -0.367 19.58 21.34 04a59875o0275c
59875.346555  15.528  0.010  2232   23 o  0   4.59 345.01469  15.97850 10361.26  6986.09 2.37 2.30  11.2 -0.435 19.59 20.85 01a59875o0335o
59875.349418  15.577  0.010  2133   22 o  0   7.35 345.01469  15.97850 10382.55  7024.44 2.49 2.23 -49.8 -0.451 19.62 20.82 01a59875o0341o
59875.352869  15.496  0.009  2300   20 o  0   6.13 345.01469  15.97850   160.21  7031.32 2.32 2.23  72.9 -0.441 19.64 20.82 01a59875o0348o
59875.354714  15.472  0.010  2351   23 o  0   5.32 345.01469  15.97850 10324.08  6948.91 2.48 2.22 -55.7 -0.460 19.65 20.83 01a59875o0352o
59875.356098  15.504  0.009  2282   21 o  0   5.59 345.01469  15.97850   181.30  7072.23 2.31 2.22  72.3 -0.446 19.62 20.83 01a59875o0355o
59875.361610  15.527  0.011  2235   25 o  0   4.53 345.01469  15.97850   122.82  6993.38 2.33 2.28  67.3 -0.448 19.49 20.96 01a59875o0366o
59875.370290  15.467  0.009  2361   22 o  0   7.63 345.01469  15.97850 10309.06  7067.80 2.54 2.29 -54.6 -0.445 19.60 20.82 01a59875o0384o
59875.371674  15.534  0.010  2219   23 o  0   4.65 345.01469  15.97850   105.44  7110.33 2.29 2.20  77.2 -0.443 19.64 20.84 01a59875o0387o
59876.300291  15.487  0.009  2319   21 o  0   9.99 345.01469  15.97850 10349.76  6987.19 2.66 2.35 -40.2 -0.451 19.58 20.84 01a59876o0231o
59876.315381  15.502  0.011  2286   24 o  0   3.38 345.01469  15.97850 10372.94  7025.58 2.77 2.43 -31.9 -0.439 19.52 20.80 01a59876o0262o
59876.316790  15.529  0.010  2230   22 o  0   7.55 345.01469  15.97850   150.84  7033.29 2.30 2.27 -25.8 -0.436 19.61 20.78 01a59876o0265o
59876.318176  15.531  0.010  2226   22 o  0   5.31 345.01469  15.97850 10315.38  6949.67 2.63 2.25 -55.8 -0.460 19.61 20.79 01a59876o0268o
59876.324286  15.516  0.009  2258   21 o  0   8.49 345.01469  15.97850   173.98  7072.38 2.44 2.38 -85.6 -0.430 19.53 20.79 01a59876o0281o
59876.326215  15.558  0.010  2172   22 o  0   5.83 345.01469  15.97850 10298.46  7065.38 2.56 2.25 -53.8 -0.462 19.63 20.81 01a59876o0285o
59876.327137  15.534  0.011  2219   24 o  0   3.76 345.01469  15.97850   115.37  6995.21 2.27 2.19  86.9 -0.445 19.63 20.80 01a59876o0287o
59876.328920  15.808  0.013  1724   22 c  0   4.49 345.01469  15.97850   417.58  8018.57 2.93 2.79 -51.3 -0.404 19.41 21.41 02a59876o0303c
59876.332233  15.790  0.012  1754   21 c  0   6.06 345.01469  15.97850   398.26  7978.95 2.82 2.63 -53.2 -0.412 19.47 21.41 02a59876o0310c
59876.334952  15.729  0.012  1855   22 c  0   8.96 345.01469  15.97850 10474.91  8038.89 2.94 2.86  28.5 -0.388 19.54 21.40 02a59876o0316c
59876.337180  15.558  0.011  2171   23 o  0   2.80 345.01469  15.97850    97.08  7112.46 3.58 2.60   3.6 -0.381 19.29 20.83 01a59876o0307o
59876.338115  15.788  0.012  1757   21 c  0   6.00 345.01469  15.97850 10455.80  7999.82 2.92 2.81  29.0 -0.398 19.55 21.42 02a59876o0323c
59876.358687  15.779  0.012  1772   21 c  0   8.25 345.01469  15.97850   461.30  8054.30 2.66 2.56 -31.2 -0.421 19.48 21.42 02a59876o0330c
59876.361999  16.166  0.131  1241  163 c  0   0.46 345.01469  15.97850 10517.45  8078.78 3.18 3.01  19.2 -0.394 19.46 21.43 02a59876o0337c
59876.377130  15.828  0.013  1693   22 c  0   6.35 345.01469  15.97850   480.77  7938.35 2.56 2.43 -34.8 -0.431 19.48 21.41 02a59876o0370c
59879.065675  15.874  0.014  1624   22 c  0   4.85 345.01469  15.97850  1907.03   546.62 3.30 2.34  50.8 -0.335 19.30 20.97 04a59879o0169c
59879.068826  15.827  0.013  1695   22 c  0   4.25 345.01469  15.97850  1930.08   583.03 3.27 2.28  52.9 -0.344 19.36 21.03 04a59879o0176c
59879.074233  15.831  0.013  1689   22 c  0   3.83 345.01469  15.97850  1876.91   498.58 3.38 2.23  51.9 -0.345 19.39 21.06 04a59879o0188c
59879.085703  15.802  0.012  1735   21 c  0   3.65 345.01469  15.97850  1869.09   605.22 3.20 2.15  52.0 -0.351 19.45 21.11 04a59879o0213c
59879.335892  15.515  0.011  2259   25 o  0   4.35 345.01469  15.97850 10358.17  6985.94 2.52 2.44 -39.7 -0.425 19.37 20.57 01a59879o0275o
59879.337974  15.545  0.010  2198   21 o  0   4.72 345.01469  15.97850   157.35  7029.30 2.38 2.26  54.2 -0.431 19.39 20.53 01a59879o0279o
59879.338899  15.547  0.010  2194   22 o  0   6.67 345.01469  15.97850 10378.74  7024.63 2.44 2.27 -49.9 -0.455 19.52 20.61 01a59879o0281o
59879.340748  15.524  0.010  2241   22 o  0   5.66 345.01469  15.97850   176.74  7069.29 2.35 2.24  64.8 -0.438 19.47 20.57 01a59879o0285o
59879.351821  15.506  0.014  2279   31 o  0   3.18 345.01469  15.97850   121.07  6993.69 2.37 2.31  68.7 -0.438 18.93 20.02 01a59879o0308o
59879.352283  15.553  0.016  2182   34 o  0   3.73 345.01469  15.97850 10322.63  6951.35 2.49 2.29 -51.9 -0.463 18.74 19.77 01a59879o0309o
59879.371096  15.428  0.051  2449  124 o  0   3.07 345.01469  15.97850   104.14  7110.83 2.38 2.23  78.8 -0.452 17.05 18.06 01a59879o0348o
59879.371557  15.390  0.038  2534   97 o  0   2.65 345.01469  15.97850 10305.77  7070.73 2.57 2.38 -47.7 -0.470 17.29 18.30 01a59879o0349o
59880.341199  15.800  0.014  1737   24 c  0   3.89 345.01469  15.97850   406.25  8015.00 2.47 2.24 -55.1 -0.428 19.59 21.46 02a59880o0091c
59880.344363  15.855  0.013  1652   21 c  0   8.41 345.01469  15.97850   387.34  7975.61 2.46 2.23 -54.4 -0.432 19.61 21.44 02a59880o0098c
59880.351612  15.874  0.014  1624   23 c  0   6.27 345.01469  15.97850   445.39  8052.49 2.53 2.28 -55.5 -0.425 19.60 21.44 02a59880o0114c
59880.353873  15.792  0.013  1750   22 c  0   5.99 345.01469  15.97850 10462.85  8036.82 2.85 2.81  -8.3 -0.399 19.64 21.47 02a59880o0119c
59880.357489  15.734  0.011  1847   20 c  0   6.84 345.01469  15.97850 10443.27  7997.06 2.81 2.77 -15.0 -0.392 19.60 21.44 02a59880o0127c
59880.362914  16.053  0.027  1377   37 c  0   6.55 345.01469  15.97850 10502.74  8076.61 2.87 2.80 -31.2 -0.391 19.59 21.44 02a59880o0139c
59880.371121  15.835  0.013  1683   22 c  0   5.15 345.01469  15.97850   467.57  7934.72 2.45 2.21 -53.1 -0.437 19.58 21.40 02a59880o0157c
59880.373836  16.228  0.153  1172  179 c  0   0.36 345.01469  15.97850 10522.92  7961.19 2.87 2.79 -30.5 -0.395 19.55 21.41 02a59880o0163c
59880.404229  15.121  0.106  3248  343 o  0   1.45 345.01469  15.97850  5772.98   441.21 2.44 2.43  66.0 -0.467 17.22 18.41 01a59880o0291o
59880.430113  18.862  0.012   104    1 o  0 12889.38 345.01469  15.97850  5799.02   484.96 2.43 2.36 -47.2 -0.463 19.47 20.61 01a59880o0346o
59880.433358  15.559  0.010  2170   21 o  0   5.68 345.01469  15.97850  5742.21   408.30 2.54 2.47 -44.0 -0.452 19.38 20.61 01a59880o0353o
59880.452881  15.490  0.011  2312   24 o  0   4.87 345.01469  15.97850  5726.99   529.88 2.63 2.56 -32.8 -0.459 19.24 20.40 01a59880o0394o
59880.769746  15.543  0.012  2202   26 o  0   4.82 345.01469  15.97850  8405.60  8083.50 2.53 2.07 -53.8 -0.406 19.35 20.52 03a59881o0061o
59880.771558  15.532  0.011  2225   25 o  0   5.27 345.01469  15.97850  8386.73  8044.44 2.52 2.09 -53.5 -0.403 19.27 20.44 03a59881o0065o
59880.774728  15.489  0.012  2315   28 o  0   4.92 345.01469  15.97850  8441.71  8124.31 2.57 2.14 -52.2 -0.400 19.03 20.17 03a59881o0072o
59880.780139  15.589  0.059  2110  125 o  0   4.98 345.01469  15.97850  8461.77  8009.59 2.66 2.27 -53.1 -0.390 17.25 18.29 03a59881o0084o
59881.315543  15.757  0.015  1808   27 c  0   2.84 345.01469  15.97850   418.15  8013.02 2.36 2.25 -31.5 -0.428 19.64 21.47 02a59881o0235c
59881.318984  15.853  0.014  1654   22 c  0   7.25 345.01469  15.97850   398.80  7974.66 2.36 2.25 -33.1 -0.420 19.61 21.49 02a59881o0242c
59881.321245  15.791  0.012  1753   21 c  0   9.04 345.01469  15.97850 10473.93  8035.05 2.67 2.57  27.2 -0.404 19.49 21.43 02a59881o0247c
59881.324407  15.754  0.012  1814   22 c  0   6.89 345.01469  15.97850 10453.86  7995.96 2.74 2.58  29.8 -0.398 19.53 21.44 02a59881o0254c
59881.325764  15.851  0.013  1658   22 c  0   4.62 345.01469  15.97850   457.02  8053.50 2.38 2.25 -33.4 -0.426 19.58 21.45 02a59881o0257c
59881.331239  16.321  0.038  1075   41 c  0   8.73 345.01469  15.97850 10513.91  8073.89 2.74 2.62  18.1 -0.396 19.57 21.43 02a59881o0269c
59881.343814  15.823  0.014  1702   24 c  0   6.57 345.01469  15.97850   478.61  7933.53 2.48 2.33 -42.7 -0.418 19.27 21.06 02a59881o0296c
59882.326316  15.533  0.010  2222   22 o  0   5.81 345.01469  15.97850  5752.99   431.77 2.26 2.22  36.1 -0.469 19.63 20.86 01a59882o0262o
59882.329549  15.543  0.009  2201   21 o  0   4.97 345.01469  15.97850  5773.27   471.24 2.29 2.24  76.0 -0.466 19.63 20.86 01a59882o0269o
59882.334045  15.931  0.012  1540   19 c  0   8.81 345.01469  15.97850   863.96  5577.71 2.50 2.36  27.4 -0.424 19.56 21.35 02a59882o0324c
59882.335091  15.557  0.009  2173   20 o  0   7.32 345.01469  15.97850  5716.33   395.40 2.26 2.23  70.5 -0.476 19.64 20.90 01a59882o0281o
59882.337245  15.868  0.012  1632   20 c  0   4.45 345.01469  15.97850   845.20  5538.95 2.47 2.29  25.1 -0.424 19.57 21.36 02a59882o0331c
59882.344886  15.566  0.010  2156   21 o  0   7.69 345.01469  15.97850  5701.37   514.73 2.32 2.29 -58.4 -0.466 19.62 20.89 01a59882o0302o
59882.345174  15.857  0.012  1650   21 c  0   4.55 345.01469  15.97850   904.88  5615.75 2.49 2.33  28.8 -0.425 19.57 21.35 02a59882o0348c
59882.356123  15.900  0.012  1586   20 c  0   5.12 345.01469  15.97850   925.93  5500.58 2.56 2.42  22.7 -0.417 19.52 21.33 02a59882o0372c
59883.358386  15.540  0.010  2207   22 o  0   5.90 345.01469  15.97850  5758.26   434.51 2.55 2.46  81.9 -0.435 19.39 20.52 01a59883o0374o
59883.361618  15.526  0.011  2237   24 o  0   4.29 345.01469  15.97850  5777.92   473.81 2.28 2.27 -67.0 -0.472 19.46 20.52 01a59883o0381o
59883.385356  15.577  0.011  2133   24 o  0   4.07 345.01469  15.97850  5727.84   400.17 2.34 2.30  79.3 -0.457 19.46 20.51 01a59883o0431o
59883.391377  15.553  0.010  2182   23 o  0   5.76 345.01469  15.97850  5708.25   519.68 2.38 2.35 -36.6 -0.469 19.42 20.51 01a59883o0444o
59884.803569  15.540  0.014  2208   31 o  0   3.20 345.01469  15.97850  2065.52  2441.56 2.64 2.35 -72.0 -0.380 18.70 19.44 03a59885o0130o
59884.812991  15.608  0.015  2074   31 o  0   2.16 345.01469  15.97850  2004.80  2363.46 2.62 2.34 -68.6 -0.381 18.71 19.44 03a59885o0150o
59884.824304  15.558  0.014  2173   30 o  0   4.87 345.01469  15.97850  1977.58  2480.37 2.56 2.26 -67.2 -0.382 18.39 19.27 03a59885o0175o
59885.306685  15.537  0.011  2214   24 o  0   8.75 345.01469  15.97850   859.64  5577.69 2.11 1.94  26.9 -0.444 19.18 19.92 02a59885o0264o
59885.310809  15.521  0.013  2248   29 o  0   6.67 345.01469  15.97850   840.55  5538.81 2.16 1.95  27.1 -0.439 19.15 19.91 02a59885o0273o
59885.316326  15.552  0.012  2184   25 o  0   6.60 345.01469  15.97850   898.99  5615.83 2.15 1.90  26.6 -0.439 19.18 19.92 02a59885o0285o
59885.328670  15.526  0.011  2236   24 o  0   8.96 345.01469  15.97850   920.93  5497.59 2.13 1.89  27.4 -0.451 19.19 19.91 02a59885o0312o
59886.291116  15.555  0.014  2177   31 o  0   4.39 345.01469  15.97850   864.16  5578.90 2.24 2.01  18.9 -0.429 19.02 19.67 02a59886o0229o
59886.294360  15.530  0.013  2229   28 o  0   3.58 345.01469  15.97850   843.99  5539.65 2.22 1.95  23.6 -0.431 19.01 19.67 02a59886o0236o
59886.299851  15.498  0.012  2296   28 o  0   3.40 345.01469  15.97850   903.22  5617.14 2.34 2.09  22.7 -0.419 18.95 19.66 02a59886o0248o
59886.300919  15.566  0.012  2155   27 o  0   6.31 345.01469  15.97850  5749.76   423.11 2.11 2.07  44.8 -0.508 18.87 19.12 01a59886o0104o
59886.309787  15.515  0.013  2259   28 o  0   3.38 345.01469  15.97850  5770.90   464.72 2.22 2.16  60.9 -0.479 18.96 19.35 01a59886o0122o
59886.332983  15.557  0.013  2175   28 o  0   6.36 345.01469  15.97850   920.60  5500.34 2.13 1.86  24.9 -0.449 19.00 19.49 02a59886o0318o
59886.342639  15.591  0.013  2106   28 o  0   4.01 345.01469  15.97850  5720.23   393.36 2.13 2.08 -61.2 -0.506 18.97 19.29 01a59886o0192o
59886.367687  15.570  0.012  2148   25 o  0   5.21 345.01469  15.97850  5707.09   516.70 2.39 2.22 -40.0 -0.479 18.96 19.36 01a59886o0244o
59889.287884  15.572  0.014  2144   31 o  0   3.87 345.01469  15.97850   869.47  5580.44 2.22 2.10  24.6 -0.417 18.76 19.16 02a59889o0208o
59890.326038  15.586  0.022  2117   46 o  0   1.79 345.01469  15.97850  2489.02  2075.08 2.28 2.12  42.5 -0.437 18.09 18.21 02a59890o0250o
59890.329202  15.598  0.015  2094   32 o  0   3.87 345.01469  15.97850  2469.13  2036.39 2.16 2.02  44.9 -0.440 18.67 18.95 02a59890o0257o
59890.336194  15.598  0.014  2093   29 o  0   2.49 345.01469  15.97850  5463.08  4806.64 2.32 2.14  48.0 -0.432 18.86 19.04 01a59890o0327o
59890.339892  15.591  0.013  2106   28 o  0   2.16 345.01469  15.97850  5483.06  4846.15 2.40 2.12  46.1 -0.424 18.84 19.02 01a59890o0335o
59890.345432  15.558  0.012  2171   27 o  0   2.90 345.01469  15.97850  5425.91  4768.93 2.34 2.16  45.0 -0.431 18.83 18.99 01a59890o0347o
59890.353900  15.621  0.018  2049   37 o  0   2.51 345.01469  15.97850  2529.51  2113.60 2.25 2.05  41.7 -0.428 18.57 18.87 02a59890o0274o
59890.356517  15.576  0.013  2137   27 o  0   3.99 345.01469  15.97850  5408.92  4887.90 2.27 2.13  45.2 -0.440 18.82 18.96 01a59890o0371o
59890.368065  15.645  0.016  2005   31 o  0   2.53 345.01469  15.97850  2549.58  1995.52 2.36 2.03  40.0 -0.433 18.52 18.83 02a59890o0304o
59891.080922  15.627  0.021  2039   43 o  0   2.29 345.01469  15.97850  5882.63  2272.66 2.44 2.14 -14.3 -0.416 18.12 18.18 04a59891o0185o
59891.084525  15.661  0.028  1974   55 o  0   1.55 345.01469  15.97850  5904.31  2309.19 2.52 2.12 -18.2 -0.407 17.91 18.04 04a59891o0193o
59891.094015  15.627  0.031  2039   63 o  0   1.18 345.01469  15.97850  5852.33  2227.69 2.39 2.04 -16.4 -0.408 17.69 17.54 04a59891o0214o
59891.378178  15.593  0.018  2103   38 o  0   1.62 345.01469  15.97850  5492.29  4856.24 2.46 2.21  43.7 -0.423 18.35 18.25 01a59891o0411o
59891.402779  15.675  0.012  1950   24 o  0   3.71 345.01469  15.97850  5419.46  4901.39 2.63 2.32  41.6 -0.404 18.97 19.56 01a59891o0463o
59892.303508  15.645  0.018  2005   36 o  0   2.70 345.01469  15.97850  5458.57  4807.13 2.38 2.17  48.2 -0.434 18.41 18.41 01a59892o0248o
59893.307342  15.637  0.013  2020   26 o  0   4.50 345.01469  15.97850  2486.12  2072.09 2.22 2.10  42.8 -0.446 19.00 19.70 02a59893o0271o
59893.313748  15.625  0.012  2042   25 o  0   6.34 345.01469  15.97850  2466.62  2033.96 2.23 2.13  41.6 -0.440 18.99 19.67 02a59893o0285o
59893.316993  15.652  0.013  1992   26 o  0   5.81 345.01469  15.97850  2526.68  2111.01 2.22 2.10  35.9 -0.442 19.01 19.66 02a59893o0292o
59893.327510  15.650  0.014  1996   27 o  0   3.58 345.01469  15.97850  2545.62  1993.67 2.25 2.07  35.7 -0.440 18.98 19.63 02a59893o0315o
59895.324128  15.685  0.012  1931   23 o  0   2.97 345.01469  15.97850  5460.89  4811.58 2.82 2.71  51.9 -0.389 19.11 20.07 01a59895o0305o
59895.326905  15.663  0.011  1972   22 o  0   3.28 345.01469  15.97850  5481.26  4850.54 2.81 2.62  48.2 -0.379 19.13 20.07 01a59895o0311o
59895.332513  15.658  0.012  1980   24 o  0   2.83 345.01469  15.97850  5422.70  4774.13 2.53 2.39  48.0 -0.404 19.23 20.06 01a59895o0323o
59895.358774  15.696  0.011  1912   20 o  0   6.23 345.01469  15.97850  5408.37  4896.66 2.31 2.17  50.7 -0.433 19.26 19.96 01a59895o0378o
59896.359309  15.651  0.012  1993   23 o  0   3.01 345.01469  15.97850  3540.81  4919.13 2.68 2.35  45.8 -0.382 19.24 20.16 01a59896o0385o
59896.362547  15.643  0.012  2008   24 o  0   3.58 345.01469  15.97850  3561.98  4956.80 2.61 2.34  45.8 -0.389 19.25 20.13 01a59896o0392o
59896.368108  15.664  0.013  1969   25 o  0   1.96 345.01469  15.97850  3504.05  4880.40 2.57 2.38  46.4 -0.402 19.22 20.10 01a59896o0404o
59896.394080  15.686  0.013  1930   26 o  0   2.23 345.01469  15.97850  3490.39  5001.34 2.65 2.37  45.9 -0.389 19.13 19.95 01a59896o0459o
59896.802687  16.260  0.016  1137   19 c  0   4.01 345.01469  15.97850  3918.10   427.42 2.63 2.42 -74.7 -0.368 19.51 21.31 03a59897o0116c
59896.805394  16.202  0.018  1200   21 c  0   2.56 345.01469  15.97850  3935.25   467.21 2.65 2.47 -71.0 -0.366 19.51 21.33 03a59897o0122c
59896.810364  16.216  0.016  1185   19 c  0   3.19 345.01469  15.97850  3878.18   387.13 2.61 2.49 -68.1 -0.368 19.53 21.35 03a59897o0133c
59896.820308  16.152  0.016  1257   20 c  0   2.70 345.01469  15.97850  3854.09   504.38 2.72 2.54 -74.9 -0.359 19.47 21.36 03a59897o0155c
59897.196552  15.694  0.013  1916   25 o  0   8.08 345.01469  15.97850  8082.47  8496.49 2.32 1.98  30.6 -0.441 19.26 20.07 02a59897o0034o
59897.198361  15.686  0.014  1931   27 o  0   5.61 345.01469  15.97850  8102.67  8535.64 2.28 2.03  32.0 -0.438 19.38 20.30 02a59897o0038o
59897.201526  15.634  0.012  2026   25 o  0   6.36 345.01469  15.97850  8044.19  8457.98 2.24 2.05  36.0 -0.441 19.45 20.54 02a59897o0045o
59897.226536  15.682  0.014  1937   26 o  0   5.18 345.01469  15.97850  8032.09  8573.68 2.42 2.24  44.9 -0.435 19.42 20.62 02a59897o0099o
59898.282359  15.707  0.012  1894   23 o  0   4.52 345.01469  15.97850  2589.37  4014.92 2.38 2.18  34.8 -0.430 19.42 20.82 02a59898o0221o
59898.285529  15.643  0.012  2008   24 o  0   4.64 345.01469  15.97850  2570.27  3976.18 2.33 2.10  37.0 -0.441 19.47 20.82 02a59898o0228o
59898.310717  15.692  0.011  1919   20 o  0   7.82 345.01469  15.97850  2633.80  4052.88 2.38 2.03  35.1 -0.433 19.46 20.76 02a59898o0243o
59898.316273  15.639  0.012  2015   24 o  0   5.02 345.01469  15.97850  2653.66  3938.26 2.32 2.00  33.4 -0.435 19.43 20.77 02a59898o0255o
59899.343094  16.356  0.015  1042   16 c  0   3.62 345.01469  15.97850  3539.30  4917.30 3.15 2.89  46.0 -0.317 19.65 21.47 01a59899o0343c
59899.345901  16.257  0.014  1140   16 c  0   3.04 345.01469  15.97850  3557.09  4956.50 3.03 2.86  47.4 -0.329 19.64 21.47 01a59899o0349c
59899.351109  16.277  0.014  1120   15 c  0   2.88 345.01469  15.97850  3498.81  4880.17 2.96 2.82  50.0 -0.341 19.63 21.37 01a59899o0360c
59899.374808  16.325  0.015  1072   16 c  0   4.18 345.01469  15.97850  3484.89  5000.26 3.08 2.91  46.8 -0.326 19.53 21.21 01a59899o0410c
59900.336265  16.355  0.015  1042   16 c  0   4.13 345.01469  15.97850  3540.23  4914.99 3.07 2.87  46.7 -0.330 19.57 21.33 01a59900o0241c
59900.352212  16.242  0.015  1156   18 c  0   2.29 345.01469  15.97850  3563.02  4956.93 3.10 2.89  46.6 -0.324 19.53 21.23 01a59900o0275c
59900.355440  16.273  0.015  1125   17 c  0   2.73 345.01469  15.97850  3502.66  4879.78 2.92 2.79  46.1 -0.344 19.54 21.22 01a59900o0282c
59900.373987  16.295  0.015  1102   16 c  0   3.30 345.01469  15.97850  3486.16  4999.24 2.96 2.89  44.8 -0.342 19.49 21.13 01a59900o0321c
59900.775483  16.351  0.021  1046   22 c  0   2.89 345.01469  15.97850  3919.01   427.34 2.79 2.64 -75.2 -0.362 19.14 20.90 03a59901o0048c
59900.778639  16.305  0.020  1092   22 c  0   3.13 345.01469  15.97850  3935.63   467.47 2.57 2.42 -72.0 -0.363 19.43 21.14 03a59901o0055c
59900.784087  16.234  0.019  1165   23 c  0   3.29 345.01469  15.97850  3877.71   388.16 2.64 2.50 -65.7 -0.364 19.25 21.06 03a59901o0067c
59900.794038  16.253  0.021  1145   24 c  0   2.21 345.01469  15.97850  3853.15   505.47 2.52 2.40 -58.9 -0.441 19.28 20.96 03a59901o0089c
59902.383940  15.697  0.013  1911   24 o  0   5.44 345.01469  15.97850  2598.06  4009.29 2.36 1.92  37.6 -0.443 19.39 20.57 02a59902o0433o
59902.396094  15.723  0.012  1865   23 o  0   7.00 345.01469  15.97850  2580.03  3968.74 2.33 2.03  36.5 -0.437 19.33 20.51 02a59902o0456o
59902.399298  15.722  0.012  1868   23 o  0   5.01 345.01469  15.97850  2638.74  4045.78 2.39 2.04  36.0 -0.430 19.32 20.47 02a59902o0463o
59902.405336  15.652  0.011  1991   22 o  0   9.55 345.01469  15.97850  2658.86  3929.14 2.27 1.96  36.7 -0.441 19.34 20.41 02a59902o0476o
59903.327513  16.327  0.015  1070   16 c  0   2.93 345.01469  15.97850  3534.64  4916.73 3.14 2.90  48.2 -0.316 19.62 21.49 01a59903o0136c
59903.335040  16.420  0.015   982   15 c  0   4.31 345.01469  15.97850  3555.23  4956.47 3.01 2.80  45.2 -0.331 19.66 21.48 01a59903o0152c
59903.337812  16.393  0.016  1006   16 c  0   2.53 345.01469  15.97850  3497.27  4879.69 2.99 2.77  47.3 -0.334 19.67 21.46 01a59903o0158c
59904.326153  16.372  0.017  1026   18 c  0   3.15 345.01469  15.97850  2129.26  6947.83 3.09 2.90  50.5 -0.348 19.62 21.40 01a59904o0195c
59904.337308  16.376  0.032  1022   33 c  0   1.67 345.01469  15.97850  2091.65  6910.72 3.04 2.93  55.2 -0.351 18.54 20.20 01a59904o0219c
59904.377724  16.401  0.017   999   17 c  0   2.91 345.01469  15.97850  2075.75  7032.38 4.34 3.97  50.6 -0.220 19.25 21.36 01a59904o0222c
59904.772920  15.378  0.059  2563  152 c  0   2.03 345.01469  15.97850  1993.66   460.04 2.70 2.51  85.1 -0.367 17.02 18.60 03a59905o0037c
59904.776080  17.299  0.827   437  361 c  0   1.81 345.01469  15.97850  2011.19   500.76 2.64 2.53  82.6 -0.404 15.88 17.62 03a59905o0044c
59904.782396  18.158  2.731   198  541 c  0   2.19 345.01469  15.97850  1952.03   420.73 2.75 2.69  15.1 -0.413 15.68 17.61 03a59905o0058c
59906.276509  15.688  0.013  1927   25 o  0   5.73 345.01469  15.97850  2840.51 10334.07 2.26 1.92 -52.7 -0.470 19.54 20.83 02a59906o0215o
59906.279688  15.668  0.013  1962   26 o  0   5.58 345.01469  15.97850  2821.08 10294.52 2.27 1.91 -51.9 -0.477 19.52 20.81 02a59906o0222o
59906.281950  15.754  0.012  1813   22 o  0   7.15 345.01469  15.97850  2390.40   117.28 2.34 1.86 -62.8 -0.460 19.49 20.83 02a59906o0227o
59906.287451  15.912  0.014  1567   23 o  0  15.15 345.01469  15.97850  2371.10    80.33 2.49 2.07 -60.5 -0.436 19.46 20.85 02a59906o0239o
59906.290637  15.762  0.015  1800   27 o  0   7.45 345.01469  15.97850  2431.73   158.52 2.34 1.90 -60.9 -0.454 19.48 20.85 02a59906o0246o
59906.297049  15.651  0.011  1993   22 o  0   6.55 345.01469  15.97850  2880.04 10371.99 2.47 2.10 -53.4 -0.455 19.47 20.79 02a59906o0260o
59906.300665  20.849  9.548    17  159 o  0   0.02 345.01469  15.97850  2453.11    39.47 2.26 1.81 -60.6 -0.468 19.53 20.81 02a59906o0268o
59906.303377  15.699  0.013  1908   24 o  0   5.59 345.01469  15.97850  2901.88 10254.80 2.25 1.91 -52.2 -0.473 19.51 20.77 02a59906o0274o
59907.018609  15.780  0.047  1771   83 o  0   1.63 345.01469  15.97850 10122.22  2534.11 3.32 2.37 -21.4 -0.344 17.60 17.62 04a59907o0029o
59907.021762  15.758  0.026  1806   47 o  0   2.83 345.01469  15.97850 10143.52  2568.85 3.26 2.27 -22.1 -0.358 18.20 18.65 04a59907o0036o
59907.024018  15.820  0.028  1706   48 o  0   3.63 345.01469  15.97850    70.60  2534.20 3.25 2.21  46.9 -0.342 18.50 19.22 04a59907o0041o
59907.027171  15.882  0.020  1611   32 o  0   4.07 345.01469  15.97850 10090.22  2486.56 3.50 2.38 -22.4 -0.339 18.69 19.56 04a59907o0048o
59907.027621  15.750  0.020  1819   36 o  0   3.73 345.01469  15.97850    94.14  2570.09 3.12 2.19  49.2 -0.375 18.74 19.74 04a59907o0049o
59907.033043  20.380  2.607    26   67 o  0   1.57 345.01469  15.97850    38.56  2485.96 3.32 2.06  49.7 -0.350 18.66 19.84 04a59907o0061o
59907.049301  15.567  0.018  2154   39 o  0   4.58 345.01469  15.97850 10081.02  2590.26 3.49 2.20 -24.6 -0.374 18.96 20.33 04a59907o0097o
59907.054327  19.633  0.699    51   36 o  0   1.22 345.01469  15.97850    32.47  2588.28 3.39 2.09  51.6 -0.354 19.03 20.34 04a59907o0108o
59907.290160  16.427  0.017   976   16 c  0   2.90 345.01469  15.97850  2084.52  6903.22 3.08 2.88  53.3 -0.350 19.71 21.68 01a59907o0231c
59907.309857  16.397  0.017  1003   17 c  0   2.91 345.01469  15.97850  2067.55  7022.36 2.99 2.90  61.9 -0.369 19.67 21.56 01a59907o0272c
59908.241119  15.665  0.012  1968   23 o  0   9.59 345.01469  15.97850  2836.97 10333.67 2.65 1.92 -57.6 -0.472 19.45 20.76 02a59908o0131o
59908.244364  15.717  0.014  1875   26 o  0   5.80 345.01469  15.97850  2817.48 10297.62 2.45 1.85 -57.2 -0.480 19.51 20.76 02a59908o0138o
59908.251601  15.664  0.013  1970   26 o  0   6.00 345.01469  15.97850  2874.48 10374.84 2.54 1.84 -56.2 -0.489 19.50 20.78 02a59908o0154o
59908.259211  16.424  0.016   978   16 c  0   3.54 345.01469  15.97850  2113.93  6940.06 2.94 2.83  52.0 -0.373 19.68 21.51 01a59908o0108c
59908.261404  15.630  0.012  2033   24 o  0  10.75 345.01469  15.97850  2893.09 10255.57 2.46 1.86 -54.1 -0.489 19.49 20.75 02a59908o0175o
59908.261981  16.489  0.017   922   16 c  0   3.34 345.01469  15.97850  2135.58  6979.61 2.94 2.79  57.9 -0.368 19.70 21.52 01a59908o0114c
59908.267567  16.396  0.016  1004   16 c  0   3.63 345.01469  15.97850  2077.90  6902.12 3.02 2.90  62.8 -0.362 19.64 21.52 01a59908o0126c
59908.293887  16.463  0.017   944   16 c  0   2.66 345.01469  15.97850  2061.51  7022.40 2.94 2.82  64.6 -0.372 19.69 21.46 01a59908o0179c
59909.248032  15.761  0.014  1802   25 o  0   8.36 345.01469  15.97850  2394.61   121.32 2.06 1.66 -69.0 -0.477 19.42 20.55 02a59909o0011o
59909.250913  15.952  0.019  1511   28 o  0   5.81 345.01469  15.97850  2374.58    81.78 2.14 1.64 -65.6 -0.473 19.47 20.55 02a59909o0017o
59909.256417  15.727  0.014  1859   27 o  0   8.48 345.01469  15.97850  2434.18   164.68 2.17 1.72 -64.7 -0.474 19.44 20.51 02a59909o0029o
59911.026571  15.800  0.028  1738   49 o  0   2.19 345.01469  15.97850    81.23  2520.92 3.16 2.11  45.0 -0.357 18.39 18.93 04a59911o0041o
59911.029739  15.690  0.018  1923   34 o  0   5.05 345.01469  15.97850   103.12  2557.86 3.16 2.08  47.6 -0.366 18.65 19.45 04a59911o0048o
59911.036496  22.231  6.783     5   32 o  0   0.81 345.01469  15.97850    49.02  2474.25 3.39 2.11  49.3 -0.368 18.93 20.07 04a59911o0063o
59911.048664  20.661  1.566    20   31 o  0   0.97 345.01469  15.97850    36.15  2583.82 3.12 2.01  55.0 -0.410 19.10 20.29 04a59911o0090o
59914.259291  15.811  0.015  1721   26 o  0   3.69 345.01469  15.97850  3144.96  5951.06 2.38 1.97  33.5 -0.422 19.15 19.98 02a59914o0175o
59914.262475  15.749  0.014  1822   25 o  0   3.51 345.01469  15.97850  3127.17  5911.25 2.27 1.91  32.4 -0.428 19.17 19.99 02a59914o0182o
59914.272531  15.833  0.016  1686   27 o  0   3.99 345.01469  15.97850  3186.22  5988.77 2.32 1.89  32.5 -0.433 18.98 19.72 02a59914o0204o
59914.278412  15.778  0.017  1773   30 o  0   3.72 345.01469  15.97850  3206.93  5872.24 2.39 1.89  31.9 -0.428 18.87 19.54 02a59914o0217o
59917.294961  15.746  0.014  1827   25 o  0   5.79 345.01469  15.97850  3128.85  5914.18 2.25 1.92  36.1 -0.438 18.84 19.40 02a59917o0194o
59917.306839  15.814  0.018  1715   30 o  0   3.58 345.01469  15.97850  3185.47  5991.72 2.24 1.88  36.0 -0.431 18.79 19.31 02a59917o0220o
59917.324974  15.769  0.019  1789   34 o  0   2.14 345.01469  15.97850  3206.02  5873.38 2.18 1.90  37.9 -0.438 18.65 19.02 02a59917o0260o
59920.776652  15.837  0.024  1680   40 o  0   1.56 345.01469  15.97850  5868.08  2337.21 2.44 2.13 -62.4 -0.408 18.09 18.06 03a59921o0028o
59920.779825  15.909  0.026  1572   41 o  0   1.94 345.01469  15.97850  5885.56  2375.67 2.49 2.15 -67.3 -0.413 18.24 18.40 03a59921o0035o
59920.785255  15.845  0.023  1667   38 o  0   2.14 345.01469  15.97850  5830.23  2295.61 2.53 2.18 -66.6 -0.408 18.33 18.64 03a59921o0047o
59920.795620  15.883  0.025  1610   40 o  0   1.49 345.01469  15.97850  5809.43  2409.72 2.55 2.19 -67.6 -0.404 18.33 18.65 03a59921o0070o
59965.217581  15.979  0.019  1474   27 o  0   3.13 345.01469  15.97850  6492.34  3804.98 2.49 2.03  32.1 -0.429 18.87 19.56 02a59965o0042o
59965.221658  15.970  0.017  1485   26 o  0   4.96 345.01469  15.97850  6472.03  3766.04 2.50 2.07  35.5 -0.425 18.95 19.75 02a59965o0051o
59965.227546  15.978  0.017  1475   25 o  0   3.67 345.01469  15.97850  6530.30  3843.32 2.43 2.08  32.5 -0.424 18.97 19.83 02a59965o0064o
59965.238452  16.153  0.020  1256   26 o  0   2.97 345.01469  15.97850  6550.55  3727.64 2.39 2.07  32.2 -0.422 19.00 19.82 02a59965o0088o
60067.602213  20.217  1.310    30   39 o  0   2.35 345.01469  15.97850 10080.18  6923.20 2.28 2.11  -3.2 -0.456 18.75 19.19 02a60067o0771o
60067.606352 -22.740  9.045    -3   26 o  0   3.43 345.01469  15.97850 10104.50  6961.71 2.19 2.08 -31.2 -0.465 18.90 19.44 02a60067o0780o
60067.611447  19.945  0.723    38   28 o  0   5.91 345.01469  15.97850 10049.11  6884.28 2.18 2.08 -14.7 -0.466 19.03 19.70 02a60067o0791o
60067.626908  20.414  3.188    25   79 o  0   1.35 345.01469  15.97850 10043.97  7000.14 2.17 2.08   6.2 -0.481 18.17 18.15 02a60067o0821o
60068.149071 -19.577  0.534   -54   29 o  0   1.64 345.01469  15.97850  4682.37 10171.75 2.69 2.21 -41.2 -0.372 18.67 19.18 03a60068o0973o
60068.155060  19.112  0.336    82   28 o  0   2.88 345.01469  15.97850  4662.30 10130.90 2.78 2.28 -40.3 -0.353 18.76 19.37 03a60068o0985o
60068.158260 -20.255  1.033   -29   30 o  0   1.62 345.01469  15.97850  4717.00 10209.79 2.65 2.19 -43.2 -0.374 18.85 19.49 03a60068o0992o
60068.164489  21.417  2.662    10   26 o  0   1.91 345.01469  15.97850  4736.19 10091.89 2.58 2.14 -43.9 -0.384 18.87 19.46 03a60068o1004o
60068.178113 -18.879  0.686  -102   70 o  0   1.28 345.01469  15.97850  4693.50 10147.79 2.96 2.41 -33.0 -0.342 17.65 17.45 03a60068o1031o
60068.398461  19.214  0.590    75   44 o  0   4.16 345.01469  15.97850  4378.16    82.37 2.18 2.02  65.6 -0.383 18.18 18.69 04a60068o0952o
60068.399858  20.404  1.086    25   27 o  0   4.01 345.01469  15.97850  4834.29 10260.07 2.59 1.96 -76.1 -0.386 18.31 18.86 04a60068o0955o
60068.401705 -19.890  1.492   -40   60 o  0   1.20 345.01469  15.97850  4357.46    43.36 2.40 2.16  51.2 -0.369 18.26 18.80 04a60068o0959o
60068.402614  19.665  0.740    49   37 o  0   1.79 345.01469  15.97850  4815.60 10220.90 2.54 1.93 -74.4 -0.413 18.36 18.92 04a60068o0961o
60068.409474 -18.753  0.337  -114   39 o  0   2.32 345.01469  15.97850  4870.13 10300.25 2.73 2.04 -80.6 -0.357 18.49 19.16 04a60068o0975o
60068.409924  20.500  1.513    23   35 o  0   2.47 345.01469  15.97850  4416.88   122.60 2.25 1.95  48.9 -0.387 18.44 19.07 04a60068o0976o
60068.418706  19.139  0.477    80   38 o  0   1.95 345.01469  15.97850  4890.29 10186.67 2.00 1.82 -41.6 -0.446 18.65 19.37 04a60068o0991o
60068.426288 -20.913  2.898   -16   45 o  0   1.69 345.01469  15.97850  4394.75    65.87 2.17 1.92  52.5 -0.382 18.26 18.69 04a60068o1005o
60068.427206 -18.734  0.397  -116   46 o  0   1.27 345.01469  15.97850  4845.82 10244.70 2.42 1.88 -74.3 -0.447 18.26 18.66 04a60068o1007o
60069.386660  18.217  0.291   188   55 o  0   1.84 345.01469  15.97850  4836.34 10257.14 2.77 2.13 -76.5 -0.354 17.91 18.17 04a60069o0948o
60069.389886  19.281  0.734    70   52 o  0   2.13 345.01469  15.97850  4816.41 10218.20 2.77 2.30 -78.5 -0.341 17.96 18.22 04a60069o0955o
60069.395829 -20.989  2.619   -15   38 o  0   2.73 345.01469  15.97850  4872.18 10297.69 2.70 2.04 -78.1 -0.355 18.06 18.29 04a60069o0968o
60069.418439  18.184  0.213   193   41 o  0   1.47 345.01469  15.97850  4884.63 10184.22 2.67 1.93 -75.3 -0.375 18.24 18.56 04a60069o1017o
60069.621168 -17.944  0.349  -241   84 o  0   3.10 345.01469  15.97850  5895.67 10512.82 2.26 2.09 -45.9 -0.426 18.24 18.34 02a60069o0817o
60071.596382 -19.754  0.632   -46   29 o  0   1.77 345.01469  15.97850  5197.98  4721.28 2.87 2.35  18.2 -0.383 18.35 18.84 02a60071o0767o
60071.606362 -20.302  1.256   -28   34 o  0   1.70 345.01469  15.97850  5225.73  4760.27 2.72 2.09  17.0 -0.415 18.40 18.85 02a60071o0789o
60071.618089 -19.610  0.621   -52   32 o  0   1.95 345.01469  15.97850  5176.12  4681.38 2.64 2.03  29.8 -0.404 18.37 18.61 02a60071o0814o
60071.624168 -20.384  2.264   -26   58 o  0   1.64 345.01469  15.97850  5161.26  4798.26 2.68 2.07  26.6 -0.404 17.74 17.69 02a60071o0827o
60074.384487 -18.505  0.810  -144  117 o  0   2.60 345.01469  15.97850  8455.44  3766.71 2.24 2.02 -21.1 -0.412 17.42 18.08 04a60074o0895o
60074.387688 -21.918  6.862    -6   43 o  0   2.61 345.01469  15.97850  8435.94  3728.18 2.34 2.30 -52.9 -0.399 18.07 18.60 04a60074o0902o
60074.394091 -19.588  0.707   -53   38 o  0   2.06 345.01469  15.97850  8494.45  3806.95 2.28 2.12 -16.4 -0.403 18.39 18.90 04a60074o0916o
60074.416390 -20.189  0.950   -30   29 o  0   2.23 345.01469  15.97850  8512.63  3694.51 2.30 2.20   3.0 -0.408 18.48 19.01 04a60074o0964o
60091.590139 -19.822  0.399   -43   17 o  0   4.06 345.01469  15.97850 10109.18  2553.36 2.00 1.77 -46.1 -0.487 19.35 20.32 02a60091o0710o
60091.590592 -20.047  0.607   -35   21 o  0   7.83 345.01469  15.97850    51.02  2543.85 1.79 1.77 -12.3 -0.467 19.33 20.24 02a60091o0711o
60091.594619 -20.004  0.553   -36   20 o  0   4.34 345.01469  15.97850    72.22  2583.08 1.82 1.78  29.9 -0.461 19.34 20.29 02a60091o0719o
60091.595070 -20.485  0.810   -23   19 o  0   3.90 345.01469  15.97850 10126.96  2593.46 1.99 1.80 -47.4 -0.477 19.39 20.35 02a60091o0720o
60091.600051  20.587  0.995    21   21 o  0   3.87 345.01469  15.97850 10069.00  2517.23 1.98 1.78 -49.1 -0.478 19.38 20.37 02a60091o0731o
60091.619530 -20.205  1.041   -30   31 o  0   1.58 345.01469  15.97850 10049.90  2637.35 1.92 1.78 -44.5 -0.482 18.74 19.23 02a60091o0766o
60093.574316  20.310  0.632    27   17 o  0   3.41 345.01469  15.97850  9662.37  4990.84 2.82 2.27 -49.9 -0.395 19.14 20.32 02a60093o0667o
60093.600819  20.635  0.971    20   20 o  0   2.25 345.01469  15.97850  9681.78  5031.52 2.18 1.98  22.7 -0.445 19.39 20.36 02a60093o0721o
60093.611597 -19.347  0.290   -66   19 o  0   4.75 345.01469  15.97850  9622.50  4956.91 2.18 1.97  24.3 -0.438 19.27 20.15 02a60093o0743o
60093.621646  20.138  1.055    32   34 o  0   1.54 345.01469  15.97850  9603.89  5074.53 2.28 1.97  21.7 -0.430 18.37 18.55 02a60093o0764o
60095.576068  21.648  2.698     8   22 o  0   3.98 345.01469  15.97850  8047.41  8498.30 2.30 2.01  36.0 -0.446 19.44 20.52 02a60095o0527o
60095.578885  21.734  2.179     7   16 o  0   5.66 345.01469  15.97850  8065.32  8539.16 2.39 2.03  31.9 -0.440 19.44 20.57 02a60095o0533o
60095.583897  21.265  1.643    11   19 o  0   4.48 345.01469  15.97850  8005.73  8461.19 2.40 2.09  33.8 -0.435 19.41 20.53 02a60095o0544o
60095.599203 -20.136  0.457   -32   15 o  0   8.30 345.01469  15.97850  7987.91  8580.18 2.42 2.02  35.4 -0.445 19.47 20.66 02a60095o0575o
60101.598568  19.481  1.023    59   60 o  0   0.97 345.01469  15.97850  7397.20  4633.16 2.55 2.06  30.7 -0.415 17.98 18.48 02a60101o0746o
60101.604042  20.866  1.792    16   29 o  0   1.51 345.01469  15.97850  7416.74  4672.16 2.39 2.04  32.9 -0.425 18.65 19.31 02a60101o0758o
60101.618773 -21.193  4.279   -12   52 o  0   1.52 345.01469  15.97850  7360.21  4596.88 2.62 2.29  37.7 -0.402 17.83 18.20 02a60101o0789o
60101.621937  18.091  0.917   211  193 o  0   1.06 345.01469  15.97850  7341.22  4710.71 3.19 2.93  33.6 -0.404 16.38 16.55 02a60101o0796o
60103.593056  20.504  1.033    23   24 o  0   4.94 345.01469  15.97850  2174.24  8789.83 2.16 2.00  64.7 -0.415 19.07 19.83 02a60103o0718o
60103.604158  21.353  2.417    10   25 o  0   9.43 345.01469  15.97850  2197.88  8831.95 2.11 1.96  11.8 -0.435 19.01 19.66 02a60103o0737o
60103.607051 -18.576  0.220  -135   30 o  0   2.99 345.01469  15.97850  2138.69  8755.28 2.19 2.02  10.8 -0.429 18.93 19.56 02a60103o0743o
60103.611119 -20.989  2.872   -15   42 o  0   2.55 345.01469  15.97850  2118.32  8870.64 2.10 1.91  15.8 -0.435 18.86 19.31 02a60103o0752o
60105.555038  20.770  1.506    18   27 o  0   1.97 345.01469  15.97850  1590.57  4899.88 3.19 2.80  82.5 -0.395 18.50 19.57 02a60105o0645o
60105.560232  18.914  0.310    99   31 o  0   1.60 345.01469  15.97850  1609.78  4940.79 2.72 2.25  23.9 -0.417 18.59 19.34 02a60105o0656o
60105.566834 -23.186 14.100    -2   27 o  0   1.58 345.01469  15.97850  1552.00  4862.52 2.67 2.40  26.2 -0.431 18.77 20.00 02a60105o0670o
60105.582954 -19.112  0.226   -82   19 o  0   3.56 345.01469  15.97850  1532.51  4979.08 2.66 2.09  26.3 -0.429 19.09 20.09 02a60105o0704o
60108.371062  19.594  0.448    53   24 o  0   3.47 345.01469  15.97850  6643.27  8222.70 2.16 1.93 -65.6 -0.392 19.03 20.10 04a60108o0925o
60108.374697  20.209  0.724    30   22 o  0   3.32 345.01469  15.97850  6624.16  8183.95 2.22 1.94 -67.1 -0.396 19.01 20.15 04a60108o0933o
60108.379679 -21.121  1.828   -13   24 o  0   3.75 345.01469  15.97850  6682.56  8262.26 2.12 1.90 -58.5 -0.400 19.05 20.05 04a60108o0944o
60108.390672 -20.012  0.515   -36   18 o  0   3.65 345.01469  15.97850  6704.28  8145.51 2.18 1.96 -57.8 -0.389 18.99 20.06 04a60108o0968o
60111.349727 -19.780  0.279   -44   12 c  0   3.59 345.01469  15.97850  2787.86  8432.86 2.68 1.91 -75.6 -0.372 19.30 21.03 04a60111o0892c
60111.357090 -19.394  0.278   -63   18 c  0   3.25 345.01469  15.97850  2770.29  8394.09 2.55 1.82 -76.8 -0.383 19.33 21.00 04a60111o0907c
60111.360713 -19.027  0.168   -89   15 c  0   3.82 345.01469  15.97850  2828.38  8470.54 2.61 1.88 -77.0 -0.370 19.32 20.99 04a60111o0915c
60111.371601 -20.916  1.075   -16   17 c  0   4.42 345.01469  15.97850  2850.21  8353.33 2.54 1.79 -77.2 -0.386 19.37 20.98 04a60111o0939c
60115.533803 -20.764  1.184   -18   21 c  0   4.06 345.01469  15.97850 10062.72   599.64 2.48 1.97 -60.1 -0.443 19.58 21.31 02a60115o0598c
60115.536970 -20.226  0.699   -30   21 c  0   3.06 345.01469  15.97850 10081.79   639.81 2.55 1.98 -60.1 -0.442 19.58 21.33 02a60115o0605c
60115.549173 -20.817  1.132   -17   19 c  0   4.77 345.01469  15.97850 10021.83   564.08 2.50 1.94 -60.2 -0.443 19.61 21.38 02a60115o0628c
60115.559883 -19.407  0.309   -63   19 c  0   4.08 345.01469  15.97850 10003.83   679.90 2.52 1.97 -61.2 -0.445 19.61 21.43 02a60115o0649c
60116.381838 -19.647  0.341   -50   17 c  0   4.07 345.01469  15.97850   294.31  3637.17 2.58 2.29  43.3 -0.351 19.15 21.01 04a60116o0004c
60117.571623 -19.767  0.355   -45   16 c  0   3.75 345.01469  15.97850 10352.81  6933.50 2.71 2.62 -50.1 -0.421 19.58 21.34 02a60117o0667c
60117.577253 -19.144  0.172   -80   14 c  0   6.61 345.01469  15.97850 10374.28  6974.57 2.87 2.72 -58.2 -0.415 19.53 21.33 02a60117o0679c
60117.590232 -19.065  0.174   -86   15 c  0   4.66 345.01469  15.97850 10313.17  6902.53 2.75 2.65 -53.4 -0.417 19.57 21.37 02a60117o0705c
60117.591657 -20.288  0.639   -28   18 c  0   3.08 345.01469  15.97850   149.04  6927.00 2.38 2.29 -11.5 -0.398 19.61 21.32 02a60117o0708c
60117.595370 -19.142  0.193   -80   16 c  0   6.41 345.01469  15.97850   170.07  6968.66 2.40 2.29  -6.6 -0.400 19.57 21.33 02a60117o0716c
60117.596781 -19.233  0.222   -74   16 c  0   5.00 345.01469  15.97850 10295.41  7020.58 2.67 2.59 -53.9 -0.422 19.58 21.37 02a60117o0719c
60117.607200 -20.323  0.552   -27   15 c  0   6.23 345.01469  15.97850   113.84  6891.40 2.51 2.38  10.2 -0.381 19.46 21.10 02a60117o0741c
60117.613271 -18.352  0.116  -166   19 c  0   3.24 345.01469  15.97850    94.64  7005.95 2.51 2.32  20.9 -0.357 19.16 20.56 02a60117o0754c
60119.124576  22.715  6.125     3   18 o  0   3.33 345.01469  15.97850  4672.21 10149.81 2.73 2.33 -30.5 -0.383 19.14 20.35 03a60119o0868o
60119.127626 -18.746  0.180  -115   21 o  0   2.98 345.01469  15.97850  4653.82 10110.43 2.86 2.38 -32.8 -0.377 19.12 20.36 03a60119o0874o
60119.133687 -18.936  0.212   -97   20 o  0   2.74 345.01469  15.97850  4710.61 10189.72 2.88 2.43 -32.0 -0.380 19.14 20.41 03a60119o0886o
60119.144232 -18.958  0.240   -95   23 o  0   2.46 345.01469  15.97850  4733.93 10072.84 2.81 2.44 -35.2 -0.376 19.13 20.41 03a60119o0907o
60123.570262 -19.006  0.136   -91   12 c  0   6.33 345.01469  15.97850  8545.42  1847.89 2.52 2.30 -71.3 -0.411 19.61 21.44 02a60123o0673c
60123.573312 -19.555  0.301   -55   16 c  0   2.27 345.01469  15.97850  8564.44  1887.98 2.54 2.30 -57.3 -0.410 19.61 21.46 02a60123o0679c
60123.580390 -19.506  0.257   -57   15 c  0   3.39 345.01469  15.97850  8504.06  1810.05 2.61 2.39 -53.3 -0.403 19.57 21.56 02a60123o0694c
60123.603875 -21.769  2.093    -7   15 c  0   3.19 345.01469  15.97850  8482.70  1933.62 2.42 2.24 -63.4 -0.412 19.58 21.41 02a60123o0740c
60125.555741 -21.036  1.128   -14   16 o  0   3.00 345.01469  15.97850  1791.09  6817.05 2.21 1.96  26.2 -0.434 19.53 20.83 02a60125o0657o
60125.559735  23.952 19.889     1   19 o  0   2.94 345.01469  15.97850  1809.77  6855.67 2.17 1.90  29.5 -0.436 19.54 20.82 02a60125o0665o
60125.565837  20.750  0.927    18   17 o  0   2.25 345.01469  15.97850  1749.60  6779.66 2.34 2.05  30.9 -0.418 19.48 20.84 02a60125o0678o
60125.573308 -19.298  0.249   -69   17 o  0   3.16 345.01469  15.97850  1727.64  6896.43 2.21 1.94  21.7 -0.430 19.54 20.86 02a60125o0692o
60126.301033 -18.759  0.201  -114   23 o  0   3.20 345.01469  15.97850  8558.67  8134.73 2.31 2.12 -46.3 -0.421 18.67 19.35 04a60126o0779o
60126.307449 -22.770  9.150    -3   26 o  0   2.87 345.01469  15.97850  8539.35  8096.27 2.21 1.88  -8.3 -0.414 18.70 19.39 04a60126o0793o
60126.310175 -18.546  0.211  -138   29 o  0   2.73 345.01469  15.97850  8598.16  8174.53 2.19 1.98 -13.8 -0.403 18.71 19.37 04a60126o0799o
60126.320245 -18.361  0.160  -164   26 o  0   2.57 345.01469  15.97850  8617.37  8058.38 2.49 2.25 -33.1 -0.389 18.69 19.49 04a60126o0821o
60128.285024  19.771  1.086    45   49 o  0   1.26 345.01469  15.97850  6422.21  1940.06 3.01 2.88  11.3 -0.387 17.93 18.52 04a60128o0746o
60128.304420  20.485  1.823    23   42 o  0   1.87 345.01469  15.97850  6403.89  1901.69 2.71 2.61 -10.8 -0.371 18.04 18.56 04a60128o0787o
60128.310807 -19.621  0.712   -52   37 o  0   2.12 345.01469  15.97850  6464.12  1978.87 2.53 2.49   5.3 -0.405 18.04 18.52 04a60128o0801o
60128.317521 -21.627  4.842    -8   39 o  0   1.75 345.01469  15.97850  6483.74  1862.04 2.68 2.61  80.4 -0.417 18.01 18.55 04a60128o0815o
60129.276204 -18.038  0.204  -221   45 o  0   2.22 345.01469  15.97850  6419.81  1938.80 2.68 2.61   1.1 -0.392 17.94 18.52 04a60129o0729o
60129.278923  19.345  0.653    66   43 o  0   2.13 345.01469  15.97850  6400.06  1900.17 2.63 2.58   3.9 -0.381 18.02 18.52 04a60129o0735o
60129.290894 -19.880  0.878   -40   36 o  0   1.71 345.01469  15.97850  6457.80  1978.29 2.28 2.18  -8.2 -0.402 18.19 18.57 04a60129o0761o
60129.304456 -18.472  0.243  -148   36 o  0   1.40 345.01469  15.97850  6479.71  1861.69 2.42 2.28  -3.2 -0.391 18.14 18.59 04a60129o0790o
60131.031578  19.462  0.651    60   39 o  0   1.80 345.01469  15.97850  6591.13 10099.40 3.21 2.44 -12.3 -0.357 18.01 18.22 03a60131o0751o
60131.034325 -20.126  1.381   -32   45 o  0   1.43 345.01469  15.97850  6572.41 10058.87 2.68 2.27 -35.2 -0.390 18.11 18.12 03a60131o0757o
60131.039532 -19.271  0.511   -71   36 o  0   1.98 345.01469  15.97850  6627.60 10138.54 2.74 2.23 -33.2 -0.383 18.32 18.41 03a60131o0768o
60131.055989 -21.633  4.895    -8   40 o  0   1.91 345.01469  15.97850  6647.23 10021.46 3.31 2.44  -9.5 -0.349 18.14 18.50 03a60131o0800o
60131.546204 -22.743  7.636    -3   22 o  0   3.89 345.01469  15.97850  9580.10  7686.74 2.25 2.24  -2.6 -0.459 18.99 19.57 02a60131o0426o
60131.549049 -20.027  0.714   -35   25 o  0   3.15 345.01469  15.97850  9599.64  7725.62 2.30 2.25 -16.6 -0.455 18.96 19.57 02a60131o0432o
60131.555864  19.184  0.325    77   25 o  0   2.71 345.01469  15.97850  9543.72  7646.77 2.25 2.21  15.5 -0.451 18.99 19.58 02a60131o0446o
60131.565624  21.526  2.197     9   20 o  0   5.68 345.01469  15.97850  9518.93  7768.34 2.25 2.14 -58.0 -0.455 18.93 19.74 02a60131o0466o
60132.383669 -20.365  1.539   -26   40 o  0   1.27 345.01469  15.97850  1938.33   522.47 2.99 2.20  49.1 -0.380 18.20 18.64 04a60132o0960o
60132.386934 -18.944  0.455   -96   44 o  0   1.31 345.01469  15.97850  1960.59   559.04 2.96 2.15  49.1 -0.396 18.21 18.64 04a60132o0967o
60132.414434  20.234  1.383    29   40 o  0   1.07 345.01469  15.97850  1923.99   456.89 2.73 2.02  47.0 -0.432 18.22 18.57 04a60132o1026o
60132.438087  18.668  0.345   124   43 o  0   1.59 345.01469  15.97850  1918.94   559.99 2.74 2.10  46.9 -0.438 18.11 18.47 04a60132o1076o
60133.545352 -18.596  0.339  -132   45 o  0   1.39 345.01469  15.97850  7595.67  7792.03 2.33 2.11  41.0 -0.444 18.24 18.42 02a60133o0622o
60133.548996  19.065  0.526    86   45 o  0   1.90 345.01469  15.97850  7617.17  7825.97 2.57 2.24  41.9 -0.422 18.20 18.47 02a60133o0629o
60133.551709 -19.185  0.470   -77   36 o  0   2.00 345.01469  15.97850  7557.70  7751.31 2.40 2.14  39.7 -0.433 18.46 18.81 02a60133o0635o
60133.557164 -19.125  0.377   -81   31 o  0   2.71 345.01469  15.97850  7539.02  7869.46 2.40 2.16  40.4 -0.434 18.73 19.31 02a60133o0646o
60134.331701  16.844  1.024   664  680 o  0   1.06 345.01469  15.97850  4574.96  3974.36 2.00 1.92 -30.0 -0.508 15.45 15.46 04a60134o0832o
60134.333534  18.957  4.466    95  424 o  0   1.22 345.01469  15.97850  4557.57  3935.91 1.99 1.93 -53.7 -0.481 15.64 15.69 04a60134o0836o
60134.336762  17.679  1.529   308  471 o  0   1.25 345.01469  15.97850  4616.21  4012.39 2.07 1.98 -45.1 -0.512 15.66 15.66 04a60134o0843o
60134.352269  16.741  0.686   730  501 o  0   1.30 345.01469  15.97850  4646.10  3893.67 1.97 1.86 -64.5 -0.440 15.19 15.17 04a60134o0876o
60137.110884 -19.231  0.261   -74   19 o  0   2.64 345.01469  15.97850  5953.46  2397.61 2.20 1.98 -35.8 -0.438 19.35 20.45 03a60137o0821o
60137.119758 -19.355  0.255   -66   17 o  0   2.45 345.01469  15.97850  5897.20  2319.28 2.21 1.97 -40.7 -0.434 19.37 20.47 03a60137o0840o
60137.138732 -19.102  0.191   -83   16 o  0   3.37 345.01469  15.97850  5878.59  2436.20 2.18 2.03 -34.2 -0.440 19.34 20.44 03a60137o0881o
60137.524824 -19.423  0.276   -62   17 o  0   3.27 345.01469  15.97850  1432.38  9539.60 2.24 2.00 -43.7 -0.482 19.50 20.82 02a60137o0541o
60137.552977  19.447  0.254    60   15 o  0   3.81 345.01469  15.97850  1459.15  9579.64 2.06 1.92 -37.1 -0.476 19.58 20.92 02a60137o0596o
60137.556070  20.222  0.562    30   17 o  0   3.39 345.01469  15.97850  1403.30  9499.57 2.04 1.94 -43.1 -0.482 19.54 20.94 02a60137o0602o
60137.560400 -20.483  0.727   -23   17 o  0   6.63 345.01469  15.97850  1381.39  9617.92 2.07 1.97 -44.0 -0.472 19.57 20.95 02a60137o0611o
60139.531853 -18.823  0.143  -107   15 c  0   3.34 345.01469  15.97850  5573.61  5957.26 3.48 3.34  29.2 -0.378 19.28 21.53 02a60139o0599c
60139.534112 -19.760  0.342   -45   16 c  0   2.26 345.01469  15.97850  5593.09  5995.32 2.93 2.75  32.4 -0.384 19.46 21.54 02a60139o0604c
60139.537278  20.930  0.965    15   15 c  0   3.11 345.01469  15.97850  5534.12  5918.51 2.86 2.64  38.6 -0.378 19.48 21.54 02a60139o0611c
60139.542725 -19.535  0.255   -56   14 c  0   3.46 345.01469  15.97850  5515.92  6034.14 3.04 2.78  36.6 -0.378 19.46 21.60 02a60139o0623c
60140.179824 -18.515  0.176  -143   25 o  0   3.24 345.01469  15.97850   489.14  8075.99 2.75 2.43 -69.3 -0.325 18.96 20.25 04a60140o0512o
60140.213977 -19.666  0.336   -49   17 o  0   3.60 345.01469  15.97850   452.24  8046.15 2.68 2.20 -78.2 -0.343 19.15 20.60 04a60140o0586o
60140.217182 -20.009  0.428   -36   15 o  0   5.51 345.01469  15.97850   511.93  8122.62 2.65 2.14 -71.6 -0.361 19.16 20.58 04a60140o0593o
60140.225980 -19.119  0.247   -82   20 o  0   3.16 345.01469  15.97850   528.46  8006.07 2.59 2.08 -73.7 -0.359 19.19 20.56 04a60140o0612o
60140.267934  17.800  0.097   275   27 o  0   5.91 345.01469  15.97850 10511.20  8067.29 2.63 1.96   6.1 -0.415 19.28 20.54 04a60140o0703o
60140.271111  18.978  0.439    93   41 o  0   4.66 345.01469  15.97850 10491.09  8028.50 2.27 2.06   8.8 -0.451 19.23 20.52 04a60140o0710o
60145.579143 -19.134  0.189   -81   15 c  0   2.23 345.01469  15.97850  2474.85  2053.67 2.55 2.41  54.2 -0.415 19.61 21.55 02a60145o0283c
60145.582307 -20.000  0.372   -36   14 c  0   3.82 345.01469  15.97850  2457.08  2016.13 2.50 2.38  42.6 -0.415 19.60 21.57 02a60145o0290c
60145.585222  22.945  5.812     2   14 c  0   3.91 345.01469  15.97850  2517.14  2094.93 2.56 2.41  49.7 -0.412 19.62 21.59 02a60145o0296c
60145.616371 -19.434  0.233   -61   14 c  0   3.15 345.01469  15.97850  2551.75  1977.39 2.61 2.49  53.1 -0.409 19.45 21.23 02a60145o0359c
60145.624910 -19.872  0.575   -41   24 c  0   2.32 345.01469  15.97850  2518.85  2035.49 2.51 2.37  59.6 -0.419 18.67 19.74 02a60145o0375c
60146.221485  19.205 13.250    76 1001 o  0   0.93 345.01469  15.97850  2674.23  4010.17 2.18 2.01  67.9 -0.415 14.86 16.27 04a60146o0402o
60147.498829 -19.748  0.328   -46   15 c  0   2.72 345.01469  15.97850  7872.00  6555.39 2.81 2.56  35.1 -0.396 19.51 21.32 02a60147o0530c
60147.503615  20.552  0.669    22   15 c  0   3.88 345.01469  15.97850  7890.27  6594.85 2.72 2.53  35.2 -0.405 19.54 21.32 02a60147o0538c
60147.506780 -22.890  5.800    -2   15 c  0   3.73 345.01469  15.97850  7833.32  6519.17 2.70 2.56  43.5 -0.404 19.47 21.30 02a60147o0545c
60147.531100 -18.989  0.160   -92   15 c  0   2.87 345.01469  15.97850  7832.38  6639.58 2.71 2.49  33.9 -0.405 19.63 21.44 02a60147o0596c
60149.494993 -20.019  0.454   -36   16 c  0   3.76 345.01469  15.97850  8084.11 10458.34 2.73 2.67 -32.7 -0.392 19.63 21.60 02a60149o0540c
60149.496810 -18.008  0.127  -227   29 c  0   4.68 345.01469  15.97850  8104.81 10495.95 2.69 2.59 -56.8 -0.408 19.67 21.60 02a60149o0544c
60149.499989 -20.791  0.768   -18   14 c  0   4.46 345.01469  15.97850  8045.28 10418.48 2.68 2.65 -59.5 -0.400 19.65 21.62 02a60149o0551c
60151.506538 -19.767  0.284   -45   13 c  0   4.01 345.01469  15.97850  7333.32  4620.06 2.57 2.33  38.3 -0.399 19.64 21.57 02a60151o0543c
60151.508346  20.512  0.532    23   12 c  0   4.85 345.01469  15.97850  7353.14  4661.95 2.55 2.32  37.5 -0.400 19.67 21.57 02a60151o0547c
60151.535071 -19.661  0.237   -50   12 c  0   4.35 345.01469  15.97850  7315.99  4587.18 2.55 2.36  41.0 -0.400 19.68 21.53 02a60151o0601c
60151.555770 -18.890  0.128  -101   13 c  0   5.02 345.01469  15.97850  3176.41  5853.71 2.71 2.35  20.8 -0.404 19.61 21.58 02a60151o0642c
60153.498405 -20.290  0.668   -28   19 c  0   5.21 345.01469  15.97850  2098.78  8782.64 2.53 2.45 -15.8 -0.412 19.56 21.45 02a60153o0547c
60153.501610  19.932  0.419    39   16 c  0   4.82 345.01469  15.97850  2120.56  8821.83 2.57 2.51 -37.8 -0.407 19.54 21.44 02a60153o0553c
60153.504775 -19.041  0.198   -88   17 c  0   3.59 345.01469  15.97850  2063.60  8744.56 2.66 2.56 -44.1 -0.404 19.51 21.45 02a60153o0560c
60153.540431 -19.972  0.346   -37   13 c  0   4.51 345.01469  15.97850  8404.94  1692.43 2.92 2.64 -21.9 -0.388 19.51 21.57 02a60153o0631c
60155.495143 -19.830  0.477   -42   20 o  0   3.17 345.01469  15.97850  1521.28  4889.53 2.24 1.93  28.8 -0.455 19.15 19.89 02a60155o0541o
60155.499760 -20.069  0.518   -34   18 o  0   3.47 345.01469  15.97850  1544.71  4927.13 2.28 1.88  34.0 -0.452 19.19 19.90 02a60155o0550o
60155.503380 -23.592 14.182    -1   19 o  0   3.08 345.01469  15.97850  1488.15  4852.00 2.37 1.97  36.4 -0.443 19.12 19.92 02a60155o0558o
60155.527128 -19.147  0.218   -80   17 o  0   4.82 345.01469  15.97850  1488.80  4967.40 2.26 1.94  33.0 -0.455 19.21 20.06 02a60155o0606o
60156.255342 -20.926  1.855   -16   29 o  0   1.69 345.01469  15.97850  4463.43  2040.77 2.08 1.98  36.5 -0.461 18.57 19.15 04a60156o0662o
60156.257160  20.856  1.827    16   30 o  0   2.29 345.01469  15.97850  4444.33  2001.96 2.06 1.98  39.0 -0.448 18.60 19.16 04a60156o0666o
60156.263501 -19.689  0.573   -48   28 o  0   2.13 345.01469  15.97850  4505.83  2078.52 2.20 2.08  20.8 -0.446 18.58 19.23 04a60156o0680o
60156.285896 -19.351  0.435   -66   29 o  0   2.32 345.01469  15.97850  4534.52  1958.80 2.01 1.94  -5.7 -0.426 18.43 18.94 04a60156o0727o
