MJD          m      dm   uJy   duJy F err chi/N     RA       Dec        x        y     maj  min   phi  apfit mag5sig Sky   Obs
59689.291041 -21.949  1.967    -6   12 o  0   0.87 134.19779  29.92298  9494.90  2128.07 2.01 1.83 -54.9 -0.467 19.40 20.50 02a59689o0139o
59689.294314 -22.353  3.024    -4   13 o  0   1.11 134.19779  29.92298  9476.74  2090.36 2.00 1.83 -50.9 -0.466 19.42 20.48 02a59689o0146o
59689.299800 -20.388  0.545   -25   14 o  0   0.78 134.19779  29.92298  9536.99  2171.71 2.17 2.00 -48.4 -0.452 19.32 20.46 02a59689o0158o
59689.309738  21.701  1.904     8   14 o  0   0.60 134.19779  29.92298  9559.02  2053.15 2.07 1.85 -54.7 -0.465 19.39 20.44 02a59689o0179o
59690.307548  21.966  1.927     6   11 c  0   1.40 134.19779  29.92298  3982.04  8761.51 2.51 2.40  26.5 -0.408 19.48 21.36 02a59690o0179c
59690.310746  21.704  1.370     8   10 c  0   1.38 134.19779  29.92298  3962.87  8721.52 2.46 2.33  28.8 -0.404 19.50 21.35 02a59690o0186c
59690.316275   0.000 21.018    -0   14 c  0   0.77 134.19779  29.92298  4019.19  8797.58 2.49 2.33  29.6 -0.410 19.52 21.34 02a59690o0198c
59690.326326  20.433  0.642    24   16 c  0   0.90 134.19779  29.92298  4038.19  8680.42 2.46 2.33  26.4 -0.409 19.50 21.31 02a59690o0220c
59691.342608  21.040  1.304    14   18 o  0   1.46 134.19779  29.92298  7067.13  8174.82 2.90 2.71  48.8 -0.447 18.91 20.23 01a59691o0020o
59691.346273 -24.395 31.333    -1   20 o  0   0.84 134.19779  29.92298  7088.46  8213.45 2.82 2.68  52.5 -0.452 19.08 20.33 01a59691o0028o
59691.351745 -23.293  9.778    -2   17 o  0   1.02 134.19779  29.92298  7029.03  8137.88 2.87 2.67  51.9 -0.451 19.16 20.40 01a59691o0040o
59691.362722 -18.005  0.935  -228  213 o  0   0.94 134.19779  29.92298  7013.73  8258.12 2.86 2.73  58.2 -0.443 16.57 17.79 01a59691o0064o
59692.265557  22.473  3.857     4   14 o  0   1.78 134.19779  29.92298  7052.98  8167.01 2.72 2.69  75.6 -0.464 19.20 20.31 01a59692o0094o
59692.268774 -22.416  3.773    -4   15 o  0   1.31 134.19779  29.92298  7075.93  8206.88 2.76 2.68  36.0 -0.462 19.18 20.32 01a59692o0101o
59692.282028 -21.465  2.263    -9   21 o  0   1.18 134.19779  29.92298  7016.24  8132.89 2.78 2.73  61.9 -0.451 18.84 19.97 01a59692o0129o
59692.291752 -19.754  0.795   -46   36 o  0   1.08 134.19779  29.92298  7002.35  8251.66 2.76 2.71  73.0 -0.466 18.29 19.44 01a59692o0149o
59693.305172 -20.423  1.160   -25   28 c  0   1.55 134.19779  29.92298  3979.86  8758.24 2.52 2.39  22.5 -0.398 18.55 20.19 02a59693o0173c
59693.310675  19.975  1.354    37   50 c  0   0.91 134.19779  29.92298  3960.76  8719.25 2.51 2.39  29.3 -0.400 17.97 19.57 02a59693o0185c
59693.313890 -20.202  1.208   -30   36 c  0   1.56 134.19779  29.92298  4017.75  8796.47 2.67 2.59  26.1 -0.393 18.32 19.99 02a59693o0192c
59693.324409  20.767  2.951    18   53 c  0   0.78 134.19779  29.92298  4037.56  8679.45 2.53 2.44  27.3 -0.402 18.00 19.80 02a59693o0215c
59694.264874  21.310  1.184    11   13 c  0   0.90 134.19779  29.92298  3987.24  8758.82 2.53 2.38  31.2 -0.407 19.46 21.26 02a59694o0083c
59694.267643 -20.246  0.467   -29   14 c  0   1.21 134.19779  29.92298  3967.40  8718.89 2.50 2.42  28.4 -0.414 19.45 21.26 02a59694o0089c
59694.272816  22.221  2.833     5   13 c  0   0.98 134.19779  29.92298  4025.29  8799.33 2.61 2.54  13.7 -0.396 19.38 21.26 02a59694o0100c
59694.295717 -20.407  0.477   -25   12 c  0   1.22 134.19779  29.92298  4046.67  8681.17 2.48 2.43   8.0 -0.407 19.42 21.26 02a59694o0149c
59695.260766  22.012  3.182     6   18 o  0   0.73 134.19779  29.92298  7054.53  8167.41 2.69 2.62 -58.0 -0.476 19.21 20.34 01a59695o0078o
59695.263968 -21.274  1.323   -11   15 o  0   1.11 134.19779  29.92298  7076.00  8206.83 2.69 2.61 -63.0 -0.474 19.20 20.33 01a59695o0085o
59695.273923 -21.513  1.577    -9   14 o  0   1.27 134.19779  29.92298  7017.20  8133.94 2.68 2.65  69.0 -0.472 19.21 20.35 01a59695o0106o
59695.282989  19.906  0.445    40   18 o  0   0.91 134.19779  29.92298  7001.32  8252.73 2.69 2.66  81.8 -0.467 19.21 20.41 01a59695o0125o
59696.304860  22.114  4.667     5   24 o  0   1.16 134.19779  29.92298  5098.35  8322.48 2.70 2.63 -50.5 -0.475 18.74 20.06 01a59696o0173o
59696.309000  19.695  0.387    48   19 o  0   1.18 134.19779  29.92298  5119.53  8361.50 2.70 2.65 -58.8 -0.469 18.98 20.31 01a59696o0182o
59696.315941  19.372  0.254    65   16 o  0   1.30 134.19779  29.92298  5060.56  8286.15 2.70 2.67 -70.9 -0.465 19.08 20.37 01a59696o0197o
59696.330688  20.045  0.387    35   14 o  0   1.49 134.19779  29.92298  5045.03  8405.68 2.68 2.65 -76.7 -0.468 19.28 20.58 01a59696o0229o
59697.260708  17.281  0.430   444  191 c  0   1.07 134.19779  29.92298  3985.75  8757.39 2.50 2.41  33.8 -0.402 16.64 17.85 02a59697o0071c
59697.263905  18.974  0.602    93   56 c  0   1.25 134.19779  29.92298  3966.59  8717.38 2.46 2.34  36.4 -0.408 17.93 19.17 02a59697o0078c
59697.269085  18.815  0.205   108   22 c  0   0.68 134.19779  29.92298  4023.70  8795.46 2.40 2.35  37.2 -0.410 18.71 20.09 02a59697o0089c
59697.278998  18.861  0.114   104   12 c  0   1.38 134.19779  29.92298  4043.23  8680.09 2.40 2.32  29.3 -0.410 19.43 20.85 02a59697o0110c
59698.333623  18.836  0.124   106   13 c  0   0.99 134.19779  29.92298  5258.11   511.80 2.36 2.15 -81.4 -0.422 19.46 21.06 02a59698o0184c
59698.336835  18.892  0.133   101   13 c  0   0.96 134.19779  29.92298  5238.67   471.78 2.37 2.18 -80.7 -0.427 19.48 21.05 02a59698o0191c
59698.342329  18.771  0.114   113   13 c  0   0.93 134.19779  29.92298  5299.00   550.34 2.36 2.18 -79.8 -0.419 19.49 21.02 02a59698o0203c
59698.354684  18.758  0.140   114   16 c  0   0.84 134.19779  29.92298  5321.25   430.32 2.45 2.23 -73.8 -0.420 19.40 21.00 02a59698o0230c
59699.304566  18.703  0.143   120   17 o  0   0.80 134.19779  29.92298  5096.98  8320.01 2.63 2.58  68.2 -0.473 19.23 20.27 01a59699o0178o
59699.308711  18.993  0.176    92   16 o  0   1.31 134.19779  29.92298  5118.22  8359.20 2.63 2.53 -49.7 -0.486 19.14 20.23 01a59699o0187o
59699.315161  21.678  4.870     8   38 o  0   1.15 134.19779  29.92298  5059.36  8282.57 2.62 2.58  75.7 -0.479 18.46 19.49 01a59699o0201o
59699.326224  19.199  0.511    76   39 o  0   1.17 134.19779  29.92298  5043.39  8403.12 2.60 2.55 -59.3 -0.489 18.27 19.27 01a59699o0225o
59705.249469 -17.971 10.600  -235 2493 o  0   0.93 134.19779  29.92298  5248.75   480.08 2.14 1.89  55.4 -0.436 13.06 13.30 02a59705o0025o
59705.270997 -19.087  2.490   -84  210 o  0   0.77 134.19779  29.92298  5329.22   439.73 2.02 1.88  79.2 -0.450 16.24 16.49 02a59705o0072o
59708.241385  19.006  0.280    91   25 o  0   1.44 134.19779  29.92298  9718.90 10235.46 2.90 2.76  88.5 -0.422 18.72 19.25 01a59708o0027o
59708.244772  18.877  0.248   102   25 o  0   0.88 134.19779  29.92298  9741.51 10274.74 2.91 2.77  79.9 -0.422 18.75 19.35 01a59708o0034o
59708.254613  18.358  0.141   165   23 o  0   1.34 134.19779  29.92298  9678.95 10200.01 2.91 2.77  79.3 -0.420 18.78 19.40 01a59708o0054o
59708.261530  18.876  0.250   102   26 o  0   0.96 134.19779  29.92298  9661.00 10321.32 3.00 2.80 -86.1 -0.424 18.74 19.40 01a59708o0068o
59710.244204  19.418  0.464    62   29 o  0   0.85 134.19779  29.92298  7572.45  6846.12 2.56 2.04  35.1 -0.433 18.53 18.87 02a59710o0020o
59710.248396  18.750  0.207   115   24 o  0   1.07 134.19779  29.92298  7553.63  6807.27 2.52 1.95  34.6 -0.433 18.80 19.11 02a59710o0029o
59710.256119  18.634  0.198   128   25 o  0   0.74 134.19779  29.92298  7611.74  6885.58 2.58 2.04  35.4 -0.427 18.86 19.31 02a59710o0045o
59710.270817  18.941  0.253    96   24 o  0   1.10 134.19779  29.92298  7631.40  6769.90 2.55 2.09  33.9 -0.428 18.82 19.31 02a59710o0077o
59711.253633  18.473  0.168   148   25 o  0   1.08 134.19779  29.92298   642.99   187.59 2.62 2.40 -51.8 -0.628 18.90 19.55 01a59711o0045o
59711.254094  18.575  0.168   135   23 o  0   0.98 134.19779  29.92298  9720.64 10238.45 2.82 2.71  83.5 -0.442 18.87 19.59 01a59711o0046o
59711.259250  18.670  0.200   124   25 o  0   1.58 134.19779  29.92298  9741.15 10278.02 2.90 2.73  76.2 -0.429 18.61 19.21 01a59711o0057o
59711.259710  18.935  0.329    97   32 o  0   0.90 134.19779  29.92298   666.32   227.24 2.46 2.35 -63.9 -0.633 18.59 19.19 01a59711o0058o
59711.271011  18.715  0.184   119   22 o  0   1.14 134.19779  29.92298  9680.14 10204.81 2.93 2.74  70.6 -0.430 18.93 19.63 01a59711o0082o
59711.272854  18.117  0.148   206   30 o  0   0.92 134.19779  29.92298   609.24   148.32 2.66 2.51 -58.3 -0.602 18.85 19.58 01a59711o0086o
59711.277555  19.300  0.322    69   22 o  0   1.30 134.19779  29.92298  9663.53 10324.91 3.02 2.71  56.4 -0.430 18.82 19.59 01a59711o0096o
59711.278017  18.518  0.204   142   29 o  0   0.83 134.19779  29.92298   596.84   267.15 2.49 2.37 -60.4 -0.635 18.84 19.55 01a59711o0097o
59712.280517  18.795  0.353   110   39 o  0   0.79 134.19779  29.92298  7181.02  5943.48 2.74 2.62 -61.6 -0.485 18.61 19.34 01a59712o0116o
59712.283740  19.772  0.664    45   30 o  0   1.07 134.19779  29.92298  7201.94  5984.08 2.68 2.59 -61.6 -0.489 18.71 19.28 01a59712o0123o
59712.291100  18.391  0.261   160   42 o  0   1.09 134.19779  29.92298  7141.27  5909.30 4.45 3.59  38.9 -0.196 18.20 19.17 01a59712o0139o
59712.307683  18.905  0.373   100   37 o  0   0.92 134.19779  29.92298  7123.21  6029.25 2.80 2.70  45.8 -0.457 18.56 19.12 01a59712o0175o
59712.974412  18.403  0.263   158   42 o  0   1.14 134.19779  29.92298  1037.81  8407.77 3.20 2.70 -83.8 -0.348 18.03 18.56 04a59713o0070o
59712.978614  20.396  1.810    25   46 o  0   0.89 134.19779  29.92298  1061.29  8444.80 3.10 2.59  89.4 -0.360 18.11 18.60 04a59713o0079o
59712.984686  18.427  0.317   155   49 o  0   0.94 134.19779  29.92298  1007.34  8362.39 3.38 2.95 -89.0 -0.373 17.99 18.63 04a59713o0092o
59712.997314  19.369  0.672    65   44 o  0   1.05 134.19779  29.92298   996.72  8472.93 3.15 2.66 -88.4 -0.341 18.05 18.57 04a59713o0118o
59714.295046  18.965  0.259    94   24 o  0   0.95 134.19779  29.92298  1592.52  2479.45 2.06 2.00 -60.2 -0.447 18.64 18.97 02a59714o0137o
59714.300530  19.080  0.274    85   23 o  0   1.30 134.19779  29.92298  1573.75  2439.61 2.05 1.98 -59.6 -0.456 18.67 18.93 02a59714o0149o
59714.304675  18.661  0.200   125   25 o  0   1.01 134.19779  29.92298  1634.24  2515.46 2.14 1.93 -53.4 -0.460 18.61 18.91 02a59714o0158o
59714.318850  18.987  0.321    92   30 o  0   1.07 134.19779  29.92298  1655.53  2396.18 2.18 1.98 -55.8 -0.454 18.49 18.77 02a59714o0189o
59715.279099  19.320  0.718    68   49 o  0   0.71 134.19779  29.92298  7179.13  5945.99 2.69 2.63 -66.1 -0.489 18.44 18.87 01a59715o0108o
59715.282779  19.252  0.663    72   48 o  0   1.12 134.19779  29.92298  7200.83  5984.76 2.87 2.69  42.5 -0.453 18.38 18.85 01a59715o0116o
59715.288303  18.657  0.383   125   48 o  0   1.05 134.19779  29.92298  7140.55  5910.47 2.69 2.56 -58.0 -0.499 18.38 18.82 01a59715o0128o
59715.298901  20.598  2.752    21   58 o  0   0.70 134.19779  29.92298  7124.91  6030.08 2.72 2.58 -55.2 -0.498 18.31 18.72 01a59715o0151o
59717.284288  18.750  0.114   115   13 o  0   1.30 134.19779  29.92298  1589.66  2479.13 2.04 1.91  37.3 -0.453 19.33 20.27 02a59717o0106o
59717.287953  18.914  0.158    99   16 o  0   0.71 134.19779  29.92298  1571.60  2439.74 1.94 1.92 -61.4 -0.461 19.36 20.24 02a59717o0114o
59717.294818  19.018  0.138    90   12 o  0   1.57 134.19779  29.92298  1631.73  2514.04 1.96 1.94  25.9 -0.459 19.29 20.11 02a59717o0129o
59717.305671  18.903  0.179   100   18 o  0   1.08 134.19779  29.92298  1652.10  2397.79 2.04 1.97  36.8 -0.447 19.01 19.66 02a59717o0152o
59720.307544  18.755  0.156   114   18 o  0   0.96 134.19779  29.92298  2690.28  2062.67 2.52 2.49  82.1 -0.506 19.11 20.16 01a59720o0019o
59720.313069  18.724  0.142   118   17 o  0   1.04 134.19779  29.92298  2713.91  2101.85 2.55 2.52  40.0 -0.496 19.03 20.14 01a59720o0031o
59720.316289  18.784  0.158   111   18 o  0   0.90 134.19779  29.92298  2654.95  2025.28 2.58 2.51  40.2 -0.496 19.00 20.13 01a59720o0038o
59720.326431  18.843  0.192   105   20 o  0   0.98 134.19779  29.92298  2642.85  2141.18 2.59 2.58  89.2 -0.494 18.99 20.07 01a59720o0060o
59722.276422  19.029  0.155    89   14 c  0   1.30 134.19779  29.92298  9715.31  8555.91 2.88 2.61  19.5 -0.386 19.39 20.68 02a59722o0089c
59722.280083  19.496  0.280    58   16 c  0   0.97 134.19779  29.92298  9699.12  8514.05 2.79 2.58  15.2 -0.389 19.35 20.69 02a59722o0097c
59722.287402  18.874  0.142   102   14 c  0   1.13 134.19779  29.92298  9756.77  8595.86 2.89 2.61  21.0 -0.388 19.33 20.68 02a59722o0113c
59722.297463  18.959  0.163    95   16 c  0   1.12 134.19779  29.92298  9777.07  8477.18 2.86 2.56  19.6 -0.389 19.32 20.68 02a59722o0135c
59723.273477  19.480  0.320    59   19 o  0   0.92 134.19779  29.92298  2685.06  2059.57 2.54 2.45 -53.8 -0.522 19.14 20.19 01a59723o0090o
59723.277161  19.028  0.197    89   18 o  0   1.02 134.19779  29.92298  2705.54  2099.73 2.52 2.49  76.9 -0.511 19.11 20.16 01a59723o0098o
59723.282684  18.713  0.139   119   16 o  0   1.28 134.19779  29.92298  2647.35  2022.70 2.55 2.46 -57.3 -0.524 19.15 20.15 01a59723o0110o
59723.295120  19.763  0.397    45   18 o  0   0.85 134.19779  29.92298  2631.01  2138.89 2.62 2.60  18.6 -0.491 19.07 20.11 01a59723o0137o
59724.273416  18.751  0.136   115   16 o  0   1.19 134.19779  29.92298  2681.91  2056.68 2.51 2.45 -51.5 -0.524 19.19 20.25 01a59724o0090o
59724.277098  19.227  0.199    74   15 o  0   1.35 134.19779  29.92298  2703.97  2095.27 2.55 2.52 -76.6 -0.508 19.16 20.22 01a59724o0098o
59724.282626  18.677  0.148   123   18 o  0   1.07 134.19779  29.92298  2645.19  2018.85 2.62 2.50 -57.6 -0.525 19.18 20.20 01a59724o0110o
59724.295066  18.964  0.198    94   19 o  0   1.01 134.19779  29.92298  2630.91  2138.66 2.63 2.48 -42.9 -0.529 19.20 20.22 01a59724o0137o
59725.276341  19.456  0.252    60   15 c  0   1.48 134.19779  29.92298  9720.67  8559.85 2.84 2.60  16.5 -0.383 19.37 20.69 02a59725o0080c
59725.279553  19.004  0.163    91   15 c  0   1.31 134.19779  29.92298  9701.68  8519.27 2.87 2.58  18.8 -0.382 19.33 20.68 02a59725o0087c
59725.286411  19.045  0.194    88   17 c  0   0.81 134.19779  29.92298  9760.62  8598.90 2.85 2.58  15.0 -0.385 19.33 20.67 02a59725o0102c
59725.297413  19.251  0.228    72   16 c  0   1.44 134.19779  29.92298  9781.95  8480.44 2.90 2.73  -1.5 -0.382 19.25 20.60 02a59725o0126c
59726.278122  19.076  0.190    85   16 c  0   0.91 134.19779  29.92298  9722.04  8560.16 2.87 2.52  20.2 -0.383 19.33 20.69 02a59726o0091c
59726.281327  19.266  0.245    71   18 c  0   0.62 134.19779  29.92298  9703.48  8520.01 2.88 2.55  19.6 -0.382 19.36 20.69 02a59726o0098c
59726.287273  19.040  0.183    88   16 c  0   1.14 134.19779  29.92298  9761.63  8599.72 2.92 2.53  20.0 -0.387 19.30 20.67 02a59726o0111c
59726.298742  18.856  0.158   104   16 c  0   0.99 134.19779  29.92298  9781.06  8482.20 2.89 2.52  19.3 -0.390 19.27 20.61 02a59726o0136c
59728.262026  19.740  1.212    46   56 o  0   1.30 134.19779  29.92298  9024.82  3851.30 2.77 2.52 -64.6 -0.496 17.66 18.74 01a59728o0055o
59728.265247  19.020  0.574    90   51 o  0   0.93 134.19779  29.92298  9045.00  3890.92 2.83 2.71  23.1 -0.446 17.73 18.82 01a59728o0062o
59728.270776  18.523  0.497   142   70 o  0   1.33 134.19779  29.92298  8987.21  3816.21 2.71 2.61 -68.8 -0.479 17.46 18.52 01a59728o0074o
59728.280912  16.723  0.523   743  388 o  0   1.42 134.19779  29.92298  8970.39  3937.52 2.72 2.59 -69.5 -0.505 15.89 17.07 01a59728o0096o
59730.267838  19.359  2.154    66  141 c  0   1.14 134.19779  29.92298  7511.17  2197.53 2.86 2.77  47.4 -0.394 16.79 18.05 02a59730o0064c
59730.271951  19.855  2.760    42  115 c  0   1.01 134.19779  29.92298  7492.80  2156.66 2.87 2.83  65.8 -0.379 16.16 17.35 02a59730o0073c
59730.278807  19.173  0.743    78   58 c  0   1.39 134.19779  29.92298  7551.29  2234.87 3.01 2.95 -68.8 -0.381 16.90 18.27 02a59730o0088c
59730.291624  18.005  1.640   228  374 c  0   0.81 134.19779  29.92298  7573.12  2117.21 2.65 2.63 -87.5 -0.365 16.82 18.05 02a59730o0116c
59739.249518  20.087  1.533    34   51 o  0   1.38 134.19779  29.92298  7101.24  4024.11 2.80 2.66  36.5 -0.462 17.87 17.88 01a59739o0030o
59739.252739  18.979  0.407    93   38 o  0   0.82 134.19779  29.92298  7122.64  4063.29 2.60 2.58  46.6 -0.493 18.30 18.57 01a59739o0037o
59739.259180  18.157  0.136   198   27 o  0   0.91 134.19779  29.92298  7065.08  3987.71 2.78 2.64  44.6 -0.461 18.60 19.19 01a59739o0051o
59739.270231  18.660  0.194   125   24 o  0   1.37 134.19779  29.92298  7050.15  4106.84 2.93 2.68  38.6 -0.436 18.63 19.32 01a59739o0075o
59741.253615 -19.232  2.746   -74  202 o  0   1.48 134.19779  29.92298  5897.85  8673.02 2.72 2.43  30.8 -0.454 17.41 17.56 02a59741o0032o
59741.256818  20.447  3.747    24   90 o  0   1.17 134.19779  29.92298  5878.75  8633.66 2.50 2.05  30.4 -0.456 18.18 18.25 02a59741o0039o
59741.264127  18.377  0.338   162   55 o  0   1.05 134.19779  29.92298  5935.94  8711.57 2.93 2.69  32.1 -0.407 18.30 18.92 02a59741o0055o
59741.274195  21.202  3.224    12   39 o  0   1.24 134.19779  29.92298  5953.99  8595.22 2.81 2.45  32.1 -0.395 18.50 19.04 02a59741o0077o
59744.253721  16.747  1.503   726 1092 o  0   0.19 134.19779  29.92298  4505.09    34.45 2.67 2.64 -75.8 -0.469 17.87 18.04 01a59744o0036o
59744.256945  20.723  2.289    19   43 o  0   1.36 134.19779  29.92298  3427.96 10215.25 2.85 2.72 -76.6 -0.450 18.07 18.31 01a59744o0043o
59744.260628  18.437  0.300   153   46 o  0   1.08 134.19779  29.92298  3448.35 10254.65 2.82 2.66 -57.9 -0.470 18.09 18.39 01a59744o0051o
59744.268913  17.979  0.193   234   45 o  0   1.27 134.19779  29.92298  3385.38 10177.90 3.05 2.83 -51.7 -0.457 18.04 18.37 01a59744o0069o
59744.272133  18.302  0.276   174   48 o  0   1.03 134.19779  29.92298  4436.32    74.41 3.16 3.09 -75.3 -0.389 17.84 18.28 01a59744o0076o
59744.279045  18.536  0.370   140   52 o  0   1.00 134.19779  29.92298  3367.08 10296.06 3.16 2.86 -46.9 -0.450 17.94 18.28 01a59744o0091o
59746.252420  17.904  0.356   250   89 o  0   1.26 134.19779  29.92298  1462.42  4709.95 2.91 2.76  11.5 -0.397 16.92 17.05 02a59746o0027o
59746.255619  18.371  0.418   163   68 o  0   0.84 134.19779  29.92298  1443.88  4670.38 3.10 2.96  -2.7 -0.403 17.22 17.67 02a59746o0034o
59746.261101  18.603  0.352   131   46 o  0   0.82 134.19779  29.92298  1502.53  4744.11 3.27 3.16   2.0 -0.393 17.94 18.71 02a59746o0046o
59746.271157  18.969  0.271    94   25 o  0   1.08 134.19779  29.92298  1523.01  4627.33 3.11 2.98   3.9 -0.401 18.42 19.50 02a59746o0068o
59747.251403  20.595  2.393    21   50 o  0   1.78 134.19779  29.92298  3422.83 10211.86 2.70 2.57 -62.8 -0.485 17.81 17.95 01a59747o0031o
59747.254163  17.584  0.230   336   77 o  0   3.86 134.19779  29.92298  4502.51    31.77 2.62 2.55  84.3 -0.445 18.23 18.54 01a59747o0037o
59747.254622  19.938  0.819    38   32 o  0   1.24 134.19779  29.92298  3443.18 10252.20 2.70 2.59 -74.0 -0.467 18.30 18.69 01a59747o0038o
59747.262457  18.748  0.185   115   21 o  0   1.18 134.19779  29.92298  3379.51 10174.10 2.70 2.51 -51.2 -0.483 18.86 19.82 01a59747o0055o
59747.272124  18.529  0.135   141   19 o  0   1.09 134.19779  29.92298  4427.97    75.18 2.80 2.73 -45.5 -0.446 18.85 19.86 01a59747o0076o
59747.273505  18.966  0.222    94   21 o  0   0.82 134.19779  29.92298  3358.76 10294.10 2.87 2.68  84.1 -0.436 18.93 20.02 01a59747o0079o
59752.250648  18.388  2.030   160  325 o  0   1.97 134.19779  29.92298  1155.63  5850.54 2.94 2.69 -43.4 -0.498 16.85 16.66 01a59752o0027o
59752.253870  18.846  1.421   105  149 o  0   1.89 134.19779  29.92298  1176.40  5888.78 3.08 2.71 -44.5 -0.478 17.71 17.91 01a59752o0034o
59752.259398  19.019  0.545    90   49 o  0   1.31 134.19779  29.92298  1115.64  5812.19 3.29 2.84 -46.1 -0.449 18.37 19.05 01a59752o0046o
59752.270450  18.877  0.374   102   38 o  0   1.08 134.19779  29.92298  1100.25  5927.44 3.35 2.91 -43.1 -0.434 18.56 19.64 01a59752o0070o
59836.615607  19.854  0.529    42   22 o  0   1.29 134.19779  29.92298  5663.44  8774.50 2.63 2.58  51.7 -0.388 18.64 19.20 01a59836o0855o
59836.619763  21.522  2.597     9   23 o  0   1.26 134.19779  29.92298  5644.23  8734.01 2.47 2.39 -37.0 -0.422 18.74 19.20 01a59836o0864o
59836.624844 -22.528  6.407    -4   23 o  0   1.19 134.19779  29.92298  5698.59  8809.84 2.49 2.36 -44.8 -0.421 18.72 19.07 01a59836o0875o
59846.580704 -21.746  2.278    -7   17 o  0   1.27 134.19779  29.92298  7116.77  4046.75 2.43 1.93  28.6 -0.422 19.00 19.66 02a59846o0749o
59846.585806 -21.305  1.615   -11   18 o  0   1.59 134.19779  29.92298  7135.98  4085.43 2.43 2.05  27.1 -0.421 18.95 19.68 02a59846o0759o
59846.589921 -20.002  0.492   -36   18 o  0   1.18 134.19779  29.92298  7079.63  4009.94 2.47 2.07  30.5 -0.426 18.98 19.74 02a59846o0768o
59846.602310 -20.767  0.855   -18   15 o  0   1.61 134.19779  29.92298  7060.62  4127.46 2.43 2.05  29.8 -0.423 19.07 19.88 02a59846o0795o
59849.616724 -20.977  1.102   -15   16 o  0   1.24 134.19779  29.92298  7113.36  4046.25 2.44 1.90  30.2 -0.432 19.12 20.11 02a59849o0869o
59849.622248  20.827  0.778    17   13 o  0   1.74 134.19779  29.92298  7133.57  4087.28 2.32 1.95  29.3 -0.425 19.25 20.22 02a59849o0880o
59849.626345 -22.065  2.435    -5   13 o  0   1.82 134.19779  29.92298  7078.36  4010.36 2.30 1.91  29.8 -0.430 19.24 20.19 02a59849o0889o
59849.638263  21.058  2.017    14   28 o  0   1.52 134.19779  29.92298  7057.20  4126.22 2.32 1.93  31.6 -0.427 18.49 18.89 02a59849o0915o
59852.610824 -20.998  0.923   -14   13 c  0   0.86 134.19779  29.92298  6074.65  4985.57 3.30 3.09  38.7 -0.314 19.29 20.96 01a59852o0789c
59852.630274 -22.061  2.303    -5   12 c  0   1.08 134.19779  29.92298  6063.42  4946.53 3.13 2.95  42.7 -0.324 19.31 20.80 01a59852o0829c
59852.634434  19.921  0.389    39   15 c  0   0.98 134.19779  29.92298  6122.03  5022.52 3.19 3.04  55.7 -0.326 19.04 20.34 01a59852o0838c
59852.638131  20.451  0.708    24   17 c  0   1.89 134.19779  29.92298  6143.70  4907.29 3.44 3.15  43.5 -0.286 18.59 19.55 01a59852o0846c
59854.604432 -21.773  2.211    -7   16 o  0   1.04 134.19779  29.92298  3301.24 10157.26 1.96 1.82 -42.8 -0.465 19.26 20.15 02a59854o0849o
59854.607628  20.157  0.479    31   15 o  0   1.10 134.19779  29.92298  3319.81 10196.71 1.90 1.82 -41.3 -0.458 19.28 20.17 02a59854o0856o
59854.625878  21.965  2.254     6   13 o  0   1.56 134.19779  29.92298  3255.49 10116.17 1.96 1.91 -23.2 -0.454 19.28 20.20 02a59854o0896o
59854.633609 -22.017  5.662    -6   32 o  0   1.00 134.19779  29.92298  4521.35    37.95 1.91 1.70  81.4 -0.423 19.07 19.87 02a59854o0913o
59854.636778  21.041  1.799    14   25 o  0   0.88 134.19779  29.92298  3233.25 10234.54 1.92 1.82 -46.5 -0.466 18.91 19.53 02a59854o0920o
59855.613225 -21.477  1.381    -9   13 c  0   1.33 134.19779  29.92298  6068.82  4987.64 3.31 2.94  38.6 -0.295 19.13 20.77 01a59855o0867c
59855.623418  24.760 29.000     0   13 c  0   1.17 134.19779  29.92298  6055.72  4949.45 3.22 2.86  40.6 -0.303 19.05 20.67 01a59855o0889c
59855.635387 -22.885  6.083    -2   16 c  0   1.44 134.19779  29.92298  6114.50  5021.76 3.34 2.98  41.9 -0.287 18.88 20.18 01a59855o0914c
59855.639566 -20.939  1.794   -15   27 c  0   1.26 134.19779  29.92298  6136.37  4907.27 3.33 2.93  40.5 -0.287 18.33 19.18 01a59855o0923c
59862.543955  18.345  1.540   167  257 o  0   0.83 134.19779  29.92298  1146.70  5742.99 2.44 1.98  25.4 -0.418 16.22 16.29 02a59862o0494o
59862.547154 -17.065  1.246  -542  676 o  0   0.70 134.19779  29.92298  1165.23  5784.23 2.38 1.90  25.8 -0.434 15.17 15.27 02a59862o0501o
59862.551240 -21.908  7.733    -6   48 o  0   1.67 134.19779  29.92298  1104.87  5701.93 2.13 1.82  21.9 -0.444 17.64 17.90 02a59862o0510o
59862.561732  16.834  0.810   670  543 o  0   1.38 134.19779  29.92298  1080.84  5815.94 2.20 1.82  21.5 -0.462 15.98 16.57 02a59862o0533o
59863.601007  21.368  2.697    10   28 o  0   1.14 134.19779  29.92298  7851.42   437.74 2.20 2.16 -60.3 -0.488 18.66 18.93 01a59863o0662o
59863.606548 -21.479  2.188    -9   20 o  0   1.38 134.19779  29.92298  7835.06   400.63 2.23 2.17 -45.7 -0.481 18.78 19.12 01a59863o0674o
59863.625659 -20.058  0.784   -34   27 o  0   1.19 134.19779  29.92298  7896.75   476.95 2.54 2.35  39.6 -0.420 18.36 18.89 01a59863o0715o
59863.634181  19.369  0.857    65   56 o  0   1.02 134.19779  29.92298  7918.23   356.51 2.35 2.21  38.1 -0.446 17.43 17.66 01a59863o0733o
59866.612600 -22.047  2.923    -6   16 o  0   1.34 134.19779  29.92298  8708.75  2176.99 2.03 1.98   5.1 -0.450 18.99 19.67 02a59866o0917o
59866.626730 -21.037  1.161   -14   16 o  0   1.08 134.19779  29.92298  8731.27  2215.67 2.03 1.96  16.7 -0.446 18.99 19.71 02a59866o0945o
59866.629895 -21.150  1.512   -13   19 o  0   0.67 134.19779  29.92298  8675.03  2139.08 2.01 2.00  10.0 -0.443 19.02 19.70 02a59866o0952o
59866.634379 -21.180  1.380   -12   17 o  0   0.91 134.19779  29.92298  8655.88  2256.67 2.01 1.96  19.1 -0.435 18.97 19.65 02a59866o0960o
59867.615080  20.527  0.734    22   16 o  0   0.91 134.19779  29.92298  3501.18  6519.38 2.63 2.37  47.2 -0.396 19.08 19.77 01a59867o0904o
59867.617854 -20.462  0.717   -24   17 o  0   1.05 134.19779  29.92298  3483.17  6480.26 2.81 2.54  44.0 -0.384 19.02 19.78 01a59867o0910o
59867.623929  20.358  0.661    26   17 o  0   1.19 134.19779  29.92298  3542.16  6558.92 2.78 2.51  44.0 -0.385 19.04 19.79 01a59867o0923o
59867.630744  22.421  3.233     4   13 o  0   1.62 134.19779  29.92298  3563.55  6439.70 2.71 2.40  47.3 -0.386 19.07 19.75 01a59867o0936o
59867.639572 -22.297  5.306    -4   23 o  0   0.81 134.19779  29.92298  3525.36  6496.62 2.63 2.32  48.1 -0.385 18.78 19.12 01a59867o0955o
59868.580922  21.131  1.554    13   20 o  0   1.07 134.19779  29.92298  3488.78  6524.83 3.01 2.86  49.3 -0.369 18.83 19.61 01a59868o0807o
59868.592198 -21.896  2.783    -6   18 o  0   1.02 134.19779  29.92298  3474.29  6486.35 2.85 2.44  45.4 -0.361 19.01 19.66 01a59868o0827o
59868.596356 -22.228  3.903    -5   18 o  0   1.00 134.19779  29.92298  3533.05  6563.56 2.91 2.59  51.1 -0.366 18.94 19.66 01a59868o0836o
59868.602361  20.663  0.871    20   17 o  0   0.90 134.19779  29.92298  3554.88  6446.51 2.83 2.50  48.9 -0.371 18.98 19.69 01a59868o0849o
59869.610591  19.579  0.375    54   20 o  0   0.93 134.19779  29.92298  8714.92  2177.31 2.04 1.96 -39.1 -0.444 18.82 19.51 02a59869o0879o
59869.612492  20.637  0.938    20   19 o  0   1.15 134.19779  29.92298  8733.00  2216.36 2.05 1.97 -47.9 -0.449 18.81 19.52 02a59869o0883o
59869.635887 -21.418  2.090   -10   21 o  0   0.97 134.19779  29.92298  8673.15  2142.95 1.95 1.94 -34.8 -0.452 18.79 19.48 02a59869o0930o
59869.639409 -20.760  1.305   -18   24 o  0   0.85 134.19779  29.92298  8660.34  2257.85 1.96 1.91  13.3 -0.445 18.76 19.32 02a59869o0936o
59871.614482  23.521 16.100     1   23 o  0   1.10 134.19779  29.92298  5358.63  6514.99 2.61 2.30  47.4 -0.384 18.66 19.05 01a59871o0883o
59871.616329 -21.101  1.739   -13   23 o  0   1.08 134.19779  29.92298  5341.01  6477.95 2.68 2.32  45.2 -0.380 18.56 18.96 01a59871o0887o
59871.627192 -20.531  1.037   -22   23 o  0   0.95 134.19779  29.92298  5400.75  6553.29 2.60 2.29  45.5 -0.377 18.67 19.09 01a59871o0909o
59871.630326 -20.149  0.683   -32   22 o  0   1.37 134.19779  29.92298  5420.82  6435.93 2.62 2.28  44.9 -0.379 18.74 19.28 01a59871o0915o
59872.604589 -22.482  3.714    -4   14 o  0   1.26 134.19779  29.92298  3003.58   198.99 2.46 2.42  30.2 -0.452 19.27 20.37 01a59872o0747o
59872.608283 -22.020  2.476    -6   14 o  0   1.08 134.19779  29.92298  2983.07   159.56 2.56 2.47  41.0 -0.449 19.31 20.43 01a59872o0755o
59872.617751  20.345  0.614    26   16 o  0   1.13 134.19779  29.92298  3044.87   238.50 3.03 2.88  28.8 -0.428 19.12 20.34 01a59872o0774o
59872.631690 -21.061  0.982   -14   13 o  0   1.03 134.19779  29.92298  3061.43   113.15 2.43 2.35  46.8 -0.466 19.28 20.27 01a59872o0802o
59872.636268 -20.390  0.689   -25   18 o  0   1.27 134.19779  29.92298  1873.54 10420.85 2.68 2.49 -72.6 -0.421 19.08 20.00 01a59872o0810o
59872.638157  22.591  4.720     3   16 o  0   1.72 134.19779  29.92298  1853.44 10381.93 2.59 2.41 -75.8 -0.422 19.16 19.93 01a59872o0814o
59872.640004  24.315 26.200     1   18 o  0   1.36 134.19779  29.92298  1910.12 10459.94 2.64 2.48 -75.0 -0.422 19.07 19.86 01a59872o0818o
59872.640927  20.636  0.817    20   16 o  0   1.28 134.19779  29.92298  3020.26   170.62 2.41 2.32  56.8 -0.468 19.05 19.73 01a59872o0820o
59872.642048 -20.510  1.006   -23   23 o  0   1.17 134.19779  29.92298  1930.98 10340.87 2.67 2.49 -81.6 -0.418 18.91 19.50 01a59872o0822o
59873.619351 -25.156 45.000    -0   14 o  0   1.19 134.19779  29.92298  2999.66   193.44 2.57 2.50  49.4 -0.444 19.23 20.39 01a59873o0930o
59873.621199  20.983  1.375    15   20 o  0   0.95 134.19779  29.92298  2979.23   154.30 2.62 2.51  49.4 -0.434 19.10 20.32 01a59873o0934o
59873.628635  21.191  1.701    12   21 o  0   0.92 134.19779  29.92298  3039.02   232.69 2.50 2.42  53.2 -0.449 18.92 19.94 01a59873o0950o
59873.640437  21.519  5.314     9   48 o  0   0.94 134.19779  29.92298  3058.47   111.95 2.65 2.54  54.0 -0.436 17.89 18.35 01a59873o0975o
59875.622148 -20.481  0.489   -23   11 o  0   1.20 134.19779  29.92298  1862.73 10422.77 2.58 2.35 -89.2 -0.432 19.48 20.70 01a59875o0899o
59875.624914  21.124  1.053    13   14 o  0   0.97 134.19779  29.92298  1844.71 10383.67 2.70 2.45 -87.9 -0.422 19.41 20.70 01a59875o0905o
59875.628186 -20.566  0.547   -22   12 o  0   1.36 134.19779  29.92298  1900.76 10459.24 2.59 2.32 -88.0 -0.429 19.47 20.69 01a59875o0912o
59875.634602 -20.631  0.617   -20   12 o  0   1.20 134.19779  29.92298  1922.28 10340.79 2.66 2.40 -89.3 -0.426 19.39 20.53 01a59875o0925o
59875.643194  21.013  1.340    14   19 o  0   1.38 134.19779  29.92298  1885.37 10397.90 2.66 2.40 -88.4 -0.425 18.76 19.22 01a59875o0942o
59876.572926 -22.173  2.231    -5   11 o  0   1.31 134.19779  29.92298  1856.55 10434.02 2.53 2.34 -84.2 -0.426 19.47 20.69 01a59876o0788o
59876.576156 -21.418  1.280   -10   13 o  0   0.89 134.19779  29.92298  1840.04 10395.36 2.58 2.38 -70.6 -0.433 19.47 20.70 01a59876o0795o
59876.593881  21.575  1.277     8   11 o  0   1.49 134.19779  29.92298  3001.17   196.04 2.51 2.43  51.5 -0.448 19.50 20.80 01a59876o0832o
59876.594343  20.925  0.623    16   10 o  0   1.85 134.19779  29.92298  1899.73 10464.28 2.66 2.45 -76.3 -0.418 19.47 20.75 01a59876o0833o
59876.604967  21.177  0.882    12   11 o  0   1.44 134.19779  29.92298  1926.41 10351.33 2.68 2.39  83.1 -0.405 19.48 20.78 01a59876o0856o
59876.609469 -23.129  5.235    -2   11 o  0   1.16 134.19779  29.92298  2979.00   155.42 2.40 2.31  54.4 -0.460 19.56 20.83 01a59876o0865o
59876.626594  23.076  4.882     2   10 o  0   0.93 134.19779  29.92298  3039.91   231.88 2.54 2.37  52.9 -0.431 19.54 20.88 01a59876o0901o
59876.639637 -21.135  1.067   -13   14 o  0   0.91 134.19779  29.92298  3056.24   110.90 2.55 2.30  55.5 -0.431 19.36 20.44 01a59876o0928o
59880.607829  20.623  0.617    20   13 o  0   1.22 134.19779  29.92298  9505.51  6874.47 2.97 2.81 -53.8 -0.410 19.35 20.70 01a59880o0716o
59880.631220 -21.217  1.118   -12   13 o  0   1.18 134.19779  29.92298  9490.23  6824.83 2.67 2.47 -61.0 -0.448 19.48 20.68 01a59880o0761o
59880.634150 -20.329  0.449   -27   12 o  0   1.00 134.19779  29.92298  9549.07  6904.12 2.61 2.47 -68.4 -0.452 19.48 20.68 01a59880o0767o
59880.637130 -20.882  0.711   -16   12 o  0   1.25 134.19779  29.92298  9567.99  6786.18 2.58 2.47 -64.3 -0.439 19.46 20.65 01a59880o0773o
59881.599566  20.901  0.802    16   13 c  0   0.87 134.19779  29.92298  5221.77  6080.49 2.66 2.28  34.9 -0.395 19.52 21.09 02a59881o0718c
59881.602776  24.073 13.000     1   11 c  0   1.22 134.19779  29.92298  5241.92  6119.61 2.66 2.27  33.7 -0.398 19.52 21.09 02a59881o0725c
59881.609168  24.505 22.000     1   13 c  0   1.08 134.19779  29.92298  5185.72  6041.12 2.70 2.26  35.6 -0.394 19.50 21.08 02a59881o0739c
59882.626396 -21.421  1.147   -10   11 c  0   0.83 134.19779  29.92298  1090.97  8454.97 2.49 2.38   8.0 -0.430 19.57 21.28 02a59882o0904c
59882.630034 -21.566  1.483    -9   13 c  0   0.67 134.19779  29.92298  1111.50  8494.53 2.51 2.42  12.1 -0.434 19.54 21.27 02a59882o0912c
59882.634157 -20.946  0.689   -15   10 c  0   1.35 134.19779  29.92298  1052.70  8415.25 2.52 2.41   6.9 -0.431 19.51 21.24 02a59882o0921c
59882.640455  22.043  2.243     6   12 c  0   0.91 134.19779  29.92298  1030.78  8532.07 2.53 2.43   1.9 -0.435 19.44 21.05 02a59882o0933c
59884.575474  18.796  0.629   110   69 o  0   0.77 134.19779  29.92298  9500.32  6883.30 2.58 2.46 -61.9 -0.444 17.49 18.62 01a59884o0737o
59884.590924  20.762  0.836    18   15 o  0   1.45 134.19779  29.92298  9485.48  6836.02 2.51 2.48  84.7 -0.439 18.78 19.98 01a59884o0769o
59884.593231  20.728  1.297    19   24 o  0   1.06 134.19779  29.92298  9543.76  6915.70 2.58 2.54 -56.8 -0.435 18.62 19.81 01a59884o0774o
59884.607790  21.467  1.773     9   17 o  0   1.58 134.19779  29.92298  9566.38  6796.82 2.50 2.44 -65.5 -0.448 18.97 20.15 01a59884o0805o
59885.596075 -22.300  2.968    -4   13 c  0   1.04 134.19779  29.92298  1080.58  8455.46 2.40 2.32 -13.1 -0.451 19.47 21.11 02a59885o0873c
59885.604044 -21.073  1.011   -14   14 c  0   0.81 134.19779  29.92298  1104.51  8495.59 2.47 2.40 -30.0 -0.444 19.44 21.12 02a59885o0889c
59885.607211 -20.612  0.510   -21   10 c  0   1.11 134.19779  29.92298  1045.16  8416.76 2.40 2.32 -27.5 -0.440 19.53 21.14 02a59885o0896c
59885.625665   0.000 21.444     0   10 c  0   1.50 134.19779  29.92298  1027.18  8533.06 2.42 2.33 -25.2 -0.450 19.52 21.16 02a59885o0932c
59887.612787 -21.216  1.031   -12   12 o  0   0.97 134.19779  29.92298  9544.76  6909.81 2.45 2.36 -62.6 -0.454 19.51 20.63 01a59887o0692o
59887.619876 -21.240  1.114   -12   13 o  0   1.14 134.19779  29.92298  9566.46  6794.09 2.51 2.49 -83.0 -0.439 19.45 20.64 01a59887o0707o
59889.599387  23.604 12.231     1   16 o  0   1.06 134.19779  29.92298  1086.40  8455.45 1.99 1.90   1.3 -0.464 19.13 19.77 02a59889o0546o
59889.602555  20.882  0.792    16   13 o  0   2.06 134.19779  29.92298  1105.14  8495.38 1.98 1.90 -13.1 -0.473 19.15 19.81 02a59889o0553o
59889.637726  21.941  2.250     6   14 o  0   0.71 134.19779  29.92298  1045.64  8417.15 2.11 1.95  -3.6 -0.460 19.44 20.61 02a59889o0624o
59889.640969 -20.967  0.986   -15   15 o  0   0.75 134.19779  29.92298  1029.55  8533.02 2.03 1.96 -24.4 -0.468 19.43 20.60 02a59889o0631o
59890.595387  20.214  0.691    30   21 o  0   0.98 134.19779  29.92298  6590.60  1818.11 2.12 1.97  42.8 -0.423 18.94 19.46 02a59890o0789o
59890.598549 -20.697  0.963   -19   18 o  0   1.05 134.19779  29.92298  6609.69  1857.13 2.07 1.90  44.2 -0.435 19.00 19.48 02a59890o0796o
59890.611691  22.437  4.395     4   17 o  0   0.97 134.19779  29.92298  6550.77  1779.99 2.09 1.91  45.3 -0.434 19.03 19.53 02a59890o0823o
59891.622646 -20.983  2.239   -15   33 o  0   1.31 134.19779  29.92298  3641.52  2361.75 2.41 2.14  47.1 -0.473 18.28 18.22 01a59891o0920o
59891.647369  20.312  0.780    27   21 o  0   0.93 134.19779  29.92298  3600.91  2414.32 2.48 2.19  44.5 -0.465 18.77 19.06 01a59891o0971o
59893.560571 -19.676  0.483   -49   24 o  0   1.05 134.19779  29.92298  6585.56  1818.58 2.56 2.33  29.9 -0.405 18.72 19.33 02a59893o0816o
59893.582987  22.147  3.522     5   18 o  0   1.22 134.19779  29.92298  6607.95  1855.35 2.17 2.01  40.9 -0.418 18.91 19.42 02a59893o0860o
59893.586150 -20.259  0.746   -29   21 o  0   0.75 134.19779  29.92298  6552.09  1778.64 2.27 2.13  42.6 -0.412 18.88 19.43 02a59893o0867o
59893.592028 -20.642  0.934   -20   19 o  0   0.78 134.19779  29.92298  6533.33  1896.10 2.18 2.03  45.0 -0.411 18.92 19.45 02a59893o0880o
59893.653928  20.058  0.573    34   20 o  0   1.51 134.19779  29.92298  6589.82  1841.70 2.39 2.08  38.2 -0.406 18.65 19.04 02a59893o1012o
59895.519883 -22.404  5.030    -4   20 o  0   1.12 134.19779  29.92298  3576.49  2451.58 2.50 2.26  44.5 -0.439 18.85 19.20 01a59895o0707o
59895.522667 -20.496  0.845   -23   19 o  0   1.63 134.19779  29.92298  3557.11  2411.26 2.54 2.26  42.4 -0.448 18.82 19.22 01a59895o0713o
59895.551714  23.304 12.286     2   21 o  0   0.82 134.19779  29.92298  3639.35  2365.84 2.55 2.30  47.0 -0.443 18.90 19.35 01a59895o0772o
59899.587453 -22.590  4.643    -3   16 o  0   1.01 134.19779  29.92298  5551.29  2345.57 2.50 2.32  46.0 -0.424 19.16 19.92 01a59899o0843o
59899.589303 -22.770  4.760    -3   14 o  0   1.27 134.19779  29.92298  5531.08  2305.62 2.44 2.26  44.2 -0.421 19.21 19.92 01a59899o0847o
59899.592074  23.108  7.842     2   16 o  0   0.88 134.19779  29.92298  5590.10  2383.99 2.40 2.20  48.9 -0.425 19.23 19.90 01a59899o0853o
59899.599290 -21.698  1.831    -8   14 o  0   1.45 134.19779  29.92298  5609.62  2264.95 2.34 2.18  45.4 -0.442 19.19 19.86 01a59899o0868o
59899.610198  22.888  6.500     2   16 o  0   0.99 134.19779  29.92298  5319.68 10070.20 2.29 2.21  67.4 -0.411 19.10 19.82 02a59899o0935o
59899.613367 -20.805  1.111   -17   19 o  0   0.80 134.19779  29.92298  5340.35 10111.30 2.34 2.30  73.6 -0.426 19.04 19.82 02a59899o0942o
59899.616552 -22.126  3.632    -5   19 o  0   1.06 134.19779  29.92298  5281.19 10033.05 2.38 2.28  63.8 -0.411 19.04 19.82 02a59899o0949o
59902.613360  21.435  1.312    10   13 o  0   1.01 134.19779  29.92298  5325.08 10070.05 2.25 2.10  45.4 -0.433 19.46 20.78 02a59902o0903o
59902.615160 -21.947  2.082    -6   13 o  0   1.19 134.19779  29.92298  5345.32 10109.72 2.26 2.13  46.4 -0.425 19.45 20.77 02a59902o0907o
59902.622357  19.904  1.216    40   48 o  0   0.81 134.19779  29.92298  5290.33 10035.20 2.28 2.12  40.7 -0.427 18.16 19.12 02a59902o0922o
59903.616013  23.364  5.700     2    9 c  0   1.09 134.19779  29.92298  5541.15  2341.52 3.24 2.97  47.3 -0.328 19.57 21.43 01a59903o0617c
59903.619247 -20.767  0.519   -18    9 c  0   1.23 134.19779  29.92298  5520.71  2300.65 3.29 3.03  46.3 -0.322 19.57 21.43 01a59903o0624c
59903.624361 -22.269  2.214    -4   10 c  0   0.89 134.19779  29.92298  5579.99  2378.33 3.20 2.93  43.8 -0.331 19.61 21.44 01a59903o0635c
59903.637336  22.237  1.556     5    7 c  0   1.77 134.19779  29.92298  4947.59  8472.44 3.36 3.09  55.8 -0.300 19.55 21.41 01a59903o0660c
59903.651872 -21.258  1.333   -11   15 c  0   1.18 134.19779  29.92298  4990.49  8413.00 3.40 3.11  49.5 -0.290 19.03 20.17 01a59903o0688c
59904.584410 -22.591  2.474    -3    8 c  0   1.11 134.19779  29.92298   967.08   308.06 3.30 3.07  52.7 -0.334 19.69 21.74 01a59904o0655c
59904.608533  22.409  2.174     4    9 c  0   1.27 134.19779  29.92298   944.48   264.77 3.30 3.01  55.1 -0.335 19.67 21.68 01a59904o0705c
59904.611307 -21.144  0.628   -13    8 c  0   1.39 134.19779  29.92298  1006.12   342.53 3.21 2.91  54.2 -0.342 19.72 21.67 01a59904o0711c
59904.621772 -20.614  0.379   -21    8 c  0   1.37 134.19779  29.92298  1024.67   221.80 3.28 2.95  50.4 -0.333 19.67 21.66 01a59904o0733c
59904.634885 -21.001  0.570   -14    8 c  0   1.57 134.19779  29.92298  9839.29 10490.71 3.40 3.24  67.4 -0.297 19.61 21.54 01a59904o0759c
59906.569459  22.245  2.130     5   10 o  0   1.17 134.19779  29.92298  3009.88  3739.78 2.00 1.89 -54.1 -0.453 19.56 20.70 02a59906o0845o
59906.571718  23.337  7.357     2   12 o  0   1.11 134.19779  29.92298  3030.00  3778.87 2.21 2.07 -54.8 -0.453 19.40 20.68 02a59906o0850o
59907.597097 -21.730  1.214    -7    9 c  0   1.25 134.19779  29.92298   963.41   302.33 3.37 3.05  53.7 -0.332 19.66 21.66 01a59907o0861c
59907.600330 -22.014  1.677    -6   10 c  0   1.10 134.19779  29.92298   942.93   262.83 3.43 3.12  51.8 -0.338 19.63 21.66 01a59907o0868c
59907.607684 -20.479  0.388   -23    9 c  0   1.09 134.19779  29.92298  1003.43   340.70 3.43 3.08  52.1 -0.336 19.61 21.66 01a59907o0880c
59907.623828 -21.732  1.024    -7    8 c  0   1.45 134.19779  29.92298  9837.88 10493.14 3.33 3.21  64.5 -0.315 19.65 21.58 01a59907o0914c
59907.634933 -22.475  2.333    -4    9 c  0   1.41 134.19779  29.92298  9543.44 10480.10 3.29 3.15  66.2 -0.330 19.62 21.60 01a59907o0937c
59907.655140 -21.612  1.848    -8   15 c  0   1.25 134.19779  29.92298  9587.59 10419.53 3.35 3.18  52.8 -0.310 18.96 19.99 01a59907o0979c
59907.656528  20.944  1.200    15   18 c  0   1.26 134.19779  29.92298   701.40   208.93 3.32 2.98  54.3 -0.333 18.83 19.65 01a59907o0982c
59908.539055  21.696  1.043     8    8 c  0   1.24 134.19779  29.92298   967.22   305.39 3.14 2.92  56.0 -0.354 19.74 21.67 01a59908o0681c
59908.540914  23.379  5.800     2    9 c  0   1.00 134.19779  29.92298   947.64   265.63 3.19 2.89  54.4 -0.347 19.72 21.67 01a59908o0685c
59908.545993 -21.333  0.735   -11    8 c  0   1.32 134.19779  29.92298  1009.01   344.95 3.10 2.87  54.5 -0.351 19.75 21.66 01a59908o0696c
59908.551074 -21.441  0.898   -10    9 c  0   1.10 134.19779  29.92298  1028.45   226.55 3.21 2.93  56.2 -0.343 19.71 21.66 01a59908o0707c
59908.554079 -22.708  3.167    -3   10 c  0   0.93 134.19779  29.92298  9827.22 10510.56 3.16 3.02  77.3 -0.339 19.72 21.60 01a59908o0713c
59909.576576  22.276  2.714     4   12 o  0   1.16 134.19779  29.92298  3018.71  3738.16 2.09 1.94  40.5 -0.452 19.50 20.68 02a59909o0711o
59909.578842  23.037  5.950     2   13 o  0   0.77 134.19779  29.92298  3038.36  3777.58 2.13 1.98  42.0 -0.450 19.50 20.69 02a59909o0716o
59909.582008  21.552  1.494     9   13 o  0   0.95 134.19779  29.92298  2980.97  3698.96 2.12 1.93  37.5 -0.451 19.51 20.68 02a59909o0723o
59909.587122 -20.841  0.566   -17   10 o  0   1.58 134.19779  29.92298  2959.55  3816.11 2.08 1.93  42.7 -0.453 19.51 20.69 02a59909o0734o
59910.562336  20.386  1.462    26   37 o  0   0.90 134.19779  29.92298  3032.32  3776.25 2.02 1.95  42.2 -0.452 18.21 19.25 02a59910o0794o
59913.527304  22.834  4.654     3   12 o  0   0.98 134.19779  29.92298  2966.42  3697.95 1.97 1.73  31.4 -0.465 19.43 20.49 02a59913o0669o
59913.531901  21.266  0.937    11   11 o  0   1.02 134.19779  29.92298  2949.48  3812.66 1.98 1.74  32.8 -0.464 19.47 20.54 02a59913o0679o
59914.579020 -21.318  1.050   -11   11 o  0   1.19 134.19779  29.92298  9004.76  8101.80 2.53 2.12  34.1 -0.438 19.59 21.09 02a59914o0859o
59914.580827 -22.814  4.400    -3   12 o  0   1.06 134.19779  29.92298  9025.23  8142.31 2.53 2.11  35.3 -0.440 19.59 21.11 02a59914o0863o
59914.585515  21.282  1.086    11   12 o  0   1.12 134.19779  29.92298  8967.16  8065.50 2.57 2.13  34.2 -0.436 19.59 21.12 02a59914o0873o
59914.595653  20.560  0.573    22   12 o  0   1.07 134.19779  29.92298  8947.88  8182.67 2.57 2.14  33.6 -0.430 19.56 21.09 02a59914o0894o
59957.497917 -20.805  0.896   -17   16 o  0   0.83 134.19779  29.92298  7459.67  4897.95 2.45 1.86  34.2 -0.431 19.36 20.28 02a59957o0621o
59957.501718 -22.775  4.545    -3   13 o  0   1.12 134.19779  29.92298  7440.78  4862.41 2.57 1.91  31.6 -0.423 19.30 20.27 02a59957o0628o
59957.507354 -21.016  0.897   -14   13 o  0   1.47 134.19779  29.92298  7498.70  4938.68 2.47 1.89  32.5 -0.427 19.34 20.26 02a59957o0640o
59957.542800  22.322  3.394     4   14 o  0   1.23 134.19779  29.92298  7512.76  4823.61 2.52 1.97  31.8 -0.418 19.27 20.21 02a59957o0714o
59958.427127 -21.831  2.278    -7   15 o  0   0.97 134.19779  29.92298  3116.92  5673.75 2.43 1.94  35.8 -0.424 19.27 20.23 02a59958o0506o
59958.450770 -21.745  1.966    -7   14 o  0   1.12 134.19779  29.92298  3082.15  5635.65 2.44 1.93  37.8 -0.423 19.29 20.25 02a59958o0553o
59958.453933 -23.802 14.111    -1   15 o  0   1.06 134.19779  29.92298  3062.66  5751.64 2.39 1.94  36.1 -0.425 19.31 20.25 02a59958o0560o
59966.364672  21.902  2.694     6   17 o  0   0.36 134.19779  29.92298  1312.45 10222.27 1.94 1.77 -14.8 -0.502 19.35 20.52 02a59966o0353o
59966.367855  22.706  3.935     3   12 o  0   1.47 134.19779  29.92298  1340.07 10260.11 2.10 1.60 -54.6 -0.481 19.43 20.52 02a59966o0360o
59966.373365 -21.518  1.587    -9   14 o  0   0.63 134.19779  29.92298  1280.02 10180.83 1.98 1.55 -55.6 -0.435 19.45 20.55 02a59966o0372o
59966.405716 -22.973  6.696    -2   16 o  0   0.66 134.19779  29.92298  1255.85 10302.13 1.97 1.72 -54.2 -0.498 19.47 20.61 02a59966o0438o
59966.441615  23.254  6.100     2   11 o  0   1.15 134.19779  29.92298  2666.91   112.73 1.93 1.74 -88.5 -0.450 19.45 20.62 02a59966o0512o
59969.485546 -18.443  1.492  -152  227 o  0   0.31 134.19779  29.92298  7853.35 10525.69 2.36 2.19 -68.5 -0.437 19.43 20.81 02a59969o0462o
59969.485997 -22.382  3.098    -4   12 o  0   1.16 134.19779  29.92298  9259.29   328.87 2.12 1.72 -65.1 -0.455 19.46 20.83 02a59969o0463o
59969.488715  20.595  0.850    21   18 o  0   1.27 134.19779  29.92298  7833.70 10485.90 2.42 2.28 -64.7 -0.424 19.42 20.81 02a59969o0469o
59969.489166  22.882  4.750     3   12 o  0   1.31 134.19779  29.92298  9239.74   289.57 2.18 1.76 -64.1 -0.473 19.44 20.86 02a59969o0470o
59969.526123 -21.247  1.075   -12   12 o  0   2.35 134.19779  29.92298  9293.93   370.34 2.07 1.65 -66.9 -0.479 19.49 20.93 02a59969o0487o
59969.531285 -22.917  5.474    -2   14 o  0   0.94 134.19779  29.92298  7901.69 10451.70 2.22 2.17 -82.9 -0.441 19.55 20.90 02a59969o0498o
59969.531915  23.376  7.400     2   12 o  0   1.15 134.19779  29.92298  9315.00   252.14 1.89 1.50 -65.5 -0.494 19.58 20.92 02a59969o0499o
59985.197406  19.415  0.429    62   27 o  0   0.83 134.19779  29.92298  3050.47  5648.89 2.11 1.88 -82.0 -0.397 18.41 18.76 04a59985o0409o
59985.200559  20.120  1.093    32   36 o  0   0.67 134.19779  29.92298  3072.80  5684.89 2.14 1.97 -70.0 -0.432 18.40 18.71 04a59985o0416o
59985.217021  23.094 17.067     2   36 o  0   0.82 134.19779  29.92298  3030.84  5593.43 2.13 1.95 -78.8 -0.420 18.34 18.63 04a59985o0452o
59985.223326 -17.566  0.084  -342   29 o  0  96.05 134.19779  29.92298  3016.71  5705.52 2.06 1.85  89.5 -0.384 18.33 18.62 04a59985o0466o
59987.929107 -19.904  0.490   -40   19 o  0   1.05 134.19779  29.92298  2964.30  8283.87 2.88 2.52 -49.3 -0.357 18.83 19.90 03a59988o0378o
59987.932528 -20.944  1.217   -15   18 o  0   1.10 134.19779  29.92298  2984.13  8315.04 3.02 2.67 -50.5 -0.342 18.80 19.89 03a59988o0385o
59987.963208  20.640  1.000    20   20 o  0   1.40 134.19779  29.92298  2933.67  8154.66 2.87 2.54 -55.8 -0.349 18.69 19.77 03a59988o0452o
59987.969514 -22.168  3.926    -5   19 o  0   1.31 134.19779  29.92298  2909.53  8253.40 2.68 2.34 -52.2 -0.367 18.76 19.73 03a59988o0466o
59993.132384  21.516  1.882     9   17 c  0   1.26 134.19779  29.92298  9254.84   435.61 3.30 2.46 -18.5 -0.337 19.11 20.82 04a59993o0277c
59993.134637 -23.802 14.500    -1   16 c  0   1.15 134.19779  29.92298  9235.51   395.54 3.38 2.49 -19.7 -0.332 19.06 20.83 04a59993o0282c
59993.137791 -22.791  6.200    -3   17 c  0   1.14 134.19779  29.92298  9299.29   474.79 3.25 2.62 -13.8 -0.337 18.99 20.78 04a59993o0289c
59993.160459 -17.381  0.815  -405  330 c  0   1.40 134.19779  29.92298  7954.17 10524.59 3.15 2.32 -75.7 -0.331 19.22 20.75 04a59993o0334c
59993.160909 -21.306  1.500   -11   16 c  0   1.11 134.19779  29.92298  9324.55   356.82 3.22 2.24 -21.7 -0.362 19.10 20.62 04a59993o0335c
59997.128395  20.186  0.442    31   14 c  0   1.56 134.19779  29.92298  9254.66   434.84 3.10 2.27 -18.0 -0.373 19.14 20.85 04a59997o0120c
59997.130197 -21.054  1.093   -14   15 c  0   1.42 134.19779  29.92298  9235.90   394.90 3.34 2.34 -19.5 -0.344 19.14 20.83 04a59997o0124c
59997.133350 -20.508  0.609   -23   14 c  0   1.43 134.19779  29.92298  9296.81   474.15 3.23 2.34 -19.7 -0.357 19.16 20.85 04a59997o0131c
59997.138398 -23.414 10.833    -2   17 c  0   0.96 134.19779  29.92298  9319.25   356.21 3.28 2.45 -18.5 -0.343 19.15 20.88 04a59997o0140c
59997.140651 -20.400  0.046   -25    1 c  0 4933.93 134.19779  29.92298  7953.03 10523.79 3.17 2.29 -70.7 -0.365 19.24 20.98 04a59997o0145c
59998.338124  21.980  1.634     6   10 c  0   1.16 134.19779  29.92298  1658.62  5199.22 2.42 2.27  36.6 -0.426 19.53 21.39 02a59998o0131c
59998.340841  21.730  1.404     7   10 c  0   1.03 134.19779  29.92298  1677.20  5238.37 2.41 2.29  34.7 -0.424 19.56 21.39 02a59998o0137c
59998.345868 -22.471  2.538    -4   10 c  0   1.02 134.19779  29.92298  1616.42  5159.11 2.45 2.28  39.9 -0.426 19.53 21.39 02a59998o0148c
59998.356280 -25.937 68.000    -0   10 c  0   1.18 134.19779  29.92298  1597.42  5274.95 2.44 2.35  35.5 -0.430 19.54 21.37 02a59998o0170c
60001.179898 -23.077  5.231    -2   11 c  0   1.41 134.19779  29.92298  5193.39  4099.61 2.35 2.20 -16.0 -0.397 19.30 21.04 04a60001o0332c
60001.183967 -21.345  1.478   -10   16 c  0   0.44 134.19779  29.92298  5215.01  4135.95 2.28 2.21 -17.6 -0.374 19.35 21.04 04a60001o0341c
60001.190322 -20.459  0.506   -24   12 c  0   1.02 134.19779  29.92298  5162.27  4055.94 2.20 2.16 -18.4 -0.385 19.35 21.01 04a60001o0355c
60001.202124 -22.606  4.000    -3   13 c  0   1.02 134.19779  29.92298  5151.00  4165.09 2.14 2.04 -22.9 -0.378 19.28 20.96 04a60001o0381c
60001.435504  21.776  1.893     7   13 c  0   0.92 134.19779  29.92298  3596.39  2351.49 3.24 3.17  78.7 -0.387 19.24 21.33 02a60001o0153c
60001.438346  20.565  0.725    22   16 c  0   0.78 134.19779  29.92298  3576.92  2309.85 3.51 3.38 -83.3 -0.388 19.06 21.23 02a60001o0159c
60001.467159  22.350  3.222     4   13 c  0   0.91 134.19779  29.92298  3641.96  2383.93 3.08 2.98  80.7 -0.397 19.31 21.31 02a60001o0172c
60001.472661  20.748  0.632    18   12 c  0   1.38 134.19779  29.92298  3663.79  2266.29 2.94 2.85  80.9 -0.395 19.31 21.31 02a60001o0183c
60005.101424  24.090 47.500     1   40 o  0   0.97 134.19779  29.92298  5374.22  6502.13 2.26 1.99 -57.1 -0.408 18.16 18.33 04a60005o0230o
60005.103226 -20.251  1.175   -29   34 o  0   1.15 134.19779  29.92298  5356.51  6464.13 2.26 1.95 -64.9 -0.410 18.20 18.34 04a60005o0234o
60005.106390  20.879  2.230    16   36 o  0   1.01 134.19779  29.92298  5414.80  6541.14 2.31 2.01 -64.9 -0.407 18.19 18.36 04a60005o0241o
60005.117974 -21.810  4.831    -7   33 o  0   0.80 134.19779  29.92298  5079.01  4216.73 1.99 1.90 -25.0 -0.412 18.25 18.69 04a60005o0266o
60013.123762 -20.080  0.969   -34   33 o  0   1.06 134.19779  29.92298  7554.38 10399.65 2.21 2.03 -42.2 -0.441 18.44 18.80 04a60013o0265o
60013.126418 -19.716  0.816   -47   38 o  0   1.01 134.19779  29.92298  7576.40 10436.99 2.28 2.18 -49.7 -0.440 18.38 18.81 04a60013o0270o
60013.132534 -21.033  2.242   -14   31 o  0   1.31 134.19779  29.92298  7521.43 10354.15 2.30 2.08 -61.2 -0.416 18.43 18.80 04a60013o0282o
60013.139451 -20.071  1.111   -34   38 o  0   0.82 134.19779  29.92298  8688.19   182.16 2.73 2.53 -28.4 -0.371 18.48 18.94 04a60013o0294o
60013.142338 -20.004  1.022   -36   37 o  0   0.74 134.19779  29.92298  8709.08   219.01 2.81 2.43 -16.7 -0.348 18.49 18.94 04a60013o0299o
60013.142855  20.112  1.259    33   41 o  0   1.26 134.19779  29.92298  7509.40 10465.35 2.39 2.10 -58.2 -0.423 18.37 18.78 04a60013o0300o
60013.147889 -20.701  1.602   -19   30 o  0   1.17 134.19779  29.92298  8657.22   138.06 2.81 2.44 -27.6 -0.361 18.45 18.92 04a60013o0309o
60013.157881  20.015  0.880    36   32 o  0   1.32 134.19779  29.92298  8644.57   251.03 2.71 2.30 -30.9 -0.398 18.47 18.87 04a60013o0327o
60014.361992 -16.940  0.845  -608  514 o  0   1.01 134.19779  29.92298  1400.75  3612.24 2.37 1.98  31.2 -0.392 16.74 17.62 02a60014o0173o
60014.370974 -20.316  0.549   -27   15 o  0   1.04 134.19779  29.92298  1382.70  3570.70 2.32 1.94  33.5 -0.439 19.09 19.99 02a60014o0191o
60014.373856  21.733  2.333     7   17 o  0   1.05 134.19779  29.92298  1443.48  3649.49 2.31 1.94  31.7 -0.440 18.98 19.81 02a60014o0197o
60014.391063 -19.359  1.371   -66   90 o  0   1.26 134.19779  29.92298  1466.39  3528.00 2.39 1.98  34.1 -0.427 16.50 17.20 02a60014o0233o
60015.864624  21.560  2.429     9   21 o  0   0.90 134.19779  29.92298  3117.48  5626.40 2.69 2.42 -60.1 -0.363 18.77 19.70 03a60016o0283o
60015.867795  21.597  2.532     8   21 o  0   1.06 134.19779  29.92298  3135.66  5665.94 2.69 2.41 -57.1 -0.368 18.75 19.69 03a60016o0290o
60015.874720  21.235  1.750    12   20 o  0   1.13 134.19779  29.92298  3080.42  5587.45 2.73 2.45 -61.2 -0.360 18.73 19.67 03a60016o0305o
60015.885091 -21.470  1.806    -9   17 o  0   1.90 134.19779  29.92298  3058.14  5702.55 2.54 2.18 -55.2 -0.365 18.84 19.63 03a60016o0328o
60017.107212  22.859  4.833     3   13 o  0   1.63 134.19779  29.92298  1018.23  3772.91 2.32 1.96  51.9 -0.396 19.12 20.35 04a60017o0255o
60017.109863 -20.388  0.500   -25   13 o  0   1.61 134.19779  29.92298  1040.23  3809.78 2.28 1.95  52.2 -0.404 19.14 20.40 04a60017o0260o
60017.115139  20.991  1.234    15   18 o  0   0.91 134.19779  29.92298   987.20  3726.05 2.44 2.02  53.2 -0.388 18.98 20.26 04a60017o0271o
60017.124676  20.658  0.977    20   19 o  0   0.72 134.19779  29.92298   977.56  3834.09 2.33 1.98  52.2 -0.396 18.97 20.02 04a60017o0291o
60017.419709  20.721  0.780    19   15 o  0   0.83 134.19779  29.92298  1421.49  3608.29 2.50 1.98  26.7 -0.427 19.37 20.68 02a60017o0005o
60017.422882  21.307  1.056    11   12 o  0   1.57 134.19779  29.92298  1401.78  3569.66 2.34 1.93  24.8 -0.435 19.41 20.68 02a60017o0012o
60017.430134  21.425  1.138    10   11 o  0   1.36 134.19779  29.92298  1463.44  3644.34 2.12 1.91  27.8 -0.448 19.45 20.68 02a60017o0028o
60017.440148 -20.727  0.673   -19   12 o  0   0.98 134.19779  29.92298  1487.48  3525.29 2.11 1.97  17.1 -0.441 19.38 20.54 02a60017o0050o
60018.363983  20.137  0.435    32   14 o  0   1.07 134.19779  29.92298  3812.28  7946.21 2.28 1.98  31.4 -0.420 19.30 20.56 02a60018o0318o
60018.367167 -21.344  1.023   -10   11 o  0   1.29 134.19779  29.92298  3792.89  7908.41 2.29 1.97  36.2 -0.420 19.49 20.79 02a60018o0325o
60018.373047  20.833  0.939    17   16 o  0   1.04 134.19779  29.92298  3851.32  7982.40 2.34 1.97  35.8 -0.415 19.05 20.30 02a60018o0338o
60018.382990 -22.969  5.500    -2   13 o  0   1.23 134.19779  29.92298  3872.66  7867.14 2.30 1.93  34.4 -0.419 19.50 20.74 02a60018o0359o
60019.891640  22.167  3.421     5   17 c  0   1.05 134.19779  29.92298  3117.28  5631.16 2.66 2.41 -65.3 -0.367 18.96 20.78 03a60020o0029c
60019.895722  17.748  0.838   289  242 c  0   1.30 134.19779  29.92298  3136.92  5670.71 2.38 2.18 -58.5 -0.380 18.41 20.26 03a60020o0038c
60019.915912 -19.639  0.969   -51   49 c  0   0.91 134.19779  29.92298  3062.38  5706.12 2.60 2.45 -63.8 -0.368 18.56 20.49 03a60020o0082c
60021.097983  23.288 10.077     2   18 o  0   0.89 134.19779  29.92298  1019.10  3772.77 2.25 1.93  52.6 -0.407 19.01 20.01 04a60021o0246o
60021.132108 -21.627  2.328    -8   19 o  0   1.11 134.19779  29.92298  1073.19  3782.69 2.22 1.94  58.1 -0.413 19.04 20.06 04a60021o0316o
60021.135279 -21.403  1.566   -10   16 o  0   1.66 134.19779  29.92298  1016.80  3701.74 2.22 1.88  56.1 -0.400 19.04 20.11 04a60021o0323o
60021.163439 -22.244  4.258    -5   20 o  0   0.70 134.19779  29.92298  1019.88  3804.64 2.49 1.92  59.9 -0.377 18.96 20.07 04a60021o0383o
60021.370099  20.845  1.592    17   27 o  0   0.97 134.19779  29.92298  3811.19  7943.03 2.17 1.86  31.5 -0.435 18.68 19.77 02a60021o0327o
60021.373751 -20.953  0.969   -15   15 o  0   1.22 134.19779  29.92298  3793.48  7904.87 2.15 1.85  35.3 -0.432 19.09 20.21 02a60021o0335o
60021.379332  21.488  1.500     9   14 o  0   0.91 134.19779  29.92298  3851.81  7979.72 2.17 1.86  31.6 -0.433 19.39 20.55 02a60021o0347o
60021.389875  22.863  4.174     3   11 o  0   1.08 134.19779  29.92298  3876.15  7863.73 2.21 1.91  31.5 -0.429 19.50 20.71 02a60021o0370o
60022.254670 -20.683  0.647   -19   12 o  0   1.09 134.19779  29.92298  6807.32  9347.16 2.22 2.05  42.1 -0.446 19.43 20.43 02a60022o0079o
60022.256602 -24.440 20.400    -1   12 o  0   1.22 134.19779  29.92298  6826.82  9386.43 2.18 2.05  39.1 -0.448 19.42 20.45 02a60022o0083o
60022.261854 -21.377  1.095   -10   11 o  0   1.25 134.19779  29.92298  6770.34  9307.78 2.18 2.04  45.4 -0.451 19.46 20.45 02a60022o0093o
60022.266938  20.140  0.374    32   12 o  0   1.21 134.19779  29.92298  6750.56  9427.33 2.14 2.06  63.8 -0.450 19.45 20.46 02a60022o0104o
60025.088519  20.419  0.760    25   19 o  0   1.01 134.19779  29.92298  6955.49  8164.74 2.36 2.16 -49.8 -0.418 18.94 20.09 04a60025o0217o
60025.091726  20.391  0.762    25   19 o  0   1.12 134.19779  29.92298  6977.94  8200.71 2.29 2.08 -54.7 -0.425 19.01 20.12 04a60025o0223o
60025.096550 -19.947  0.515   -38   20 o  0   0.89 134.19779  29.92298  6922.96  8119.69 2.31 2.11 -51.6 -0.406 18.97 20.17 04a60025o0232o
60025.106649  20.966  1.188    15   18 o  0   1.24 134.19779  29.92298  6910.56  8229.82 2.29 2.01 -58.1 -0.425 18.97 20.11 04a60025o0252o
60029.059686 -20.740  1.292   -18   24 o  0   1.16 134.19779  29.92298  6936.05  8180.22 2.59 2.36 -60.2 -0.405 18.73 19.84 04a60029o0183o
60029.063344 -20.741  1.009   -18   18 o  0   1.05 134.19779  29.92298  6958.84  8214.77 2.31 2.18 -46.0 -0.407 18.83 19.85 04a60029o0191o
60029.073823  21.190  1.917    12   23 o  0   0.87 134.19779  29.92298  6911.15  8128.88 2.32 2.10 -56.8 -0.423 18.83 19.88 04a60029o0214o
60029.079803  20.267  0.815    28   23 o  0   0.73 134.19779  29.92298  6897.36  8240.38 2.31 2.12 -50.0 -0.416 18.80 19.89 04a60029o0227o
60029.318987 -20.147  0.523   -32   17 o  0   0.70 134.19779  29.92298  7855.79  7846.57 2.30 2.12  40.8 -0.443 19.32 20.31 02a60029o0212o
60029.325417 -21.084  1.115   -13   15 o  0   0.89 134.19779  29.92298  7835.63  7806.24 2.25 2.07  43.1 -0.450 19.32 20.33 02a60029o0224o
60029.328582 -20.742  0.888   -18   16 o  0   0.68 134.19779  29.92298  7892.30  7884.84 2.25 2.06  41.1 -0.448 19.39 20.38 02a60029o0231o
60029.340370  21.268  1.256    11   14 o  0   1.17 134.19779  29.92298  7911.22  7766.79 2.23 2.03  43.5 -0.445 19.38 20.43 02a60029o0256o
60030.310642 -23.001  6.706    -2   15 o  0   0.95 134.19779  29.92298  7863.23  7857.19 2.25 2.13  51.4 -0.460 19.35 20.42 02a60030o0188o
60030.313806  20.789  0.804    18   14 o  0   0.79 134.19779  29.92298  7844.44  7818.91 2.23 2.04  46.5 -0.453 19.40 20.43 02a60030o0195o
60030.323815 -20.249  0.519   -29   15 o  0   0.77 134.19779  29.92298  7900.31  7895.98 2.28 2.17  42.9 -0.450 19.35 20.45 02a60030o0214o
60030.329588 -21.221  1.258   -12   15 o  0   0.77 134.19779  29.92298  7919.50  7780.63 2.24 2.10  57.1 -0.457 19.36 20.47 02a60030o0226o
60033.079349 -20.571  1.241   -22   27 o  0   1.11 134.19779  29.92298  4992.12  8252.41 2.37 1.96 -72.4 -0.411 18.31 18.89 04a60033o0232o
60033.082593 -20.123  0.977   -32   32 o  0   1.23 134.19779  29.92298  5014.42  8289.07 2.38 1.99 -64.6 -0.421 18.26 18.84 04a60033o0239o
60033.114096  20.210  1.032    30   31 o  0   1.43 134.19779  29.92298  4980.45  8192.16 2.41 2.10 -75.0 -0.376 18.14 18.82 04a60033o0306o
60033.121918 -20.011  1.110   -36   40 o  0   0.88 134.19779  29.92298  4965.33  8305.78 2.37 2.02 -71.5 -0.386 18.17 18.77 04a60033o0323o
60033.295369  18.619  3.393   130  439 o  0   1.45 134.19779  29.92298  8049.09  8599.35 2.22 2.09  50.0 -0.527 16.89 16.79 02a60033o0145o
60033.299646 -19.756  7.505   -45  341 o  0   1.10 134.19779  29.92298  8030.85  8561.38 2.23 2.09  44.2 -0.552 17.15 17.08 02a60033o0153o
60038.086946  20.019  6.670    36  238 o  0   1.04 134.19779  29.92298  5010.52  8239.31 2.28 1.91 -69.7 -0.426 15.95 15.85 04a60038o0259o
60038.089776 -18.501  2.332  -144  337 o  0   1.00 134.19779  29.92298  5031.67  8276.35 2.42 2.00 -72.6 -0.447 15.83 15.91 04a60038o0265o
60038.094888 -20.204  7.400   -30  223 o  0   0.95 134.19779  29.92298  4977.04  8195.95 2.41 1.98 -72.1 -0.418 16.29 16.28 04a60038o0276o
60038.106855 -18.737  2.173  -116  253 o  0   0.92 134.19779  29.92298  4964.93  8307.02 2.37 1.97 -73.9 -0.413 16.04 15.95 04a60038o0302o
60039.333250  20.103  2.033    33   67 o  0   0.86 134.19779  29.92298  2096.76  8375.68 2.05 1.99 -13.6 -0.460 18.27 18.57 02a60039o0251o
60039.341079  18.458  1.608   150  242 o  0   1.02 134.19779  29.92298  2079.56  8337.58 2.07 2.01  -2.7 -0.477 17.61 17.83 02a60039o0267o
60039.344712 -20.373  3.192   -26   82 o  0   0.74 134.19779  29.92298  2138.43  8415.67 2.02 1.97  12.2 -0.479 18.29 18.49 02a60039o0275o
60039.355696 -18.291  0.963  -175  169 o  0   0.94 134.19779  29.92298  2159.59  8293.58 2.03 1.98   0.3 -0.472 17.64 17.67 02a60039o0298o
60041.329975 -20.641  1.070   -20   22 o  0   0.94 134.19779  29.92298  5594.78  4487.75 2.46 1.91  35.4 -0.421 18.82 19.30 02a60041o0230o
60041.332822  20.192  0.754    30   23 o  0   0.66 134.19779  29.92298  5576.66  4451.37 2.48 1.92  36.6 -0.415 18.77 19.28 02a60041o0236o
60041.338700 -21.302  1.837   -11   20 o  0   1.21 134.19779  29.92298  5637.25  4528.12 2.47 1.90  35.6 -0.421 18.75 19.28 02a60041o0249o
60041.354200 -20.690  1.179   -19   23 o  0   1.18 134.19779  29.92298  5659.82  4408.32 2.47 1.95  36.3 -0.428 18.69 19.22 02a60041o0282o
60043.343402  21.051  1.058    14   15 o  0   1.46 134.19779  29.92298  9755.56  2125.28 1.97 1.70 -51.9 -0.484 19.11 19.81 02a60043o0269o
60043.347069 -21.194  2.463   -12   30 o  0   0.98 134.19779  29.92298  9736.73  2085.73 1.97 1.68 -54.4 -0.500 18.32 18.76 02a60043o0277o
60043.352681 -20.787  1.063   -18   19 o  0   1.22 134.19779  29.92298  9797.02  2161.76 2.01 1.68 -53.1 -0.495 19.00 19.58 02a60043o0289o
60043.362859  21.627  2.324     8   19 o  0   1.52 134.19779  29.92298  9821.85  2043.73 2.05 1.67 -54.1 -0.495 18.75 19.45 02a60043o0311o
60045.322956  19.930  4.957    39  192 c  0   0.89 134.19779  29.92298  4231.97  8749.72 2.74 2.68  22.6 -0.386 16.68 18.19 02a60045o0181c
60045.326122 -21.197  1.300   -12   16 c  0   1.21 134.19779  29.92298  4213.67  8710.78 2.57 2.52  16.6 -0.393 19.18 20.93 02a60045o0188c
60045.332938 -20.229  1.254   -29   37 c  0   1.11 134.19779  29.92298  4271.85  8787.73 2.56 2.52  17.4 -0.386 18.29 19.83 02a60045o0203c
60045.361550 -22.708 13.286    -3   40 c  0   1.10 134.19779  29.92298  4300.53  8665.59 2.66 2.55  35.5 -0.375 18.27 19.82 02a60045o0220c
60047.374972 -20.222  0.349   -30   10 c  0   1.30 134.19779  29.92298  5535.90   501.76 2.54 2.32 -88.8 -0.409 19.32 21.04 02a60047o0084c
60047.378153 -21.693  3.710    -8   28 c  0   1.20 134.19779  29.92298  5518.53   459.49 2.47 2.23 -73.2 -0.423 18.78 20.42 02a60047o0091c
60047.383579  20.831  2.262    17   38 c  0   1.04 134.19779  29.92298  5580.30   537.21 2.59 2.32 -71.1 -0.417 18.22 19.78 02a60047o0103c
60047.394477  20.784  1.514    18   27 c  0   1.03 134.19779  29.92298  5605.77   418.77 2.51 2.23 -69.7 -0.421 18.66 20.18 02a60047o0126c
60049.382732 -21.533  1.712    -9   15 c  0   0.57 134.19779  29.92298  7836.60  6831.00 2.70 2.37  31.6 -0.401 19.42 21.06 02a60049o0330c
60049.385897  22.064  2.562     5   14 c  0   0.95 134.19779  29.92298  7818.48  6791.10 2.68 2.38  30.7 -0.407 19.40 21.05 02a60049o0337c
60049.392039 -21.117  0.987   -13   13 c  0   1.09 134.19779  29.92298  7878.58  6868.97 2.62 2.39  29.1 -0.403 19.40 21.03 02a60049o0350c
60049.426814 -23.945 15.000    -1   14 c  0   1.01 134.19779  29.92298  7908.16  6758.59 2.83 2.44  28.1 -0.390 19.24 20.83 02a60049o0422c
60050.033477 -21.003  1.232   -14   18 c  0   1.27 134.19779  29.92298  8943.85  8041.22 3.05 2.68 -25.7 -0.341 18.90 20.43 04a60050o0162c
60050.036671  21.914  2.880     6   18 c  0   1.23 134.19779  29.92298  8965.51  8077.86 3.00 2.60 -22.4 -0.356 18.93 20.44 04a60050o0169c
60050.042179  21.807  2.759     7   19 c  0   1.20 134.19779  29.92298  8910.32  7998.02 2.94 2.49 -23.9 -0.367 18.93 20.43 04a60050o0181c
60050.053299 -20.621  0.846   -20   17 c  0   0.96 134.19779  29.92298  8899.07  8108.74 2.86 2.42 -25.1 -0.362 18.94 20.42 04a60050o0205c
60051.339020 -20.320  0.414   -27   11 c  0   0.93 134.19779  29.92298  1859.99  2461.85 2.37 2.29 -79.9 -0.420 19.48 21.16 02a60051o0184c
60051.342658 -20.992  0.765   -15   11 c  0   1.10 134.19779  29.92298  1841.26  2422.71 2.38 2.28 -75.6 -0.421 19.47 21.15 02a60051o0192c
60051.350407 -21.290  0.938   -11   10 c  0   1.31 134.19779  29.92298  1903.98  2498.76 2.35 2.22 -67.8 -0.422 19.46 21.14 02a60051o0209c
60051.361874 -20.560  0.562   -22   12 c  0   0.81 134.19779  29.92298  1928.91  2380.11 2.37 2.24 -65.2 -0.421 19.47 21.10 02a60051o0234c
60055.310463 -21.559  1.339    -9   12 c  0   0.78 134.19779  29.92298  7770.29  2184.89 2.38 2.27 -70.8 -0.404 19.48 21.04 02a60055o0185c
60055.314152 -22.353  2.933    -4   12 c  0   0.78 134.19779  29.92298  7750.43  2145.57 2.36 2.26 -66.3 -0.408 19.46 21.04 02a60055o0193c
60055.319674 -21.180  0.899   -12   11 c  0   0.89 134.19779  29.92298  7810.55  2222.93 2.39 2.21 -62.5 -0.406 19.47 21.01 02a60055o0205c
60055.332164  23.449  6.182     2    9 c  0   1.67 134.19779  29.92298  7835.50  2106.85 2.37 2.22 -60.0 -0.407 19.47 20.99 02a60055o0232c
60055.996097 -21.660  2.212    -8   17 c  0   1.21 134.19779  29.92298  4626.59  1897.87 2.83 2.56  67.3 -0.391 18.91 20.52 04a60056o0089c
60056.003457  23.538 11.833     1   16 c  0   1.16 134.19779  29.92298  4653.42  1929.36 2.75 2.60  70.0 -0.382 18.93 20.54 04a60056o0105c
60056.007079  20.362  0.702    26   18 c  0   1.05 134.19779  29.92298  4600.45  1848.68 2.92 2.67  59.6 -0.368 18.92 20.55 04a60056o0113c
60056.026059 -20.871  1.068   -16   17 c  0   1.13 134.19779  29.92298  4593.84  1948.13 2.67 2.50  64.4 -0.382 18.97 20.59 04a60056o0154c
60057.269645  22.471  3.640     4   14 c  0   1.03 134.19779  29.92298  6142.58  8667.29 2.54 2.27  32.2 -0.414 19.50 20.98 02a60057o0092c
60057.272818 -22.154  2.500    -5   12 c  0   0.88 134.19779  29.92298  6124.25  8627.87 2.50 2.27  29.0 -0.415 19.52 20.99 02a60057o0099c
60057.278245 -20.468  0.457   -24   11 c  0   1.05 134.19779  29.92298  6181.61  8705.77 2.47 2.27  30.8 -0.420 19.49 21.01 02a60057o0111c
60057.289861 -21.434  1.379   -10   13 c  0   0.86 134.19779  29.92298  6203.96  8588.72 2.51 2.25  30.8 -0.416 19.50 21.02 02a60057o0135c
60059.265911  22.797  5.652     3   16 o  0   1.03 134.19779  29.92298  1715.67  4712.59 2.16 1.94  27.6 -0.454 19.19 20.00 02a60059o0081o
60059.272582  21.061  1.348    14   18 o  0   0.51 134.19779  29.92298  1698.14  4671.63 2.15 1.94  26.2 -0.452 19.20 20.01 02a60059o0095o
60059.275862 -21.209  1.059   -12   13 o  0   1.37 134.19779  29.92298  1757.71  4748.50 2.15 1.90  24.4 -0.453 19.24 20.06 02a60059o0102o
60059.289340 -21.283  1.361   -11   15 o  0   1.07 134.19779  29.92298  1781.86  4627.60 2.12 1.89  28.3 -0.452 19.24 20.06 02a60059o0131o
60067.271319 -22.369  4.575    -4   19 o  0   1.26 134.19779  29.92298  2084.28 10330.24 2.11 1.73 -52.6 -0.492 18.89 19.21 02a60067o0085o
60067.274484 -20.722  1.195   -19   22 o  0   0.87 134.19779  29.92298  2067.16 10290.20 2.15 1.77 -54.1 -0.500 18.83 19.22 02a60067o0092o
60067.281077  21.777  2.662     7   19 o  0   1.42 134.19779  29.92298  2125.15 10366.48 2.06 1.76 -51.2 -0.484 18.86 19.21 02a60067o0106o
60067.282894 -21.635  3.152    -8   25 o  0   0.89 134.19779  29.92298  3214.03    99.60 2.10 1.73 -62.3 -0.491 18.86 19.22 02a60067o0110o
60067.286650  20.602  1.068    21   22 o  0   1.03 134.19779  29.92298  3194.87    60.14 2.02 1.67 -64.2 -0.502 18.84 19.19 02a60067o0118o
60067.301767 -20.630  1.079   -20   22 o  0   0.85 134.19779  29.92298  2153.87 10245.36 2.04 1.73 -49.3 -0.493 18.79 19.11 02a60067o0151o
60067.307383 -21.191  1.868   -12   23 o  0   0.68 134.19779  29.92298  3260.22   137.89 1.91 1.67 -75.1 -0.487 18.81 19.14 02a60067o0163o
60067.992443 -19.774  0.748   -45   33 o  0   1.49 134.19779  29.92298  1040.69  3749.76 2.45 2.09  58.0 -0.416 18.22 18.64 04a60068o0098o
60067.997654  19.908  0.959    40   38 o  0   1.17 134.19779  29.92298  1063.39  3785.35 2.61 2.33  51.4 -0.406 18.12 18.62 04a60068o0109o
60068.000957  20.676  1.706    20   33 o  0   1.22 134.19779  29.92298  1008.39  3704.34 2.53 2.16  56.6 -0.400 18.18 18.62 04a60068o0116o
60068.016534 -19.660  0.770   -50   38 o  0   1.02 134.19779  29.92298  1002.00  3811.52 2.46 2.17  60.7 -0.422 18.18 18.57 04a60068o0149o
60069.296469  20.095  0.821    33   27 o  0   1.60 134.19779  29.92298  9740.65  6778.35 2.32 2.26 -49.0 -0.453 18.66 18.99 02a60069o0137o
60069.299884  22.624 10.522     3   34 o  0   0.97 134.19779  29.92298  9722.21  6738.44 2.29 2.26   5.9 -0.457 18.64 18.97 02a60069o0144o
60069.317521  19.728  0.798    47   37 o  0   0.79 134.19779  29.92298  9786.30  6818.32 2.30 2.22 -32.4 -0.445 18.56 18.89 02a60069o0182o
60069.322616  20.825  2.095    17   36 o  0   1.45 134.19779  29.92298  9806.27  6701.34 2.27 2.18 -37.0 -0.459 18.60 18.88 02a60069o0193o
60071.284765 -20.628  0.861   -20   18 o  0   1.19 134.19779  29.92298  3811.54  2345.40 2.10 1.93  38.5 -0.442 19.02 19.54 02a60071o0114o
60071.287952  22.813  6.040     3   16 o  0   1.68 134.19779  29.92298  3792.97  2306.23 2.11 1.93  36.2 -0.443 18.95 19.50 02a60071o0121o
60071.294413 -21.140  1.873   -13   24 o  0   0.51 134.19779  29.92298  3853.73  2383.25 2.03 1.96  43.2 -0.443 18.94 19.42 02a60071o0135o
60071.305005 -21.440  2.071   -10   20 o  0   1.32 134.19779  29.92298  3877.02  2265.69 2.16 1.97  39.9 -0.443 18.85 19.34 02a60071o0158o
60073.989578  19.630  0.582    51   30 o  0   1.24 134.19779  29.92298  9575.31 10255.73 2.96 2.79  27.0 -0.390 18.68 19.70 04a60074o0092o
60073.993769  22.204  5.952     5   28 o  0   0.91 134.19779  29.92298  9598.14 10292.98 2.58 2.44 -14.7 -0.460 18.71 19.69 04a60074o0101o
60074.005015 -20.416  1.018   -25   25 o  0   1.90 134.19779  29.92298  9543.98 10210.05 2.55 2.32 -23.9 -0.486 18.71 19.65 04a60074o0124o
60074.010580  22.885 10.545     2   27 o  0   1.24 134.19779  29.92298  9527.22 10326.49 2.58 2.38 -46.4 -0.479 18.67 19.61 04a60074o0136o
60074.018900  23.361 34.429     2   56 o  0   1.03 134.19779  29.92298   807.99    50.26 3.42 1.99  47.2 -0.436 18.77 19.85 04a60074o0154o
60074.053630 -20.080  1.121   -34   38 o  0   1.03 134.19779  29.92298   752.96    84.18 3.57 2.08  45.9 -0.398 18.66 19.76 04a60074o0191o
60077.291979  21.213  0.898    12   11 c  0   1.26 134.19779  29.92298  3653.76  4572.46 2.33 2.26  40.0 -0.418 19.39 20.76 02a60077o0129c
60077.295197 -24.242 20.400    -1   15 c  0   0.61 134.19779  29.92298  3630.29  4536.39 2.56 2.27  39.9 -0.398 19.38 20.76 02a60077o0136c
60077.300674 -21.136  0.854   -13   11 c  0   1.11 134.19779  29.92298  3690.86  4611.53 2.50 2.26  37.5 -0.401 19.35 20.76 02a60077o0148c
60077.310866  21.437  1.268    10   12 c  0   0.95 134.19779  29.92298  3718.52  4492.74 2.34 2.24  36.0 -0.412 19.38 20.74 02a60077o0170c
60079.299617  21.431  1.500    10   15 c  0   0.94 134.19779  29.92298  8044.39  8580.97 2.61 2.48  19.3 -0.403 19.38 20.75 02a60079o0143c
60079.302847 -20.327  0.463   -27   12 c  0   1.03 134.19779  29.92298  8028.59  8539.55 2.60 2.48  17.0 -0.407 19.33 20.72 02a60079o0150c
60079.308840  22.483  3.714     4   14 c  0   1.59 134.19779  29.92298  8085.73  8622.00 2.81 2.43  29.2 -0.394 19.31 20.69 02a60079o0163c
60079.318914 -20.383  0.540   -26   14 c  0   1.42 134.19779  29.92298  8112.24  8503.83 2.57 2.48   0.5 -0.411 19.33 20.64 02a60079o0185c
60079.964619 -20.627  1.753   -20   36 o  0   0.94 134.19779  29.92298  9035.33  3865.32 2.93 2.60 -20.5 -0.371 18.34 19.12 04a60080o0050o
60079.973843 -20.481  1.130   -23   26 o  0   1.12 134.19779  29.92298  9059.86  3896.92 2.89 2.38 -19.0 -0.391 18.58 19.63 04a60080o0070o
60079.977480 -20.425  0.947   -24   23 o  0   1.17 134.19779  29.92298  9005.64  3819.70 3.02 2.59 -15.7 -0.366 18.59 19.65 04a60080o0078o
60079.994169  20.944  1.542    15   24 o  0   1.43 134.19779  29.92298  8999.16  3928.08 2.97 2.57 -15.4 -0.375 18.56 19.58 04a60080o0114o
60085.246777  21.424  2.095    10   20 o  0   0.79 134.19779  29.92298  7512.95   415.18 1.87 1.54 -69.1 -0.524 18.97 19.51 02a60085o0007o
60085.251106 -21.151  1.570   -13   20 o  0   0.79 134.19779  29.92298  7495.07   373.88 1.90 1.55 -62.9 -0.506 19.23 20.01 02a60085o0016o
60085.255869 -20.607  0.631   -21   13 o  0   0.88 134.19779  29.92298  7554.47   452.53 1.95 1.57 -61.9 -0.512 19.39 20.24 02a60085o0026o
60085.264466   0.000  0.000     0    0 o  0  -2.00 134.19779  29.92298  6221.54 10462.25 2.37 1.90 -51.1 -0.462 19.37 20.25 02a60085o0045o
60085.270948 -21.541  1.960    -9   17 o  0   0.92 134.19779  29.92298  7580.64   332.75 1.95 1.55 -60.6 -0.512 19.41 20.31 02a60085o0059o
60093.263710 -20.190  0.991   -30   30 o  0   1.14 134.19779  29.92298  9538.79  2079.18 2.02 1.75 -55.7 -0.483 18.31 18.67 02a60093o0062o
60093.285738  17.029  0.897   560  503 o  0   1.52 134.19779  29.92298  9624.97  2039.13 2.00 1.71 -56.6 -0.434 14.87 15.30 02a60093o0109o
60097.951421 -18.921  1.084   -98  106 o  0   0.87 134.19779  29.92298  3016.15  3711.57 2.77 2.52  72.9 -0.420 17.25 17.49 04a60098o0030o
60097.960969 -20.002  1.787   -36   65 o  0   0.73 134.19779  29.92298  2966.41  3627.67 2.63 2.37  70.2 -0.424 17.79 18.37 04a60098o0051o
60097.971879  19.373  0.698    65   45 o  0   1.16 134.19779  29.92298  2951.53  3741.22 2.51 2.28  68.3 -0.442 17.86 18.40 04a60098o0075o
60099.250028  20.417  5.908    25  146 o  0   1.24 134.19779  29.92298  7645.89  6840.55 2.47 2.00  35.0 -0.421 16.99 16.96 02a60099o0023o
60099.252939 -16.849  0.470  -661  311 o  0   2.28 134.19779  29.92298  7627.43  6801.31 2.35 1.97  34.9 -0.477 16.09 15.93 02a60099o0029o
60099.261946  19.940  4.446    38  171 o  0   1.23 134.19779  29.92298  7687.50  6878.96 2.34 2.05  30.8 -0.430 16.76 16.75 02a60099o0048o
60099.273432 -19.100  3.360   -83  279 o  0   1.39 134.19779  29.92298  7709.49  6761.87 2.67 2.31  36.1 -0.394 16.34 16.26 02a60099o0073o
60103.250657  20.244  3.531    29  102 o  0   1.02 134.19779  29.92298  9800.81  8549.05 2.38 2.12 -54.9 -0.459 18.23 18.47 02a60103o0022o
60103.254019  26.020 337.000     0   48 o  0   0.74 134.19779  29.92298  9782.90  8509.81 2.47 2.10 -53.6 -0.443 18.69 19.07 02a60103o0029o
60103.261098 -21.893  3.957    -6   25 o  0   0.67 134.19779  29.92298  9844.21  8589.72 2.43 2.07 -51.0 -0.436 19.09 19.90 02a60103o0044o
60103.272423  20.101  0.508    33   17 o  0   1.57 134.19779  29.92298  9867.63  8471.49 2.37 1.97 -51.3 -0.457 19.23 20.12 02a60103o0069o
60105.251739  21.229  2.806    12   33 c  0   1.17 134.19779  29.92298  7589.00  2184.05 2.73 2.52 -62.1 -0.378 18.24 19.16 02a60105o0018c
60105.255583 -20.018  0.766   -36   27 c  0   0.77 134.19779  29.92298  7571.10  2144.44 2.98 2.83 -57.7 -0.375 18.60 19.74 02a60105o0026c
60105.261680  22.232  3.773     5   18 c  0   1.29 134.19779  29.92298  7631.91  2222.34 2.96 2.75 -66.2 -0.386 18.87 20.22 02a60105o0039c
