MJD          m      dm   uJy   duJy F err chi/N     RA       Dec        x        y     maj  min   phi  apfit mag5sig Sky   Obs
59836.491922 -20.668  0.727   -20   14 o  0   2.88  12.77409  29.53671  5610.49  2755.06 2.20 2.18   5.5 -0.449 19.06 19.51 01a59836o0593o
59836.498421  19.885  0.446    40   18 o  0   1.81  12.77409  29.53671  5635.48  2795.00 2.19 2.18   8.3 -0.454 19.11 19.63 01a59836o0607o
59836.501302 -22.328  3.200    -4   14 o  0   2.67  12.77409  29.53671  5579.96  2716.68 2.27 2.21  22.7 -0.455 19.04 19.49 01a59836o0613o
59836.533428  21.293  1.593    11   18 o  0   2.24  12.77409  29.53671  5588.04  2836.45 2.18 2.09   4.5 -0.452 19.08 19.46 01a59836o0681o
59837.539860 -20.084  0.541   -34   18 o  0   2.12  12.77409  29.53671  7185.10  5870.32 2.63 1.98  33.9 -0.425 19.09 19.74 02a59837o0694o
59837.543495 -20.309  0.551   -27   15 o  0   2.01  12.77409  29.53671  7166.20  5829.48 2.62 2.00  35.3 -0.421 19.09 19.70 02a59837o0702o
59837.552914  20.204  0.591    30   18 o  0   2.65  12.77409  29.53671  7222.61  5908.76 2.75 2.09  33.8 -0.416 19.01 19.65 02a59837o0722o
59837.563432 -24.153 19.333    -1   15 o  0   3.34  12.77409  29.53671  7244.33  5792.64 2.62 1.99  35.4 -0.418 19.10 19.62 02a59837o0745o
59838.487057  20.939  0.847    15   13 o  0   2.12  12.77409  29.53671  7191.59  5869.68 2.50 2.06  34.5 -0.424 19.31 20.35 02a59838o0565o
59838.491122  21.397  1.329    10   13 o  0   2.13  12.77409  29.53671  7170.84  5830.13 2.54 2.06  35.6 -0.424 19.27 20.33 02a59838o0573o
59838.523852 -20.301  0.613   -28   17 o  0   1.69  12.77409  29.53671  7223.15  5907.57 2.52 2.02  37.3 -0.423 19.31 20.24 02a59838o0643o
59838.529296 -20.520  0.569   -22   13 o  0   3.23  12.77409  29.53671  7244.31  5794.24 2.55 2.01  35.6 -0.420 19.30 20.26 02a59838o0655o
59839.478542 -20.982  0.792   -15   12 o  0   3.24  12.77409  29.53671  6845.65  2740.78 2.22 2.12  45.1 -0.453 19.66 20.74 01a59839o0555o
59839.483650 -20.347  0.449   -26   12 o  0   2.84  12.77409  29.53671  6866.95  2779.89 2.29 2.18  44.3 -0.440 19.65 20.73 01a59839o0566o
59839.502403 -19.816  0.202   -43    9 o  0   4.06  12.77409  29.53671  6813.15  2702.72 2.28 2.19  47.6 -0.444 19.64 20.76 01a59839o0604o
59839.507647 -20.313  0.388   -27   10 o  0   2.02  12.77409  29.53671  6796.23  2820.43 2.39 2.26  32.3 -0.433 19.59 20.77 01a59839o0615o
59840.430790  17.767  0.036   284   10 o  0  59.35  12.77409  29.53671  5793.85  4005.22 2.29 2.09  49.3 -0.420 19.74 20.99 01a59840o0454o
59840.434021  21.307  0.908    11   10 o  0   1.73  12.77409  29.53671  5774.79  3966.16 2.34 2.08  48.7 -0.415 19.71 20.97 01a59840o0461o
59840.451532 -22.227  1.646    -5    8 o  0   4.65  12.77409  29.53671  5833.43  4040.08 2.29 2.07  40.3 -0.418 19.71 20.92 01a59840o0498o
59840.455689 -21.592  0.989    -8    8 o  0   4.16  12.77409  29.53671  5852.73  3923.06 2.28 2.05  40.4 -0.419 19.72 20.93 01a59840o0507o
59841.479518  21.079  0.820    13   11 o  0   1.87  12.77409  29.53671  7192.00  5863.62 2.43 1.98  30.0 -0.422 19.54 20.86 02a59841o0589o
59841.482681 -20.708  0.597   -19   11 o  0   1.88  12.77409  29.53671  7173.38  5827.21 2.41 1.95  31.3 -0.427 19.51 20.83 02a59841o0596o
59841.489288 -20.290  0.387   -28   11 o  0   2.03  12.77409  29.53671  7231.93  5905.82 2.40 1.91  31.3 -0.430 19.55 20.80 02a59841o0610o
59841.510529 -20.591  0.564   -21   12 o  0   2.51  12.77409  29.53671  7246.77  5790.47 2.59 2.08  32.5 -0.417 19.46 20.81 02a59841o0648o
59842.506107 -21.018  0.805   -14   11 o  0   3.21  12.77409  29.53671  9127.06  5809.26 2.31 2.08  25.9 -0.429 19.53 20.82 02a59842o0643o
59842.509273  25.431 53.500     0   13 o  0   2.57  12.77409  29.53671  9108.62  5770.68 2.39 2.05  29.4 -0.429 19.54 20.83 02a59842o0650o
59842.514697  21.230  1.205    12   14 o  0   2.13  12.77409  29.53671  9167.23  5848.87 2.46 2.16  29.4 -0.426 19.48 20.82 02a59842o0662o
59842.527813 -20.681  0.591   -19   12 o  0   2.94  12.77409  29.53671  9189.99  5733.90 2.43 2.14  24.7 -0.424 19.47 20.78 02a59842o0690o
59843.473002 -21.237  0.605   -12    7 c  0   3.29  12.77409  29.53671  4762.90  6725.65 3.05 2.84  47.1 -0.309 19.68 21.45 01a59843o0550c
59843.498222 -23.135  1.964    -2    4 c  0   3.88  12.77409  29.53671  4790.09  6765.97 3.12 2.86  44.6 -0.292 20.50 21.47 01a59843o0567c
59843.507261  22.269  0.852     4    4 c  0   3.21  12.77409  29.53671  4733.66  6690.52 3.13 2.87  38.3 -0.289 20.51 21.46 01a59843o0573c
59843.511771 -21.716  0.532    -8    4 c  0   2.17  12.77409  29.53671  4715.72  6807.10 3.14 2.88  37.9 -0.289 20.48 21.43 01a59843o0576c
59844.443241 -21.415  0.836   -10    8 c  0   2.29  12.77409  29.53671  5781.67  3999.61 2.93 2.71  42.3 -0.335 19.80 21.70 01a59844o0501c
59844.465415 -20.331  0.246   -27    7 c  0   2.13  12.77409  29.53671  5761.34  3956.81 2.95 2.76  39.2 -0.328 19.80 21.73 01a59844o0546c
59844.481331 -20.442  0.335   -24    8 c  0   1.99  12.77409  29.53671  4729.92  6687.26 3.09 2.79  50.7 -0.306 19.77 21.73 01a59844o0578c
59844.484110 -20.495  0.307   -23    7 c  0   2.71  12.77409  29.53671  4713.02  6803.61 3.01 2.77  44.3 -0.309 19.80 21.72 01a59844o0584c
59845.471012  18.759  0.115   114   13 o  0   6.21  12.77409  29.53671  9134.41  5809.97 2.37 2.06  28.4 -0.430 19.35 20.81 02a59845o0579o
59845.473849  19.186  0.190    77   15 o  0   1.89  12.77409  29.53671  9115.53  5768.60 2.29 2.01  32.9 -0.430 19.28 20.73 02a59845o0585o
59845.507534  19.142  0.159    80   13 o  0   3.14  12.77409  29.53671  9165.43  5848.39 2.39 2.13  29.5 -0.423 19.47 20.99 02a59845o0656o
59845.512957  19.305  0.166    69   11 o  0   2.89  12.77409  29.53671  9186.91  5735.61 2.59 2.14  24.5 -0.418 19.44 20.96 02a59845o0668o
59846.406480  18.481  0.073   147   11 o  0   5.39  12.77409  29.53671  1440.45  4762.37 2.10 1.92  37.1 -0.458 19.49 20.80 02a59846o0401o
59846.419934  18.404  0.107   158   17 o  0   3.05  12.77409  29.53671  1457.45  4803.45 2.06 1.86  25.6 -0.464 19.27 20.45 02a59846o0428o
59846.421743  18.558  0.091   137   12 o  0   3.97  12.77409  29.53671  1398.83  4725.74 2.15 1.88  27.9 -0.454 19.41 20.67 02a59846o0432o
59846.424908  18.304  0.073   173   13 o  0   3.10  12.77409  29.53671  1379.61  4843.46 2.08 1.92  23.5 -0.461 19.51 20.75 02a59846o0439o
59847.413864  19.721  0.156    47    7 c  0   2.93  12.77409  29.53671  5776.52  4008.14 2.96 2.72  47.0 -0.328 19.75 21.62 01a59847o0366c
59847.415711  18.899  0.078   100    8 c  0   2.19  12.77409  29.53671  5757.12  3968.67 2.98 2.73  47.1 -0.326 19.75 21.64 01a59847o0370c
59847.440322  18.956  0.082    95    8 c  0   2.82  12.77409  29.53671  5815.82  4041.59 2.95 2.71  35.6 -0.330 19.79 21.66 01a59847o0421c
59847.445442  19.180  0.103    77    8 c  0   2.79  12.77409  29.53671  5835.78  3923.69 2.99 2.73  35.5 -0.324 19.78 21.64 01a59847o0432c
59848.485158  19.152  0.117    79    9 c  0   2.43  12.77409  29.53671  8685.41  6488.31 3.06 2.90  34.9 -0.370 19.69 21.53 01a59848o0557c
59848.487947  19.126  0.116    81    9 c  0   1.58  12.77409  29.53671  8705.45  6527.63 3.11 2.91  34.2 -0.366 19.66 21.52 01a59848o0563c
59848.523422  18.954  0.111    95   11 c  0   1.64  12.77409  29.53671  8655.45  6455.04 3.09 2.89  36.8 -0.363 19.65 21.42 01a59848o0633c
59848.531928  19.163  0.143    78   11 c  0   1.38  12.77409  29.53671  8638.05  6574.26 3.17 2.99  34.3 -0.352 19.59 21.40 01a59848o0650c
59849.411621  18.305  0.063   173   11 o  0   3.95  12.77409  29.53671  1446.34  4763.24 2.26 1.94  31.9 -0.447 19.60 21.08 02a59849o0441o
59849.414334  18.326  0.071   170   12 o  0   3.85  12.77409  29.53671  1465.80  4802.40 2.32 1.96  34.0 -0.448 19.57 21.08 02a59849o0447o
59849.417498  18.461  0.088   150   13 o  0   2.24  12.77409  29.53671  1406.98  4723.49 2.30 1.99  33.1 -0.447 19.60 21.10 02a59849o0454o
59849.422564  18.198  0.068   191   13 o  0   3.06  12.77409  29.53671  1388.64  4839.88 2.32 2.07  33.0 -0.442 19.54 21.05 02a59849o0465o
59850.511154  18.308  0.071   172   12 o  0   4.18  12.77409  29.53671  5085.21  9837.43 2.35 2.19  41.2 -0.416 19.46 20.79 02a59850o0654o
59850.517580  18.070  0.066   215   14 o  0   3.19  12.77409  29.53671  5067.87  9800.72 2.36 2.14  34.1 -0.417 19.49 20.79 02a59850o0668o
59850.520475  17.872  0.058   258   15 o  0   6.62  12.77409  29.53671  5125.56  9880.19 2.28 2.25  37.4 -0.423 19.42 20.79 02a59850o0674o
59850.555268  17.957  0.062   238   15 o  0   2.41  12.77409  29.53671  5140.28  9760.58 2.43 2.26  35.9 -0.411 19.40 20.72 02a59850o0746o
59851.447066  17.739  0.032   291    9 c  0   3.16  12.77409  29.53671  8686.53  6488.20 2.95 2.85  31.0 -0.378 19.80 21.72 01a59851o0519c
59851.451721  17.620  0.029   325   10 c  0   2.75  12.77409  29.53671  8709.18  6528.16 2.98 2.81  32.2 -0.376 19.78 21.71 01a59851o0529c
59851.461738  17.705  0.033   301   10 c  0   2.54  12.77409  29.53671  8651.39  6451.23 2.98 2.84  33.0 -0.375 19.75 21.67 01a59851o0549c
59851.467390  17.727  0.036   295   11 c  0   2.23  12.77409  29.53671  8635.01  6569.19 2.99 2.82  22.1 -0.373 19.76 21.64 01a59851o0561c
59852.460036  17.483  0.027   369   10 c  0   2.97  12.77409  29.53671  8694.14  6492.03 3.13 2.94  28.3 -0.363 19.72 21.71 01a59852o0480c
59852.488499  17.361  0.025   412   10 c  0   1.95  12.77409  29.53671  8718.47  6531.45 3.12 3.00  40.0 -0.359 19.69 21.65 01a59852o0538c
59852.495455  17.455  0.025   378   10 c  0   3.22  12.77409  29.53671  8661.65  6456.39 3.09 2.97  38.0 -0.358 19.70 21.65 01a59852o0551c
59852.498654  17.413  0.027   394   11 c  0   1.97  12.77409  29.53671  8643.87  6573.48 3.11 2.98  38.2 -0.360 19.70 21.62 01a59852o0557c
59853.449035  16.980  0.026   586   15 o  0   3.07  12.77409  29.53671  5093.45  9836.54 2.11 2.03 -62.1 -0.440 19.65 21.04 02a59853o0544o
59853.456454  17.009  0.024   571   14 o  0   4.88  12.77409  29.53671  5076.31  9798.59 2.16 2.07  58.5 -0.434 19.61 21.02 02a59853o0560o
59853.460094  17.132  0.027   510   14 o  0   3.79  12.77409  29.53671  5132.78  9877.34 2.11 2.10 -62.6 -0.432 19.61 20.99 02a59853o0568o
59853.470539  17.000  0.023   575   13 o  0   3.80  12.77409  29.53671  5150.74  9759.56 2.16 2.08  62.9 -0.434 19.57 20.96 02a59853o0589o
59854.375905  16.815  0.022   682   15 o  0   4.89  12.77409  29.53671  5480.20   734.59 2.10 1.93 -80.1 -0.463 19.50 20.94 02a59854o0377o
59854.378164  16.835  0.022   670   15 o  0   6.62  12.77409  29.53671  5500.16   774.06 2.11 1.96 -72.4 -0.459 19.47 20.95 02a59854o0382o
59854.381395  16.826  0.021   676   14 o  0   8.18  12.77409  29.53671  5444.52   695.26 2.21 1.97 -72.2 -0.463 19.48 20.87 02a59854o0389o
59854.417508  16.898  0.021   632   13 o  0   6.23  12.77409  29.53671  5427.71   813.75 2.04 1.93 -84.9 -0.458 19.56 20.91 02a59854o0460o
59855.374281  16.667  0.020   782   15 o  0   3.07  12.77409  29.53671  1848.78  4216.53 2.29 2.10  48.6 -0.435 19.60 20.66 01a59855o0371o
59855.395497  16.647  0.017   797   14 o  0   3.29  12.77409  29.53671  1830.41  4177.26 2.43 2.19  50.9 -0.422 19.61 20.85 01a59855o0412o
59855.414412  16.708  0.017   753   13 o  0   4.24  12.77409  29.53671  1889.81  4250.90 2.42 2.15  44.9 -0.420 19.68 20.98 01a59855o0450o
59855.419172  16.617  0.018   819   14 o  0   3.27  12.77409  29.53671  8634.64  6567.35 2.39 2.37 -81.3 -0.444 19.70 21.01 01a59855o0459o
59856.452890  16.485  0.016   925   15 o  0   4.50  12.77409  29.53671  4911.80   907.63 2.25 2.14  38.1 -0.470 19.60 20.73 01a59856o0501o
59856.455659  16.462  0.016   944   15 o  0   7.07  12.77409  29.53671  4931.70   946.75 2.30 2.17  46.7 -0.467 19.60 20.75 01a59856o0507o
59856.458484  16.412  0.014   989   14 o  0   6.81  12.77409  29.53671  4875.58   868.79 2.29 2.17  37.0 -0.464 19.61 20.77 01a59856o0513o
59856.461560  16.452  0.015   954   14 o  0   4.52  12.77409  29.53671  4857.20   987.20 2.28 2.15  36.2 -0.468 19.63 20.79 01a59856o0519o
59858.464502  16.180  0.016  1225   19 o  0   4.79  12.77409  29.53671  5184.56  4024.73 2.43 1.81  31.8 -0.447 19.15 19.87 02a59858o0580o
59858.467672  16.219  0.019  1181   22 o  0   2.43  12.77409  29.53671  5164.85  3986.32 2.59 1.86  30.2 -0.442 19.10 19.87 02a59858o0587o
59858.488519  16.136  0.020  1275   25 o  0   2.96  12.77409  29.53671  5218.54  4060.87 2.46 1.88  34.1 -0.441 18.78 19.43 02a59858o0631o
59858.499374  16.160  0.021  1247   26 o  0   3.35  12.77409  29.53671  5240.38  3943.89 2.59 1.88  34.0 -0.443 18.73 19.40 02a59858o0654o
59859.428911  16.100  0.016  1319   21 o  0   2.39  12.77409  29.53671  4918.65   901.36 2.34 2.25  43.2 -0.481 19.04 19.57 01a59859o0340o
59859.432193  16.055  0.019  1374   26 o  0   1.90  12.77409  29.53671  4938.36   941.46 2.34 2.25  47.7 -0.476 18.82 19.24 01a59859o0347o
59859.437836  16.060  0.016  1368   22 o  0   2.68  12.77409  29.53671  4882.37   863.50 2.32 2.23  47.4 -0.480 18.93 19.35 01a59859o0359o
59859.448966  16.110  0.017  1306   22 o  0   2.88  12.77409  29.53671  4865.59   980.65 2.35 2.22  44.9 -0.473 18.99 19.49 01a59859o0381o
59860.426666  15.970  0.021  1486   31 o  0   1.92  12.77409  29.53671  4919.42   904.93 2.29 2.17  35.8 -0.484 18.55 18.57 01a59860o0468o
59860.430390  16.026  0.022  1411   30 o  0   2.09  12.77409  29.53671  4939.60   944.69 2.25 2.12  34.9 -0.494 18.58 18.52 01a59860o0476o
59860.465041  16.007  0.021  1436   30 o  0   1.55  12.77409  29.53671  4889.23   867.50 2.32 2.19  42.1 -0.482 18.58 18.72 01a59860o0548o
59860.493522  15.964  0.036  1494   54 o  0   1.36  12.77409  29.53671  4878.81   989.09 2.33 2.19  45.5 -0.484 17.77 17.43 01a59860o0608o
59864.509278  15.851  0.015  1659   26 o  0   1.69  12.77409  29.53671  1331.85  4962.38 2.42 2.19  48.6 -0.420 18.82 19.05 01a59864o0661o
59864.513058  15.831  0.014  1688   23 o  0   3.45  12.77409  29.53671  1352.66  5002.59 2.41 2.15  44.8 -0.414 18.82 19.05 01a59864o0669o
59864.518356  15.808  0.015  1725   27 o  0   1.78  12.77409  29.53671  1294.94  4923.58 2.48 2.24  46.3 -0.410 18.80 19.03 01a59864o0680o
59864.547812  15.856  0.016  1650   26 o  0   2.15  12.77409  29.53671  1283.78  5044.63 2.31 2.13  47.9 -0.429 18.79 18.91 01a59864o0742o
59866.512350  15.788  0.012  1757   21 o  0  10.33  12.77409  29.53671   953.55  7648.78 1.99 1.81  13.6 -0.461 19.19 19.94 02a59866o0700o
59866.515554  15.813  0.012  1718   21 o  0   5.28  12.77409  29.53671   934.27  7610.31 1.97 1.79  11.3 -0.466 19.19 19.93 02a59866o0707o
59866.521665  15.816  0.012  1713   20 o  0   9.51  12.77409  29.53671   993.00  7684.82 2.05 1.88  17.1 -0.454 19.13 19.90 02a59866o0720o
59866.531816  15.764  0.012  1796   22 o  0   8.44  12.77409  29.53671  1013.29  7567.93 2.07 1.88  17.1 -0.447 19.10 19.84 02a59866o0742o
59867.461409  15.853  0.011  1656   19 o  0   2.53  12.77409  29.53671  1326.30  4961.06 2.34 2.17  46.9 -0.421 19.36 20.19 01a59867o0582o
59867.464640  15.870  0.011  1629   17 o  0   3.68  12.77409  29.53671  1346.72  4999.84 2.32 2.14  48.3 -0.422 19.40 20.19 01a59867o0589o
59867.470178  15.857  0.012  1649   19 o  0   3.01  12.77409  29.53671  1289.12  4921.88 2.37 2.22  40.7 -0.417 19.37 20.18 01a59867o0601o
59867.494155  15.860  0.011  1645   18 o  0   4.24  12.77409  29.53671  1276.08  5040.50 2.36 2.18  51.0 -0.416 19.33 20.12 01a59867o0652o
59868.419594  15.849  0.010  1662   17 o  0   4.17  12.77409  29.53671  1319.07  4957.92 2.44 2.24  40.6 -0.413 19.50 20.52 01a59868o0479o
59868.432504  15.863  0.011  1640   19 o  0   3.21  12.77409  29.53671  1342.16  4998.60 2.45 2.28  38.8 -0.417 19.49 20.58 01a59868o0505o
59868.435282  15.865  0.011  1636   18 o  0   2.06  12.77409  29.53671  1283.90  4920.38 2.44 2.27  47.0 -0.415 19.48 20.58 01a59868o0511o
59868.440836  15.849  0.011  1661   18 o  0   2.75  12.77409  29.53671  1266.50  5036.39 2.47 2.29  48.1 -0.417 19.49 20.59 01a59868o0523o
59869.343421  15.995  0.011  1453   16 c  0   3.31  12.77409  29.53671  9618.32  2917.91 2.45 2.35 -57.6 -0.412 19.70 21.44 02a59869o0328c
59869.345228  15.925  0.010  1549   16 c  0   3.75  12.77409  29.53671  9637.93  2955.57 2.46 2.36 -55.6 -0.411 19.67 21.45 02a59869o0332c
59869.348392  15.945  0.010  1520   16 c  0   3.30  12.77409  29.53671  9579.51  2880.15 2.45 2.34 -59.5 -0.414 19.67 21.47 02a59869o0339c
59869.358406  15.951  0.011  1513   17 c  0   2.80  12.77409  29.53671  9566.48  2999.81 2.51 2.41 -57.0 -0.411 19.64 21.48 02a59869o0361c
59870.279531  15.970  0.011  1486   17 c  0   2.83  12.77409  29.53671  9598.97  2914.55 2.46 2.34  -0.1 -0.410 19.56 21.25 02a59870o0192c
59870.282705  16.015  0.012  1425   17 c  0   2.73  12.77409  29.53671  9625.06  2952.91 2.46 2.24 -52.1 -0.423 19.65 21.28 02a59870o0199c
59870.287223  15.953  0.011  1510   16 c  0   4.40  12.77409  29.53671  9568.08  2876.37 2.49 2.25 -52.9 -0.418 19.62 21.29 02a59870o0209c
59870.322712  15.960  0.011  1500   17 c  0   1.75  12.77409  29.53671  9550.62  2996.29 2.51 2.30 -55.4 -0.411 19.65 21.37 02a59870o0284c
59871.325344  15.954  0.011  1507   17 o  0   3.19  12.77409  29.53671  1121.05  5780.03 2.28 2.19  69.4 -0.435 19.64 20.86 01a59871o0289o
59871.359060  15.960  0.011  1500   16 o  0   4.34  12.77409  29.53671  1106.20  5738.72 2.31 2.09  54.5 -0.426 19.71 20.99 01a59871o0359o
59871.384272  15.949  0.011  1514   17 o  0   4.96  12.77409  29.53671  9370.55  4879.62 2.53 2.33  15.5 -0.415 19.66 21.04 01a59871o0411o
59871.400691  15.968  0.010  1489   15 o  0   4.28  12.77409  29.53671  9355.89  4996.78 2.48 2.21  24.2 -0.416 19.68 21.13 01a59871o0442o
59872.406312  15.978  0.013  1476   19 o  0   4.85  12.77409  29.53671  9530.27  1026.93 2.61 2.25 -54.5 -0.425 19.68 21.04 01a59872o0338o
59872.413828  16.025  0.012  1412   17 o  0   8.95  12.77409  29.53671  9551.33  1064.13 2.42 2.14 -49.5 -0.431 19.70 21.03 01a59872o0353o
59872.433842  15.968  0.012  1489   17 o  0   7.25  12.77409  29.53671  9496.62   990.30 2.45 2.13 -52.9 -0.429 19.66 20.93 01a59872o0395o
59872.440436  16.019  0.012  1421   17 o  0   9.33  12.77409  29.53671  9481.04  1110.10 2.41 2.01 -55.6 -0.454 19.56 20.86 01a59872o0408o
59873.552872  15.984  0.012  1466   17 o  0  15.49  12.77409  29.53671   950.53  7643.84 2.09 2.00   5.1 -0.442 19.36 20.47 02a59873o0162o
59873.556050  15.994  0.013  1453   18 o  0   6.90  12.77409  29.53671   934.46  7603.23 2.05 1.97 -10.6 -0.450 19.32 20.43 02a59873o0169o
59873.562021  16.028  0.014  1409   19 o  0   8.95  12.77409  29.53671   995.43  7678.03 2.08 1.98 -24.6 -0.449 19.32 20.39 02a59873o0182o
59873.572648  16.012  0.015  1429   22 o  0   4.15  12.77409  29.53671  1016.53  7560.21 2.16 2.01 -20.4 -0.454 19.23 20.29 02a59873o0205o
59875.387187  16.071  0.013  1354   17 o  0   8.72  12.77409  29.53671  9530.70  1026.27 2.30 2.09 -54.6 -0.458 19.66 20.94 01a59875o0420o
59875.404567  16.149  0.013  1260   17 o  0   5.62  12.77409  29.53671  9553.94  1064.72 2.35 2.11 -32.8 -0.444 19.62 21.01 01a59875o0455o
59875.409919  16.103  0.013  1315   17 o  0   6.52  12.77409  29.53671  9497.81   988.76 2.38 2.14 -51.6 -0.438 19.64 20.92 01a59875o0466o
59875.415163  16.134  0.012  1278   15 o  0   9.97  12.77409  29.53671  9479.70  1106.70 2.33 2.11 -50.7 -0.454 19.64 20.96 01a59875o0476o
59876.376631  16.167  0.013  1240   16 o  0   4.77  12.77409  29.53671  9529.49  1027.77 2.48 2.21 -53.5 -0.421 19.64 20.94 01a59876o0389o
59876.379412  16.171  0.014  1235   17 o  0   3.92  12.77409  29.53671  9548.91  1066.84 2.57 2.25 -56.6 -0.431 19.65 20.96 01a59876o0395o
59876.386868  16.164  0.013  1242   17 o  0   6.18  12.77409  29.53671  9492.76   989.38 2.43 2.19 -49.8 -0.431 19.67 20.95 01a59876o0410o
59876.416795  16.161  0.012  1246   15 o  0  11.37  12.77409  29.53671  9481.20  1107.84 2.38 2.10 -58.0 -0.439 19.73 21.07 01a59876o0467o
59879.364201  16.265  0.014  1132   16 o  0   7.01  12.77409  29.53671  9527.19  1019.90 2.31 2.16 -46.5 -0.437 19.47 20.63 01a59879o0334o
59879.367012  16.255  0.056  1143   64 o  0   1.98  12.77409  29.53671  9548.08  1058.13 2.30 2.15 -53.4 -0.436 17.74 18.78 01a59879o0340o
59879.437712  16.355  0.040  1042   42 o  0   2.73  12.77409  29.53671  9506.13   989.37 2.32 2.23 -38.8 -0.447 17.87 18.99 01a59879o0357o
59879.447717  16.340  0.015  1057   16 o  0   4.87  12.77409  29.53671  9488.82  1109.47 2.32 2.15 -46.2 -0.454 19.57 20.81 01a59879o0378o
59880.411781  16.138  0.063  1272   80 o  0   2.06  12.77409  29.53671  5268.85  4694.43 2.72 2.41  48.0 -0.409 17.08 18.31 01a59880o0307o
59880.414562  16.278  0.016  1119   17 o  0   2.03  12.77409  29.53671  5288.52  4733.11 2.70 2.42  34.2 -0.403 19.51 20.87 01a59880o0313o
59880.421955  16.251  0.013  1148   15 o  0   3.25  12.77409  29.53671  5231.36  4656.47 2.68 2.44  35.7 -0.405 19.53 20.88 01a59880o0329o
59880.437655  16.309  0.014  1087   15 o  0   2.92  12.77409  29.53671  5215.41  4774.69 2.84 2.64  51.7 -0.393 19.49 20.91 01a59880o0362o
59881.394421  16.819  0.019   680   13 c  0   3.53  12.77409  29.53671  1082.80  3767.89 2.55 2.33  31.7 -0.418 19.61 21.49 02a59881o0364c
59881.397584  16.821  0.021   679   14 c  0   3.44  12.77409  29.53671  1063.42  3729.78 2.56 2.32  32.9 -0.417 19.62 21.48 02a59881o0371c
59881.403008  16.821  0.019   679   13 c  0   1.79  12.77409  29.53671  1122.24  3806.27 2.54 2.29  31.2 -0.419 19.63 21.47 02a59881o0383c
59881.413379  16.804  0.019   690   13 c  0   2.85  12.77409  29.53671  1142.64  3689.28 2.59 2.29  32.1 -0.419 19.62 21.47 02a59881o0404c
59882.393343  16.877  0.021   644   14 c  0   2.46  12.77409  29.53671  1741.54  1324.51 2.45 2.32  59.9 -0.436 19.52 21.36 02a59882o0453c
59882.396508  16.860  0.020   655   13 c  0   3.15  12.77409  29.53671  1721.68  1284.57 2.43 2.32  63.9 -0.440 19.56 21.37 02a59882o0460c
59882.402835  16.855  0.022   657   15 c  0   2.39  12.77409  29.53671  1781.87  1360.85 2.53 2.41  67.5 -0.429 19.54 21.38 02a59882o0474c
59882.436319  16.841  0.022   666   14 c  0   2.36  12.77409  29.53671  1805.13  1240.40 2.49 2.35  67.5 -0.435 19.52 21.29 02a59882o0510c
59883.373925  16.419  0.015   983   15 o  0   2.30  12.77409  29.53671  5254.85  4691.63 2.54 2.34  44.0 -0.415 19.48 20.67 01a59883o0407o
59883.377621  16.404  0.015   996   15 o  0   2.44  12.77409  29.53671  5274.94  4730.72 2.56 2.30  38.8 -0.412 19.52 20.67 01a59883o0415o
59883.395324  16.425  0.015   977   15 o  0   3.04  12.77409  29.53671  5220.08  4653.83 2.55 2.31  36.6 -0.411 19.51 20.71 01a59883o0452o
59883.400868  16.388  0.015  1011   15 o  0   3.36  12.77409  29.53671  5203.59  4771.75 2.70 2.42  32.9 -0.398 19.49 20.71 01a59883o0464o
59884.356353  16.442  0.017   962   16 o  0   2.55  12.77409  29.53671  5253.35  4686.35 2.55 2.34  45.4 -0.431 19.41 20.49 01a59884o0291o
59884.359140  16.447  0.015   957   15 o  0   3.06  12.77409  29.53671  5273.39  4725.32 2.57 2.35  39.0 -0.423 19.43 20.49 01a59884o0297o
59884.365513  16.419  0.016   983   16 o  0   3.07  12.77409  29.53671  5216.49  4648.79 2.51 2.28  37.3 -0.421 19.48 20.52 01a59884o0310o
59884.375522  16.434  0.016   969   16 o  0   3.94  12.77409  29.53671  5200.38  4766.69 2.48 2.29  40.4 -0.429 19.51 20.55 01a59884o0331o
59885.380950  16.450  0.019   955   18 o  0   4.22  12.77409  29.53671  1738.40  1324.55 2.04 1.81  48.7 -0.481 19.32 20.16 02a59885o0426o
59885.384114  16.530  0.020   887   18 o  0   4.38  12.77409  29.53671  1719.04  1285.92 2.05 1.83  45.1 -0.488 19.27 20.16 02a59885o0433o
59885.390037  16.479  0.020   930   19 o  0   3.84  12.77409  29.53671  1781.15  1363.07 2.00 1.78  36.4 -0.483 19.31 20.18 02a59885o0446o
59885.401277  16.539  0.019   880   17 o  0   5.11  12.77409  29.53671  1802.12  1245.63 1.95 1.80  44.7 -0.480 19.31 20.20 02a59885o0470o
59886.375707  16.490  0.017   921   16 o  0  10.01  12.77409  29.53671  1739.36  1325.98 2.08 1.92  47.7 -0.445 19.16 19.96 02a59886o0404o
59886.398208  16.562  0.024   861   20 o  0   1.83  12.77409  29.53671  1717.07  1283.50 2.11 2.04  66.0 -0.464 19.15 19.96 02a59886o0452o
59886.428629  16.508  0.021   905   19 o  0   3.67  12.77409  29.53671  1783.25  1360.71 1.97 1.85  50.0 -0.458 19.16 19.96 02a59886o0513o
59886.432272  16.531  0.025   886   22 o  0   1.85  12.77409  29.53671  1803.41  1242.65 2.21 2.12  61.0 -0.462 19.01 19.94 02a59886o0519o
59893.474713  16.819  0.053   680   36 o  0   1.75  12.77409  29.53671  3097.56  7999.89 2.79 2.52  28.3 -0.390 18.50 19.04 02a59893o0633o
59893.477883  16.966  0.055   594   33 o  0   2.46  12.77409  29.53671  3079.86  7959.45 2.59 2.34  29.2 -0.388 18.56 19.02 02a59893o0640o
59893.483323  16.797  0.055   694   38 o  0   1.25  12.77409  29.53671  3135.23  8039.42 2.58 2.38  27.3 -0.399 18.54 18.99 02a59893o0652o
59893.494450  16.945  0.053   605   32 o  0   2.52  12.77409  29.53671  3156.14  7920.99 2.79 2.44  33.1 -0.387 18.41 18.91 02a59893o0676o
59895.351026  16.981  0.028   586   16 o  0   2.10  12.77409  29.53671  4603.78  9054.32 2.47 2.39  53.6 -0.403 19.31 20.10 01a59895o0362o
59895.354258  16.884  0.023   640   15 o  0   2.37  12.77409  29.53671  4624.60  9093.92 2.45 2.35  58.4 -0.400 19.32 20.08 01a59895o0369o
59895.377134  16.874  0.024   646   16 o  0   2.08  12.77409  29.53671  4568.82  9017.74 2.54 2.36  53.6 -0.396 19.30 20.05 01a59895o0416o
59895.396108  16.944  0.027   606   17 o  0   2.69  12.77409  29.53671  4552.86  9137.62 2.45 2.41 -70.3 -0.405 19.29 20.02 01a59895o0455o
59896.353067  16.988  0.025   582   15 o  0   3.81  12.77409  29.53671  2626.35  9148.64 2.32 2.29  70.5 -0.429 19.45 20.32 01a59896o0372o
59896.371509  17.023  0.026   563   15 o  0   2.40  12.77409  29.53671  2650.79  9188.90 2.48 2.43  77.8 -0.412 19.36 20.32 01a59896o0411o
59896.374743  17.010  0.028   570   16 o  0   3.01  12.77409  29.53671  2591.64  9111.88 2.49 2.44 -86.9 -0.416 19.36 20.29 01a59896o0418o
59896.380365  16.958  0.026   598   16 o  0   2.24  12.77409  29.53671  2572.23  9230.39 2.49 2.42  68.6 -0.410 19.34 20.28 01a59896o0430o
59897.250690  17.110  0.027   520   14 o  0   4.91  12.77409  29.53671  7474.83  2560.62 2.09 2.07  -9.0 -0.424 19.47 20.67 02a59897o0152o
59897.253855  17.010  0.027   570   15 o  0   3.59  12.77409  29.53671  7495.36  2599.05 2.18 2.10  20.7 -0.419 19.49 20.69 02a59897o0159o
59897.258193  17.141  0.026   505   13 o  0   3.30  12.77409  29.53671  7438.09  2522.48 2.17 2.10  38.6 -0.424 19.46 20.75 02a59897o0168o
59897.373705  17.057  0.024   546   13 o  0   3.73  12.77409  29.53671  2629.23  9149.98 2.36 2.25  59.9 -0.427 19.53 20.61 01a59897o0408o
59897.376547  17.033  0.023   558   13 o  0   4.14  12.77409  29.53671  2650.42  9188.82 2.47 2.37  69.8 -0.420 19.54 20.61 01a59897o0414o
59897.381702  16.955  0.024   600   14 o  0   2.34  12.77409  29.53671  2591.21  9111.24 2.39 2.28  71.4 -0.424 19.54 20.57 01a59897o0425o
59897.392329  17.113  0.029   518   15 o  0   2.30  12.77409  29.53671  2573.69  9229.99 2.40 2.27  69.4 -0.428 19.51 20.49 01a59897o0448o
59899.356014  17.730  0.033   294   10 c  0   2.87  12.77409  29.53671  2627.10  9147.37 3.00 2.86  73.3 -0.343 19.70 21.53 01a59899o0370c
59899.359244  17.673  0.035   310   11 c  0   1.88  12.77409  29.53671  2648.47  9187.33 3.02 2.86  71.7 -0.339 19.71 21.50 01a59899o0377c
59899.366172  17.694  0.036   304   11 c  0   1.69  12.77409  29.53671  2591.13  9110.60 2.94 2.84  82.9 -0.346 19.69 21.47 01a59899o0392c
59899.390640  17.622  0.032   325   10 c  0   2.37  12.77409  29.53671  2576.99  9230.42 3.07 2.94  84.1 -0.342 19.68 21.48 01a59899o0443c
59900.366235  17.582  0.034   337   12 c  0   1.93  12.77409  29.53671  2632.14  9148.74 3.04 2.90  86.2 -0.339 19.63 21.43 01a59900o0305c
59900.369101  17.751  0.037   288   11 c  0   1.87  12.77409  29.53671  2653.41  9187.92 2.99 2.86  80.4 -0.341 19.62 21.41 01a59900o0311c
59900.378299  17.693  0.035   304   11 c  0   2.07  12.77409  29.53671  2596.46  9111.26 3.07 2.95  81.9 -0.344 19.64 21.41 01a59900o0330c
59900.396264  17.664  0.037   312   12 c  0   2.10  12.77409  29.53671  2580.02  9229.14 3.17 3.03  89.9 -0.338 19.60 21.43 01a59900o0368c
59901.457881  17.406  0.038   396   15 o  0   4.07  12.77409  29.53671  3183.03  9956.40 2.17 2.15 -68.6 -0.427 19.39 20.67 02a59901o0154o
59901.461087  17.265  0.036   451   16 o  0   4.40  12.77409  29.53671  3165.66  9915.87 2.13 2.06 -55.9 -0.438 19.41 20.66 02a59901o0161o
59901.467909  17.185  0.031   485   15 o  0   2.73  12.77409  29.53671  3221.85  9992.60 2.11 2.03 -48.7 -0.445 19.41 20.61 02a59901o0176o
59901.479720  17.248  0.036   458   16 o  0   2.87  12.77409  29.53671  3242.84  9873.07 2.19 2.04 -50.6 -0.435 19.31 20.52 02a59901o0202o
59902.279005  17.379  0.029   406   12 o  0   4.67  12.77409  29.53671  7386.30   617.15 1.93 1.72 -71.2 -0.473 19.62 20.93 02a59902o0217o
59902.280812  17.265  0.028   451   13 o  0   5.15  12.77409  29.53671  7404.55   658.17 1.97 1.76 -68.8 -0.468 19.58 20.94 02a59902o0221o
59902.306914  17.301  0.032   436   14 o  0   4.33  12.77409  29.53671  3224.08  9989.01 2.13 2.07  73.9 -0.443 19.55 20.92 02a59902o0276o
59902.313249  17.315  0.034   431   14 o  0   2.34  12.77409  29.53671  3242.75  9877.86 2.16 2.12 -78.2 -0.437 19.54 20.93 02a59902o0290o
59903.355551  17.844  0.041   264   11 c  0   2.16  12.77409  29.53671  2649.57  9189.44 3.11 2.96  77.9 -0.335 19.63 21.48 01a59903o0196c
59903.364653  17.648  0.032   317   10 c  0   2.85  12.77409  29.53671  2591.45  9111.26 3.09 2.89  73.7 -0.337 19.67 21.59 01a59903o0215c
59904.396734  17.994  0.047   230   11 c  0   2.10  12.77409  29.53671  1609.38   983.16 3.50 3.23  50.9 -0.329 19.57 21.63 01a59904o0263c
59904.399508  18.129  0.053   203   11 c  0   1.89  12.77409  29.53671  1630.62  1023.85 3.85 3.61  51.0 -0.308 19.48 21.64 01a59904o0269c
59904.419506  17.760  0.037   286   11 c  0   2.01  12.77409  29.53671  1579.15   946.20 3.51 3.29  46.5 -0.325 19.58 21.66 01a59904o0312c
59904.425972  17.888  0.038   254   10 c  0   2.28  12.77409  29.53671  1563.45  1064.71 3.44 3.20  46.5 -0.327 19.61 21.67 01a59904o0326c
59906.348991  17.566  0.046   342   16 o  0   1.76  12.77409  29.53671  3335.36  6067.18 2.59 2.38  32.4 -0.436 19.41 20.96 02a59906o0374o
59906.354305  17.335  0.037   422   16 o  0   1.50  12.77409  29.53671  3316.53  6030.69 2.26 2.02  30.9 -0.439 19.56 20.97 02a59906o0385o
59906.357487  17.359  0.035   413   14 o  0   3.06  12.77409  29.53671  3374.40  6107.42 2.41 2.14  31.3 -0.434 19.51 20.98 02a59906o0392o
59906.367485  17.419  0.040   391   16 o  0   2.50  12.77409  29.53671  3396.19  5991.88 2.27 1.98  30.4 -0.443 19.59 20.98 02a59906o0414o
59907.301663  17.841  0.036   265   10 c  0   2.89  12.77409  29.53671  1588.65   971.81 3.08 2.89  47.8 -0.356 19.72 21.68 01a59907o0255c
59907.305363  17.903  0.037   250    9 c  0   2.82  12.77409  29.53671  1609.44  1012.46 3.11 2.87  50.8 -0.352 19.73 21.67 01a59907o0263c
59907.315266  18.094  0.050   210   10 c  0   1.91  12.77409  29.53671  1552.85   933.80 3.21 2.95  49.9 -0.346 19.73 21.67 01a59907o0283c
59907.331557  18.010  0.046   227   10 c  0   1.31  12.77409  29.53671  1537.50  1051.38 3.05 2.81  49.6 -0.357 19.73 21.68 01a59907o0317c
59908.302449  18.071  0.049   215   10 c  0   2.28  12.77409  29.53671  1585.70   972.60 3.06 2.84  53.8 -0.363 19.67 21.51 01a59908o0197c
59908.317526  17.991  0.046   231   11 c  0   1.74  12.77409  29.53671  1608.91  1013.89 3.00 2.76  55.8 -0.366 19.72 21.52 01a59908o0228c
59908.320314  17.962  0.038   237    9 c  0   2.49  12.77409  29.53671  1550.82   934.44 3.13 2.88  55.7 -0.354 19.69 21.53 01a59908o0234c
59908.327471  18.047  0.045   219   10 c  0   2.59  12.77409  29.53671  1534.83  1052.56 3.04 2.79  51.2 -0.355 19.72 21.54 01a59908o0248c
59909.349938  17.547  0.038   348   13 o  0   4.39  12.77409  29.53671  3332.91  6064.81 2.07 1.88  30.7 -0.449 19.50 20.63 02a59909o0230o
59909.353172  17.464  0.034   375   13 o  0   3.65  12.77409  29.53671  3314.37  6026.71 2.13 1.87  33.5 -0.447 19.51 20.63 02a59909o0237o
59909.362487  17.497  0.040   364   14 o  0   2.11  12.77409  29.53671  3372.25  6103.58 2.32 1.87  36.3 -0.434 19.49 20.62 02a59909o0257o
59909.374689  17.347  0.038   418   16 o  0   2.77  12.77409  29.53671  3394.03  5989.74 2.11 1.82  30.0 -0.449 19.48 20.59 02a59909o0283o
59910.300722  17.761  0.133   286   38 o  0   1.34  12.77409  29.53671  3338.66  6074.20 2.12 1.74  29.2 -0.444 18.42 19.30 02a59910o0254o
59914.343621  17.653  0.041   315   13 o  0   5.52  12.77409  29.53671  3963.47  1704.35 2.05 1.83  42.0 -0.455 19.36 20.29 02a59914o0360o
59914.346854  17.729  0.041   294   12 o  0   4.97  12.77409  29.53671  3944.39  1665.11 2.05 1.82  43.4 -0.454 19.33 20.27 02a59914o0367o
59914.352775  17.557  0.039   345   14 o  0   4.84  12.77409  29.53671  4004.54  1744.05 2.09 1.81  42.0 -0.450 19.35 20.29 02a59914o0380o
59914.362917  17.569  0.046   341   16 o  0   3.10  12.77409  29.53671  4025.81  1627.61 2.05 1.79  44.7 -0.454 19.34 20.27 02a59914o0402o
59926.330588  18.005  0.069   228   16 o  0   2.62  12.77409  29.53671  8851.76  7764.10 2.75 2.51  34.9 -0.407 19.26 20.61 02a59926o0041o
59926.333787  18.206  0.094   190   18 o  0   2.50  12.77409  29.53671  8833.02  7725.53 2.71 2.52  35.0 -0.411 19.20 20.51 02a59926o0048o
59926.343807  18.004  0.075   228   17 o  0   1.81  12.77409  29.53671  8891.33  7801.63 2.65 2.48  33.8 -0.411 19.16 20.31 02a59926o0070o
59926.356988  18.099  0.080   209   17 o  0   1.95  12.77409  29.53671  8910.47  7685.85 2.48 2.35  29.0 -0.418 19.14 20.15 02a59926o0099o
59957.343333  18.822  0.153   108   16 o  0   1.80  12.77409  29.53671  3258.37  4125.39 2.39 2.10  34.5 -0.442 19.15 20.27 02a59957o0312o
59957.347924  18.573  0.098   135   13 o  0   2.93  12.77409  29.53671  3239.10  4085.59 2.32 2.07  34.8 -0.438 19.17 20.24 02a59957o0322o
59957.352895  19.408  0.264    63   17 o  0   1.57  12.77409  29.53671  3300.14  4163.22 2.42 2.34  30.7 -0.413 19.01 20.20 02a59957o0331o
59958.223275  18.664  0.122   124   15 o  0   2.38  12.77409  29.53671  3253.41  4140.77 2.27 1.87  30.6 -0.449 19.34 20.31 02a59958o0064o
59958.226483  18.607  0.122   131   16 o  0   7.26  12.77409  29.53671  3234.57  4102.06 2.32 1.84  30.7 -0.453 19.35 20.35 02a59958o0071o
59965.248408  19.508  0.267    57   15 o  0   3.46  12.77409  29.53671  6996.19  9752.28 2.30 2.23  31.5 -0.438 19.28 20.32 02a59965o0110o
59965.252049  19.989  0.437    37   16 o  0   1.17  12.77409  29.53671  6976.77  9712.81 2.40 2.34  37.0 -0.433 19.25 20.32 02a59965o0118o
59965.257493  19.354  0.219    66   14 o  0   2.90  12.77409  29.53671  7033.43  9792.24 2.34 2.31  44.8 -0.433 19.28 20.34 02a59965o0130o
59965.268844  19.169  0.191    78   15 o  0   2.15  12.77409  29.53671  7052.22  9674.03 2.36 2.33 -39.4 -0.429 19.29 20.42 02a59965o0155o
59966.217223  19.698  0.361    48   17 o  0   2.48  12.77409  29.53671  7009.66  9756.16 2.35 2.14  41.5 -0.440 19.23 20.21 02a59966o0040o
59966.220387  18.944  0.158    96   15 o  0   2.59  12.77409  29.53671  6990.94  9716.59 2.26 2.11  37.3 -0.445 19.31 20.37 02a59966o0047o
59966.225829  19.081  0.162    85   14 o  0   2.68  12.77409  29.53671  7049.19  9795.77 2.28 2.16  39.5 -0.444 19.33 20.45 02a59966o0059o
59966.239020  19.636  0.299    51   15 o  0   3.65  12.77409  29.53671  7067.11  9678.42 2.28 2.25  30.7 -0.444 19.32 20.44 02a59966o0088o
59970.306732  18.916  0.221    98   22 o  0   3.10  12.77409  29.53671  1157.57  5722.80 2.45 2.35  20.0 -0.428 18.83 19.82 02a59970o0131o
59970.312211  20.713  1.084    19   20 o  0   1.64  12.77409  29.53671  1177.43  5606.66 2.60 2.39  30.0 -0.410 18.77 19.74 02a59970o0143o
60095.590582  21.161  1.436    12   18 o  0   1.74  12.77409  29.53671  7410.75  2569.27 2.07 1.90  35.1 -0.435 19.24 20.11 02a60095o0558o
60095.593878  22.626  4.593     3   15 o  0   2.91  12.77409  29.53671  7431.07  2608.93 2.17 1.95  30.1 -0.432 19.22 20.15 02a60095o0565o
60095.602985  21.341  1.274    11   13 o  0   6.13  12.77409  29.53671  7376.46  2532.48 2.07 1.90  31.6 -0.435 19.24 20.17 02a60095o0582o
60095.612961 -21.861  2.983    -6   20 o  0   1.76  12.77409  29.53671  7358.45  2648.50 2.14 1.90  33.6 -0.431 18.84 19.37 02a60095o0603o
60105.587450 -22.173  4.250    -5   21 o  0   2.19  12.77409  29.53671   614.01  9129.38 2.56 2.23 -18.1 -0.449 18.90 19.89 02a60105o0713o
60105.592643  20.002  0.660    36   24 o  0   2.11  12.77409  29.53671   634.64  9169.18 2.47 2.21 -23.0 -0.464 18.97 19.92 02a60105o0724o
60105.596444  21.054  1.204    14   16 o  0   3.43  12.77409  29.53671   575.57  9088.69 2.29 2.03 -13.1 -0.466 19.02 19.93 02a60105o0732o
60105.609022  20.828  1.619    17   27 o  0   1.43  12.77409  29.53671   556.52  9205.41 2.29 2.01 -10.4 -0.478 18.75 19.38 02a60105o0759o
60107.612233 -19.068  0.466   -86   40 o  0   1.34  12.77409  29.53671  5476.57  2644.15 4.48 3.30   7.3 -0.388 18.08 19.14 02a60107o0727o
60107.616761 -20.280  2.328   -28   65 o  0   0.95  12.77409  29.53671  5457.92  2761.09 3.30 2.96  26.3 -0.394 17.61 18.13 02a60107o0736o
60109.597462 -21.292  1.242   -11   14 c  0   1.62  12.77409  29.53671  3390.35  6637.70 2.72 2.46  35.2 -0.384 19.28 20.77 02a60109o0561c
60109.602751 -19.933  0.293   -39   11 c  0   3.27  12.77409  29.53671  3409.75  6675.98 2.54 2.30  33.9 -0.391 19.29 20.71 02a60109o0572c
60109.606377 -22.751  4.800    -3   14 c  0   1.99  12.77409  29.53671  3352.51  6597.72 2.51 2.29  32.4 -0.398 19.22 20.55 02a60109o0580c
60109.611598 -19.742  0.414   -46   19 c  0   0.97  12.77409  29.53671  3335.23  6712.69 2.57 2.34  31.4 -0.394 18.89 20.01 02a60109o0590c
60111.583273  21.378  1.194    10   12 c  0   2.35  12.77409  29.53671  7287.54  6448.95 2.63 2.45  34.6 -0.397 19.46 21.16 02a60111o0709c
60111.586075  22.155  2.233     5   11 c  0   1.95  12.77409  29.53671  7307.63  6487.55 2.66 2.46  36.1 -0.397 19.47 21.20 02a60111o0715c
60111.591121 -22.062  2.129    -5   12 c  0   2.19  12.77409  29.53671  7251.73  6410.38 2.74 2.53  36.2 -0.396 19.45 21.21 02a60111o0726c
60111.605326 -20.495  0.528   -23   12 c  0   2.14  12.77409  29.53671  7234.08  6527.66 2.67 2.43  34.8 -0.399 19.35 20.95 02a60111o0755c
60113.581617 -21.029  0.762   -14   11 c  0   3.26  12.77409  29.53671  3526.57   817.67 2.38 2.22 -74.5 -0.435 19.48 21.02 02a60113o0700c
60113.584908 -22.798  4.150    -3   11 c  0   1.60  12.77409  29.53671  3546.14   856.69 2.35 2.20 -85.4 -0.440 19.49 21.04 02a60113o0707c
60113.591091  21.212  0.782    12    9 c  0   4.47  12.77409  29.53671  3491.51   778.83 2.38 2.21 -77.3 -0.431 19.46 21.10 02a60113o0719c
60113.610646  21.290  1.185    11   13 c  0   2.00  12.77409  29.53671  3476.02   895.90 2.37 2.23  87.1 -0.440 19.16 20.45 02a60113o0757c
60115.582776 -20.350  0.455   -26   12 c  0   2.26  12.77409  29.53671  9419.27  4866.77 2.50 2.47 -64.7 -0.410 19.54 21.25 02a60115o0695c
60115.586518 -20.182  0.372   -31   11 c  0   1.87  12.77409  29.53671  9439.42  4906.49 2.49 2.45 -42.3 -0.413 19.56 21.26 02a60115o0703c
60115.594180  21.230  0.974    12   11 c  0   2.13  12.77409  29.53671  9382.51  4830.33 2.48 2.45 -20.7 -0.407 19.59 21.30 02a60115o0719c
60115.610232 -21.371  1.290   -10   13 c  0   1.77  12.77409  29.53671  9367.63  4948.69 2.47 2.44  33.4 -0.406 19.32 20.71 02a60115o0752c
60116.384573  19.561  0.373    54   20 c  0   1.63  12.77409  29.53671  1073.20  9725.83 3.47 2.52 -69.9 -0.321 18.68 20.36 04a60116o0010c
60116.394540 -19.978  0.795   -37   30 c  0   1.36  12.77409  29.53671  1092.25  9609.33 3.62 2.54 -71.5 -0.314 18.50 20.23 04a60116o0032c
60117.602569 -20.954  0.802   -15   12 c  0   2.34  12.77409  29.53671  9564.43   970.78 2.86 2.26 -59.1 -0.438 19.39 21.06 02a60117o0731c
60117.606288 -20.312  0.466   -27   13 c  0   1.81  12.77409  29.53671  9583.84  1011.80 2.70 2.24 -59.7 -0.440 19.36 20.92 02a60117o0739c
60117.611268 -19.917  0.357   -39   14 c  0   2.22  12.77409  29.53671  9529.24   935.57 2.74 2.24 -58.7 -0.432 19.14 20.47 02a60117o0750c
60117.624365 -18.458  0.797  -150  120 c  0   1.11  12.77409  29.53671  9511.64  1053.84 2.57 2.14 -64.3 -0.529 16.78 17.63 02a60117o0778c
60123.561142 -20.519  0.484   -22   11 c  0   2.40  12.77409  29.53671  7165.60  6106.59 2.79 2.60  44.5 -0.391 19.37 21.12 02a60123o0653c
60123.563854 -21.610  1.714    -8   14 c  0   1.09  12.77409  29.53671  7183.66  6143.95 2.90 2.72  35.3 -0.385 19.37 21.14 02a60123o0659c
60123.568906 -21.246  1.014   -12   12 c  0   2.20  12.77409  29.53671  7124.15  6066.94 2.67 2.44  31.2 -0.395 19.47 21.16 02a60123o0670c
60123.579924 -20.078  0.354   -34   12 c  0   1.74  12.77409  29.53671  7100.71  6182.59 2.88 2.65  47.8 -0.381 19.43 21.26 02a60123o0693c
60125.585004 -21.407  1.281   -10   13 o  0   6.96  12.77409  29.53671  1344.79   847.80 1.99 1.88 -69.4 -0.498 19.47 20.65 02a60125o0715o
60125.588620  19.405  0.224    63   14 o  0   4.01  12.77409  29.53671  1363.45   887.51 2.01 1.88 -70.6 -0.488 19.49 20.72 02a60125o0723o
60125.593806  20.413  0.506    25   13 o  0   2.62  12.77409  29.53671  1304.46   807.25 2.04 1.95 -78.0 -0.478 19.47 20.74 02a60125o0733o
60125.612004 -22.034  2.207    -6   12 o  0   3.44  12.77409  29.53671  1284.70   924.36 1.96 1.85  62.0 -0.468 19.30 20.29 02a60125o0771o
60128.368428 -21.284  4.714   -11   52 o  0   1.67  12.77409  29.53671  6977.53  7881.32 3.49 3.07 -68.0 -0.345 17.58 18.23 04a60128o0915o
60128.377474 -20.383  2.329   -26   59 o  0   1.17  12.77409  29.53671  6959.01  7843.25 3.80 3.31 -70.6 -0.320 17.51 18.22 04a60128o0935o
60128.389211 -21.573  7.240    -8   62 o  0   1.10  12.77409  29.53671  7015.33  7922.00 3.63 3.15 -68.1 -0.366 17.64 18.37 04a60128o0960o
60128.401941 -20.479  2.321   -23   54 o  0   1.25  12.77409  29.53671  7036.87  7807.36 3.30 2.83 -67.5 -0.398 17.74 18.39 04a60128o0986o
60129.589134 -20.346  0.823   -26   22 o  0   1.46  12.77409  29.53671  6930.00 10000.45 2.19 2.14 -58.9 -0.438 18.88 19.31 02a60129o0701o
60129.592022  22.365  5.273     4   22 o  0   2.42  12.77409  29.53671  6949.37 10040.03 2.25 2.12 -55.5 -0.435 18.84 19.32 02a60129o0707o
60129.597907  21.035  1.284    14   18 o  0   2.46  12.77409  29.53671  6889.64  9962.50 2.26 2.18 -65.0 -0.434 18.87 19.35 02a60129o0718o
60129.614670 -20.492  1.123   -23   26 o  0   1.40  12.77409  29.53671  6868.91 10081.57 2.33 2.26 -45.4 -0.423 18.74 19.17 02a60129o0752o
60131.582241 -20.743  1.098   -18   20 o  0   2.41  12.77409  29.53671  8194.91  1749.31 2.11 1.79 -54.2 -0.464 19.09 19.70 02a60131o0501o
60131.607427  21.559  2.188     9   19 o  0   1.80  12.77409  29.53671  8221.07  1790.15 2.10 1.86 -57.1 -0.458 19.07 19.72 02a60131o0553o
60131.616762  22.158  3.569     5   18 o  0   1.90  12.77409  29.53671  8164.06  1713.08 2.02 1.86 -62.0 -0.456 18.83 19.25 02a60131o0573o
60131.619859 -19.440  0.403   -61   24 o  0   2.19  12.77409  29.53671  8143.40  1833.31 2.08 1.92 -62.5 -0.452 18.58 18.78 02a60131o0579o
60133.583310  19.420  0.279    62   17 o  0   1.87  12.77409  29.53671  6254.45  1867.14 2.06 2.02  88.9 -0.437 19.04 19.69 02a60133o0699o
60133.587457  22.263  3.850     4   17 o  0   2.83  12.77409  29.53671  6274.32  1904.65 2.08 2.01 -73.4 -0.427 18.91 19.65 02a60133o0707o
60133.592591  19.973  0.480    37   18 o  0   2.30  12.77409  29.53671  6217.40  1828.42 2.01 1.96  79.7 -0.438 19.13 19.82 02a60133o0718o
60133.608129  20.611  0.759    21   16 o  0   2.85  12.77409  29.53671  6200.43  1947.45 2.08 2.01  63.6 -0.425 19.14 19.84 02a60133o0748o
60133.623689  19.831  0.653    42   28 o  0   2.43  12.77409  29.53671  6246.01  1883.46 1.99 1.95  64.1 -0.433 18.36 18.41 02a60133o0780o
60134.343242 -17.839  2.127  -266  565 o  0   1.66  12.77409  29.53671  5153.14  9916.34 2.78 1.96 -73.4 -0.389 14.96 14.85 04a60134o0857o
60134.364573 -15.849  0.445 -1661  740 o  0   1.23  12.77409  29.53671  5131.56  9879.18 2.78 2.03 -75.9 -0.390 14.89 14.80 04a60134o0903o
60134.370035  16.780  1.672   705 1178 o  0   0.93  12.77409  29.53671  5188.76  9957.92 2.52 1.90 -72.2 -0.463 14.98 14.70 04a60134o0915o
60134.375536 -14.119  0.853 -8174 6969 o  0   0.93  12.77409  29.53671  5207.51  9840.74 2.21 1.91 -67.0 -0.430 12.61 12.22 04a60134o0927o
60134.534212  21.092  1.478    13   20 o  0   2.71  12.77409  29.53671  9175.74  7946.80 2.40 2.32  33.2 -0.418 18.98 19.72 02a60134o0611o
60134.537394  20.299  0.836    28   23 o  0   2.08  12.77409  29.53671  9196.37  7986.03 2.38 2.29 -67.1 -0.432 18.99 19.65 02a60134o0618o
60134.558365  20.235  1.620    29   47 o  0   1.59  12.77409  29.53671  9142.56  7908.19 2.29 2.28  16.8 -0.446 18.15 18.56 02a60134o0663o
60134.568170  19.928  0.424    39   16 o  0   4.31  12.77409  29.53671  9125.43  8027.06 2.36 2.29  30.0 -0.434 19.06 19.83 02a60134o0683o
60134.623058  17.467  1.332   374  499 o  0   0.98  12.77409  29.53671  9177.53  7971.04 2.38 2.35  32.1 -0.506 17.07 16.86 02a60134o0797o
60137.573670 -19.847  0.305   -42   13 o  0   4.54  12.77409  29.53671 10219.67  3558.25 2.40 2.03 -46.9 -0.460 19.42 20.72 02a60137o0640o
60137.575034 -20.906  0.803   -16   13 o  0   4.32  12.77409  29.53671   232.16  3535.24 2.14 2.03  27.0 -0.432 19.40 20.64 02a60137o0643o
60137.576842 -22.475  3.067    -4   11 o  0   6.49  12.77409  29.53671 10239.63  3597.14 2.33 2.01 -49.2 -0.469 19.43 20.73 02a60137o0647o
60137.585045 -20.866  0.763   -16   12 o  0   3.23  12.77409  29.53671   251.39  3577.57 2.16 1.97  31.1 -0.429 19.50 20.67 02a60137o0662o
60137.586851 -20.866  0.779   -16   13 o  0   2.49  12.77409  29.53671 10180.30  3523.91 2.22 1.91 -52.4 -0.473 19.52 20.77 02a60137o0666o
60137.592281 -20.782  0.673   -18   12 o  0   3.59  12.77409  29.53671   192.78  3493.94 2.09 1.98  24.0 -0.431 19.47 20.77 02a60137o0677o
60137.592734 -20.121  0.429   -32   14 o  0   2.04  12.77409  29.53671 10161.24  3638.56 2.30 1.94 -54.2 -0.468 19.51 20.84 02a60137o0678o
60137.594089 -22.179  2.681    -5   13 o  0   3.16  12.77409  29.53671   173.48  3610.38 2.08 1.97  26.9 -0.424 19.50 20.76 02a60137o0681o
60137.618425 -24.234 24.000    -1   18 o  0   3.71  12.77409  29.53671 10203.99  3582.09 2.14 1.84 -51.8 -0.480 19.26 20.03 02a60137o0728o
60137.618878 -20.573  0.687   -21   15 o  0   5.37  12.77409  29.53671   218.19  3553.42 2.15 1.89  31.8 -0.429 19.16 19.86 02a60137o0729o
60139.544089 -19.540  0.233   -56   13 c  0   1.96  12.77409  29.53671  3175.66 10205.68 3.18 3.08 -58.6 -0.373 19.35 21.36 02a60139o0626c
60139.550749 -19.680  0.247   -49   12 c  0   2.33  12.77409  29.53671  3194.66 10246.42 2.66 2.50 -39.3 -0.415 19.49 21.38 02a60139o0639c
60139.553930  20.437  0.520    24   13 c  0   1.52  12.77409  29.53671  3135.95 10167.04 3.36 3.12 -43.1 -0.371 19.32 21.38 02a60139o0646c
60139.562710  18.836  0.210   106   22 c  0  54.71  12.77409  29.53671  4638.52    49.02 2.64 2.33 -67.5 -0.392 19.52 21.39 02a60139o0663c
60139.573815  20.733  0.564    18   10 c  0   2.73  12.77409  29.53671  3120.28 10284.47 2.68 2.60 -44.0 -0.396 19.51 21.43 02a60139o0687c
60139.576077  19.366  0.200    65   13 c  0   2.97  12.77409  29.53671  4563.18    87.89 2.66 2.43 -63.6 -0.387 19.51 21.45 02a60139o0692c
60140.323006 -19.390  0.224   -64   14 o  0   2.89  12.77409  29.53671  1121.75  3873.00 2.47 2.23  57.3 -0.378 18.96 20.21 04a60140o0822o
60140.346004  19.979  0.393    37   14 o  0   2.55  12.77409  29.53671  1100.13  3835.39 2.37 2.06  58.3 -0.389 19.05 20.31 04a60140o0870o
60140.364915 -22.750  4.368    -3   13 o  0   3.92  12.77409  29.53671  1162.71  3912.31 2.44 2.12  61.2 -0.379 19.06 20.33 04a60140o0910o
60140.369119  19.848  0.335    42   14 o  0   2.92  12.77409  29.53671  1183.77  3795.17 2.31 2.12  67.9 -0.406 19.07 20.30 04a60140o0919o
60141.560946  21.537  1.255     9   11 c  0   1.85  12.77409  29.53671  9371.81  6811.26 2.80 2.74 -63.4 -0.411 19.53 21.42 02a60141o0668c
60141.564605 -20.784  0.615   -18   11 c  0   1.97  12.77409  29.53671  9391.63  6849.90 2.64 2.61 -55.9 -0.419 19.63 21.45 02a60141o0676c
60141.570498 -19.719  0.198   -47    9 c  0   2.68  12.77409  29.53671  9335.17  6773.97 2.67 2.65  79.1 -0.413 19.60 21.48 02a60141o0689c
60141.580494 -21.170  0.708   -12    9 c  0   2.22  12.77409  29.53671  9319.99  6893.06 2.66 2.64  60.2 -0.415 19.61 21.52 02a60141o0709c
60145.573420 -20.457  0.456   -24   11 c  0   2.02  12.77409  29.53671  7363.56  2572.30 2.53 2.45  86.4 -0.395 19.57 21.44 02a60145o0271c
60145.587766 -21.293  0.908   -11   10 c  0   1.50  12.77409  29.53671  7388.60  2615.63 2.49 2.42 -84.6 -0.401 19.58 21.51 02a60145o0301c
60145.593001 -19.718  0.216   -47   10 c  0   1.89  12.77409  29.53671  7334.07  2537.68 2.54 2.43 -76.4 -0.398 19.61 21.54 02a60145o0312c
60145.597932 -21.270  0.911   -11   10 c  0   2.46  12.77409  29.53671  7320.83  2654.56 2.46 2.42  89.1 -0.401 19.63 21.52 02a60145o0322c
60146.345857 -15.186  0.551 -3060 1686 o  0   1.14  12.77409  29.53671  3227.02  9996.47 2.42 1.88 -70.1 -0.387 14.88 16.11 04a60146o0671o
60147.547079 -20.602  0.507   -21   11 c  0   1.90  12.77409  29.53671  7261.85   618.97 2.59 2.25 -66.3 -0.436 19.50 21.29 02a60147o0630c
60147.548888 -21.478  0.984    -9    9 c  0   2.69  12.77409  29.53671  7282.03   657.95 2.61 2.29 -67.2 -0.428 19.53 21.30 02a60147o0634c
60147.552965 -20.869  0.595   -16   10 c  0   3.22  12.77409  29.53671  7226.67   580.60 2.51 2.19 -67.6 -0.439 19.56 21.32 02a60147o0643c
60147.559794 -20.225  0.352   -30   10 c  0   2.47  12.77409  29.53671  7209.67   699.26 2.60 2.30 -65.8 -0.426 19.52 21.33 02a60147o0658c
60149.543420 -21.575  1.115    -8   10 c  0   2.28  12.77409  29.53671  7122.47  4510.48 2.63 2.49  47.7 -0.395 19.57 21.54 02a60149o0638c
60149.545228  20.579  0.463    21   10 c  0   2.03  12.77409  29.53671  7142.49  4549.12 2.57 2.45  45.0 -0.398 19.56 21.55 02a60149o0642c
60149.548853 -20.912  0.629   -16   10 c  0   2.55  12.77409  29.53671  7086.03  4472.17 2.50 2.38  46.0 -0.401 19.61 21.57 02a60149o0650c
60149.553989 -21.967  1.789    -6   11 c  0   1.67  12.77409  29.53671  7068.28  4589.77 2.56 2.43  46.1 -0.401 19.61 21.57 02a60149o0661c
60151.548087 -20.498  0.489   -23   11 c  0   2.16  12.77409  29.53671  6503.70  8873.71 2.70 2.50  31.1 -0.404 19.61 21.47 02a60151o0628c
60151.560175  20.424  0.467    25   12 c  0   3.23  12.77409  29.53671  6528.35  8914.96 2.68 2.50  35.7 -0.406 19.61 21.49 02a60151o0650c
60151.562433 -20.345  0.388   -26   10 c  0   2.59  12.77409  29.53671  6470.23  8837.45 2.67 2.53  33.2 -0.405 19.62 21.51 02a60151o0655c
60151.573679 -21.929  1.514    -6    9 c  0   2.69  12.77409  29.53671  6458.99  8954.49 2.69 2.53  35.4 -0.405 19.63 21.57 02a60151o0678c
60153.556909 -20.748  0.496   -18    9 c  0   3.32  12.77409  29.53671  1611.70  2820.65 2.56 2.45  43.5 -0.410 19.54 21.51 02a60153o0662c
60153.559817 -21.048  0.744   -14   10 c  0   1.87  12.77409  29.53671  1632.76  2860.25 2.57 2.45  54.0 -0.412 19.57 21.52 02a60153o0668c
60153.562983 -20.869  0.602   -16   10 c  0   2.52  12.77409  29.53671  1576.05  2781.76 2.54 2.44  57.5 -0.413 19.58 21.52 02a60153o0675c
60153.569351 -20.855  0.490   -16    8 c  0   3.53  12.77409  29.53671  1561.65  2898.81 2.66 2.58  56.9 -0.422 19.55 21.55 02a60153o0689c
60155.512903  21.460  2.322    10   22 o  0   2.06  12.77409  29.53671   527.64  9114.49 2.05 1.84  -0.5 -0.497 19.05 19.75 02a60155o0576o
60155.516089  20.764  0.897    18   16 o  0   4.04  12.77409  29.53671   553.16  9151.12 2.02 1.77 -46.4 -0.497 19.10 19.78 02a60155o0583o
60155.521597  20.530  0.619    22   14 o  0   6.53  12.77409  29.53671   494.36  9071.05 1.99 1.74 -45.4 -0.489 19.13 19.83 02a60155o0595o
60155.540995  22.829  6.704     3   18 o  0   1.87  12.77409  29.53671   475.00  9191.46 1.97 1.69 -43.7 -0.489 19.28 20.04 02a60155o0633o
