MJD          m      dm   uJy   duJy F err chi/N     RA       Dec        x        y     maj  min   phi  apfit mag5sig Sky   Obs
59842.569240 -21.539  1.397    -9   12 o  0   0.99  67.02376  -8.50389   465.14  1459.61 2.44 2.24  25.1 -0.419 19.49 20.68 01a59842o0766o
59842.588550 -22.050  1.667    -6    9 o  0   1.57  67.02376  -8.50389   447.71  1418.13 2.36 2.20  25.2 -0.431 19.55 20.73 01a59842o0805o
59842.591330  20.930  0.677    15   10 o  0   1.26  67.02376  -8.50389   507.32  1498.16 2.53 2.31  18.4 -0.412 19.50 20.72 01a59842o0811o
59842.594565 -20.791  0.712   -18   12 o  0   0.80  67.02376  -8.50389   526.48  1380.04 2.37 2.24  40.6 -0.429 19.53 20.70 01a59842o0818o
59844.571133  21.680  1.633     8   13 o  0   1.07  67.02376  -8.50389  6475.80  7293.08 2.57 1.95  30.6 -0.428 19.46 20.67 02a59844o0794o
59844.573848 -21.042  0.826   -14   12 o  0   1.40  67.02376  -8.50389  6495.41  7332.62 2.56 1.96  30.6 -0.423 19.49 20.70 02a59844o0800o
59844.576845 -22.576  3.889    -3   13 o  0   0.84  67.02376  -8.50389  6437.21  7254.27 2.48 1.96  28.8 -0.430 19.48 20.66 02a59844o0806o
59844.582271 -20.630  0.671   -20   14 o  0   1.12  67.02376  -8.50389  6417.52  7370.82 2.48 1.95  29.7 -0.433 19.49 20.64 02a59844o0818o
59846.569250  20.218  1.875    30   56 c  0   0.93  67.02376  -8.50389   457.47  1461.28 3.10 2.76  48.2 -0.321 17.94 19.73 01a59846o0769c
59846.577123 -20.501  1.632   -23   37 c  0   1.16  67.02376  -8.50389   436.69  1418.87 3.09 2.76  49.5 -0.324 18.14 19.92 01a59846o0786c
59846.593792 -20.987  1.217   -15   18 c  0   1.16  67.02376  -8.50389   497.90  1497.61 3.07 2.77  52.4 -0.328 18.82 20.65 01a59846o0821c
59846.597503  20.959  1.390    15   21 c  0   1.10  67.02376  -8.50389   515.87  1379.01 3.08 2.76  51.5 -0.322 18.66 20.48 01a59846o0829c
59848.584097  20.299  0.379    28   10 o  0   2.14  67.02376  -8.50389  6479.51  7295.27 2.55 1.96  30.7 -0.435 19.43 20.52 02a59848o0814o
59848.616925  22.128  2.459     5   13 o  0   1.09  67.02376  -8.50389  4070.40  3220.37 2.48 2.07  36.9 -0.453 19.36 20.58 02a59848o0884o
59848.622198  20.790  0.748    18   13 o  0   0.97  67.02376  -8.50389  4128.06  3299.29 2.52 2.06  38.9 -0.452 19.40 20.59 02a59848o0895o
59848.625857  22.658  4.955     3   16 o  0   0.75  67.02376  -8.50389  4151.19  3187.29 2.50 2.06  38.2 -0.459 19.32 20.51 02a59848o0903o
59849.058119  17.908  0.039   249   10 c  0   1.39  67.02376  -8.50389   212.38  3268.68 2.42 2.26 -45.1 -0.389 19.80 21.76 03a59849o0714c
59849.094942  17.700  0.031   302   10 c  0   1.58  67.02376  -8.50389 10259.94  7271.14 2.44 2.15 -52.9 -0.388 19.87 21.77 03a59849o0790c
59849.104509  17.710  0.032   299   10 c  0   1.62  67.02376  -8.50389 10353.83  3528.93 2.34 2.20 -19.0 -0.383 19.86 21.76 03a59849o0810c
59849.104959  17.792  0.035   277   10 c  0   2.09  67.02376  -8.50389   241.03  3315.71 2.34 2.12 -39.3 -0.398 19.85 21.76 03a59849o0811c
59849.107661  17.701  0.033   302   10 c  0   1.42  67.02376  -8.50389 10335.41  3490.32 2.37 2.21 -20.6 -0.391 19.85 21.74 03a59849o0817c
59849.123696  17.616  0.032   326   10 c  0   1.53  67.02376  -8.50389 10165.04  7312.51 2.51 2.19 -53.7 -0.389 19.83 21.77 03a59849o0851c
59849.124598  17.140  0.017   506    8 c  0 322.95  67.02376  -8.50389    48.97  6928.85 2.39 2.13 -48.3 -0.395 19.88 21.76 03a59849o0853c
59849.137914  17.669  0.038   311   12 c  0   1.23  67.02376  -8.50389 10198.16  7256.25 2.45 2.18 -53.0 -0.388 19.56 20.95 03a59849o0881c
59849.143341  17.574  0.047   339   16 c  0   1.48  67.02376  -8.50389    56.29  6989.66 2.52 2.25 -47.4 -0.347 19.03 19.81 03a59849o0893c
59850.592051  17.703  0.033   301   10 c  0   1.34  67.02376  -8.50389  6756.92  1702.66 3.07 2.97  23.3 -0.369 19.71 21.70 01a59850o0823c
59850.597197  17.581  0.028   337    9 c  0   1.30  67.02376  -8.50389  6738.56  1662.26 3.00 2.89  31.6 -0.373 19.76 21.72 01a59850o0834c
59850.618231  17.679  0.031   308   10 c  0   1.38  67.02376  -8.50389  3768.13  8991.81 3.20 3.03  66.6 -0.315 19.70 21.64 01a59850o0878c
59850.637704  17.750  0.053   288   15 c  0   0.97  67.02376  -8.50389  3751.55  9108.18 3.18 3.05  72.6 -0.309 19.16 20.41 01a59850o0919c
59851.289160  18.137  0.053   202   11 o  0   1.88  67.02376  -8.50389  3996.04  1348.52 1.91 1.76  53.3 -0.435 19.58 20.95 04a59851o0691o
59851.292764  17.975  0.054   234   12 o  0   0.93  67.02376  -8.50389  3978.43  1308.39 1.87 1.76  45.2 -0.422 19.59 20.88 04a59851o0699o
59851.297739  18.023  0.043   224   10 o  0   3.57  67.02376  -8.50389  4037.95  1385.97 1.83 1.77  50.5 -0.432 19.59 20.85 04a59851o0710o
59851.314433  18.012  0.052   226   12 o  0   1.85  67.02376  -8.50389  4068.64  1266.32 1.82 1.75  36.5 -0.430 19.58 20.84 04a59851o0746o
59853.014847  18.313  0.071   172   12 c  0   1.54  67.02376  -8.50389   213.30  3266.21 2.33 2.15 -58.5 -0.395 19.36 21.00 03a59853o0625c
59853.016659  18.239  0.071   184   13 c  0   1.17  67.02376  -8.50389   194.45  3226.61 2.24 2.11 -55.4 -0.393 19.55 21.14 03a59853o0629c
59853.019844  18.288  0.055   176   10 c  0   1.92  67.02376  -8.50389   251.80  3306.04 2.24 2.09 -45.9 -0.395 19.66 21.31 03a59853o0636c
59853.025271  18.267  0.078   179   14 c  0   1.17  67.02376  -8.50389   273.40  3190.21 2.34 2.21 -61.3 -0.389 19.29 20.92 03a59853o0648c
59853.026171  18.407  0.094   158   15 c  0   1.22  67.02376  -8.50389 10362.11  3512.77 2.40 2.09 -55.8 -0.381 19.19 20.81 03a59853o0650c
59853.027983  18.227  0.053   186   10 c  0   1.54  67.02376  -8.50389 10343.50  3473.93 2.34 2.14 -50.3 -0.380 19.43 21.10 03a59853o0654c
59853.032040  18.154  0.051   199   10 c  0   1.51  67.02376  -8.50389 10399.69  3553.00 2.38 2.18 -51.8 -0.375 19.63 21.28 03a59853o0663c
59853.037901  18.186  0.063   193   12 c  0   1.42  67.02376  -8.50389 10422.93  3437.60 2.38 2.15 -56.5 -0.352 19.33 20.98 03a59853o0676c
59854.517649  18.774  0.092   112   10 c  0   0.99  67.02376  -8.50389  6744.66  1720.88 3.10 2.99  24.8 -0.373 19.58 21.38 01a59854o0680c
59854.519503  18.682  0.088   122   11 c  0   1.05  67.02376  -8.50389  6725.08  1679.07 3.00 2.87  37.9 -0.380 19.64 21.39 01a59854o0684c
59854.554204  18.527  0.074   141   10 c  0   1.05  67.02376  -8.50389  6785.98  1748.04 3.03 2.95  38.3 -0.377 19.60 21.37 01a59854o0757c
59854.559751  18.666  0.069   124    8 c  0   1.82  67.02376  -8.50389  6803.93  1627.42 2.96 2.85  32.3 -0.386 19.62 21.36 01a59854o0769c
59855.273643  18.702  0.087   120   10 o  0   1.35  67.02376  -8.50389  3993.30  1345.31 2.07 1.85  47.7 -0.441 19.49 20.81 04a59855o0657o
59855.276374  18.675  0.100   123   12 o  0   1.12  67.02376  -8.50389  3974.01  1306.73 2.08 1.89  44.3 -0.445 19.47 20.78 04a59855o0663o
59855.279528  18.821  0.112   108   12 o  0   1.63  67.02376  -8.50389  4033.32  1384.53 2.03 1.87  38.4 -0.418 19.47 20.71 04a59855o0670o
59855.301655  18.863  0.115   103   12 o  0   1.07  67.02376  -8.50389  4063.72  1263.74 2.07 1.91  47.2 -0.454 19.47 20.79 04a59855o0717o
59855.981288  19.665  0.345    49   17 o  0   1.59  67.02376  -8.50389   378.85  9094.46 2.88 2.43 -53.4 -0.417 18.98 20.00 03a59856o0533o
59855.997058  18.845  0.136   105   14 o  0   1.45  67.02376  -8.50389   357.65  9052.34 2.72 2.40 -49.9 -0.419 19.28 20.42 03a59856o0565o
59855.999311  18.832  0.147   106   16 o  0   1.00  67.02376  -8.50389   414.07  9132.08 2.65 2.37 -55.2 -0.422 19.34 20.43 03a59856o0570o
59856.007242  19.096  0.172    84   14 o  0   1.21  67.02376  -8.50389   435.75  9015.82 2.72 2.35 -49.1 -0.433 19.21 20.31 03a59856o0586o
59856.617253  18.770  0.091   113   10 o  0   1.71  67.02376  -8.50389   391.31  7305.64 2.10 1.98  16.3 -0.425 19.44 20.66 02a59856o0093o
59856.622242  18.981  0.107    93   10 o  0   1.54  67.02376  -8.50389   374.60  7270.26 2.08 2.05 -60.9 -0.420 19.46 20.66 02a59856o0104o
59856.633300  19.069  0.144    86   12 o  0   1.22  67.02376  -8.50389   432.51  7348.46 2.09 2.03   5.3 -0.416 19.37 20.56 02a59856o0128o
59856.636229  18.834  0.116   106   12 o  0   1.10  67.02376  -8.50389   453.98  7233.17 2.06 1.94  30.0 -0.421 19.35 20.36 02a59856o0134o
59856.645340 -20.432  1.498   -24   36 o  0   1.59  67.02376  -8.50389   413.83  7292.54 2.06 1.98  38.3 -0.424 18.05 18.24 02a59856o0153o
59856.999341  18.784  0.115   111   13 o  0   1.26  67.02376  -8.50389   367.93  9092.97 2.54 2.18 -55.3 -0.421 19.33 20.29 03a59857o0598o
59857.001147  19.134  0.178    81   14 o  0   1.54  67.02376  -8.50389   348.99  9053.64 2.69 2.34 -52.7 -0.421 19.26 20.29 03a59857o0602o
59857.004315  18.977  0.175    93   16 o  0   1.14  67.02376  -8.50389   405.53  9132.75 2.60 2.25 -57.4 -0.422 19.32 20.32 03a59857o0609o
59857.009270  18.694  0.123   121   15 o  0   1.10  67.02376  -8.50389 10524.65  9299.94 2.69 2.14 -46.2 -0.422 19.28 20.28 03a59857o0620o
59857.009721  19.142  0.192    80   15 o  0   1.06  67.02376  -8.50389   427.69  9016.09 2.57 2.27 -57.8 -0.420 19.32 20.34 03a59857o0621o
59858.199265  19.664  0.429    50   21 o  0   1.02  67.02376  -8.50389  2283.51  5322.05 2.18 1.93  82.9 -0.381 18.77 19.50 04a59858o0449o
59858.201067  19.138  0.269    80   22 o  0   0.97  67.02376  -8.50389  2263.90  5283.26 2.19 1.97  80.4 -0.383 18.76 19.52 04a59858o0453o
59858.204231  19.077  0.244    85   21 o  0   1.01  67.02376  -8.50389  2322.09  5360.82 2.22 1.95  80.6 -0.379 18.76 19.53 04a59858o0460o
59858.225982  19.434  0.304    61   19 o  0   0.87  67.02376  -8.50389  2341.02  5243.55 2.09 1.81  77.2 -0.390 18.92 19.66 04a59858o0508o
59858.543040  19.099  0.171    83   14 o  0   1.44  67.02376  -8.50389   725.99  7301.03 2.33 2.25  56.5 -0.451 19.26 20.15 01a59858o0580o
59858.545813  18.990  0.177    92   16 o  0   0.85  67.02376  -8.50389   707.07  7260.91 2.30 2.23  52.9 -0.447 19.23 20.18 01a59858o0586o
59858.558253  18.881  0.132   102   13 o  0   0.92  67.02376  -8.50389   767.90  7337.95 2.30 2.20  58.4 -0.450 19.48 20.64 01a59858o0612o
59858.564250  19.306  0.189    69   13 o  0   0.85  67.02376  -8.50389   788.34  7220.33 2.37 2.28  55.2 -0.439 19.55 20.84 01a59858o0625o
59859.224636  18.834  0.165   106   18 o  0   1.46  67.02376  -8.50389  2275.32  5316.20 2.01 1.85  89.6 -0.395 18.84 19.39 04a59859o0454o
59859.226442  18.958  0.207    95   20 o  0   1.07  67.02376  -8.50389  2254.91  5277.59 2.04 1.85 -80.6 -0.419 18.85 19.42 04a59859o0458o
59859.229599  19.756  0.421    46   19 o  0   0.90  67.02376  -8.50389  2313.33  5354.69 2.05 1.85 -86.8 -0.421 18.89 19.41 04a59859o0465o
59859.235465  19.198  0.231    76   18 o  0   1.25  67.02376  -8.50389  2332.64  5238.44 1.93 1.75 -87.6 -0.419 18.93 19.47 04a59859o0478o
59860.017356  19.026  0.217    89   19 o  0   2.05  67.02376  -8.50389   355.08  9094.44 2.60 2.20 -36.7 -0.400 18.91 19.42 03a59860o0605o
59860.019158  19.184  0.261    77   20 o  0   1.05  67.02376  -8.50389   336.15  9054.88 2.52 2.17 -42.0 -0.407 18.91 19.42 03a59860o0609o
59860.022311  19.855  0.550    42   23 o  0   1.06  67.02376  -8.50389   391.46  9134.67 2.56 2.24 -39.0 -0.408 18.91 19.42 03a59860o0616o
59860.023665  19.783  0.381    44   17 o  0   1.80  67.02376  -8.50389 10511.86  9304.81 2.52 1.97 -44.9 -0.426 18.97 19.43 03a59860o0619o
59860.027731  18.942  0.219    96   21 o  0   1.02  67.02376  -8.50389   413.54  9018.16 2.46 2.11 -45.7 -0.402 18.92 19.43 03a59860o0628o
59860.504371  19.624  0.488    51   25 o  0   3.33  67.02376  -8.50389 10471.71  9091.25 2.30 2.04 -62.6 -0.472 18.79 19.34 02a59860o0622o
59860.506179  19.287  0.471    70   33 o  0   1.07  67.02376  -8.50389 10492.33  9131.05 2.26 2.02 -64.1 -0.483 18.72 19.28 02a59860o0626o
59860.509802  18.949  0.314    96   30 o  0   0.91  67.02376  -8.50389 10433.14  9051.47 2.28 2.01 -59.6 -0.461 18.70 19.19 02a59860o0634o
59860.512064  19.280  0.412    70   29 o  0   0.91  67.02376  -8.50389   259.16  9052.64 1.96 1.67 -48.1 -0.514 18.69 19.17 02a59860o0639o
59860.513877  19.341  0.383    67   26 o  0   1.39  67.02376  -8.50389   278.14  9091.02 1.86 1.61 -44.3 -0.548 18.69 19.15 02a59860o0643o
59860.515233  18.922  0.336    98   33 o  0   1.56  67.02376  -8.50389 10414.97  9169.62 2.32 2.00 -60.6 -0.463 18.61 19.00 02a59860o0646o
59860.518850  20.683  1.548    19   30 o  0   0.85  67.02376  -8.50389   220.45  9013.23 1.93 1.65 -46.8 -0.473 18.68 19.13 02a59860o0654o
59860.524731  19.476  0.573    59   34 o  0   0.90  67.02376  -8.50389   199.48  9131.76 1.99 1.69 -49.9 -0.511 18.70 19.16 02a59860o0667o
59860.998341  19.139  0.471    80   38 o  0   1.02  67.02376  -8.50389   355.41  9088.96 2.77 2.40 -57.8 -0.412 18.46 18.75 03a59861o0587o
59861.000154  19.367  0.476    65   31 o  0   1.47  67.02376  -8.50389   336.89  9049.17 2.81 2.45 -58.4 -0.393 18.46 18.73 03a59861o0591o
59861.003334  18.579  0.280   134   38 o  0   1.19  67.02376  -8.50389   393.00  9128.76 2.76 2.44 -58.5 -0.408 18.35 18.60 03a59861o0598o
59861.008783 -20.809  2.505   -17   43 o  0   0.90  67.02376  -8.50389   416.09  9011.63 2.73 2.42 -55.6 -0.396 18.26 18.47 03a59861o0610o
59861.015575  19.630  0.821    51   42 o  0   1.17  67.02376  -8.50389 10511.48  9297.79 2.87 2.20 -50.3 -0.410 18.28 18.36 03a59861o0625o
59862.456169 -21.473  2.671    -9   25 o  0   1.34  67.02376  -8.50389   703.31  7309.53 2.34 2.23  54.3 -0.452 18.58 18.63 01a59862o0372o
59862.458017  18.940  0.248    96   24 o  0   1.69  67.02376  -8.50389   683.89  7269.33 2.30 2.22  68.1 -0.460 18.61 18.64 01a59862o0376o
59862.460792  19.283  0.391    70   28 o  0   0.98  67.02376  -8.50389   742.82  7347.38 2.36 2.26  62.2 -0.451 18.62 18.66 01a59862o0382o
59862.465881  19.314  0.326    68   22 o  0   1.12  67.02376  -8.50389   765.26  7231.42 2.27 2.17  63.7 -0.458 18.69 18.70 01a59862o0393o
59864.475370  19.471  0.653    59   39 o  0   0.70  67.02376  -8.50389   252.48  9051.09 1.92 1.61 -42.9 -0.510 18.54 18.87 02a59864o0611o
59864.490574 -22.080  5.361    -5   29 o  0   1.41  67.02376  -8.50389   275.95  9089.09 1.90 1.62 -45.5 -0.494 18.52 18.93 02a59864o0643o
59866.563944  19.356  0.350    66   23 o  0   0.96  67.02376  -8.50389  6660.01  7468.27 2.58 2.43  46.6 -0.380 18.81 19.23 01a59866o0678o
59866.568171  20.480  1.471    23   34 o  0   1.10  67.02376  -8.50389  6679.87  7508.18 2.52 2.41  44.1 -0.393 18.34 18.51 01a59866o0687o
59866.573709  19.802  0.502    44   22 o  0   1.33  67.02376  -8.50389  6622.94  7431.06 2.56 2.41  47.7 -0.383 18.72 19.20 01a59866o0699o
59866.604445  20.048  0.429    35   15 o  0   1.44  67.02376  -8.50389  6609.14  7550.01 2.61 2.31  49.4 -0.380 19.06 19.63 01a59866o0764o
59866.642330  20.305  0.957    27   26 o  0   0.96  67.02376  -8.50389  6653.29  7497.27 2.73 2.42  51.6 -0.373 18.55 18.74 01a59866o0843o
59867.263282  19.742  0.379    46   18 o  0   0.65  67.02376  -8.50389  2176.71  3369.72 1.85 1.71  59.1 -0.433 19.09 19.74 04a59867o0282o
59867.265087  19.862  0.428    41   18 o  0   1.04  67.02376  -8.50389  2159.05  3330.44 1.84 1.72  62.4 -0.436 19.08 19.73 04a59867o0286o
59867.272762  20.517  0.673    22   15 o  0   1.27  67.02376  -8.50389  2221.56  3407.07 2.00 1.86  66.2 -0.435 19.05 19.82 04a59867o0303o
59867.282705  19.113  0.175    82   14 o  0   1.42  67.02376  -8.50389  2249.30  3289.05 1.92 1.76  70.7 -0.433 19.08 19.78 04a59867o0325o
59868.520489  20.154  0.506    32   16 o  0   0.64  67.02376  -8.50389  4450.71  5441.08 2.60 1.81  30.7 -0.435 19.36 20.31 02a59868o0710o
59868.522297  19.497  0.231    58   13 o  0   0.86  67.02376  -8.50389  4468.61  5479.58 2.59 1.83  29.3 -0.436 19.34 20.32 02a59868o0714o
59868.526364  20.116  0.377    33   12 o  0   1.58  67.02376  -8.50389  4411.57  5401.65 2.63 1.83  31.3 -0.435 19.37 20.31 02a59868o0723o
59868.531791  20.321  0.504    27   14 o  0   1.18  67.02376  -8.50389  4392.19  5517.57 2.59 1.82  30.9 -0.434 19.35 20.32 02a59868o0735o
59870.509145  20.407  0.411    25   10 o  0   0.94  67.02376  -8.50389  3879.97  3255.53 2.37 2.16  32.0 -0.437 19.58 20.67 01a59870o0618o
59870.510993  20.070  0.335    34   11 o  0   0.80  67.02376  -8.50389  3861.12  3216.46 2.36 2.14  29.6 -0.439 19.58 20.66 01a59870o0622o
59870.515152  20.270  0.370    28   10 o  0   1.10  67.02376  -8.50389  3918.74  3293.75 2.47 2.23  31.8 -0.429 19.57 20.71 01a59870o0631o
59870.521759  20.328  0.332    27    9 o  0   1.54  67.02376  -8.50389  3938.87  3174.83 2.43 2.19  37.3 -0.431 19.59 20.77 01a59870o0645o
59871.263897  21.295  0.781    11    9 c  0   1.43  67.02376  -8.50389  2187.88  3370.99 2.31 2.03  54.3 -0.382 19.63 21.48 04a59871o0614c
59871.282414  20.842  0.489    17    8 c  0   0.88  67.02376  -8.50389  2185.21  3330.31 2.37 2.08  56.8 -0.383 19.60 21.51 04a59871o0653c
59871.285125  21.094  0.678    13    9 c  0   0.76  67.02376  -8.50389  2244.48  3408.38 2.29 2.06  57.1 -0.383 19.65 21.51 04a59871o0659c
59871.290874  20.407  0.324    25    8 c  0   1.18  67.02376  -8.50389  2269.14  3291.54 2.27 2.00  53.7 -0.387 19.66 21.50 04a59871o0671c
59872.489453 -23.976  9.857    -1    9 c  0   1.35  67.02376  -8.50389  4444.51  5439.72 2.51 2.20  27.5 -0.412 19.64 21.40 02a59872o0653c
59872.499488  21.841  1.280     7    8 c  0   1.36  67.02376  -8.50389  4460.64  5480.12 2.53 2.20  27.6 -0.409 19.66 21.41 02a59872o0674c
59872.503101 -21.000  0.685   -14   10 c  0   1.28  67.02376  -8.50389  4407.81  5402.75 2.55 2.20  28.7 -0.404 19.63 21.39 02a59872o0682c
59872.510935 -22.015  1.780    -6   10 c  0   1.16  67.02376  -8.50389  4387.06  5519.25 2.62 2.22  31.6 -0.406 19.61 21.34 02a59872o0698c
59873.000750 -22.504  4.188    -4   15 o  0   1.09  67.02376  -8.50389  4202.62  7046.52 2.89 2.72 -43.8 -0.391 19.17 20.87 03a59873o0572o
59873.002103  21.266  1.368    11   16 o  0   1.10  67.02376  -8.50389  4183.36  7007.66 3.44 3.24 -38.7 -0.389 19.10 21.01 03a59873o0575o
59873.008042 -21.976  2.714    -6   16 o  0   1.01  67.02376  -8.50389  4235.42  7087.31 3.35 3.12 -37.6 -0.399 19.10 20.95 03a59873o0588o
59873.017546 -21.776  2.500    -7   18 o  0   0.77  67.02376  -8.50389  4255.18  6972.78 3.25 3.05 -37.0 -0.398 19.13 20.89 03a59873o0609o
59874.542867  22.249  1.857     5    8 o  0   1.05  67.02376  -8.50389  4311.27  3601.89 2.43 2.18  35.7 -0.413 19.65 20.93 01a59874o0588o
59874.545647 -22.587  2.688    -3    9 o  0   0.91  67.02376  -8.50389  4332.56  3641.02 2.39 2.11  43.3 -0.422 19.66 20.93 01a59874o0594o
59874.553958  21.263  0.748    11    8 o  0   1.14  67.02376  -8.50389  4276.01  3564.49 2.36 2.09  40.7 -0.420 19.68 20.91 01a59874o0612o
59874.568018 -21.645  1.297    -8   10 o  0   0.96  67.02376  -8.50389  4259.54  3680.18 2.63 2.31  41.4 -0.404 19.57 20.92 01a59874o0642o
59875.260903  24.669 11.200     0    6 c  0   1.67  67.02376  -8.50389  4119.34  3282.05 2.00 1.96  30.6 -0.407 19.76 21.59 04a59875o0601c
59875.262705  21.274  0.744    11    8 c  0   1.37  67.02376  -8.50389  4099.73  3243.82 1.95 1.89  39.9 -0.409 19.77 21.58 04a59875o0605c
59875.265863  22.361  2.186     4    9 c  0   0.86  67.02376  -8.50389  4159.90  3320.88 1.98 1.93  25.9 -0.409 19.76 21.60 04a59875o0612c
59875.271279 -22.395  1.500    -4    6 c  0   2.17  67.02376  -8.50389  4183.31  3203.88 2.02 1.98   3.9 -0.406 19.72 21.59 04a59875o0624c
59876.496091 -20.543  0.516   -22   11 c  0   1.12  67.02376  -8.50389  4661.19  9323.40 2.77 2.71  28.3 -0.404 19.51 21.45 02a59876o0628c
59876.497898 -22.008  1.917    -6   11 c  0   1.12  67.02376  -8.50389  4679.90  9363.10 2.64 2.53  20.1 -0.401 19.55 21.46 02a59876o0632c
59876.522712 -22.246  2.556    -5   12 c  0   0.77  67.02376  -8.50389  4624.91  9284.46 2.78 2.61  22.9 -0.397 19.52 21.44 02a59876o0685c
59876.525878 -22.909  4.312    -2   11 c  0   1.59  67.02376  -8.50389  4604.11  9402.43 2.64 2.49  26.1 -0.403 19.57 21.44 02a59876o0692c
59877.031472  20.627  1.022    20   21 o  0   1.10  67.02376  -8.50389  4190.17  7053.30 2.46 2.16 -46.2 -0.394 18.81 20.05 03a59877o0635o
59877.035721  21.430  1.532    10   15 o  0   1.09  67.02376  -8.50389  6264.75  3483.50 2.33 2.01 -49.6 -0.422 19.11 20.32 03a59877o0644o
59877.071002  21.066  4.333    14   59 o  0   1.00  67.02376  -8.50389  6195.34  3412.29 2.46 2.15 -56.7 -0.414 17.62 18.84 03a59877o0720o
59877.099641 -18.309  0.966  -172  166 o  0   1.38  67.02376  -8.50389  6165.73  3530.27 2.25 1.98 -52.6 -0.433 16.65 17.67 03a59877o0781o
59878.489469 -23.011  4.222    -2   10 o  0   0.99  67.02376  -8.50389  6223.20  7127.81 2.60 2.46  25.9 -0.377 19.49 20.70 01a59878o0649o
59878.491317 -22.590  3.818    -3   13 o  0   0.74  67.02376  -8.50389  6203.47  7088.22 2.96 2.65  14.4 -0.362 19.37 20.69 01a59878o0653o
59878.494089  21.526  1.087     9   10 o  0   1.16  67.02376  -8.50389  6261.69  7165.51 2.63 2.49  31.9 -0.378 19.44 20.67 01a59878o0659o
59878.520373 -22.809  3.684    -3   10 o  0   1.33  67.02376  -8.50389  4248.46  3687.15 2.83 2.56  40.6 -0.382 19.42 20.73 01a59878o0713o
59879.245773 -21.438  1.071   -10   10 c  0   0.51  67.02376  -8.50389  4116.24  3284.40 2.00 1.94  34.1 -0.400 19.75 21.66 04a59879o0561c
59879.247576 -21.360  0.733   -10    8 c  0   1.21  67.02376  -8.50389  4097.78  3245.50 2.02 1.96  42.7 -0.401 19.74 21.65 04a59879o0565c
59879.252083  22.688  2.036     3    6 c  0   1.95  67.02376  -8.50389  4159.19  3322.11 2.12 2.08  38.3 -0.389 19.73 21.65 04a59879o0575c
59879.257957  23.522  6.000     1    8 c  0   0.91  67.02376  -8.50389  4181.49  3205.16 2.04 1.99  27.0 -0.397 19.71 21.62 04a59879o0588c
59880.581746  21.246  0.821    12   10 c  0   0.92  67.02376  -8.50389  5908.21  1236.97 2.46 2.31  87.8 -0.414 19.56 21.35 02a59880o0497c
59880.585362 -20.942  0.738   -15   11 c  0   0.75  67.02376  -8.50389  5889.57  1198.20 2.57 2.41 -87.1 -0.404 19.51 21.33 02a59880o0505c
59880.591690  24.193 14.200     1   11 c  0   0.94  67.02376  -8.50389  5947.87  1277.18 2.62 2.44 -83.0 -0.404 19.52 21.31 02a59880o0519c
59880.606307  20.858  0.719    16   12 c  0   0.75  67.02376  -8.50389  5969.73  1162.46 2.53 2.35 -76.1 -0.409 19.50 21.26 02a59880o0551c
59880.948168 -18.768  0.567  -113   64 o  0   1.55  67.02376  -8.50389  4013.63  1240.37 2.23 2.06 -59.0 -0.404 17.59 18.83 03a59881o0451o
59880.949982 -18.207  1.516  -189  287 o  0   1.27  67.02376  -8.50389  3994.89  1201.04 2.25 2.09 -70.0 -0.416 16.55 17.82 03a59881o0455o
59880.953146 -20.318  0.538   -27   15 o  0   0.95  67.02376  -8.50389  4051.53  1280.71 2.31 2.17 -57.1 -0.415 19.05 20.34 03a59881o0462o
59880.959045  20.636  0.771    20   16 o  0   0.77  67.02376  -8.50389  4073.40  1164.61 2.26 2.12 -61.6 -0.410 19.19 20.45 03a59881o0475o
59882.468114  21.061  0.667    14    9 o  0   1.20  67.02376  -8.50389   189.87  3500.62 2.23 2.11  45.9 -0.411 19.67 20.89 01a59882o0566o
59882.469963 -26.407 94.000    -0    9 o  0   1.00  67.02376  -8.50389   170.61  3461.72 2.27 2.16  49.5 -0.403 19.64 20.89 01a59882o0570o
59882.472737  22.259  1.978     4    9 o  0   1.07  67.02376  -8.50389   229.32  3540.91 2.31 2.17  37.3 -0.395 19.64 20.89 01a59882o0576o
59882.475507 -20.962  0.486   -15    7 o  0   1.57  67.02376  -8.50389 10373.73  3546.30 2.32 2.15 -40.4 -0.406 19.65 20.88 01a59882o0582o
59882.503967 -21.892  1.938    -6   12 o  0   0.61  67.02376  -8.50389 10306.96  7281.95 2.66 2.33 -55.8 -0.447 19.61 20.86 01a59882o0642o
59882.507730  20.770  0.548    18   10 o  0   1.14  67.02376  -8.50389 10356.86  3496.34 2.37 2.16 -54.5 -0.421 19.67 20.86 01a59882o0649o
59882.510962 -24.542 17.800    -1   10 o  0   1.09  67.02376  -8.50389 10415.28  3571.99 2.40 2.22 -52.1 -0.418 19.60 20.86 01a59882o0656o
59882.513737  21.592  1.478     8   12 o  0   0.74  67.02376  -8.50389 10436.50  3453.89 2.58 2.37 -49.9 -0.389 19.57 20.86 01a59882o0662o
59883.219285 -22.250  2.000    -5    9 c  0   1.07  67.02376  -8.50389   437.94  7335.16 2.66 2.20  86.5 -0.364 19.67 21.62 04a59883o0493c
59883.221094 -22.225  1.606    -5    8 c  0   1.17  67.02376  -8.50389   419.15  7296.33 2.63 2.21  85.6 -0.364 19.70 21.62 04a59883o0497c
59883.224260  22.349  2.100     4    9 c  0   1.05  67.02376  -8.50389   479.46  7373.90 2.63 2.16  88.6 -0.367 19.70 21.63 04a59883o0504c
59883.229665  23.256  4.769     2    9 c  0   1.48  67.02376  -8.50389   502.51  7256.67 2.61 2.19  85.1 -0.368 19.68 21.62 04a59883o0516c
59884.471941 -22.275  2.171    -4   10 c  0   0.92  67.02376  -8.50389  4217.05  1563.03 2.38 2.23  38.8 -0.419 19.56 21.16 02a59884o0607c
59884.473750 -21.792  1.370    -7   10 c  0   0.99  67.02376  -8.50389  4237.88  1601.81 2.39 2.25  44.2 -0.423 19.55 21.17 02a59884o0611c
59884.476914  23.270  5.429     2   10 c  0   1.24  67.02376  -8.50389  4179.25  1523.11 2.37 2.24  42.3 -0.420 19.55 21.17 02a59884o0618c
59884.482338  21.069  0.642    14    9 c  0   1.47  67.02376  -8.50389  4161.86  1639.97 2.37 2.25  46.6 -0.420 19.56 21.18 02a59884o0630c
59886.602222  20.594  0.455    21   10 o  0   1.39  67.02376  -8.50389   156.65  7182.84 2.59 2.46  76.1 -0.418 19.58 21.07 01a59886o0417o
59887.198993 -22.067  2.870    -5   16 o  0   1.46  67.02376  -8.50389   428.74  7334.45 2.43 1.86  88.5 -0.396 19.13 19.81 04a59887o0451o
59887.201706  21.311  1.579    11   17 o  0   0.97  67.02376  -8.50389   410.41  7295.32 2.41 1.82 -89.9 -0.397 19.12 19.80 04a59887o0457o
59887.204433  23.715 13.900     1   16 o  0   1.22  67.02376  -8.50389   469.75  7373.19 2.46 1.88  87.3 -0.387 19.15 19.83 04a59887o0463o
59887.215322  21.598  1.704     8   14 o  0   1.46  67.02376  -8.50389   495.50  7254.58 2.47 1.86 -89.7 -0.391 19.14 19.85 04a59887o0487o
59888.895388  22.768  8.850     3   25 o  0   0.97  67.02376  -8.50389  2210.31  5157.14 2.43 2.23 -66.7 -0.412 18.58 19.02 03a59889o0337o
59888.898092 -20.982  1.519   -15   22 o  0   1.39  67.02376  -8.50389  2192.22  5116.90 2.43 2.15 -60.2 -0.402 18.65 19.03 03a59889o0343o
59888.903132 -21.072  2.034   -14   28 o  0   1.19  67.02376  -8.50389  2248.06  5195.66 2.60 2.33 -65.2 -0.388 18.54 19.07 03a59889o0354o
59888.914299  20.564  0.952    22   20 o  0   1.23  67.02376  -8.50389  2269.65  5078.39 2.40 2.13 -67.2 -0.398 18.68 19.11 03a59889o0378o
59890.417977  20.798  1.366    17   24 o  0   1.41  67.02376  -8.50389   439.75  9312.65 2.42 2.27 -82.5 -0.485 18.65 18.83 01a59890o0503o
59890.420751  20.913  1.659    16   26 o  0   1.06  67.02376  -8.50389   497.28  9389.96 2.29 2.15 -75.7 -0.506 18.70 18.75 01a59890o0509o
59890.442029  20.207  1.144    30   34 o  0   1.05  67.02376  -8.50389   522.66  9267.35 2.77 2.70 -63.9 -0.466 18.51 18.79 01a59890o0553o
59891.143491  21.860 13.094     6   86 o  0   1.46  67.02376  -8.50389 10274.23  1466.75 3.24 2.16 -26.6 -0.328 17.35 16.82 04a59891o0277o
59891.149447 -18.695  0.490  -121   59 o  0   0.94  67.02376  -8.50389 10332.10  1544.26 2.87 2.23 -23.9 -0.329 17.83 17.64 04a59891o0290o
59891.161273  20.434  2.710    24   66 o  0   1.82  67.02376  -8.50389 10355.08  1427.19 2.53 2.49 -16.4 -0.323 17.69 17.42 04a59891o0316o
59894.488750  20.573  0.898    21   19 o  0   1.19  67.02376  -8.50389 10058.66  1361.99 2.63 2.28 -54.4 -0.431 18.91 19.47 01a59894o0662o
59894.491525  19.926  0.446    39   17 o  0   1.64  67.02376  -8.50389 10078.35  1401.54 2.67 2.32 -54.0 -0.420 18.91 19.50 01a59894o0668o
59894.524005  21.367  1.734    10   18 o  0   1.51  67.02376  -8.50389 10024.64  1327.32 2.60 2.34 -51.4 -0.425 18.84 19.38 01a59894o0736o
59894.552603 -21.160  1.816   -12   23 o  0   0.78  67.02376  -8.50389 10008.76  1450.99 2.85 2.47 -52.7 -0.407 18.71 19.31 01a59894o0797o
59896.565023  21.219  1.817    12   22 o  0   0.81  67.02376  -8.50389  8519.08  5511.02 2.57 2.20  33.5 -0.412 18.93 19.56 02a59896o0463o
59896.568187  19.795  0.459    44   20 o  0   1.51  67.02376  -8.50389  8499.60  5473.33 2.73 2.39  34.2 -0.399 18.83 19.53 02a59896o0470o
59896.576877  20.556  0.870    22   19 o  0   1.16  67.02376  -8.50389  8558.80  5551.26 2.46 2.13  38.0 -0.413 18.95 19.51 02a59896o0489o
59896.586822  22.798  9.000     3   25 o  0   0.73  67.02376  -8.50389  8578.58  5435.55 2.86 2.54  32.7 -0.390 18.71 19.47 02a59896o0511o
59896.999869  23.814 11.125     1   12 o  0   1.60  67.02376  -8.50389  8290.73  7280.76 2.56 2.11 -47.0 -0.401 19.21 20.19 03a59897o0538o
59897.002613 -21.006  0.941   -14   14 o  0   1.15  67.02376  -8.50389  8307.16  7320.40 2.64 2.14 -47.6 -0.398 19.13 20.15 03a59897o0544o
59897.035601  20.808  0.832    17   14 o  0   1.41  67.02376  -8.50389  8240.73  7244.21 2.50 2.09 -51.4 -0.403 19.10 19.97 03a59897o0615o
59897.045299 -21.345  1.740   -10   18 o  0   0.76  67.02376  -8.50389  8214.42  7359.44 2.58 2.09 -47.4 -0.408 19.05 19.98 03a59897o0636o
59898.466892  22.058  2.410     6   13 o  0   1.07  67.02376  -8.50389  8088.80  1466.02 2.63 2.47 -56.2 -0.462 19.35 20.46 01a59898o0610o
59898.469664  20.993  0.892    14   13 o  0   0.94  67.02376  -8.50389  8108.71  1505.37 2.40 2.30 -43.1 -0.480 19.42 20.47 01a59898o0616o
59898.476608  20.572  0.597    21   13 o  0   1.02  67.02376  -8.50389  8051.78  1427.66 2.26 2.18 -38.0 -0.491 19.44 20.41 01a59898o0631o
59898.486783 -22.559  3.484    -3   12 o  0   1.25  67.02376  -8.50389  8033.54  1545.49 2.27 2.21 -41.2 -0.488 19.42 20.43 01a59898o0653o
59899.168904  24.451 16.167     1   10 o  0   1.46  67.02376  -8.50389  6145.33  5118.09 2.06 1.86 -37.4 -0.419 19.38 20.69 04a59899o0370o
59899.172528  24.641 22.200     0   11 o  0   1.21  67.02376  -8.50389  6127.06  5079.96 2.06 1.85 -39.4 -0.428 19.43 20.61 04a59899o0378o
59899.177483  21.969  1.839     6   11 o  0   1.17  67.02376  -8.50389  6187.25  5157.10 2.08 1.92 -44.6 -0.424 19.40 20.63 04a59899o0389o
59899.191829 -22.965  4.609    -2   11 o  0   1.12  67.02376  -8.50389  6214.30  5039.44 1.99 1.79 -45.8 -0.429 19.32 20.55 04a59899o0420o
59900.602176  22.849  6.941     3   18 o  0   1.21  67.02376  -8.50389  8607.27  7453.28 2.66 2.25  34.5 -0.401 19.03 19.97 02a59900o0419o
59900.605339  22.646  5.286     3   17 o  0   1.19  67.02376  -8.50389  8588.62  7414.31 2.52 2.25  35.8 -0.418 19.09 19.91 02a59900o0426o
59900.610841  20.739  1.083    18   20 o  0   0.96  67.02376  -8.50389  8646.24  7492.21 2.59 2.24  34.8 -0.411 19.04 19.87 02a59900o0438o
59900.621826 -19.615  0.386   -52   20 o  0   0.79  67.02376  -8.50389  8666.22  7375.50 2.56 2.18  32.6 -0.408 19.00 19.84 02a59900o0462o
59900.932832  20.421  0.419    25   10 c  0   1.47  67.02376  -8.50389  2139.47  3219.03 2.29 2.19 -60.6 -0.404 19.32 21.12 03a59901o0390c
59900.935088  22.530  3.208     4   11 c  0   0.98  67.02376  -8.50389  2120.29  3179.71 2.31 2.18 -47.8 -0.403 19.57 21.42 03a59901o0395c
59900.940946  22.687  2.087     3    6 c  0   1.68  67.02376  -8.50389  2175.64  3259.21 2.43 2.33 -51.1 -0.398 19.77 21.71 03a59901o0408c
59900.960867 -21.474  0.938    -9    9 c  0   1.34  67.02376  -8.50389  2195.94  3147.16 2.34 2.16 -43.0 -0.413 19.56 21.41 03a59901o0451c
59903.147300  22.315  2.500     4   11 o  0   1.39  67.02376  -8.50389  6143.01  5121.21 2.02 1.88 -41.7 -0.427 19.38 20.65 04a59903o0318o
59903.149102  20.956  0.709    15   11 o  0   0.80  67.02376  -8.50389  6124.17  5082.96 1.94 1.81 -38.7 -0.427 19.43 20.66 04a59903o0322o
59903.171096 -21.660  1.387    -8   11 o  0   1.14  67.02376  -8.50389  6190.52  5157.41 2.09 1.90 -35.5 -0.415 19.35 20.65 04a59903o0370o
59903.197739 -22.056  2.000    -6   11 o  0   0.98  67.02376  -8.50389  6227.34  5038.17 2.09 1.87 -42.4 -0.418 19.41 20.64 04a59903o0427o
59906.409609 -21.874  1.098    -6    7 c  0   1.21  67.02376  -8.50389  4284.40  7220.29 3.08 2.96  40.3 -0.325 19.71 21.78 01a59906o0490c
59906.411458 -22.112  1.364    -5    7 c  0   1.36  67.02376  -8.50389  4265.59  7181.69 3.07 2.96  46.9 -0.323 19.71 21.78 01a59906o0494c
59906.415153  23.166  3.833     2    8 c  0   1.22  67.02376  -8.50389  4322.87  7257.73 3.11 3.04  43.7 -0.321 19.70 21.77 01a59906o0502c
59906.421163  20.987  0.544    15    8 c  0   1.11  67.02376  -8.50389  4344.14  7141.76 3.13 3.02  39.6 -0.314 19.71 21.77 01a59906o0515c
59907.222499  21.088  0.876    13   12 o  0   1.14  67.02376  -8.50389  4690.34  9362.21 2.40 1.92 -71.9 -0.415 19.45 20.70 04a59907o0476o
59907.225694  21.283  0.843    11    9 o  0   1.58  67.02376  -8.50389  4710.75  9398.76 2.37 1.93 -68.6 -0.417 19.44 20.74 04a59907o0483o
59907.234380  21.223  1.042    12   12 o  0   0.92  67.02376  -8.50389  4658.48  9312.12 2.42 1.83 -74.8 -0.420 19.51 20.74 04a59907o0502o
59907.267198 -21.178  1.000   -12   12 o  0   0.85  67.02376  -8.50389  4650.36  9402.15 2.58 1.88 -74.0 -0.407 19.46 20.84 04a59907o0571o
59908.494489  21.118  0.835    13   11 o  0   1.17  67.02376  -8.50389  8425.62  3569.16 2.16 2.01 -71.0 -0.429 19.54 20.87 02a59908o0676o
59908.497705  21.597  1.347     8   11 o  0   0.97  67.02376  -8.50389  8407.99  3531.58 2.15 1.97 -65.6 -0.435 19.58 20.86 02a59908o0683o
59908.503288 -20.756  0.603   -18   11 o  0   1.16  67.02376  -8.50389  8465.96  3608.74 2.26 2.13 -67.3 -0.420 19.48 20.83 02a59908o0695o
59908.910391 -22.740  2.500    -3    7 c  0   1.30  67.02376  -8.50389  4071.55  3178.69 2.55 2.37 -50.8 -0.397 19.74 21.87 03a59909o0106c
59908.917635 -21.226  0.624   -12    7 c  0   1.29  67.02376  -8.50389  4051.34  3140.95 2.47 2.31 -56.8 -0.403 19.77 21.86 03a59909o0121c
59908.952826  24.049  9.167     1    8 c  0   0.78  67.02376  -8.50389  4102.41  3226.50 2.61 2.33 -60.3 -0.393 19.74 21.86 03a59909o0196c
59908.967506  21.502  0.903     9    8 c  0   1.12  67.02376  -8.50389  6305.10  7396.53 2.63 2.33 -49.2 -0.389 19.75 21.86 03a59909o0224c
59910.465512  23.427  6.375     2   10 c  0   0.74  67.02376  -8.50389  6213.03  3472.27 3.37 3.08  35.7 -0.298 19.50 21.53 01a59910o0607c
59910.470680  20.687  0.424    19    8 c  0   1.09  67.02376  -8.50389  6194.88  3590.80 3.42 3.17  38.8 -0.294 19.51 21.55 01a59910o0618c
59911.222430  20.902  0.698    16   11 o  0   0.99  67.02376  -8.50389  4696.99  9352.49 2.42 1.90 -70.9 -0.420 19.53 21.03 04a59911o0399o
59911.225585  24.994 26.000     0   10 o  0   1.09  67.02376  -8.50389  4716.63  9389.73 2.38 1.86 -70.3 -0.426 19.55 21.02 04a59911o0406o
59911.230993  21.231  0.868    12   10 o  0   1.40  67.02376  -8.50389  4661.56  9306.38 2.45 1.92 -70.1 -0.424 19.51 21.02 04a59911o0418o
59911.244593  22.475  2.667     4   10 o  0   1.06  67.02376  -8.50389  4645.57  9412.74 2.58 1.99 -73.5 -0.403 19.57 21.08 04a59911o0448o
59912.978029 -21.021  0.592   -14    8 c  0   0.96  67.02376  -8.50389 10117.09  3382.35 2.64 2.25 -58.5 -0.372 19.71 21.71 03a59913o0468c
59912.981192 -21.770  1.096    -7    8 c  0   0.98  67.02376  -8.50389 10134.28  3422.03 2.57 2.17 -59.6 -0.378 19.73 21.72 03a59913o0475c
59912.988403  23.456  6.800     2   10 c  0   0.85  67.02376  -8.50389 10075.83  3343.24 2.50 2.13 -58.7 -0.377 19.53 21.46 03a59913o0491c
59912.999850  21.859  1.200     7    8 c  0   1.29  67.02376  -8.50389 10050.17  3458.48 2.48 2.11 -59.0 -0.385 19.75 21.69 03a59913o0516c
59915.053189  20.457  0.948    24   23 o  0   1.24  67.02376  -8.50389  6386.48  8991.30 2.86 2.60 -86.5 -0.407 18.68 19.66 04a59915o0085o
59915.055891 -22.298  5.077    -4   22 o  0   1.13  67.02376  -8.50389  6365.62  8952.89 2.64 2.34 -82.7 -0.384 18.82 19.71 04a59915o0091o
59915.059045  20.512  0.941    23   21 o  0   1.02  67.02376  -8.50389  6424.05  9031.48 2.63 2.29 -79.3 -0.398 18.83 19.70 04a59915o0098o
59915.079301  20.519  0.992    22   22 o  0   0.91  67.02376  -8.50389  6439.22  8915.44 2.66 2.44 -85.8 -0.384 18.84 19.86 04a59915o0141o
59916.442474 -23.887 16.714    -1   17 o  0   1.13  67.02376  -8.50389  8685.27  9359.78 2.50 2.25  44.7 -0.431 19.15 20.01 02a59916o0378o
59916.445640 -20.881  1.133   -16   18 o  0   1.03  67.02376  -8.50389  8744.76  9440.26 2.54 2.40  58.0 -0.419 19.10 20.01 02a59916o0385o
59916.451061  22.638  6.095     3   20 o  0   0.93  67.02376  -8.50389  8763.99  9322.48 2.54 2.36  49.9 -0.424 19.09 20.01 02a59916o0397o
59916.885932 -15.907  4.119 -1574 6485 o  0   1.15  67.02376  -8.50389   292.78  7128.58 2.72 2.41 -72.5 -0.401 12.90 12.48 03a59917o0271o
59916.888633  12.830  0.587 26788 15735 o  0   1.02  67.02376  -8.50389   273.24  7089.41 3.01 2.74 -64.6 -0.367 11.75 11.42 03a59917o0277o
59916.889083  15.286  3.917  2789 10925 o  0   1.13  67.02376  -8.50389 10502.61  7302.64 3.08 2.72 -54.7 -0.571 12.53 12.29 03a59917o0278o
59916.893597  15.247  0.521  2891 1507 o  0   1.30  67.02376  -8.50389   328.60  7169.13 2.85 2.61 -57.8 -0.396 14.07 13.82 03a59917o0288o
59919.179210  21.278  2.807    11   31 o  0   0.85  67.02376  -8.50389  4242.53  1628.10 2.02 1.87  30.4 -0.442 18.45 18.70 04a59919o0361o
59919.208022  20.157  0.880    31   28 o  0   0.91  67.02376  -8.50389  4277.27  1636.33 1.99 1.93  27.5 -0.430 18.49 18.84 04a59919o0422o
59919.211347 -21.571  2.722    -8   23 o  0   1.55  67.02376  -8.50389  4219.56  1556.11 2.07 1.94  20.5 -0.444 18.49 18.84 04a59919o0429o
59919.239626 -22.726 10.345    -3   30 o  0   1.04  67.02376  -8.50389  4211.08  1648.42 1.90 1.87  38.9 -0.442 18.43 18.64 04a59919o0491o
59923.190335 -22.699  7.000    -3   21 o  0   1.14  67.02376  -8.50389  2092.29  5095.24 2.15 1.91  75.3 -0.399 18.67 19.13 04a59923o0386o
59923.200282  24.207 25.571     1   19 o  0   1.48  67.02376  -8.50389  2116.16  5124.33 2.14 1.93  77.7 -0.397 18.64 19.13 04a59923o0408o
59923.203442 -23.614 16.500    -1   22 o  0   1.04  67.02376  -8.50389  2058.67  5044.89 2.14 1.93  76.0 -0.399 18.64 19.12 04a59923o0415o
59923.209747  21.123  1.556    13   20 o  0   1.28  67.02376  -8.50389  2041.89  5155.49 2.11 1.85  79.4 -0.396 18.67 19.15 04a59923o0429o
59927.191572  22.025  2.449     6   14 o  0   0.90  67.02376  -8.50389  2094.27  5082.32 2.17 2.00  70.7 -0.396 19.27 20.55 04a59927o0370o
59927.195177  21.195  0.899    12   11 o  0   1.50  67.02376  -8.50389  2114.93  5117.71 2.14 1.95  76.4 -0.397 19.28 20.51 04a59927o0378o
59927.202507 -20.539  0.567   -22   12 o  0   1.07  67.02376  -8.50389  2059.26  5034.43 2.19 1.90  80.0 -0.398 19.28 20.45 04a59927o0394o
59927.218443 -22.769  4.115    -3   12 o  0   1.26  67.02376  -8.50389  2045.09  5138.86 2.15 1.92  82.2 -0.395 19.25 20.38 04a59927o0429o
59928.401806 -20.816  0.610   -17   10 o  0   0.96  67.02376  -8.50389  4186.56  5203.94 2.48 1.95  34.8 -0.435 19.49 20.81 02a59928o0470o
59928.404976  22.263  2.514     4   11 o  0   1.11  67.02376  -8.50389  4169.32  5168.12 2.53 1.96  35.1 -0.433 19.47 20.77 02a59928o0477o
59928.411311  20.960  0.858    15   13 o  0   0.76  67.02376  -8.50389  4227.49  5244.85 2.59 1.97  36.1 -0.431 19.44 20.72 02a59928o0491o
59928.422201 -20.332  0.505   -27   14 o  0   0.61  67.02376  -8.50389  4248.02  5129.67 2.47 1.86  37.0 -0.440 19.50 20.63 02a59928o0515o
59931.175528 -22.819  2.900    -3    8 c  0   1.04  67.02376  -8.50389  2002.30  3154.91 2.47 2.14  49.1 -0.385 19.63 21.82 04a59931o0345c
59931.179590  22.810  3.000     3    8 c  0   0.83  67.02376  -8.50389  2023.82  3189.50 2.42 2.10  52.0 -0.387 19.62 21.83 04a59931o0354c
59931.185454 -21.184  0.589   -12    7 c  0   1.54  67.02376  -8.50389  1966.88  3106.40 2.43 2.06  52.8 -0.390 19.68 21.83 04a59931o0367c
59931.221101  25.032 21.667     0    8 c  0   1.57  67.02376  -8.50389  1956.57  3196.54 2.26 1.96  52.4 -0.399 19.67 21.80 04a59931o0444c
59932.928771 -22.959 19.000    -2   45 o  0   1.15  67.02376  -8.50389  4384.95  5485.09 2.59 2.23 -49.8 -0.397 18.06 19.59 03a59933o0269o
59932.967645  19.916  2.361    39   93 o  0   0.67  67.02376  -8.50389  4300.21  5519.69 2.50 2.17 -53.6 -0.390 17.30 18.83 03a59933o0319o
59935.143108 -21.491  1.129    -9   10 c  0   0.63  67.02376  -8.50389  1984.52  3174.80 2.45 2.13  57.6 -0.388 19.66 21.83 04a59935o0269c
59935.175029  22.143  1.450     5    7 c  0   1.20  67.02376  -8.50389  2022.55  3182.98 2.41 2.07  49.1 -0.390 19.67 21.84 04a59935o0339c
59935.178195 -21.292  0.795   -11    9 c  0   0.94  67.02376  -8.50389  1964.71  3102.78 2.42 2.05  56.5 -0.390 19.71 21.85 04a59935o0346c
59935.184954  21.143  0.657    13    8 c  0   1.21  67.02376  -8.50389  1947.18  3213.63 2.33 2.03  60.5 -0.393 19.74 21.85 04a59935o0361c
59939.131364  22.965  3.067     2    7 c  0   2.05  67.02376  -8.50389  2170.45  7044.81 2.67 2.39  80.2 -0.364 19.64 21.90 04a59939o0242c
59939.136801  21.476  0.931     9    9 c  0   0.77  67.02376  -8.50389  2193.12  7078.11 2.71 2.41  84.6 -0.362 19.61 21.93 04a59939o0254c
59939.140405  21.072  0.614    14    8 c  0   1.23  67.02376  -8.50389  2137.85  6996.89 2.71 2.43  82.1 -0.364 19.58 21.93 04a59939o0262c
59939.174853 -24.565 16.667    -0    9 c  0   1.10  67.02376  -8.50389  2134.25  7082.27 2.88 2.56  83.4 -0.344 19.52 21.80 04a59939o0337c
59940.873052 -20.236  0.298   -29    9 o  0   1.59  67.02376  -8.50389  8435.56  5481.22 2.53 2.10 -60.3 -0.407 19.57 21.16 03a59941o0222o
59940.876209  23.971 11.143     1   10 o  0   0.88  67.02376  -8.50389  8453.40  5512.15 2.51 2.08 -58.2 -0.405 19.57 21.15 03a59941o0229o
59940.882572 -21.563  1.088    -9    9 o  0   1.05  67.02376  -8.50389  8395.49  5416.53 2.41 2.04 -60.1 -0.410 19.63 21.21 03a59941o0243o
59940.916634 -22.197  1.838    -5    9 o  0   1.13  67.02376  -8.50389  8377.47  5442.66 2.48 2.04 -62.4 -0.402 19.62 21.27 03a59941o0317o
59943.122465 -21.329  1.486   -11   16 o  0   1.15  67.02376  -8.50389  2169.66  7040.57 2.54 2.14 -89.1 -0.379 19.11 20.33 04a59943o0219o
59943.126068  21.390  1.522    10   15 o  0   1.24  67.02376  -8.50389  2189.99  7074.95 2.49 2.21  82.5 -0.381 19.08 20.32 04a59943o0227o
59943.131491  21.497  1.687     9   15 o  0   0.90  67.02376  -8.50389  2135.36  6993.44 2.45 2.07 -89.5 -0.389 19.10 20.34 04a59943o0239o
59943.141417  22.773  5.000     3   14 o  0   1.23  67.02376  -8.50389  2119.81  7100.75 2.39 2.00 -85.2 -0.388 19.16 20.33 04a59943o0261o
59944.814746  22.000  2.756     6   16 o  0   1.12  67.02376  -8.50389  2256.29  4649.87 2.47 2.21 -67.8 -0.406 18.98 19.85 03a59945o0087o
59944.816560  23.461 11.727     2   18 o  0   0.99  67.02376  -8.50389  2237.96  4615.01 2.46 2.18 -63.7 -0.398 19.03 19.87 03a59945o0091o
59944.819712  22.637  5.727     3   18 o  0   1.10  67.02376  -8.50389  2294.15  4701.15 2.52 2.23 -70.2 -0.405 18.97 19.87 03a59945o0098o
59944.825120  21.144  1.413    13   18 o  0   0.87  67.02376  -8.50389  2315.50  4598.76 2.45 2.21 -68.8 -0.399 19.01 19.90 03a59945o0110o
59947.106178 -19.665  0.668   -49   33 o  0   1.29  67.02376  -8.50389  1884.69  1232.74 2.98 2.19  48.9 -0.435 18.28 18.78 04a59947o0152o
59947.110437  20.468  1.369    24   32 o  0   1.26  67.02376  -8.50389  1905.81  1266.59 2.93 2.11  45.2 -0.399 18.34 18.74 04a59947o0161o
59947.145247  20.064  1.091    34   37 o  0   1.08  67.02376  -8.50389  1864.28  1153.45 2.87 2.11  51.5 -0.405 18.36 18.77 04a59947o0237o
59947.173550 -20.736  1.567   -18   29 o  0   1.97  67.02376  -8.50389  1854.28  1249.48 2.65 2.02  48.0 -0.413 18.41 18.79 04a59947o0299o
59951.181462 -16.294  0.572 -1102  630 o  0   0.99  67.02376  -8.50389  1912.57  1163.87 2.58 2.05  48.5 -0.432 13.95 13.56 04a59951o0348o
59951.205488 -19.781 21.744   -44  966 o  0   1.28  67.02376  -8.50389  1929.34  1193.64 2.96 2.07  45.8 -0.424 15.54 15.28 04a59951o0399o
59951.213689  18.735  0.691   116   80 o  0   1.00  67.02376  -8.50389  1868.22  1113.30 2.52 1.98  45.1 -0.421 16.65 17.02 04a59951o0416o
59951.217159 -18.758  1.428  -114  163 o  0   1.59  67.02376  -8.50389  1848.33  1230.43 2.67 2.03  46.8 -0.411 17.67 17.83 04a59951o0422o
59952.886196 -21.091  1.464   -13   20 o  0   0.76  67.02376  -8.50389  5916.57  1043.49 2.28 2.00 -58.9 -0.420 18.98 19.69 03a59953o0235o
59952.889359  19.945  0.461    38   18 o  0   1.13  67.02376  -8.50389  5935.48  1074.09 2.28 2.04 -64.3 -0.423 18.98 19.67 03a59953o0242o
59952.894870  20.636  0.910    20   18 o  0   0.99  67.02376  -8.50389  5880.10   979.88 2.31 2.01 -59.6 -0.409 18.96 19.64 03a59953o0254o
59952.904811  20.352  0.726    26   19 o  0   1.10  67.02376  -8.50389  5860.50  1068.80 2.35 2.06 -64.1 -0.408 18.89 19.54 03a59953o0276o
59955.128031  21.289  1.116    11   12 o  0   1.72  67.02376  -8.50389  6422.39  5361.26 2.25 1.94 -29.2 -0.402 19.15 20.27 04a59955o0231o
59955.131641 -26.277 127.000    -0   14 o  0   0.93  67.02376  -8.50389  6442.42  5397.35 2.20 1.88 -27.8 -0.417 19.15 20.22 04a59955o0239o
59955.137047  20.540  0.621    22   14 o  0   0.86  67.02376  -8.50389  6384.88  5317.22 2.13 1.84 -30.9 -0.415 19.13 20.22 04a59955o0251o
59955.147864  21.060  1.108    14   15 o  0   0.84  67.02376  -8.50389  6367.63  5425.81 2.21 1.91 -31.6 -0.403 19.08 20.12 04a59955o0275o
59956.430901  20.808  0.875    17   15 o  0   0.97  67.02376  -8.50389  8347.82  1630.15 2.21 1.95 -58.7 -0.454 19.09 20.04 02a59956o0061o
59956.434522 -20.763  0.947   -18   17 o  0   1.03  67.02376  -8.50389  8328.99  1591.18 2.36 2.13 -56.7 -0.438 19.03 20.01 02a59956o0069o
59956.441390  20.349  0.602    26   16 o  0   1.28  67.02376  -8.50389  8385.90  1669.60 2.37 2.06 -57.4 -0.441 19.01 19.99 02a59956o0084o
59956.899475 -23.717 11.500    -1   14 o  0   0.93  67.02376  -8.50389  5915.78   977.57 2.47 2.18 -50.2 -0.406 19.25 20.54 03a59957o0267o
59956.902632  22.761  4.478     3   13 o  0   0.88  67.02376  -8.50389  5937.19  1010.47 2.24 1.98 -54.2 -0.421 19.34 20.54 03a59957o0274o
59956.908048  22.442  3.667     4   14 o  0   1.21  67.02376  -8.50389  5882.90   917.16 2.32 1.98 -63.1 -0.404 19.28 20.41 03a59957o0286o
59956.917968  21.807  2.048     7   14 o  0   1.41  67.02376  -8.50389  5864.69  1007.89 2.62 2.27 -65.8 -0.394 19.05 20.21 03a59957o0308o
59959.104324  21.162  0.725    12    9 o  0   1.54  67.02376  -8.50389  6414.76  5362.85 2.28 1.94 -25.8 -0.418 19.41 21.12 04a59959o0179o
59959.107034 -22.589  2.929    -3   10 o  0   1.26  67.02376  -8.50389  6434.76  5399.41 2.26 1.91 -25.2 -0.421 19.44 21.11 04a59959o0185o
59959.113419 -21.696  1.288    -8   10 o  0   1.03  67.02376  -8.50389  6379.41  5317.06 2.34 2.01 -24.7 -0.411 19.37 21.07 04a59959o0199o
59959.133803  22.826  4.087     3   11 o  0   1.08  67.02376  -8.50389  6365.72  5420.13 2.24 1.89 -25.9 -0.417 19.35 20.95 04a59959o0243o
59960.335324  21.987  2.107     6   12 o  0   0.83  67.02376  -8.50389  8353.52  1627.69 2.05 1.86 -60.2 -0.458 19.49 20.72 02a59960o0306o
59960.338487 -20.907  0.697   -16   11 o  0   1.50  67.02376  -8.50389  8335.39  1589.17 2.10 1.91 -61.1 -0.447 19.46 20.70 02a59960o0313o
59960.344824  20.611  0.525    21   11 o  0   0.82  67.02376  -8.50389  8395.71  1667.46 2.05 1.86 -65.5 -0.454 19.46 20.71 02a59960o0327o
59960.839729  21.990  1.778     6   10 c  0   1.43  67.02376  -8.50389  7530.57  9372.21 2.85 2.37 -56.6 -0.392 19.32 21.22 03a59961o0105c
59960.843332 -19.681  8.000   -49  390 c  0   1.16  67.02376  -8.50389  7549.40  9402.43 2.87 2.40 -52.0 -0.409 16.45 18.28 03a59961o0113c
59960.850387  20.003  0.557    36   20 c  0   1.42  67.02376  -8.50389  7492.66  9303.81 2.83 2.34 -56.2 -0.388 18.83 20.66 03a59961o0128c
59963.106173  22.753  4.263     3   12 o  0   1.02  67.02376  -8.50389  6208.33  1481.21 2.55 2.18 -23.4 -0.410 19.30 20.85 04a59963o0186o
59963.109329  21.444  1.381    10   13 o  0   1.00  67.02376  -8.50389  6227.24  1517.26 2.54 2.17 -18.9 -0.421 19.28 20.82 04a59963o0193o
59963.115127 -21.027  0.859   -14   12 o  0   1.14  67.02376  -8.50389  6171.92  1436.67 2.45 2.12 -21.0 -0.413 19.34 20.86 04a59963o0205o
59963.125925  23.175  6.167     2   12 o  0   1.05  67.02376  -8.50389  6158.83  1549.13 2.50 2.28 -25.6 -0.449 19.34 20.92 04a59963o0228o
59964.332318  21.087  0.843    13   11 o  0   1.05  67.02376  -8.50389  2690.13  7574.34 2.22 2.09  39.1 -0.423 19.50 20.94 02a59964o0274o
59964.343759 -20.768  0.687   -18   12 o  0   0.85  67.02376  -8.50389  2729.73  7615.32 2.17 2.05  42.4 -0.429 19.51 20.91 02a59964o0299o
59964.353746 -21.510  1.064    -9   10 o  0   1.31  67.02376  -8.50389  2750.41  7498.68 2.14 2.00  42.6 -0.432 19.46 20.86 02a59964o0321o
59964.841015  21.815  1.125     7    8 c  0   1.58  67.02376  -8.50389  1991.41  3056.45 2.30 2.15 -57.3 -0.408 19.81 21.71 03a59965o0155c
59964.844177  21.677  1.161     8    9 c  0   0.81  67.02376  -8.50389  2010.05  3095.88 2.34 2.17 -56.6 -0.405 19.81 21.73 03a59965o0162c
59964.850055 -22.887  3.053    -2    8 c  0   1.13  67.02376  -8.50389  1953.68  3017.16 2.41 2.27 -56.3 -0.401 19.76 21.73 03a59965o0175c
59964.860000  22.655  2.318     3    7 c  0   1.03  67.02376  -8.50389  1931.97  3133.72 2.51 2.31 -57.7 -0.403 19.75 21.77 03a59965o0197c
59968.306715  21.619  1.438     8   12 o  0   1.11  67.02376  -8.50389  2354.90  7209.25 2.20 1.89  31.9 -0.430 19.39 20.48 02a59968o0236o
59968.309689  22.447  3.206     4   12 o  0   1.08  67.02376  -8.50389  2335.07  7168.54 2.23 1.88  36.3 -0.430 19.39 20.47 02a59968o0242o
59968.316019  22.067  1.980     5   11 o  0   1.36  67.02376  -8.50389  2393.68  7248.99 2.19 1.88  36.9 -0.429 19.40 20.46 02a59968o0256o
59968.325975 -25.396 48.000    -0   12 o  0   1.29  67.02376  -8.50389  2414.34  7133.98 2.33 2.04  37.5 -0.420 19.32 20.48 02a59968o0278o
59968.842775 -21.486  0.889    -9    8 c  0   1.27  67.02376  -8.50389  2091.41  6927.26 2.54 2.35 -49.5 -0.403 19.71 21.69 03a59969o0161c
59968.845932  22.605  2.273     3    8 c  0   1.32  67.02376  -8.50389  2110.00  6966.58 2.63 2.34 -47.4 -0.401 19.71 21.69 03a59969o0168c
59968.851812 -21.429  0.937   -10    9 c  0   1.30  67.02376  -8.50389  2054.28  6887.33 2.67 2.36 -48.9 -0.401 19.70 21.68 03a59969o0181c
59968.882053 -22.416  2.115    -4    8 c  0   1.59  67.02376  -8.50389  2038.32  7004.13 2.55 2.34 -46.1 -0.402 19.65 21.62 03a59969o0246c
59971.062574 -21.263  1.418   -11   16 o  0   1.08  67.02376  -8.50389 10306.43  5196.78 3.29 2.34 -15.1 -0.381 19.21 20.69 04a59971o0096o
59971.065727  20.670  0.832    20   16 o  0   1.08  67.02376  -8.50389 10326.41  5232.91 3.30 2.32 -18.0 -0.385 19.24 20.71 04a59971o0103o
59971.071133 -21.429  1.420   -10   14 o  0   1.18  67.02376  -8.50389 10269.91  5150.56 3.20 2.26 -16.8 -0.389 19.28 20.67 04a59971o0115o
59971.073845  20.675  0.645    20   13 o  0   0.95  67.02376  -8.50389   139.67  5177.76 2.67 2.19  52.8 -0.391 19.30 20.78 04a59971o0121o
59971.076999 -20.423  0.483   -25   12 o  0   1.59  67.02376  -8.50389   160.50  5213.43 2.74 2.27  62.9 -0.399 19.23 20.77 04a59971o0128o
59971.081064  24.517 25.000     1   14 o  0   1.00  67.02376  -8.50389 10253.04  5260.14 3.12 2.21 -16.9 -0.403 19.22 20.70 04a59971o0137o
59971.082416  23.134  7.000     2   14 o  0   1.40  67.02376  -8.50389   103.69  5131.90 2.80 2.26  54.6 -0.381 19.28 20.77 04a59971o0140o
59971.092799  21.256  1.500    11   17 o  0   0.99  67.02376  -8.50389    87.32  5240.05 2.73 2.11  61.6 -0.387 19.30 20.75 04a59971o0163o
59972.814110  20.642  0.891    20   18 o  0   1.15  67.02376  -8.50389  2088.18  6926.02 2.92 2.62 -56.5 -0.388 18.90 20.04 03a59973o0104o
59972.817280 -20.534  1.020   -22   23 o  0   1.31  67.02376  -8.50389  2107.25  6964.91 3.02 2.67 -56.9 -0.387 18.73 19.69 03a59973o0111o
59972.822689  18.958  8.839    95  838 o  0   1.07  67.02376  -8.50389  2051.14  6886.88 2.86 2.44 -56.5 -0.377 14.77 14.77 03a59973o0123o
59972.832625  16.313  1.434  1084 1554 o  0   0.95  67.02376  -8.50389  2028.90  7002.44 2.96 2.54 -56.0 -0.374 14.18 14.18 03a59973o0145o
59975.062009  19.959  0.812    38   31 o  0   0.88  67.02376  -8.50389 10313.26  5188.41 3.18 2.42 -11.7 -0.345 18.58 19.13 04a59975o0099o
59975.063360 -20.665  1.274   -20   25 o  0   1.41  67.02376  -8.50389   142.56  5175.47 2.83 2.31  56.8 -0.367 18.49 19.18 04a59975o0102o
59975.065162  20.704  1.506    19   29 o  0   1.04  67.02376  -8.50389 10331.84  5224.72 3.35 2.58 -14.8 -0.330 18.51 19.16 04a59975o0106o
59975.066513 -20.450  1.051   -24   25 o  0   1.21  67.02376  -8.50389   162.96  5211.08 2.92 2.30  57.6 -0.354 18.53 19.18 04a59975o0109o
59975.073723  20.267  0.867    28   25 o  0   1.30  67.02376  -8.50389   104.48  5128.36 2.81 2.29  54.5 -0.363 18.54 19.23 04a59975o0125o
59975.080686 -20.513  1.477   -23   33 o  0   0.70  67.02376  -8.50389 10276.81  5137.55 3.33 2.43 -18.3 -0.335 18.47 19.10 04a59975o0140o
59975.097575 -23.201 17.636    -2   34 o  0   1.17  67.02376  -8.50389    91.76  5228.29 2.87 2.27  62.1 -0.362 18.50 19.13 04a59975o0177o
59975.098025 -21.485  3.260    -9   30 o  0   1.24  67.02376  -8.50389 10257.65  5244.99 3.09 2.20 -18.2 -0.377 18.52 19.06 04a59975o0178o
59976.824689 -21.798  3.082    -7   21 o  0   1.09  67.02376  -8.50389  1942.29  1118.81 2.48 2.18 -64.8 -0.400 18.73 19.35 03a59977o0132o
59976.827841  23.928 25.571     1   25 o  0   0.94  67.02376  -8.50389  1961.36  1158.32 2.47 2.15 -66.0 -0.399 18.72 19.19 03a59977o0139o
59976.837863  20.223  0.872    30   26 o  0   1.00  67.02376  -8.50389  1901.91  1076.54 2.48 2.14 -65.1 -0.404 18.70 19.18 03a59977o0161o
59976.846081  23.193 11.071     2   21 o  0   1.60  67.02376  -8.50389  1881.29  1194.84 2.37 2.14 -48.7 -0.426 18.74 19.29 03a59977o0179o
59980.888292 -19.996  0.926   -36   34 o  0   1.19  67.02376  -8.50389  1955.70  1124.87 2.74 2.55 -55.2 -0.380 18.33 18.77 03a59981o0158o
59980.893706  20.204  1.240    30   37 o  0   1.15  67.02376  -8.50389  1973.87  1162.97 2.85 2.56 -73.0 -0.372 18.27 18.73 03a59981o0170o
59980.897314 -19.853  0.782   -42   32 o  0   1.23  67.02376  -8.50389  1916.62  1083.15 2.82 2.55 -65.7 -0.383 18.26 18.68 03a59981o0178o
59980.919566  18.592  1.290   133  171 o  0   1.04  67.02376  -8.50389  1898.61  1200.69 3.00 2.78 -70.7 -0.384 16.17 16.14 03a59981o0227o
59983.108150  20.641  1.181    20   24 o  0   1.21  67.02376  -8.50389  8575.36  9122.30 2.37 2.00 -15.4 -0.390 18.61 19.30 04a59983o0211o
59983.111308 -20.618  1.405   -20   29 o  0   1.13  67.02376  -8.50389  8593.26  9161.01 2.32 1.97 -23.0 -0.436 18.44 19.21 04a59983o0218o
59983.116721 -21.004  1.747   -14   25 o  0   1.31  67.02376  -8.50389  8533.25  9081.79 2.70 2.32 -57.2 -0.397 18.51 19.27 04a59983o0230o
59983.132517 -19.573  0.470   -54   25 o  0   1.38  67.02376  -8.50389  8509.69  9197.84 2.56 2.21 -27.3 -0.379 18.36 19.08 04a59983o0265o
59984.812347 -20.747  0.534   -18   10 o  0   1.57  67.02376  -8.50389 10259.08  1404.18 2.52 2.08 -64.1 -0.409 19.44 20.87 03a59985o0116o
59984.815955 -22.121  2.306    -5   12 o  0   1.01  67.02376  -8.50389 10278.54  1433.59 2.56 2.15 -62.9 -0.401 19.48 20.83 03a59985o0124o
59984.818676  20.975  0.844    15   12 o  0   0.86  67.02376  -8.50389    78.42  1153.96 2.49 2.04 -74.7 -0.425 19.47 20.76 03a59985o0130o
59984.822281  20.927  0.876    16   14 o  0   0.99  67.02376  -8.50389    98.35  1183.83 2.50 2.04 -72.8 -0.420 19.39 20.64 03a59985o0138o
59984.822732  21.154  0.913    12   11 o  0   1.47  67.02376  -8.50389 10224.54  1335.61 2.51 2.07 -71.9 -0.406 19.35 20.60 03a59985o0139o
59984.827783  20.514  0.622    23   14 o  0   0.96  67.02376  -8.50389    41.28  1089.56 2.50 2.04 -74.7 -0.429 19.30 20.47 03a59985o0150o
59984.844072  20.761  0.973    18   18 o  0   1.17  67.02376  -8.50389 10208.65  1394.80 2.71 2.31 -64.3 -0.394 18.97 20.10 03a59985o0186o
59986.059977  22.580  3.667     3   12 c  0   1.01  67.02376  -8.50389  2272.17  8926.26 3.14 2.43 -76.5 -0.347 19.35 21.46 04a59986o0109c
59986.064032  21.957  2.103     6   13 c  0   0.97  67.02376  -8.50389  2291.90  8962.59 3.01 2.34 -81.8 -0.341 19.41 21.44 04a59986o0118c
59986.070417 -21.547  1.333    -9   12 c  0   1.01  67.02376  -8.50389  2235.44  8882.21 3.01 2.33 -80.5 -0.349 19.36 21.44 04a59986o0132c
59986.093909 -17.721  0.039  -296   12 c  0  12.28  67.02376  -8.50389  2215.84  8989.83 3.03 2.22 -81.7 -0.346 19.34 21.33 04a59986o0184c
59988.777176  20.030  0.511    35   18 o  0   1.16  67.02376  -8.50389 10248.38  1469.99 2.55 2.01 -69.2 -0.405 19.08 19.91 03a59989o0045o
59988.781231   0.000 21.107    -0   13 o  0   1.76  67.02376  -8.50389 10267.18  1498.77 2.52 2.02 -68.8 -0.398 19.27 20.29 03a59989o0054o
59988.787093 -24.897 36.000    -0   14 o  0   0.97  67.02376  -8.50389 10212.79  1403.28 2.52 2.04 -68.8 -0.405 19.37 20.53 03a59989o0067o
59988.790250 -20.916  0.732   -16   11 o  0   1.40  67.02376  -8.50389    72.57  1202.17 2.55 2.09 -77.9 -0.419 19.38 20.61 03a59989o0074o
59988.793421  23.531  8.800     1   12 o  0   1.28  67.02376  -8.50389    91.57  1233.27 2.57 2.07 -78.8 -0.422 19.39 20.64 03a59989o0081o
59988.797936  21.238  1.000    12   12 o  0   1.51  67.02376  -8.50389 10192.00  1490.94 2.64 2.07 -73.7 -0.407 19.34 20.67 03a59989o0091o
59988.798842 -20.910  0.682   -16   11 o  0   1.18  67.02376  -8.50389    34.83  1138.97 2.58 2.09 -78.3 -0.431 19.40 20.68 03a59989o0093o
59990.028743 -21.326  0.933   -11   10 c  0   1.70  67.02376  -8.50389  2264.56  8945.33 2.94 2.34 -81.4 -0.352 19.29 20.98 04a59990o0046c
59990.032812 -20.807  0.641   -17   11 c  0   1.21  67.02376  -8.50389  2284.15  8980.41 3.02 2.39 -79.5 -0.352 19.38 21.27 04a59990o0055c
59990.038668  24.546 20.333     1   11 c  0   0.80  67.02376  -8.50389  2227.61  8897.69 3.03 2.32 -78.7 -0.351 19.44 21.39 04a59990o0068c
59990.060864  18.575  0.092   135   12 c  0  16.21  67.02376  -8.50389  2210.27  9001.39 3.15 2.50 -78.9 -0.340 19.42 21.43 04a59990o0117c
59994.018070 -20.092  0.693   -33   23 c  0   1.22  67.02376  -8.50389  8256.81  3336.98 3.10 2.53 -19.5 -0.328 18.54 19.47 04a59994o0029c
59994.021225 -24.178 24.000    -1   19 c  0   0.95  67.02376  -8.50389  8276.95  3372.61 3.03 2.38 -18.6 -0.353 18.95 20.17 04a59994o0036c
59994.027536  21.618  1.476     8   12 c  0   1.20  67.02376  -8.50389  8220.00  3288.96 3.05 2.37 -20.3 -0.358 19.32 21.05 04a59994o0050c
59994.048760 -21.743  1.605    -7   12 c  0   0.91  67.02376  -8.50389  8203.07  3391.81 2.91 2.11 -20.1 -0.376 19.43 21.37 04a59994o0097c
59996.797100 -21.708  1.390    -8   10 o  0   0.85  67.02376  -8.50389  6245.43  1535.57 2.24 2.08 -48.0 -0.447 19.60 21.19 03a59997o0103o
59996.800266  21.362  1.074    10   11 o  0   0.89  67.02376  -8.50389  6264.24  1575.43 2.26 2.07 -46.6 -0.447 19.61 21.22 03a59997o0110o
59996.805682  21.372  0.925    10   10 o  0   1.14  67.02376  -8.50389  6207.75  1495.49 2.28 2.08 -54.8 -0.440 19.61 21.22 03a59997o0122o
59996.822202  22.535  2.429     4    8 o  0   1.33  67.02376  -8.50389  6186.01  1611.47 2.21 2.05 -41.1 -0.449 19.59 21.17 03a59997o0158o
59998.014028 -21.277  2.642   -11   30 c  0   0.88  67.02376  -8.50389  8256.88  3328.35 3.08 2.59 -23.4 -0.336 18.43 19.33 04a59998o0027c
59998.017182  20.469  0.735    24   17 c  0   1.43  67.02376  -8.50389  8276.78  3365.90 3.09 2.44 -20.6 -0.345 18.87 20.05 04a59998o0034c
59998.029355 -21.740  1.595    -7   12 c  0   1.24  67.02376  -8.50389  8221.26  3279.46 3.10 2.33 -19.5 -0.362 19.35 21.29 04a59998o0061c
59998.036129 -21.940  1.687    -6   10 c  0   1.26  67.02376  -8.50389  8201.54  3391.49 3.03 2.26 -21.9 -0.372 19.39 21.35 04a59998o0076c
60000.259037  19.566  0.934    54   51 o  0   0.84  67.02376  -8.50389   464.49  9252.42 2.56 1.96 -63.8 -0.468 18.15 18.95 02a60000o0095o
60000.262201 -20.164  0.706   -31   22 o  0   1.44  67.02376  -8.50389   446.63  9213.00 2.43 1.96 -58.9 -0.453 18.88 19.80 02a60000o0102o
60000.268385 -20.065  0.480   -34   16 o  0   0.97  67.02376  -8.50389   507.47  9290.84 2.51 2.02 -56.3 -0.462 19.04 20.11 02a60000o0115o
60000.283525 -22.285  3.500    -4   16 o  0   1.42  67.02376  -8.50389   537.54  9172.45 2.29 1.91 -53.7 -0.464 19.16 20.20 02a60000o0148o
60000.759001  21.810  8.220     7   56 o  0   0.93  67.02376  -8.50389   100.77  5059.75 2.80 2.39 -68.7 -0.370 17.87 17.77 03a60001o0013o
60000.762169 -25.837 215.000    -0   36 o  0   0.93  67.02376  -8.50389   118.87  5098.99 2.84 2.41 -67.1 -0.360 18.31 18.60 03a60001o0020o
60000.768498 -22.241  4.429    -5   20 o  0   1.06  67.02376  -8.50389    62.07  5019.78 2.77 2.36 -70.4 -0.374 18.89 19.78 03a60001o0034o
60000.779372  21.632  1.930     8   16 o  0   1.77  67.02376  -8.50389    40.27  5135.82 2.92 2.51 -71.7 -0.385 19.10 20.35 03a60001o0058o
60002.011734 -20.041  1.186   -35   42 o  0   1.28  67.02376  -8.50389  4594.99  7369.45 2.28 2.05 -64.2 -0.412 18.00 18.02 04a60002o0029o
60002.014888 -20.332  1.126   -27   30 o  0   1.24  67.02376  -8.50389  4614.20  7406.18 2.27 2.01 -60.1 -0.418 18.40 18.75 04a60002o0036o
60002.025707  20.855  1.119    16   18 o  0   1.17  67.02376  -8.50389  4558.54  7322.87 2.27 2.01 -67.4 -0.432 18.89 19.76 04a60002o0060o
60002.031115  20.718  0.921    19   17 o  0   1.08  67.02376  -8.50389  4539.32  7435.75 2.43 1.97 -60.8 -0.414 18.96 19.85 04a60002o0072o
60004.758068 -17.880  0.786  -256  201 o  0   0.92  67.02376  -8.50389 10239.84  5332.25 2.76 2.19 -63.3 -0.342 15.95 15.74 03a60005o0032o
60004.761225  18.778  1.552   112  174 o  0   1.02  67.02376  -8.50389 10258.10  5370.93 2.74 2.18 -63.6 -0.346 16.12 16.03 03a60005o0039o
60004.763029  18.782  1.946   112  217 o  0   1.00  67.02376  -8.50389    98.71  5061.56 2.66 2.30 -73.6 -0.351 15.92 15.85 03a60005o0043o
60004.766189  18.295  1.125   175  196 o  0   0.73  67.02376  -8.50389   117.04  5101.37 2.55 2.16 -71.0 -0.363 16.62 16.52 03a60005o0050o
60004.771611  18.712  1.548   119  184 o  0   0.84  67.02376  -8.50389    60.26  5021.79 2.62 2.22 -72.5 -0.334 16.87 16.85 03a60005o0062o
60004.775688 -19.259  2.189   -72  157 o  0   1.08  67.02376  -8.50389 10200.78  5290.50 2.48 2.13 -59.1 -0.359 16.88 16.96 03a60005o0071o
60004.786630  18.641  0.399   127   51 o  0   1.59  67.02376  -8.50389 10178.28  5404.60 2.67 2.11 -65.8 -0.362 17.73 18.00 03a60005o0095o
60004.787081  20.250  2.303    29   66 o  0   0.94  67.02376  -8.50389    38.53  5138.55 2.64 2.22 -71.2 -0.378 17.60 18.01 03a60005o0096o
60006.014984  21.880  6.167     6   40 o  0   0.86  67.02376  -8.50389  4599.53  7362.65 2.53 2.19 -69.2 -0.403 18.08 18.50 04a60006o0057o
60006.019044  20.996  2.036    14   30 o  0   1.56  67.02376  -8.50389  4619.61  7398.02 2.51 2.10 -69.4 -0.403 18.23 18.76 04a60006o0066o
60006.024450  21.218  2.074    12   24 o  0   1.46  67.02376  -8.50389  4563.67  7317.56 2.60 2.23 -64.2 -0.385 18.44 19.15 04a60006o0078o
60006.034397  22.426  6.600     4   26 o  0   0.91  67.02376  -8.50389  4543.02  7429.61 2.50 2.06 -65.4 -0.392 18.50 19.18 04a60006o0100o
60012.789445 -21.935  3.707    -6   23 o  0   1.03  67.02376  -8.50389  8426.74  9247.59 2.67 2.08 -45.0 -0.414 18.90 19.56 03a60013o0117o
60012.793957  22.313  4.207     4   18 o  0   1.51  67.02376  -8.50389  8446.38  9287.15 2.66 2.06 -43.3 -0.426 18.86 19.50 03a60013o0127o
60012.799829 -24.760 48.667    -0   22 o  0   1.00  67.02376  -8.50389  8390.14  9205.63 2.71 2.06 -46.9 -0.418 18.83 19.43 03a60013o0140o
60012.812604  20.714  1.364    19   26 o  0   1.00  67.02376  -8.50389  8368.93  9320.75 2.77 2.11 -43.4 -0.417 18.72 19.29 03a60013o0168o
60014.086110 -20.972  1.738   -15   26 o  0   1.19  67.02376  -8.50389  4364.54  3491.29 2.30 2.15 -38.5 -0.471 18.49 19.23 04a60014o0092o
60014.090170  19.244  0.412    73   30 o  0   0.98  67.02376  -8.50389  4381.20  3531.87 2.23 2.12 -42.3 -0.460 18.47 19.19 04a60014o0101o
60014.107159  21.127  2.574    13   33 o  0   1.22  67.02376  -8.50389  4311.13  3463.04 2.51 2.34 -74.6 -0.429 18.23 18.95 04a60014o0138o
60037.728795  19.003  0.684    91   62 o  0   1.23  67.02376  -8.50389  4509.65  7387.96 2.46 2.24 -49.0 -0.388 17.53 17.35 03a60038o0033o
60037.731981 -19.670  0.857   -49   42 o  0   0.94  67.02376  -8.50389  4528.39  7426.95 2.55 2.31 -47.6 -0.378 17.93 18.06 03a60038o0040o
60037.739405 -21.098  1.923   -13   25 o  0   1.47  67.02376  -8.50389  4474.18  7348.28 2.67 2.32 -45.7 -0.380 18.37 18.78 03a60038o0056o
60037.750014 -21.951  5.273    -6   32 o  0   0.90  67.02376  -8.50389  4454.74  7464.35 2.68 2.43 -42.4 -0.369 18.39 18.90 03a60038o0079o
60039.011610  20.776  2.061    18   37 o  0   1.23  67.02376  -8.50389  4478.77  5425.59 2.41 2.21 -62.3 -0.443 18.06 18.68 04a60039o0097o
60039.014838  19.150  0.568    80   45 o  0   0.95  67.02376  -8.50389  4495.95  5465.40 2.46 2.25 -63.9 -0.427 18.09 18.65 04a60039o0104o
60039.020791 -20.814  2.054   -17   35 o  0   1.75  67.02376  -8.50389  4435.00  5389.30 2.44 2.25 -57.9 -0.432 18.03 18.58 04a60039o0117o
60039.030982 -20.111  1.575   -33   52 o  0   1.05  67.02376  -8.50389  4408.84  5509.99 2.66 2.53 -69.0 -0.408 17.81 18.48 04a60039o0139o
60039.991206 -19.827  1.299   -43   55 o  0   1.20  67.02376  -8.50389  4695.85  9286.40 3.33 2.32 -71.5 -0.395 17.81 18.44 04a60040o0053o
60039.996340  19.425  0.847    62   52 o  0   1.29  67.02376  -8.50389  4711.73  9327.05 3.18 2.28 -71.6 -0.411 17.90 18.50 04a60040o0064o
60040.007096  19.392  0.900    64   57 o  0   1.19  67.02376  -8.50389  4649.20  9252.70 3.14 2.20 -74.2 -0.412 17.87 18.36 04a60040o0087o
60040.011727 -18.767  0.501  -113   57 o  0   1.47  67.02376  -8.50389  4627.55  9370.62 3.29 2.36 -75.4 -0.415 17.71 18.30 04a60040o0097o
60040.729963  19.244  0.542    73   40 o  0   0.71  67.02376  -8.50389  4565.22  9327.54 2.56 2.15 -38.9 -0.353 18.18 18.20 03a60041o0041o
60040.733188  19.238  0.426    73   31 o  0   1.36  67.02376  -8.50389  4583.89  9367.16 2.60 2.17 -40.1 -0.363 18.13 18.36 03a60041o0048o
60040.745658 -17.082  2.526  -533 1347 o  0   1.11  67.02376  -8.50389  4530.70  9286.77 2.71 2.34 -41.7 -0.375 15.49 15.52 03a60041o0075o
60040.760634  20.662  1.667    20   33 o  0   0.90  67.02376  -8.50389  4511.96  9401.33 2.57 2.17 -37.4 -0.376 18.26 18.47 03a60041o0107o
60140.422444  20.810  1.367    17   24 o  0   1.05  67.02376  -8.50389  5953.17  1276.99 2.19 2.13 -61.2 -0.434 18.72 19.86 04a60140o1033o
60140.428250  21.004  1.052    14   15 o  0   1.50  67.02376  -8.50389  5932.21  1238.02 2.21 2.19 -64.4 -0.455 19.02 20.22 04a60140o1045o
60150.402545 -21.449  1.870   -10   18 o  0   0.71  67.02376  -8.50389  8779.56  9408.70 2.74 2.60 -87.7 -0.350 19.04 20.40 04a60150o0428o
60150.411018  21.009  1.215    14   17 o  0   1.02  67.02376  -8.50389  8757.94  9370.49 2.43 2.42 -26.6 -0.430 19.11 20.36 04a60150o0446o
60150.413745 -20.924  1.205   -16   19 o  0   0.93  67.02376  -8.50389  8817.29  9449.08 2.55 2.47 -75.2 -0.416 19.06 20.43 04a60150o0452o
60150.427350  20.267  0.622    28   18 o  0   1.00  67.02376  -8.50389  8835.33  9333.66 2.80 2.62 -82.7 -0.373 19.06 20.46 04a60150o0481o
60153.419262  21.319  1.305    11   14 o  0   1.39  67.02376  -8.50389  4236.55  5248.18 1.95 1.79 -83.9 -0.425 19.21 20.29 04a60153o1001o
60153.422080  21.321  1.785    11   19 o  0   0.99  67.02376  -8.50389  4217.82  5209.72 2.09 1.91 -14.4 -0.466 19.14 20.24 04a60153o1007o
60153.424829  22.042  3.694     6   20 o  0   1.51  67.02376  -8.50389  4274.82  5287.55 1.99 1.86 -23.6 -0.482 18.99 20.14 04a60153o1013o
60153.429384  22.995 10.357     2   24 o  0   1.34  67.02376  -8.50389  4294.42  5172.02 2.03 1.90 -24.5 -0.496 18.76 19.71 04a60153o1023o
60156.413424 -24.411 28.800    -1   18 o  0   1.75  67.02376  -8.50389   350.56  5427.80 2.18 1.98 -87.7 -0.415 18.78 19.41 04a60156o1000o
60156.414362 -20.951  2.448   -15   37 o  0   1.36  67.02376  -8.50389 10514.87  5422.34 2.43 1.92  86.7 -0.486 18.64 19.26 04a60156o1002o
60156.418490  22.790 11.200     3   31 o  0   1.07  67.02376  -8.50389 10495.29  5384.09 2.36 2.27  55.2 -0.421 18.71 19.37 04a60156o1011o
60156.422576  20.022  0.516    36   18 o  0   1.07  67.02376  -8.50389   331.41  5388.96 2.16 1.95 -77.4 -0.450 18.71 19.35 04a60156o1020o
60156.429927  20.372  0.847    26   22 o  0   1.48  67.02376  -8.50389   391.25  5466.24 2.16 1.95 -65.6 -0.420 18.54 19.31 04a60156o1036o
