MJD          m      dm   uJy   duJy F err chi/N     RA       Dec        x        y     maj  min   phi  apfit mag5sig Sky   Obs
59478.471242 -19.707  0.945   -48   45 o  0   1.60  23.66319  55.42012  4969.54  8810.36 3.11 3.02  53.3 -0.445 18.41 19.22 01a59478o0571o
59478.475404  19.480  0.860    59   50 o  0   1.22  23.66319  55.42012  4949.40  8769.47 3.09 2.92  50.6 -0.446 18.45 19.22 01a59478o0580o
59478.480961  20.861  2.721    16   45 o  0   1.33  23.66319  55.42012  5005.23  8847.47 2.92 2.83  57.3 -0.453 18.49 19.22 01a59478o0592o
59478.486100 -20.101  1.276   -33   42 o  0   1.32  23.66319  55.42012  5025.78  8728.29 2.97 2.81  56.4 -0.436 18.51 19.24 01a59478o0603o
59482.518755 -20.565  0.889   -22   19 o  0   1.77  23.66319  55.42012 10295.12  5016.04 2.92 2.88 -37.6 -0.473 18.89 19.90 01a59482o0437o
59482.523358  20.593  1.095    21   23 o  0   1.17  23.66319  55.42012 10317.07  5054.07 2.91 2.91 -17.3 -0.466 18.85 19.88 01a59482o0447o
59482.523818  20.294  0.801    28   22 o  0   1.36  23.66319  55.42012   618.93  5314.86 2.75 2.60 -53.6 -0.503 18.86 19.86 01a59482o0448o
59482.528889  21.472  2.681     9   25 o  0   0.92  23.66319  55.42012 10256.18  4980.97 2.92 2.89 -14.4 -0.464 18.85 19.87 01a59482o0459o
59482.529349 -24.082 26.600    -1   22 o  0   1.43  23.66319  55.42012   640.08  5352.71 2.71 2.59 -54.5 -0.502 18.89 19.85 01a59482o0460o
59482.532572  20.594  0.952    21   20 o  0   1.41  23.66319  55.42012   581.64  5272.80 2.71 2.59 -50.7 -0.508 18.86 19.83 01a59482o0467o
59482.542261 -20.301  0.921   -28   25 o  0   1.01  23.66319  55.42012 10242.75  5098.87 2.94 2.87  19.3 -0.457 18.81 19.78 01a59482o0488o
59482.543183  20.215  0.746    30   22 o  0   2.19  23.66319  55.42012   566.24  5386.74 2.68 2.54 -53.4 -0.506 18.82 19.77 01a59482o0490o
59484.523595 -21.676  1.674    -8   13 o  0   1.70  23.66319  55.42012  7814.92   621.18 2.03 1.71 -58.9 -0.474 19.33 20.16 02a59484o0705o
59484.527282 -21.253  1.157   -11   13 o  0   1.65  23.66319  55.42012  7792.15   576.24 2.09 1.76 -62.7 -0.469 19.28 20.15 02a59484o0713o
59484.532815  21.305  1.000    11   11 o  0   2.39  23.66319  55.42012  7853.02   656.44 2.09 1.81 -63.8 -0.474 19.28 20.14 02a59484o0725o
59484.566127  20.730  0.791    18   15 o  0   0.96  23.66319  55.42012  7869.79   537.91 2.00 1.68 -60.0 -0.482 19.31 20.09 02a59484o0797o
59486.461768  19.070  0.184    86   16 o  0   1.40  23.66319  55.42012  9814.89  5279.87 2.87 2.82  17.4 -0.455 19.21 20.56 01a59486o0572o
59486.464997  19.271  0.222    71   16 o  0   1.38  23.66319  55.42012  9796.43  5236.70 2.89 2.83  12.1 -0.450 19.19 20.56 01a59486o0579o
59486.467769  18.907  0.144    99   14 o  0   1.94  23.66319  55.42012  9856.29  5316.50 2.90 2.84   7.9 -0.447 19.20 20.53 01a59486o0585o
59486.472838  18.424  0.121   155   19 o  0   1.74  23.66319  55.42012  9871.92  5201.80 2.91 2.81  14.7 -0.448 19.20 20.54 01a59486o0596o
59486.500202  19.567  0.330    54   18 o  0   1.38  23.66319  55.42012 10295.90  5016.40 3.02 2.75 -64.4 -0.480 19.21 20.56 01a59486o0655o
59486.504360  19.194  0.227    76   17 o  0   1.36  23.66319  55.42012 10317.22  5052.82 2.92 2.78 -58.9 -0.476 19.22 20.56 01a59486o0664o
59486.539945  19.452  0.284    60   17 o  0   1.48  23.66319  55.42012 10263.84  4977.36 3.05 2.85 -49.9 -0.465 19.14 20.42 01a59486o0740o
59486.546032  19.416  0.323    62   20 o  0   1.07  23.66319  55.42012 10249.48  5096.32 2.96 2.70 -62.7 -0.480 19.13 20.38 01a59486o0753o
59490.454883  18.996  0.201    92   18 o  0   1.15  23.66319  55.42012  9070.96  9519.98 3.09 3.03  66.1 -0.427 19.09 20.47 01a59490o0493o
59490.458154  18.932  0.199    97   19 o  0   1.26  23.66319  55.42012  9094.08  9557.19 3.66 3.57  43.9 -0.383 18.95 20.51 01a59490o0500o
59490.464667  18.871  0.170   103   18 o  0   1.45  23.66319  55.42012  9031.46  9482.96 3.21 3.08  70.8 -0.402 19.11 20.49 01a59490o0514o
59490.498982  18.819  0.152   108   16 o  0   1.59  23.66319  55.42012  9022.09  9590.93 3.35 3.25  61.4 -0.395 19.02 20.49 01a59490o0587o
59492.498663  18.882  0.117   102   12 o  0   1.70  23.66319  55.42012  7313.47  7301.02 2.84 2.12  34.6 -0.424 19.44 20.93 02a59492o0665o
59492.502334  18.886  0.141   101   14 o  0   1.05  23.66319  55.42012  7295.83  7260.90 2.71 2.01  34.9 -0.430 19.39 20.76 02a59492o0673o
59492.507837  18.882  0.132   102   13 o  0   1.41  23.66319  55.42012  7351.64  7339.78 2.76 2.09  35.6 -0.424 19.45 20.87 02a59492o0685o
59492.543329  19.268  0.228    71   16 o  0   0.93  23.66319  55.42012  7360.48  7226.87 2.83 2.04  36.7 -0.420 19.32 20.64 02a59492o0762o
59494.398296  18.791  0.133   111   15 o  0   1.44  23.66319  55.42012  1519.29  1006.23 2.92 2.79 -40.5 -0.534 19.21 20.67 01a59494o0447o
59494.420899  18.884  0.140   102   14 o  0   1.43  23.66319  55.42012  1491.09   970.85 2.78 2.66 -37.6 -0.547 19.28 20.73 01a59494o0495o
59494.423663  18.961  0.190    94   18 o  0   1.08  23.66319  55.42012  1554.42  1045.34 2.80 2.67 -46.0 -0.540 19.28 20.76 01a59494o0501o
59494.426431  18.732  0.131   117   15 o  0   1.58  23.66319  55.42012  1571.37   927.79 2.89 2.73 -47.8 -0.535 19.29 20.75 01a59494o0507o
59498.473750  19.159  0.197    79   16 o  0   1.50  23.66319  55.42012  6992.77  9744.97 2.84 2.76  31.6 -0.470 19.28 20.78 01a59498o0615o
59498.476513  18.728  0.126   117   15 o  0   1.21  23.66319  55.42012  7019.38  9784.58 2.90 2.82  42.6 -0.465 19.29 20.81 01a59498o0621o
59498.509191  19.437  0.239    61   15 o  0   1.41  23.66319  55.42012  6959.89  9709.94 2.98 2.84  34.9 -0.460 19.23 20.68 01a59498o0691o
59498.537779  18.808  0.148   109   16 o  0   1.52  23.66319  55.42012  6949.12  9832.43 3.46 2.91  46.2 -0.409 19.17 20.71 01a59498o0752o
59500.448141  18.887  0.124   101   13 o  0   1.29  23.66319  55.42012  6760.51  9240.64 2.28 2.04  45.5 -0.453 19.48 20.69 02a59500o0400o
59500.451352  18.615  0.103   130   13 o  0   1.53  23.66319  55.42012  6741.67  9201.32 2.28 2.10  45.7 -0.447 19.44 20.69 02a59500o0407o
59500.458236  18.974  0.139    94   13 o  0   1.03  23.66319  55.42012  6795.45  9279.81 2.37 2.16  47.0 -0.438 19.43 20.68 02a59500o0422o
59500.468321  18.942  0.145    96   14 o  0   1.20  23.66319  55.42012  6811.91  9163.15 2.43 2.22  44.8 -0.432 19.35 20.57 02a59500o0444o
59502.386389  19.010  0.212    90   19 o  0   1.14  23.66319  55.42012  3609.94   822.45 2.63 2.57 -28.2 -0.492 18.94 19.89 01a59502o0431o
59502.389237  19.406  0.289    63   18 o  0   1.32  23.66319  55.42012  3591.37   781.35 2.65 2.56 -31.2 -0.495 18.97 19.93 01a59502o0437o
59502.392976  19.295  0.309    70   22 o  0   1.20  23.66319  55.42012  3654.12   861.07 2.76 2.62 -37.5 -0.482 18.94 19.92 01a59502o0445o
59502.410984  19.406  0.299    63   19 o  0   1.07  23.66319  55.42012  3667.25   739.01 2.69 2.58 -22.4 -0.483 18.97 19.97 01a59502o0483o
59504.450680  19.635  0.466    51   24 o  0   1.17  23.66319  55.42012  6755.63  9241.31 2.19 2.08  52.7 -0.453 18.67 19.22 02a59504o0514o
59504.453885  18.656  0.232   125   29 o  0   1.32  23.66319  55.42012  6734.74  9199.40 2.49 2.05  38.4 -0.425 18.69 19.33 02a59504o0521o
59504.460296  19.202  0.440    76   33 o  0   1.97  23.66319  55.42012  6792.66  9279.30 2.27 2.06  44.2 -0.447 18.27 18.65 02a59504o0535o
59504.493719  18.437  0.705   153  108 o  0   0.92  23.66319  55.42012  6802.59  9159.17 2.32 2.18  51.1 -0.452 17.96 18.26 02a59504o0607o
59506.464167  19.246  0.453    73   33 o  0   0.92  23.66319  55.42012  7319.26  1563.49 3.25 3.10 -46.8 -0.441 18.43 19.30 01a59506o0444o
59506.467391  18.742  0.263   116   30 o  0   0.83  23.66319  55.42012  7339.24  1601.45 2.88 2.71 -47.1 -0.497 18.55 19.30 01a59506o0451o
59506.474761  18.805  0.255   109   28 o  0   1.17  23.66319  55.42012  7284.35  1527.55 3.08 2.90 -55.3 -0.461 18.50 19.32 01a59506o0467o
59506.488136  18.891  0.283   101   29 o  0   1.13  23.66319  55.42012  7272.25  1649.64 3.15 2.99 -41.2 -0.449 18.48 19.31 01a59506o0496o
59508.460612  19.134  0.334    81   27 o  0   1.51  23.66319  55.42012  7908.55  5395.24 2.39 1.97  34.1 -0.430 18.46 18.79 02a59508o0562o
59508.463388  19.712  0.563    47   27 o  0   1.26  23.66319  55.42012  7889.34  5355.73 2.34 1.91  35.0 -0.439 18.51 18.79 02a59508o0568o
59508.469833  18.326  0.167   170   28 o  0   1.28  23.66319  55.42012  7945.74  5435.44 2.44 2.00  32.5 -0.427 18.48 18.79 02a59508o0582o
59508.480892  18.912  0.274    99   27 o  0   1.57  23.66319  55.42012  7962.97  5317.41 2.44 1.96  32.9 -0.422 18.46 18.79 02a59508o0606o
59510.373341  18.749  0.296   115   34 o  0   1.00  23.66319  55.42012  3193.66  8990.48 2.93 2.88  76.2 -0.428 18.60 19.32 01a59510o0412o
59510.396887  19.472  0.751    59   44 o  0   0.87  23.66319  55.42012  3173.44  8949.09 3.70 3.56 -77.6 -0.407 18.40 19.36 01a59510o0462o
59510.399689  18.742  0.293   116   34 o  0   1.19  23.66319  55.42012  3228.32  9024.65 3.11 3.04  77.4 -0.413 18.56 19.37 01a59510o0468o
59510.429024  18.779  0.231   112   26 o  0   0.98  23.66319  55.42012  7260.38  1646.86 3.01 2.97 -57.6 -0.473 18.59 19.41 01a59510o0531o
59514.417249  19.171  0.225    78   18 o  0   1.24  23.66319  55.42012  5965.97  7448.38 2.69 2.66  19.1 -0.475 19.15 20.24 01a59514o0483o
59514.420936  18.694  0.133   121   16 o  0   1.83  23.66319  55.42012  5987.31  7487.08 2.73 2.69  14.8 -0.474 19.15 20.27 01a59514o0491o
59514.427385  18.738  0.141   116   16 o  0   1.67  23.66319  55.42012  5927.17  7411.74 2.85 2.69  36.8 -0.448 19.12 20.28 01a59514o0505o
59514.438958  18.775  0.161   112   18 o  0   1.28  23.66319  55.42012  5913.19  7528.85 2.82 2.72  13.4 -0.460 19.14 20.28 01a59514o0530o
59516.416637  19.282  0.252    70   18 c  0   1.05  23.66319  55.42012  9732.32  1110.44 2.46 2.17 -60.3 -0.428 19.09 20.82 02a59516o0511c
59516.419868  19.083  0.233    84   20 c  0   0.88  23.66319  55.42012  9712.53  1069.64 2.48 2.12 -58.6 -0.422 19.00 20.65 02a59516o0518c
59516.423083  18.322  0.892   170  152 c  0   0.73  23.66319  55.42012  9773.80  1151.10 2.54 2.14 -57.8 -0.428 16.97 18.48 02a59516o0525c
59516.431784  19.258  0.171    72   12 c  0   1.43  23.66319  55.42012  9795.75  1033.34 2.48 2.11 -60.1 -0.433 19.47 21.28 02a59516o0544c
59518.386541  18.820  0.127   108   14 o  0   1.47  23.66319  55.42012  5962.62  7444.46 3.02 2.84  40.7 -0.429 19.29 20.96 01a59518o0449o
59518.389765  19.106  0.171    83   14 o  0   1.41  23.66319  55.42012  5982.06  7480.25 2.84 2.78 -55.4 -0.464 19.30 20.98 01a59518o0456o
59518.395320  18.823  0.127   107   14 o  0   1.67  23.66319  55.42012  5921.65  7405.47 2.85 2.78 -51.9 -0.462 19.30 21.00 01a59518o0468o
59518.428586  18.805  0.123   109   13 o  0   1.86  23.66319  55.42012  5915.93  7525.39 3.03 2.98  42.2 -0.437 19.26 20.95 01a59518o0539o
59522.407236  18.685  0.147   122   18 o  0   1.38  23.66319  55.42012  8784.94  3317.31 2.97 2.82 -59.4 -0.461 19.09 20.35 01a59522o0497o
59522.410493  18.591  0.142   133   19 o  0   1.18  23.66319  55.42012  8804.80  3354.32 2.90 2.78 -50.7 -0.464 19.10 20.36 01a59522o0504o
59522.416059  18.779  0.155   112   17 o  0   1.22  23.66319  55.42012  8747.78  3281.63 2.96 2.83 -53.9 -0.456 19.08 20.35 01a59522o0516o
59522.426711  18.724  0.159   118   19 o  0   1.28  23.66319  55.42012  8735.72  3401.56 2.93 2.77 -57.6 -0.464 19.11 20.34 01a59522o0539o
59524.409851  19.394  0.162    64   10 c  0   1.30  23.66319  55.42012  3570.72  6993.44 2.53 2.48  27.9 -0.388 19.55 21.28 02a59524o0502c
59524.413057  19.624  0.204    51   10 c  0   1.21  23.66319  55.42012  3551.54  6954.25 2.45 2.35  23.5 -0.392 19.61 21.28 02a59524o0509c
59524.419466  19.060  0.129    86   11 c  0   1.16  23.66319  55.42012  3605.41  7027.51 2.47 2.40  19.3 -0.391 19.59 21.27 02a59524o0523c
59524.430447  19.151  0.136    79   11 c  0   1.62  23.66319  55.42012  3624.43  6910.61 2.50 2.42  18.7 -0.384 19.57 21.25 02a59524o0547c
59526.375988  19.252  0.212    72   15 o  0   1.25  23.66319  55.42012  8782.32  3316.58 2.84 2.73 -64.5 -0.472 19.28 20.73 01a59526o0427o
59526.411844  19.168  0.187    78   15 o  0   1.36  23.66319  55.42012  8813.57  3354.92 2.85 2.77 -37.4 -0.463 19.30 20.85 01a59526o0504o
59526.438244  18.744  0.131   115   15 o  0   1.41  23.66319  55.42012  8764.03  3284.67 2.87 2.70 -54.4 -0.470 19.29 20.85 01a59526o0560o
59526.463182  18.860  0.164   104   17 o  0   1.12  23.66319  55.42012  8754.92  3405.94 2.86 2.73 -47.5 -0.462 19.25 20.76 01a59526o0613o
59528.331488  12.988  1.133 23166 26242 o  0   1.15  23.66319  55.42012  7010.86  3571.31 2.28 2.02  39.1 -0.136 11.79 12.35 02a59528o0332o
59528.337646 -16.563  1.347  -860 1158 o  0   1.03  23.66319  55.42012  6975.45  3532.79 2.28 2.03  44.5 -0.411 15.13 15.72 02a59528o0345o
59528.343676  20.111  2.531    33   83 o  0   1.16  23.66319  55.42012  6954.55  3651.54 2.38 2.00  42.2 -0.421 17.28 18.10 02a59528o0357o
59530.397679  18.910  0.184    99   18 o  0   1.21  23.66319  55.42012  8385.26  5284.84 2.85 2.80 -63.5 -0.466 19.08 20.29 01a59530o0477o
59530.400488  19.363  0.286    65   19 o  0   1.19  23.66319  55.42012  8406.55  5322.39 2.82 2.76 -41.0 -0.468 19.07 20.27 01a59530o0483o
59530.406947  19.029  0.216    89   19 o  0   1.28  23.66319  55.42012  8348.00  5249.77 3.13 2.85  27.3 -0.414 18.99 20.22 01a59530o0497o
59530.420827  18.741  0.140   116   16 o  0   1.57  23.66319  55.42012  8334.85  5367.60 2.79 2.76 -37.1 -0.459 19.12 20.32 01a59530o0527o
59534.360157  19.378  0.622    64   40 o  0   1.70  23.66319  55.42012  8375.59  5281.19 2.72 2.65  41.8 -0.485 18.32 18.82 01a59534o0396o
59534.363391  19.147  0.577    80   46 o  0   1.92  23.66319  55.42012  8395.02  5316.89 2.70 2.62 -68.9 -0.501 18.25 18.75 01a59534o0403o
59534.397420 -19.825  0.986   -43   42 o  0   1.20  23.66319  55.42012  8344.52  5244.39 2.70 2.65   6.9 -0.490 18.21 18.65 01a59534o0476o
59534.425675  19.057  0.938    86   81 o  0   1.19  23.66319  55.42012  8335.35  5368.04 3.24 2.77  31.4 -0.394 17.77 18.10 01a59534o0536o
59536.372846  19.184  0.297    77   23 o  0   1.23  23.66319  55.42012  5741.55   684.91 1.85 1.73 -64.2 -0.486 18.65 18.84 02a59536o0425o
59536.376505  19.080  0.373    85   32 o  0   0.71  23.66319  55.42012  5721.60   645.30 1.87 1.73 -62.3 -0.489 18.56 18.84 02a59536o0433o
59536.404328  18.653  0.180   126   23 o  0   1.26  23.66319  55.42012  5777.02   723.38 1.85 1.78 -70.3 -0.488 18.66 18.80 02a59536o0493o
59536.432591  18.782  0.176   112   20 o  0   1.49  23.66319  55.42012  5799.08   600.44 1.90 1.77 -65.4 -0.477 18.50 18.73 02a59536o0554o
59538.341715  18.569  0.284   136   39 o  0   1.14  23.66319  55.42012  6434.01  5484.85 2.73 2.68  19.0 -0.478 18.55 19.12 01a59538o0145o
59538.344943  18.784  0.353   111   39 o  0   1.14  23.66319  55.42012  6455.04  5523.08 2.79 2.72  16.8 -0.470 18.55 19.12 01a59538o0152o
59538.380370  18.757  0.343   114   39 o  0   1.22  23.66319  55.42012  6404.12  5447.71 2.78 2.72  33.8 -0.476 18.49 19.07 01a59538o0228o
59538.394302  19.638  0.784    51   40 o  0   1.27  23.66319  55.42012  6391.69  5566.97 2.88 2.81  28.2 -0.459 18.44 19.03 01a59538o0257o
59540.440225  19.012  0.298    90   27 o  0   1.17  23.66319  55.42012  9204.60  7293.75 2.29 2.16  44.5 -0.441 18.92 19.41 02a59540o0574o
59540.443444  19.636  0.464    51   24 o  0   1.41  23.66319  55.42012  9182.59  7252.55 2.30 2.14  44.1 -0.442 18.88 19.40 02a59540o0581o
59540.449877  19.213  0.331    75   25 o  0   1.21  23.66319  55.42012  9243.50  7337.30 2.23 2.16  58.8 -0.454 18.92 19.39 02a59540o0595o
59540.460522  18.790  0.250   111   28 o  0   0.88  23.66319  55.42012  9257.98  7217.10 2.40 2.23  33.5 -0.433 18.87 19.36 02a59540o0618o
59542.330008  19.133  0.208    81   17 o  0   1.34  23.66319  55.42012  6434.40  5482.81 2.86 2.77 -52.3 -0.464 19.04 20.21 01a59542o0276o
59542.332783  19.151  0.198    79   16 o  0   2.18  23.66319  55.42012  6455.54  5520.83 2.85 2.76 -50.3 -0.472 19.03 20.19 01a59542o0282o
59542.339717  19.011  0.192    90   17 o  0   1.76  23.66319  55.42012  6397.84  5447.15 3.03 2.86  41.1 -0.433 19.01 20.16 01a59542o0297o
59542.351727  19.062  0.224    86   19 o  0   1.42  23.66319  55.42012  6384.24  5564.50 2.87 2.77 -43.9 -0.464 18.99 20.13 01a59542o0323o
59544.331227  18.993  0.128    92   12 o  0   1.92  23.66319  55.42012  9226.20  7304.44 2.16 2.06  74.2 -0.458 19.57 20.84 02a59544o0336o
59544.365697  18.854  0.116   104   12 o  0   1.63  23.66319  55.42012  9201.38  7260.38 2.16 2.09  61.8 -0.458 19.60 20.84 02a59544o0410o
59544.369356  19.672  0.273    49   13 o  0   1.29  23.66319  55.42012  9258.64  7340.39 2.23 2.07 -73.0 -0.458 19.61 20.86 02a59544o0418o
59544.377150  18.910  0.133    99   13 o  0   1.14  23.66319  55.42012  9278.05  7229.22 2.16 2.09  62.1 -0.462 19.60 20.79 02a59544o0435o
59546.378053  19.689  0.296    48   14 o  0   1.36  23.66319  55.42012  1796.25  1465.52 2.87 2.71 -50.7 -0.512 19.36 20.99 01a59546o0437o
59546.381280  19.020  0.163    90   15 o  0   1.62  23.66319  55.42012  1816.96  1505.95 2.95 2.78 -49.2 -0.507 19.37 20.99 01a59546o0444o
59546.387294  18.908  0.154    99   15 o  0   1.23  23.66319  55.42012  1760.15  1426.65 3.06 2.89 -54.0 -0.494 19.28 20.92 01a59546o0457o
59546.397428  18.802  0.134   110   15 o  0   1.35  23.66319  55.42012  1748.36  1544.71 3.18 3.00 -53.9 -0.476 19.25 20.87 01a59546o0479o
59550.373842  19.086  0.220    84   18 o  0   1.13  23.66319  55.42012  1788.78  1463.10 3.05 2.96 -54.4 -0.478 19.09 20.45 01a59550o0117o
59550.376609  19.084  0.218    84   18 o  0   1.53  23.66319  55.42012  1809.33  1503.57 3.16 3.00 -59.7 -0.472 19.08 20.44 01a59550o0123o
59550.382661  18.768  0.161   113   18 o  0   1.65  23.66319  55.42012  1752.61  1425.98 3.07 2.90 -56.9 -0.483 19.07 20.43 01a59550o0136o
59550.394250  18.816  0.190   108   20 o  0   1.16  23.66319  55.42012  1742.04  1543.14 3.02 2.89 -60.7 -0.484 19.09 20.48 01a59550o0161o
59558.301545  17.681  0.408   307  125 o  0   1.18  23.66319  55.42012  9937.08  6993.35 3.10 2.91 -70.9 -0.446 17.32 17.99 01a59558o0268o
59558.305234  18.935  1.173    97  114 o  0   1.07  23.66319  55.42012  9959.69  7031.57 2.91 2.85  76.4 -0.449 17.38 18.05 01a59558o0276o
59558.310769  20.978  4.727    15   70 o  0   1.34  23.66319  55.42012  9898.60  6960.40 3.08 2.88 -69.1 -0.447 17.84 18.62 01a59558o0288o
59558.323240  18.970  0.453    94   42 o  0   1.07  23.66319  55.42012  9886.19  7080.53 3.07 2.90 -69.4 -0.432 18.24 19.11 01a59558o0315o
59558.327386 -19.989  1.167   -37   43 o  0   0.99  23.66319  55.42012    34.45  7279.18 2.94 2.62 -50.0 -0.418 18.10 19.08 01a59558o0324o
59562.350840  19.093  0.243    84   20 o  0   1.22  23.66319  55.42012  5002.95  3699.15 2.71 2.66  -1.1 -0.473 18.85 19.67 01a59562o0373o
59562.354069  19.173  0.273    78   21 o  0   0.91  23.66319  55.42012  5024.41  3737.92 2.76 2.71  -7.7 -0.469 18.80 19.67 01a59562o0380o
59562.359604  19.778  0.483    44   22 o  0   1.31  23.66319  55.42012  4967.90  3663.03 2.85 2.79 -24.4 -0.459 18.75 19.65 01a59562o0392o
59562.371592  19.267  0.308    71   22 o  0   0.94  23.66319  55.42012  4954.56  3781.44 2.77 2.64 -35.0 -0.468 18.78 19.62 01a59562o0418o
59564.359728  19.377  1.116    64   72 o  0   0.96  23.66319  55.42012  1214.95  9120.64 2.05 1.72 -45.0 -0.551 18.08 18.66 02a59564o0331o
59564.362481 -20.188  1.716   -30   52 o  0   0.81  23.66319  55.42012  1199.35  9083.91 2.22 1.62 -49.0 -0.558 18.39 18.63 02a59564o0337o
59564.367996  19.302  0.505    69   35 o  0   1.30  23.66319  55.42012  1253.12  9156.67 2.11 1.67 -48.0 -0.560 18.61 18.95 02a59564o0349o
59564.370739  19.728  0.879    47   41 o  0   0.83  23.66319  55.42012 10469.01  9244.48 2.82 2.08 -54.0 -0.424 18.57 18.94 02a59564o0355o
59564.374412  19.125  0.460    81   37 o  0   1.39  23.66319  55.42012 10449.62  9203.32 2.60 2.14 -51.7 -0.424 18.57 18.89 02a59564o0363o
59564.377647  19.277  0.864    71   61 o  0   1.10  23.66319  55.42012  1271.15  9036.66 2.27 1.76 -49.1 -0.540 18.21 18.54 02a59564o0370o
59566.338159  19.519  0.511    56   29 o  0   1.52  23.66319  55.42012  5001.04  3697.09 2.59 2.54  14.5 -0.499 18.39 18.76 01a59566o0019o
59566.341400  18.769  0.285   113   32 o  0   1.20  23.66319  55.42012  5023.64  3734.85 2.62 2.53  17.6 -0.499 18.39 18.77 01a59566o0026o
59566.346953  19.115  0.362    82   30 o  0   1.63  23.66319  55.42012  4966.00  3659.65 2.59 2.53 -22.0 -0.500 18.35 18.75 01a59566o0038o
59566.358943  18.741  0.298   116   35 o  0   1.17  23.66319  55.42012  4955.30  3778.41 2.65 2.54 -32.1 -0.499 18.34 18.74 01a59566o0064o
59574.284834  19.516  0.252    57   14 o  0   1.20  23.66319  55.42012  3963.35  7579.72 3.04 2.67 -43.3 -0.472 19.22 20.84 01a59574o0220o
59574.288060  19.278  0.194    71   14 o  0   1.97  23.66319  55.42012  3985.42  7619.71 2.95 2.62 -41.8 -0.481 19.24 20.74 01a59574o0227o
59574.294077  19.290  0.236    70   16 o  0   1.19  23.66319  55.42012  3925.91  7543.33 3.02 2.66 -43.7 -0.472 19.19 20.65 01a59574o0240o
59574.304680  19.282  0.210    70   15 o  0   1.58  23.66319  55.42012  3912.07  7661.38 3.03 2.69 -43.5 -0.476 19.20 20.67 01a59574o0263o
59588.306414  19.085  0.182    84   15 o  0   0.80  23.66319  55.42012   196.62  5390.28 1.99 1.79 -38.6 -0.432 19.33 20.29 02a59588o0257o
59588.309615  19.622  0.290    51   15 o  0   0.96  23.66319  55.42012   177.75  5352.11 1.99 1.77 -42.3 -0.438 19.32 20.30 02a59588o0264o
59588.316039  19.303  0.157    69   11 o  0   2.47  23.66319  55.42012   235.53  5424.47 1.99 1.80 -34.1 -0.429 19.30 20.29 02a59588o0278o
59588.320162  19.700  0.281    48   14 o  0   1.61  23.66319  55.42012  9869.56  5404.74 2.08 2.00  35.2 -0.477 19.34 20.34 02a59588o0287o
59588.323830  20.202  0.522    30   16 o  0   1.30  23.66319  55.42012  9850.31  5363.91 2.08 1.98  32.9 -0.478 19.35 20.33 02a59588o0295o
59588.328872  19.609  0.261    52   14 o  0   1.11  23.66319  55.42012   257.01  5303.52 1.91 1.77 -31.7 -0.432 19.28 20.22 02a59588o0306o
59588.330716  19.782  0.364    44   16 o  0   1.13  23.66319  55.42012  9907.89  5444.62 2.09 2.02  37.6 -0.469 19.31 20.30 02a59588o0310o
59588.341287  19.010  0.176    90   16 o  0   1.20  23.66319  55.42012  9928.09  5327.56 2.14 2.03  30.6 -0.466 19.26 20.26 02a59588o0333o
59590.252001  19.943  0.475    38   18 o  0   1.48  23.66319  55.42012  3130.68  3325.18 2.86 2.80  41.8 -0.459 18.99 20.05 01a59590o0117o
59590.255705  19.469  0.290    59   17 o  0   1.34  23.66319  55.42012  3152.49  3364.83 2.88 2.73 -50.3 -0.474 19.00 20.04 01a59590o0125o
59590.262160  19.994  0.442    36   16 o  0   1.41  23.66319  55.42012  3095.68  3288.09 2.83 2.76  38.3 -0.460 18.97 20.04 01a59590o0139o
59590.275096  21.825  2.722     7   18 o  0   1.22  23.66319  55.42012  3083.90  3405.47 2.89 2.76 -42.7 -0.466 18.95 20.00 01a59590o0167o
59592.236630  21.543  2.158     9   19 o  0   1.76  23.66319  55.42012   201.45  5404.37 2.33 1.83 -55.0 -0.417 18.82 19.27 02a59592o0081o
59592.240296  19.716  0.485    47   23 o  0   1.09  23.66319  55.42012   182.44  5365.64 2.15 1.86 -46.8 -0.405 18.78 19.25 02a59592o0089o
59592.248090  19.171  0.239    78   19 o  0   1.22  23.66319  55.42012   240.19  5437.67 2.23 1.79 -55.1 -0.420 18.84 19.23 02a59592o0106o
59592.251755 -21.893  3.692    -6   23 o  0   1.07  23.66319  55.42012  9880.89  5415.23 2.14 1.95 -67.0 -0.477 18.81 19.22 02a59592o0114o
59592.254966  21.737  3.491     7   26 o  0   1.24  23.66319  55.42012  9861.44  5374.70 2.33 2.09 -67.3 -0.453 18.72 19.22 02a59592o0121o
59592.258698  19.841  0.523    42   22 o  0   1.08  23.66319  55.42012   260.18  5316.65 2.15 1.99   4.0 -0.403 18.76 19.26 02a59592o0129o
59592.261922  19.505  0.420    57   24 o  0   1.30  23.66319  55.42012  9918.38  5452.84 2.25 1.98 -65.9 -0.469 18.82 19.25 02a59592o0136o
59592.272006  20.047  0.627    35   22 o  0   1.48  23.66319  55.42012  9938.30  5338.28 2.17 1.96 -63.5 -0.479 18.83 19.25 02a59592o0158o
59594.325439  20.574  1.657    21   35 o  0   1.02  23.66319  55.42012  3673.88  1390.07 2.92 2.90 -37.6 -0.466 18.42 19.02 01a59594o0262o
59594.328663 -20.666  1.689   -20   33 o  0   1.11  23.66319  55.42012  3694.92  1429.50 3.09 2.98 -57.3 -0.454 18.40 18.99 01a59594o0269o
59594.334233  20.655  1.519    20   30 o  0   1.27  23.66319  55.42012  3639.73  1350.89 2.84 2.75 -67.8 -0.478 18.42 18.94 01a59594o0281o
59594.344370  19.910  0.861    40   34 o  0   1.02  23.66319  55.42012  3628.15  1469.54 2.86 2.78 -54.1 -0.478 18.33 18.85 01a59594o0303o
59598.232019  21.871  3.633     6   24 o  0   1.25  23.66319  55.42012  3637.30  1380.06 3.15 3.05  45.3 -0.427 18.66 19.66 01a59598o0087o
59598.235717  19.942  0.721    38   28 o  0   1.07  23.66319  55.42012  3659.36  1419.60 3.26 3.20  43.7 -0.415 18.60 19.63 01a59598o0095o
59598.241260 -20.885  1.533   -16   25 o  0   1.27  23.66319  55.42012  3604.03  1342.78 3.08 3.02  55.9 -0.440 18.64 19.58 01a59598o0107o
59598.252895  20.556  1.130    22   25 o  0   1.26  23.66319  55.42012  3591.87  1459.44 2.95 2.92 -46.7 -0.462 18.63 19.51 01a59598o0132o
59602.302309  21.088  1.141    13   15 o  0   1.34  23.66319  55.42012  2628.16  5271.70 3.04 2.89 -48.8 -0.448 19.20 20.79 01a59602o0235o
59602.305536  22.286  3.609     4   16 o  0   1.32  23.66319  55.42012  2650.60  5310.38 2.87 2.77 -47.3 -0.460 19.22 20.72 01a59602o0242o
59602.311989  19.837  0.385    42   16 o  0   1.43  23.66319  55.42012  2591.17  5232.44 3.00 2.80 -51.4 -0.461 19.15 20.68 01a59602o0256o
59602.324914  21.542  1.929     9   17 o  0   1.57  23.66319  55.42012  2578.13  5349.96 3.02 2.86 -43.6 -0.454 19.09 20.57 01a59602o0284o
59605.290721  22.156  2.333     5   12 o  0   1.94  23.66319  55.42012  3687.38   774.54 2.05 1.96  76.4 -0.474 19.29 20.50 02a59605o0187o
59605.293939  20.038  0.447    35   16 o  0   2.06  23.66319  55.42012  3669.01   740.24 2.03 1.95  86.1 -0.466 18.91 20.01 02a59605o0194o
59605.299931  19.878  0.330    41   13 o  0   1.26  23.66319  55.42012  3731.14   812.01 2.08 1.99  85.2 -0.464 19.36 20.46 02a59605o0207o
59605.311440  20.276  0.511    28   14 o  0   1.40  23.66319  55.42012  3754.13   690.37 2.01 1.92  86.6 -0.465 19.27 20.36 02a59605o0232o
59608.217384  20.247  0.598    29   17 o  0   1.73  23.66319  55.42012  3696.89   790.41 2.08 1.96  83.6 -0.486 18.93 19.69 02a59608o0047o
59608.220589  19.661  0.422    50   21 o  0   1.04  23.66319  55.42012  3678.83   750.42 2.19 1.87 -61.4 -0.494 18.70 19.66 02a59608o0054o
59608.226165 -20.421  0.684   -25   17 o  0   0.77  23.66319  55.42012  3741.58   826.99 2.23 1.88 -59.1 -0.505 19.36 20.55 02a59608o0066o
59608.236362  20.843  0.709    17   12 o  0   1.74  23.66319  55.42012  3759.30   704.77 2.10 1.95 -73.8 -0.487 19.38 20.70 02a59608o0088o
59609.269464 -21.435  1.820   -10   18 o  0   1.30  23.66319  55.42012   934.37  9619.18 3.02 2.61 -52.5 -0.492 19.15 20.50 01a59609o0157o
59609.272688 -23.271 10.222    -2   18 o  0   1.24  23.66319  55.42012   956.58  9660.02 3.07 2.63 -50.3 -0.493 19.13 20.51 01a59609o0164o
59609.279150  21.684  2.146     8   16 o  0   1.45  23.66319  55.42012   892.71  9579.82 2.96 2.57 -52.0 -0.497 19.17 20.57 01a59609o0178o
59609.289324 -20.474  0.707   -24   17 o  0   1.06  23.66319  55.42012   874.35  9696.52 3.12 2.62 -48.4 -0.490 19.16 20.62 01a59609o0200o
59613.214443 -20.478  1.470   -23   34 o  0   0.87  23.66319  55.42012   918.71  9620.08 2.70 2.29 -51.5 -0.537 18.48 19.07 01a59613o0035o
59613.217669  22.053  3.735     6   20 o  0   1.87  23.66319  55.42012   942.37  9659.92 2.72 2.34 -51.7 -0.528 18.89 19.76 01a59613o0042o
59613.225499 -22.010  3.111    -6   18 o  0   1.14  23.66319  55.42012   882.23  9580.04 2.69 2.34 -52.3 -0.519 19.16 20.36 01a59613o0059o
59613.235713  22.397  4.125     4   16 o  0   1.38  23.66319  55.42012   864.25  9696.87 2.79 2.38 -51.3 -0.516 19.17 20.44 01a59613o0081o
59615.213486  18.818  0.594   108   64 c  0   1.23  23.66319  55.42012  3106.88  8954.97 2.40 2.18 -48.4 -0.444 18.04 19.02 02a59615o0030c
59615.216709  19.583  0.502    53   27 c  0   1.44  23.66319  55.42012  3085.74  8911.91 2.41 2.28 -44.0 -0.423 18.67 19.79 02a59615o0037c
59615.222227  21.964  2.227     6   13 c  0   1.88  23.66319  55.42012  3137.76  8986.86 2.46 2.28 -53.0 -0.420 19.28 20.63 02a59615o0049c
59615.233714 -21.299  1.337   -11   15 c  0   1.26  23.66319  55.42012  3160.56  8867.06 2.52 2.20 -49.4 -0.436 19.45 20.92 02a59615o0074c
59617.288715  22.205  3.522     5   17 o  0   1.92  23.66319  55.42012  6923.46  3554.06 3.01 2.92  33.6 -0.428 18.77 19.86 01a59617o0017o
59617.292412  21.128  1.311    13   17 o  0   1.86  23.66319  55.42012  6944.58  3593.14 2.67 2.65 -64.4 -0.465 18.90 19.84 01a59617o0025o
59617.298422  20.675  1.058    20   21 o  0   1.32  23.66319  55.42012  6888.97  3520.00 2.81 2.74 -56.6 -0.455 18.82 19.81 01a59617o0038o
59617.309031  20.046  0.549    35   19 o  0   1.49  23.66319  55.42012  6876.18  3639.68 2.91 2.83 -61.5 -0.439 18.78 19.78 01a59617o0061o
59619.259354 -22.130  2.940    -5   15 o  0   1.41  23.66319  55.42012  4632.89  3102.83 2.09 1.79  38.8 -0.480 19.15 19.79 02a59619o0099o
59619.262567  20.850  0.961    17   16 o  0   1.67  23.66319  55.42012  4610.88  3060.41 2.19 1.86  39.5 -0.470 19.11 19.76 02a59619o0106o
59619.269905 -20.104  0.535   -33   18 o  0   0.93  23.66319  55.42012  4671.34  3142.87 2.25 1.89  41.0 -0.468 19.06 19.75 02a59619o0122o
59619.280002  20.600  0.946    21   20 o  0   1.11  23.66319  55.42012  4694.23  3017.51 2.19 1.89  37.9 -0.471 19.07 19.73 02a59619o0144o
59627.254543 -21.346  2.561   -10   27 o  0   1.34  23.66319  55.42012  1686.42  7142.68 2.21 2.16  -4.4 -0.445 18.51 18.96 02a59627o0110o
59627.257747  21.285  2.295    11   26 o  0   1.20  23.66319  55.42012  1666.75  7098.26 2.24 2.18 -19.7 -0.419 18.47 18.96 02a59627o0117o
59627.263241  19.620  0.519    52   27 o  0   1.19  23.66319  55.42012  1725.33  7172.48 2.24 2.07 -54.3 -0.475 18.55 18.92 02a59627o0129o
59627.273358  20.360  0.969    26   25 o  0   1.32  23.66319  55.42012  1745.61  7054.95 2.17 1.97 -51.1 -0.443 18.50 18.86 02a59627o0151o
59633.252056 -22.247  3.909    -5   18 o  0   1.35  23.66319  55.42012  1275.42  3404.23 3.00 2.76 -51.4 -0.482 19.08 20.45 01a59633o0105o
59633.255255  19.814  0.412    43   18 o  0   1.59  23.66319  55.42012  1297.45  3444.47 3.01 2.79 -51.2 -0.475 19.11 20.44 01a59633o0112o
59633.262545  22.315  4.263     4   18 o  0   1.11  23.66319  55.42012  1240.19  3364.44 3.14 2.90 -53.3 -0.461 19.03 20.43 01a59633o0128o
59633.272590 -20.923  1.013   -16   16 o  0   1.87  23.66319  55.42012  1227.61  3479.90 2.90 2.73 -50.9 -0.485 19.09 20.41 01a59633o0150o
59635.235050  20.178  0.484    31   15 c  0   1.11  23.66319  55.42012  2156.52  5181.49 2.81 2.77 -27.7 -0.405 19.15 20.82 02a59635o0062c
59635.238749  19.996  0.390    36   14 c  0   1.18  23.66319  55.42012  2137.44  5143.21 2.88 2.78 -40.4 -0.401 19.17 20.86 02a59635o0070c
59635.244248 -21.950  2.067    -6   12 c  0   1.35  23.66319  55.42012  2195.34  5220.55 2.85 2.78 -36.2 -0.403 19.13 20.89 02a59635o0082c
59635.255684 -21.457  1.500   -10   14 c  0   1.34  23.66319  55.42012  2215.14  5106.00 2.81 2.78  -0.0 -0.393 19.17 20.86 02a59635o0107c
59641.226867  24.570 60.333     0   33 o  0   1.18  23.66319  55.42012  7972.55  7280.47 2.78 2.67  52.9 -0.457 18.69 19.47 01a59641o0017o
59641.230069 -20.985  1.543   -15   23 o  0   1.20  23.66319  55.42012  7994.52  7318.41 2.83 2.65  51.1 -0.453 18.86 19.81 01a59641o0024o
59641.236451 -22.501  5.350    -4   19 o  0   1.51  23.66319  55.42012  7934.38  7247.64 2.78 2.67  58.2 -0.458 18.98 20.03 01a59641o0038o
59641.246489 -21.688  2.561    -8   20 o  0   1.53  23.66319  55.42012  7918.34  7367.78 2.83 2.71  61.5 -0.449 19.01 20.08 01a59641o0060o
59643.228401  19.866  0.553    41   23 c  0   1.14  23.66319  55.42012  4105.46  5038.94 2.57 2.35  32.6 -0.407 18.73 20.18 02a59643o0043c
59643.232352  21.953  3.367     6   20 c  0   1.00  23.66319  55.42012  4087.10  5003.96 2.58 2.41  40.1 -0.407 18.91 20.60 02a59643o0051c
59643.238297  21.806  2.667     7   18 c  0   1.16  23.66319  55.42012  4143.94  5076.69 2.41 2.27  38.2 -0.426 18.99 20.83 02a59643o0063c
59643.248867  22.732  6.273     3   18 c  0   1.28  23.66319  55.42012  4162.14  4969.41 2.48 2.29  67.4 -0.422 18.83 21.17 02a59643o0084c
59735.555437 -20.675  0.950   -20   18 c  0   1.37  23.66319  55.42012  4814.72  9901.03 2.67 2.47  22.1 -0.395 19.00 22.00 02a59735o0684c
59735.559151 -22.096  3.250    -5   17 c  0   1.82  23.66319  55.42012  4842.72  9965.46 2.63 2.47  18.7 -0.400 19.05 22.00 02a59735o0692c
59735.564247 -21.163  1.485   -12   18 c  0   1.03  23.66319  55.42012  4778.75  9883.52 2.73 2.46  25.2 -0.391 19.09 20.90 02a59735o0703c
59735.580297 -20.250  0.645   -29   19 c  0   1.52  23.66319  55.42012  4763.32 10000.30 2.53 2.44   1.4 -0.415 19.22 20.56 02a59735o0737c
59751.584750 -21.745  2.708    -7   20 o  0   1.02  23.66319  55.42012  7939.35  7348.81 2.71 2.14  32.2 -0.425 19.13 19.99 02a59751o0736o
59751.592124  25.869 108.000     0   18 o  0   1.54  23.66319  55.42012  7956.64  7384.46 2.88 2.22  31.9 -0.409 19.07 20.04 02a59751o0752o
59751.596458 -20.447  0.689   -24   17 o  0   1.46  23.66319  55.42012  7899.23  7310.88 2.64 2.08  33.0 -0.434 19.18 20.02 02a59751o0761o
59751.610402  24.332 49.250     1   33 o  0   1.30  23.66319  55.42012  7875.47  7427.78 3.03 2.24  31.6 -0.394 18.51 19.03 02a59751o0791o
59757.515025  18.598  0.723   132   96 o  0   1.47  23.66319  55.42012 10521.58  3458.24 3.33 3.04  19.7 -0.428 16.34 17.83 01a59757o0591o
59757.519323  20.064  1.373    34   47 o  0   1.03  23.66319  55.42012 10502.32  3414.85 3.13 3.07 -16.0 -0.431 17.78 19.03 01a59757o0599o
59757.548943 -22.412  7.727    -4   30 o  0   1.14  23.66319  55.42012   611.88  3493.89 2.89 2.81 -37.3 -0.511 18.46 19.79 01a59757o0663o
59757.552177 -20.502  0.875   -23   20 o  0   1.37  23.66319  55.42012   592.12  3453.70 3.29 3.10 -41.0 -0.474 18.89 20.27 01a59757o0670o
59757.558622  20.075  0.815    34   28 o  0   1.31  23.66319  55.42012   654.52  3533.29 2.88 2.81  27.1 -0.495 18.52 19.94 01a59757o0684o
59757.569219 -19.482  0.404   -58   24 o  0   1.10  23.66319  55.42012   675.42  3409.53 2.87 2.83 -43.0 -0.484 18.78 20.18 01a59757o0707o
59765.564953   0.000 20.946     0   15 o  0   1.24  23.66319  55.42012  5511.91  6880.58 3.04 2.95 -73.2 -0.429 19.14 20.56 01a59765o0705o
59765.569973  20.877  1.015    16   16 o  0   1.28  23.66319  55.42012  5495.86  6844.59 3.39 3.26  66.5 -0.385 19.02 20.60 01a59765o0716o
59765.573174 -20.334  0.684   -27   18 o  0   0.85  23.66319  55.42012  5554.42  6921.52 3.26 3.06  51.3 -0.394 19.08 20.62 01a59765o0723o
59765.586998 -21.346  1.587   -10   17 o  0   0.89  23.66319  55.42012  5577.89  6805.90 3.27 3.06  48.1 -0.400 19.15 20.69 01a59765o0753o
59773.566483  21.307  3.115    11   34 o  0   0.98  23.66319  55.42012  6599.63  3001.50 3.03 2.94  40.1 -0.441 18.31 19.00 01a59773o0702o
59773.569692 -20.250  1.042   -29   30 o  0   1.26  23.66319  55.42012  6579.59  2965.68 2.97 2.89  57.2 -0.446 18.39 19.02 01a59773o0709o
59773.576082  21.842  5.286     7   35 o  0   2.54  23.66319  55.42012  6639.86  3039.96 3.95 3.76  43.1 -0.349 18.12 19.03 01a59773o0723o
59773.593469 -21.632  3.579    -8   29 o  0   1.11  23.66319  55.42012  6660.53  2918.87 3.24 2.87  43.9 -0.419 18.41 19.15 01a59773o0761o
59783.567668  21.057  0.844    14   12 o  0   2.22  23.66319  55.42012  5615.67  1765.02 2.09 1.98  49.9 -0.440 19.37 20.44 02a59783o0713o
59783.571299 -20.818  0.589   -17   10 o  0   2.39  23.66319  55.42012  5633.99  1802.73 2.01 1.94  51.0 -0.450 19.43 20.46 02a59783o0721o
59783.579016 -21.663  1.278    -8   10 o  0   1.57  23.66319  55.42012  5581.84  1724.84 2.01 1.89  51.6 -0.459 19.46 20.51 02a59783o0738o
59783.593021  20.680  0.672    19   13 o  0   1.24  23.66319  55.42012  5569.07  1841.27 2.00 1.87  53.5 -0.456 19.49 20.56 02a59783o0768o
59785.566879 -20.533  0.614   -22   14 o  0   1.86  23.66319  55.42012  7380.02  7268.23 2.89 2.82  82.4 -0.453 19.32 20.87 01a59785o0532o
59785.574882 -22.022  2.846    -6   16 o  0   1.06  23.66319  55.42012  7363.59  7226.69 3.09 2.97 -59.0 -0.447 19.26 20.88 01a59785o0548o
59785.578072  21.465  1.686     9   16 o  0   1.25  23.66319  55.42012  7421.57  7304.59 3.49 3.38 -55.4 -0.419 19.10 20.88 01a59785o0555o
59785.595944  21.443  1.500    10   14 o  0   1.08  23.66319  55.42012  7440.26  7184.08 3.11 3.03  63.5 -0.431 19.27 20.88 01a59785o0593o
59787.531509  22.268  2.385     4   11 c  0   1.43  23.66319  55.42012 10374.29  5190.44 2.67 2.58 -32.6 -0.432 19.53 21.22 02a59787o0640c
59787.534673 -22.515  3.250    -4   12 c  0   1.04  23.66319  55.42012 10393.36  5228.65 2.71 2.66  -5.2 -0.428 19.44 21.22 02a59787o0647c
59787.553618 -23.337  7.500    -2   13 c  0   1.25  23.66319  55.42012 10337.37  5156.62 2.98 2.95 -76.6 -0.400 19.45 21.24 02a59787o0688c
59787.558646  21.119  0.909    13   12 c  0   1.21  23.66319  55.42012   697.99  5200.19 2.46 2.34 -80.0 -0.434 19.54 21.35 02a59787o0699c
59787.561817  21.257  0.859    11   10 c  0   1.60  23.66319  55.42012   717.33  5239.79 2.33 2.28 -83.7 -0.440 19.63 21.22 02a59787o0706c
59787.562269  20.933  0.760    15   12 c  0   1.17  23.66319  55.42012 10319.12  5274.56 2.56 2.53   3.8 -0.431 19.58 21.27 02a59787o0707c
59787.575855 -21.801  1.612    -7   11 c  0   1.05  23.66319  55.42012   660.95  5157.36 2.41 2.36  71.7 -0.434 19.49 21.25 02a59787o0736c
59787.585418 -21.416  1.041   -10   10 c  0   1.52  23.66319  55.42012   647.50  5275.50 2.33 2.30  60.9 -0.434 19.56 21.29 02a59787o0757c
59791.533744  20.563  0.466    22   10 c  0   1.58  23.66319  55.42012   692.27  5200.35 2.42 2.39  84.8 -0.433 19.45 21.26 02a59791o0582c
59791.536908  22.992  4.917     2   11 c  0   1.16  23.66319  55.42012   712.28  5240.01 2.58 2.55  80.9 -0.422 19.25 21.08 02a59791o0589c
59791.543424  20.530  0.514    22   11 c  0   1.59  23.66319  55.42012 10369.76  5191.16 2.90 2.83 -32.8 -0.416 19.48 21.32 02a59791o0603c
59791.546595  21.438  1.146    10   11 c  0   1.86  23.66319  55.42012 10391.41  5229.90 2.89 2.85 -50.4 -0.410 19.47 21.34 02a59791o0610c
59791.547963  22.401  2.680     4   11 c  0   1.41  23.66319  55.42012   654.51  5159.34 2.58 2.52  39.7 -0.412 19.47 21.32 02a59791o0613c
59791.550676  21.894  1.758     6   11 c  0   1.71  23.66319  55.42012 10334.51  5155.74 2.84 2.75 -62.6 -0.423 19.52 21.35 02a59791o0619c
59791.554323  21.927  1.556     6   10 c  0   1.65  23.66319  55.42012   633.68  5273.43 2.68 2.60  32.7 -0.404 19.42 21.30 02a59791o0627c
59791.556131  21.733  1.472     7   11 c  0   1.35  23.66319  55.42012 10315.66  5275.94 2.89 2.86 -50.7 -0.407 19.45 21.33 02a59791o0631c
59793.518510 -22.141  3.125    -5   16 o  0   1.55  23.66319  55.42012  6841.79  9213.22 3.08 2.89  54.5 -0.440 19.18 20.49 01a59793o0620o
59793.521728  20.728  0.968    19   18 o  0   1.05  23.66319  55.42012  6824.35  9173.83 2.93 2.78  57.9 -0.456 19.16 20.49 01a59793o0627o
59793.535116 -22.426  3.850    -4   15 o  0   1.15  23.66319  55.42012  6883.53  9248.19 2.94 2.78  58.2 -0.454 19.26 20.59 01a59793o0655o
59793.541518  20.947  0.974    15   15 o  0   1.16  23.66319  55.42012  6902.36  9131.56 3.01 2.75  52.5 -0.442 19.25 20.58 01a59793o0669o
59797.575654  21.547  2.086     9   18 o  0   0.93  23.66319  55.42012  6865.71  9197.68 3.60 3.19  43.1 -0.372 19.17 20.79 01a59797o0302o
59797.578843  20.475  0.631    23   15 o  0   1.63  23.66319  55.42012  6845.27  9157.47 3.18 3.12 -65.7 -0.425 19.16 20.79 01a59797o0309o
59797.584305  21.145  1.200    13   15 o  0   1.39  23.66319  55.42012  6901.37  9234.31 3.04 2.98 -46.6 -0.440 19.27 20.82 01a59797o0321o
59797.604318 -20.286  0.463   -28   13 o  0   1.73  23.66319  55.42012  6917.57  9115.99 3.03 2.90 -48.7 -0.444 19.26 20.90 01a59797o0364o
59799.510997 -19.998  0.382   -36   14 c  0   1.33  23.66319  55.42012  8975.99  9642.88 2.79 2.72  33.9 -0.390 19.31 20.87 02a59799o0594c
59799.512808  21.722  1.825     7   14 c  0   1.75  23.66319  55.42012  8996.18  9683.17 2.82 2.75  42.0 -0.390 19.33 20.97 02a59799o0598c
59799.515971 -22.483  4.250    -4   16 c  0   1.25  23.66319  55.42012  8931.15  9608.08 2.88 2.69  37.8 -0.391 19.38 21.07 02a59799o0605c
59799.521850  20.869  0.753    16   12 c  0   1.70  23.66319  55.42012  8910.99  9728.08 2.97 2.73  37.1 -0.390 19.35 21.17 02a59799o0618c
59801.547990  20.974  1.630    15   24 o  0   1.40  23.66319  55.42012  7942.24  5337.65 2.79 2.74  73.5 -0.469 18.82 19.72 01a59801o0694o
59801.565850 -22.622  7.647    -3   25 o  0   1.04  23.66319  55.42012  7922.65  5294.75 2.86 2.83 -80.6 -0.459 18.85 19.81 01a59801o0732o
59801.573634 -23.144 10.800    -2   22 o  0   1.49  23.66319  55.42012  7982.74  5370.88 3.00 2.90  24.3 -0.436 18.85 19.89 01a59801o0749o
59801.577304  20.245  0.599    29   17 o  0   1.33  23.66319  55.42012  8000.96  5253.27 2.83 2.76  50.7 -0.462 18.91 19.93 01a59801o0757o
59803.550239  22.475 10.500     4   39 o  0   1.59  23.66319  55.42012  6899.95  9806.01 2.67 2.49  55.9 -0.438 18.28 18.68 02a59803o0696o
59803.552958 -19.525  0.583   -56   33 o  0   1.18  23.66319  55.42012  6923.87  9843.60 3.13 3.00  71.4 -0.392 18.28 19.02 02a59803o0702o
59803.557025  21.159  2.446    12   30 o  0   1.48  23.66319  55.42012  6862.15  9766.20 2.84 2.63  54.9 -0.406 18.42 18.97 02a59803o0711o
59803.567831 -24.135 30.600    -1   25 o  0   1.32  23.66319  55.42012  6838.86  9886.59 2.66 2.44  50.2 -0.398 18.61 19.11 02a59803o0734o
59803.633485  20.503  1.984    23   45 o  0   0.87  23.66319  55.42012  3698.99   749.88 2.21 2.08  61.6 -0.465 17.93 17.81 02a59803o0876o
59805.574621 -20.131  0.771   -32   25 o  0   1.04  23.66319  55.42012  7946.31  5328.20 3.37 2.84  36.2 -0.384 18.76 19.63 01a59805o0753o
59805.576442 -22.411  5.190    -4   20 o  0   1.64  23.66319  55.42012  7925.80  5288.46 2.96 2.73  42.4 -0.440 18.82 19.63 01a59805o0757o
59805.579187 -20.789  1.102   -18   19 o  0   1.70  23.66319  55.42012  7985.46  5366.13 3.15 2.81  38.8 -0.410 18.81 19.65 01a59805o0763o
59805.593635  21.169  1.930    12   24 o  0   0.89  23.66319  55.42012  8002.81  5248.53 3.40 2.95  35.0 -0.374 18.78 19.67 01a59805o0794o
59807.479221  21.224  1.643    12   19 o  0   1.35  23.66319  55.42012  6897.29  9801.04 2.36 2.30  53.3 -0.434 18.91 19.56 02a59807o0546o
59807.490413 -20.458  0.911   -24   22 o  0   0.98  23.66319  55.42012  6911.30  9839.61 2.21 2.14  58.3 -0.455 19.02 19.58 02a59807o0570o
59807.493605  19.652  0.424    50   21 o  0   1.53  23.66319  55.42012  6849.72  9763.38 2.26 2.14  49.0 -0.443 18.95 19.58 02a59807o0577o
59807.497221 -20.374  0.687   -26   18 o  0   1.62  23.66319  55.42012  6826.44  9881.59 2.41 2.14  41.2 -0.435 18.94 19.58 02a59807o0585o
59809.495004  21.288  2.091    11   23 o  0   1.10  23.66319  55.42012  9681.18  1026.95 2.88 2.63 -61.9 -0.531 19.02 20.11 01a59809o0568o
59809.530467  22.947  8.667     2   21 o  0   0.89  23.66319  55.42012  9657.45   975.42 2.88 2.65 -60.6 -0.522 19.10 20.14 01a59809o0645o
59809.533687 -22.108  3.760    -5   20 o  0   1.35  23.66319  55.42012  9722.05  1052.66 2.94 2.86 -46.4 -0.497 18.99 20.14 01a59809o0652o
59809.539163 -23.719 17.500    -1   21 o  0   1.25  23.66319  55.42012  9741.87   933.77 2.84 2.69 -52.9 -0.518 19.03 20.14 01a59809o0664o
59811.542005  20.424  0.603    25   15 o  0   1.28  23.66319  55.42012  7481.43  1638.78 2.17 2.04 -84.4 -0.434 19.27 20.37 02a59811o0681o
59811.543814  21.850  1.963     7   13 o  0   1.53  23.66319  55.42012  7501.53  1677.12 2.29 2.13 -78.2 -0.428 19.24 20.37 02a59811o0685o
59811.546984  22.952  5.053     2   12 o  0   1.73  23.66319  55.42012  7444.82  1602.10 2.29 2.20  83.4 -0.427 19.23 20.37 02a59811o0692o
59811.552417 -23.902 13.111    -1   13 o  0   1.55  23.66319  55.42012  7426.66  1720.47 2.13 2.05 -87.2 -0.438 19.27 20.36 02a59811o0704o
59817.487958  21.605  2.079     8   17 o  0   1.28  23.66319  55.42012  3638.06  7023.50 3.21 3.00  55.7 -0.410 19.10 20.50 01a59817o0511o
59817.493901 -24.469 28.667    -1   17 o  0   1.03  23.66319  55.42012  3621.74  6984.62 3.00 2.87  61.7 -0.423 19.16 20.50 01a59817o0524o
59817.520311  23.232  8.222     2   15 o  0   1.37  23.66319  55.42012  3677.70  7057.23 3.12 2.91  48.9 -0.416 19.09 20.50 01a59817o0581o
59817.523516 -20.352  0.595   -26   16 o  0   1.35  23.66319  55.42012  3700.31  6937.93 3.62 3.15  51.8 -0.332 19.02 20.51 01a59817o0588o
59817.636478  21.589  6.088     8   51 o  0   1.00  23.66319  55.42012  6868.01  3557.64 3.65 3.10  34.4 -0.383 17.87 18.28 01a59817o0831o
59819.525590  21.967  1.821     6   11 c  0   1.25  23.66319  55.42012  5957.92  7475.85 2.70 2.35  41.7 -0.416 19.58 21.52 02a59819o0661c
59819.527406  22.691  3.812     3   12 c  0   1.54  23.66319  55.42012  5975.46  7514.79 3.29 2.51  37.6 -0.390 19.47 21.52 02a59819o0665c
59819.531033  21.755  1.587     7   11 c  0   1.27  23.66319  55.42012  5917.45  7437.71 2.80 2.35  40.2 -0.414 19.55 21.52 02a59819o0673c
59819.536463 -23.305  6.273    -2   11 c  0   1.75  23.66319  55.42012  5898.32  7554.74 2.82 2.34  39.2 -0.411 19.60 21.54 02a59819o0685c
59821.570364 -20.046  0.446   -35   16 o  0   0.99  23.66319  55.42012  6869.66  3529.96 3.47 3.08  32.5 -0.381 19.16 20.80 01a59821o0354o
59821.574025  21.997  2.682     6   16 o  0   1.21  23.66319  55.42012  6889.83  3568.00 3.70 3.29  31.8 -0.363 19.09 20.78 01a59821o0362o
59821.579548 -24.645 28.000    -0   14 o  0   1.20  23.66319  55.42012  6832.70  3493.69 3.62 3.21  27.6 -0.367 19.10 20.75 01a59821o0374o
59821.614578 -20.697  0.869   -19   17 o  0   0.98  23.66319  55.42012  6823.89  3614.71 3.27 3.07  20.7 -0.408 19.20 20.84 01a59821o0450o
59823.487562  22.548  3.667     4   13 c  0   1.18  23.66319  55.42012  5945.85  7471.28 3.27 2.55  36.6 -0.387 19.44 21.36 02a59823o0580c
59823.489831  21.653  1.571     8   12 c  0   1.29  23.66319  55.42012  5966.78  7510.06 2.83 2.39  38.4 -0.407 19.52 21.38 02a59823o0585c
59823.493087  25.822 63.000     0   11 c  0   1.59  23.66319  55.42012  5906.76  7433.61 2.95 2.44  36.3 -0.398 19.53 21.37 02a59823o0592c
59823.508268 -20.842  0.753   -17   13 c  0   1.30  23.66319  55.42012  5891.20  7550.71 2.94 2.48  36.4 -0.400 19.51 21.34 02a59823o0625c
59825.522171 -21.101  1.154   -13   15 o  0   1.07  23.66319  55.42012  5676.95   658.72 3.07 2.83  36.7 -0.436 19.12 20.65 01a59825o0580o
59825.523993 -20.100  0.417   -33   14 o  0   1.45  23.66319  55.42012  5656.20   618.17 3.12 2.84  33.6 -0.420 19.16 20.64 01a59825o0584o
59825.531765  21.080  1.219    13   16 o  0   1.15  23.66319  55.42012  5718.29   694.52 3.07 2.92  34.8 -0.438 19.11 20.59 01a59825o0601o
59825.547995 -21.326  1.354   -11   14 o  0   1.66  23.66319  55.42012  4840.08  9991.16 3.22 3.00  38.6 -0.425 19.13 20.66 01a59825o0636o
59829.511824 -20.353  1.065   -26   28 o  0   0.88  23.66319  55.42012  5682.37   658.62 4.06 3.90  39.7 -0.353 18.51 19.83 01a59829o0646o
59829.513645 -20.652  1.511   -20   30 o  0   0.92  23.66319  55.42012  5660.78   619.89 4.90 4.54  45.5 -0.269 18.30 19.83 01a59829o0650o
59829.526959 -20.686  1.471   -19   28 o  0   0.99  23.66319  55.42012  5721.78   695.88 4.42 4.16  40.0 -0.314 18.45 19.91 01a59829o0679o
59829.555475 -21.321  1.941   -11   21 o  0   0.86  23.66319  55.42012  4839.41  9990.68 4.22 3.66  49.5 -0.299 18.81 20.45 01a59829o0741o
59833.566821 -20.289  1.566   -28   44 o  0   1.21  23.66319  55.42012  1256.60  3401.78 2.60 2.57 -57.6 -0.417 18.13 18.95 01a59833o0548o
59833.570518  19.608  0.365    52   19 o  0   1.79  23.66319  55.42012  1278.17  3441.34 2.57 2.49 -31.8 -0.410 18.78 19.34 01a59833o0556o
59833.576537 -21.027  1.374   -14   19 o  0   1.28  23.66319  55.42012  1220.63  3360.86 2.37 2.33  -3.5 -0.427 18.83 19.36 01a59833o0569o
59833.611631  18.491  0.421   146   61 o  0   1.05  23.66319  55.42012  1212.87  3481.08 2.31 2.27 -42.8 -0.443 17.58 17.60 01a59833o0644o
59837.547053 -22.766  5.320    -3   15 o  0   1.50  23.66319  55.42012  2155.44  3434.70 2.51 2.20  39.8 -0.427 19.10 19.73 01a59837o0696o
59837.565036 -20.990  1.108   -15   16 o  0   1.07  23.66319  55.42012  2178.87  3477.11 2.46 2.19  39.2 -0.436 19.10 19.74 01a59837o0734o
59837.567975 -21.623  2.056    -8   17 o  0   1.17  23.66319  55.42012  2123.86  3394.98 2.47 2.20  39.1 -0.439 19.11 19.76 01a59837o0739o
59837.596237  20.516  0.874    23   20 o  0   1.00  23.66319  55.42012  2112.37  3516.70 2.51 2.37  33.0 -0.434 19.04 19.73 01a59837o0798o
59839.445456 -21.934  2.682    -6   16 o  0   1.55  23.66319  55.42012  8428.30  5378.98 2.46 2.13  46.4 -0.430 19.15 20.21 02a59839o0509o
59839.464355 -20.418  0.527   -25   13 o  0   1.68  23.66319  55.42012  8451.29  5419.65 2.51 2.13  45.1 -0.431 19.29 20.40 02a59839o0550o
59839.470730  21.781  2.000     7   14 o  0   1.36  23.66319  55.42012  8392.61  5344.81 2.54 2.15  43.4 -0.428 19.26 20.43 02a59839o0564o
59839.472537  22.406  3.893     4   15 o  0   1.38  23.66319  55.42012  8372.72  5462.04 2.59 2.16  42.0 -0.432 19.23 20.42 02a59839o0568o
59841.523638 -22.255  2.533    -5   12 o  0   1.79  23.66319  55.42012  8803.24  7329.35 3.05 2.48  31.9 -0.389 19.31 20.74 01a59841o0676o
59841.526463 -21.870  1.907    -6   12 o  0   1.56  23.66319  55.42012  8824.24  7367.50 3.00 2.45  31.0 -0.393 19.30 20.66 01a59841o0682o
59841.533905 -19.827  0.310   -43   13 o  0   1.36  23.66319  55.42012  8764.41  7293.91 3.09 2.50  31.4 -0.378 19.33 20.75 01a59841o0698o
59841.569347 -21.704  1.414    -8   11 o  0   1.63  23.66319  55.42012  8752.67  7415.05 2.52 2.46  40.2 -0.430 19.45 20.74 01a59841o0774o
59843.502674 -22.522  3.920    -4   14 o  0   1.06  23.66319  55.42012  4092.21  5049.93 2.70 2.06  30.4 -0.441 19.33 20.54 02a59843o0576o
59843.505880  21.286  1.278    11   14 o  0   1.20  23.66319  55.42012  4070.15  5005.96 2.69 2.05  29.1 -0.437 19.27 20.54 02a59843o0583o
59843.511781  22.208  2.444     5   12 o  0   2.23  23.66319  55.42012  4126.96  5081.06 2.45 2.09  29.4 -0.443 19.32 20.52 02a59843o0596o
59843.546249  21.311  1.413    11   15 o  0   1.09  23.66319  55.42012  4139.54  4964.28 2.79 2.02  27.7 -0.442 19.21 20.32 02a59843o0671o
59845.431926  20.878  0.897    16   14 c  0   1.27  23.66319  55.42012  1763.75  3358.64 3.72 3.15  49.3 -0.270 19.08 21.03 01a59845o0402c
59845.433785 -21.705  1.688    -8   13 c  0   1.23  23.66319  55.42012  1743.86  3321.91 3.01 2.74  46.9 -0.354 19.09 20.92 01a59845o0406c
59845.436558 -21.508  1.500    -9   14 c  0   1.40  23.66319  55.42012  1802.72  3397.08 3.07 2.75  46.0 -0.351 19.03 20.86 01a59845o0412c
59845.441654  20.122  0.490    32   16 c  0   1.77  23.66319  55.42012  1825.29  3278.81 3.20 2.76  48.9 -0.330 18.80 20.61 01a59845o0423c
59847.403554  21.222  1.275    12   15 o  0   1.33  23.66319  55.42012  6481.40  5518.25 2.40 2.00  43.4 -0.459 19.27 20.53 02a59847o0425o
59847.405361 -21.574  1.607    -8   14 o  0   2.03  23.66319  55.42012  6500.24  5555.52 2.38 2.02  42.3 -0.459 19.20 20.51 02a59847o0429o
59847.410817  22.291  3.931     4   17 o  0   0.96  23.66319  55.42012  6443.44  5480.70 2.39 1.97  40.6 -0.458 19.19 20.50 02a59847o0441o
59847.420780 -20.813  0.973   -17   17 o  0   1.45  23.66319  55.42012  6425.97  5598.39 2.40 1.95  43.4 -0.460 19.16 20.49 02a59847o0463o
59849.513135  22.715  2.667     3    8 c  0   1.45  23.66319  55.42012  2902.11  7231.02 2.86 2.77  39.6 -0.361 19.69 21.57 01a59849o0359c
59849.516367  20.989  0.602    15    9 c  0   1.68  23.66319  55.42012  2923.17  7269.79 2.93 2.85  40.0 -0.355 19.63 21.54 01a59849o0366c
59849.538746  22.810  3.316     3    9 c  0   1.29  23.66319  55.42012  2867.33  7193.05 2.88 2.77  34.9 -0.360 19.69 21.52 01a59849o0412c
59849.567085  22.281  2.071     4    9 c  0   1.60  23.66319  55.42012  2854.60  7311.78 3.07 2.89  51.1 -0.344 19.64 21.56 01a59849o0471c
59851.492266  21.122  0.810    13   10 o  0   1.67  23.66319  55.42012  8618.21  9212.29 2.21 2.13  88.6 -0.458 19.56 20.97 02a59851o0629o
59851.496341 -21.063  0.917   -14   12 o  0   1.25  23.66319  55.42012  8597.37  9165.24 2.23 2.14  86.2 -0.456 19.52 20.97 02a59851o0638o
59851.501824 -21.463  1.506    -9   14 o  0   0.96  23.66319  55.42012  8653.74  9251.33 2.21 2.11  84.9 -0.459 19.56 20.97 02a59851o0650o
59851.537038  22.090  2.395     5   13 o  0   1.19  23.66319  55.42012  8663.78  9136.57 2.23 2.12  39.0 -0.456 19.53 20.85 02a59851o0727o
59853.347884  20.558  0.409    22    9 c  0   1.81  23.66319  55.42012  7654.29  3547.22 3.17 3.02  57.1 -0.328 19.51 21.44 01a59853o0320c
59853.351625 -22.929  3.750    -2    9 c  0   1.49  23.66319  55.42012  7635.21  3508.05 3.62 3.29  39.7 -0.277 19.40 21.48 01a59853o0328c
59853.368972 -19.931  0.231   -39    9 c  0   1.34  23.66319  55.42012  7696.60  3581.16 3.09 2.94  52.2 -0.340 19.57 21.47 01a59853o0365c
59853.394365 -23.846  9.000    -1   10 c  0   1.42  23.66319  55.42012  7717.19  3459.20 3.22 3.08  52.7 -0.337 19.53 21.52 01a59853o0419c
59857.540444  21.114  0.780    13   10 c  0   1.24  23.66319  55.42012 10182.25  1419.81 2.86 2.64 -40.7 -0.376 19.65 21.41 01a59857o0300c
59857.541368  22.787  3.350     3    9 c  0   1.27  23.66319  55.42012   927.84  1530.33 2.97 2.64  49.5 -0.344 19.69 21.45 01a59857o0302c
59857.544601  20.058  0.265    34    9 c  0   1.64  23.66319  55.42012   946.64  1571.67 2.98 2.64  44.4 -0.348 19.66 21.46 01a59857o0309c
59857.545063  21.210  0.862    12   10 c  0   1.44  23.66319  55.42012 10200.09  1459.15 2.93 2.69 -47.6 -0.367 19.67 21.40 01a59857o0310c
59857.550615  22.248  1.900     5    9 c  0   1.82  23.66319  55.42012   891.43  1490.33 3.15 2.76  44.0 -0.333 19.64 21.46 01a59857o0322c
59857.551538 -21.540  1.017    -9    9 c  0   1.76  23.66319  55.42012 10149.11  1388.71 2.93 2.73 -43.6 -0.366 19.64 21.41 01a59857o0324c
59857.561374  21.378  0.899    10    9 c  0   1.40  23.66319  55.42012   880.08  1608.89 3.06 2.74  43.9 -0.333 19.62 21.49 01a59857o0345c
59857.562760  20.772  0.576    18   10 c  0   1.44  23.66319  55.42012 10132.87  1511.36 2.95 2.73 -36.1 -0.363 19.58 21.42 01a59857o0348c
59859.444192 -22.023 12.613    -6   71 o  0   1.34  23.66319  55.42012   623.29  3428.07 2.11 1.94  20.2 -0.447 17.31 17.46 02a59859o0544o
59859.449620 -19.650  1.315   -50   66 o  0   0.76  23.66319  55.42012   601.58  3384.95 2.08 1.87  22.5 -0.454 17.55 17.80 02a59859o0556o
59859.454146 -20.349  2.536   -26   67 o  0   0.96  23.66319  55.42012   663.07  3462.99 2.17 1.93  20.5 -0.442 17.61 17.89 02a59859o0566o
59859.465914 -20.773  2.839   -18   51 o  0   1.44  23.66319  55.42012   683.38  3339.96 2.11 1.91  21.0 -0.458 17.80 18.06 02a59859o0592o
59861.404193 -21.479 13.233    -9  123 o  0   0.65  23.66319  55.42012   333.70  9272.84 2.41 2.20 -81.0 -0.537 17.24 16.60 01a59861o0412o
59861.426287  19.742  1.383    46   64 o  0   1.14  23.66319  55.42012   311.65  9232.05 2.42 2.18 -83.8 -0.522 17.72 17.39 01a59861o0459o
59861.428598  19.500  0.940    58   54 o  0   1.29  23.66319  55.42012   370.49  9306.34 2.76 2.36  73.8 -0.457 17.80 17.54 01a59861o0464o
59861.430447 -21.273  6.982   -11   78 o  0   1.08  23.66319  55.42012  9584.69  9248.61 2.71 2.37  41.2 -0.461 17.48 17.24 01a59861o0468o
59861.431370  18.150  0.532   200  106 o  0   0.87  23.66319  55.42012   390.69  9187.70 2.45 2.22  89.2 -0.513 17.09 16.71 01a59861o0470o
59861.432294  17.973  0.692   235  162 o  0   1.27  23.66319  55.42012  9566.36  9207.61 2.98 2.43  39.9 -0.430 16.67 16.26 01a59861o0472o
59861.435066  19.272  1.012    71   72 o  0   1.50  23.66319  55.42012  9623.59  9288.67 2.68 2.37 -53.6 -0.485 17.52 17.07 01a59861o0478o
59863.389753  19.668  0.827    49   41 o  0   1.33  23.66319  55.42012  9962.70  7142.33 2.34 2.14  41.3 -0.458 18.49 18.90 02a59863o0419o
59863.392014 -21.121  2.713   -13   35 o  0   1.80  23.66319  55.42012  9983.63  7180.93 2.27 2.15  51.1 -0.457 18.50 18.94 02a59863o0424o
59863.395185 -21.919  9.977    -6   62 o  0   1.89  23.66319  55.42012  9920.74  7105.95 2.33 2.13  42.9 -0.454 18.03 18.77 02a59863o0431o
59863.474030  14.205  0.309  7548 2329 o  0   0.58  23.66319  55.42012 10522.80  3460.53 1.93 1.86  55.6 -0.654 14.87 15.32 02a59863o0514o
59867.457926 -21.445  1.851   -10   18 o  0   1.13  23.66319  55.42012  5468.40  6890.56 2.33 1.82  29.3 -0.451 19.17 19.89 02a59867o0578o
59867.461089 -20.464  0.711   -24   17 o  0   1.31  23.66319  55.42012  5450.03  6851.45 2.38 1.82  29.0 -0.449 19.16 19.89 02a59867o0585o
59867.466973  21.797  2.484     7   17 o  0   0.98  23.66319  55.42012  5505.95  6927.41 2.37 1.83  29.2 -0.442 19.15 19.87 02a59867o0598o
59867.476933 -21.480  1.775    -9   16 o  0   1.15  23.66319  55.42012  5525.27  6810.84 2.43 1.84  30.0 -0.447 19.14 19.82 02a59867o0620o
59869.391682  22.689  3.630     3   11 o  0   1.26  23.66319  55.42012  4845.84  5038.30 2.53 2.19  41.2 -0.415 19.56 20.78 01a59869o0436o
59869.396844  21.755  1.460     7   10 o  0   0.97  23.66319  55.42012  4827.73  5000.04 2.55 2.22  42.1 -0.411 19.52 20.75 01a59869o0447o
59869.400550 -20.072  0.262   -34    9 o  0   1.63  23.66319  55.42012  4885.97  5075.97 2.52 2.19  41.8 -0.415 19.54 20.73 01a59869o0455o
59869.405633  23.514  6.923     1   10 o  0   1.43  23.66319  55.42012  4904.69  4958.31 2.47 2.18  39.2 -0.418 19.53 20.73 01a59869o0466o
59871.433289  20.774  0.607    18   11 c  0   1.41  23.66319  55.42012  5470.60  6891.12 2.58 2.28  37.2 -0.417 19.61 21.35 02a59871o0530c
59871.436460  24.055 14.400     1   12 c  0   1.04  23.66319  55.42012  5451.76  6852.18 2.64 2.29  37.1 -0.413 19.35 21.10 02a59871o0537c
59871.442338 -25.752 61.000    -0   11 c  0   1.19  23.66319  55.42012  5503.57  6929.24 3.12 2.50  35.6 -0.389 19.51 21.39 02a59871o0550c
59871.452761  21.794  1.480     7   10 c  0   1.21  23.66319  55.42012  5527.89  6814.81 2.54 2.25  32.1 -0.420 19.63 21.38 02a59871o0573c
59873.422971  23.427 11.143     2   17 o  0   0.93  23.66319  55.42012  5527.06  1825.64 3.35 3.31  64.8 -0.395 19.21 20.87 01a59873o0509o
59873.425743  22.091  2.640     5   14 o  0   1.34  23.66319  55.42012  5547.07  1864.55 3.42 3.21  65.7 -0.376 19.26 20.86 01a59873o0515o
59873.432217 -21.893  1.829    -6   12 o  0   1.31  23.66319  55.42012  5493.13  1787.44 2.90 2.72  36.6 -0.384 19.36 20.86 01a59873o0529o
59873.442842  21.518  1.644     9   15 o  0   1.39  23.66319  55.42012  5475.66  1903.52 3.25 3.18 -63.4 -0.369 19.25 20.83 01a59873o0552o
59875.431416 -21.121  0.733   -13   10 c  0   1.78  23.66319  55.42012  6611.97  3033.92 2.57 2.37  38.9 -0.412 19.52 21.20 02a59875o0526c
59875.434581 -21.729  1.320    -7   10 c  0   1.36  23.66319  55.42012  6591.98  2994.42 2.63 2.38  39.1 -0.413 19.53 21.20 02a59875o0533c
59875.440930 -21.395  1.000   -10   10 c  0   1.16  23.66319  55.42012  6650.85  3072.15 2.61 2.36  37.0 -0.411 19.50 21.20 02a59875o0547c
59875.452406 -20.929  0.695   -15   11 c  0   1.53  23.66319  55.42012  6672.92  2957.06 2.74 2.53  38.4 -0.402 19.48 21.22 02a59875o0572c
59875.648459 -21.832 16.118    -7  108 c  0   1.00  23.66319  55.42012  6628.73  3017.62 3.97 3.85 -53.5 -0.392 17.04 18.30 02a59875o0902c
59877.415935  22.028  2.186     6   12 o  0   1.59  23.66319  55.42012  5527.63  1815.50 2.73 2.41  42.1 -0.393 19.42 20.66 01a59877o0492o
59877.419178  21.896  1.765     6   11 o  0   1.95  23.66319  55.42012  5547.36  1855.00 2.54 2.37  35.9 -0.429 19.46 20.67 01a59877o0499o
59877.447240 -22.126  2.159    -5   11 o  0   1.38  23.66319  55.42012  5496.59  1782.19 2.46 2.28  33.9 -0.434 19.50 20.72 01a59877o0558o
59877.475733  22.816  4.273     3   12 o  0   1.64  23.66319  55.42012  5489.73  1900.56 2.51 2.39  29.3 -0.422 19.47 20.76 01a59877o0618o
59881.409318 -21.371  1.267   -10   13 o  0   1.20  23.66319  55.42012 10320.48  5194.30 2.66 2.52 -61.5 -0.407 19.36 20.53 01a59881o0486o
59881.413015  20.728  0.596    19   11 o  0   2.19  23.66319  55.42012 10341.62  5231.85 2.51 2.38 -51.8 -0.415 19.43 20.58 01a59881o0494o
59881.419022 -20.820  0.773   -17   13 o  0   1.47  23.66319  55.42012 10283.84  5159.46 2.68 2.43   7.7 -0.385 19.34 20.59 01a59881o0507o
59881.429280  22.366  3.067     4   13 o  0   1.27  23.66319  55.42012 10267.10  5279.62 2.90 2.42  15.5 -0.372 19.27 20.51 01a59881o0529o
59881.432052  20.257  0.394    29   11 o  0   1.39  23.66319  55.42012   644.73  5306.14 2.52 2.39  42.6 -0.400 19.37 20.54 01a59881o0535o
59881.435340  21.167  0.931    12   12 o  0   1.95  23.66319  55.42012   665.68  5346.34 2.51 2.39  33.6 -0.402 19.37 20.56 01a59881o0542o
59881.440892 -21.763  1.593    -7   11 o  0   1.39  23.66319  55.42012   606.27  5266.12 2.54 2.37  44.5 -0.397 19.37 20.56 01a59881o0554o
59881.451584  20.384  0.489    26   12 o  0   1.74  23.66319  55.42012   590.09  5382.02 2.74 2.61  46.1 -0.390 19.29 20.55 01a59881o0577o
59883.433340  20.748  0.644    18   12 c  0   1.17  23.66319  55.42012  7807.81   629.54 2.34 2.12 -79.2 -0.449 19.50 21.11 02a59883o0541c
59883.436505  20.570  0.544    22   12 c  0   1.10  23.66319  55.42012  7788.68   593.31 2.40 2.15 -74.9 -0.447 19.50 21.10 02a59883o0548c
59883.441957 -21.495  1.125    -9   10 c  0   1.37  23.66319  55.42012  7850.84   672.65 2.40 2.15 -74.8 -0.446 19.48 21.09 02a59883o0560c
59883.453283  21.918  1.735     6   11 c  0   1.97  23.66319  55.42012  7873.72   554.88 2.39 2.13 -76.3 -0.451 19.45 21.09 02a59883o0585c
59885.320346 -19.365  1.893   -65  123 o  0   1.06  23.66319  55.42012  9902.60  5488.24 2.61 2.31  27.4 -0.408 16.91 17.33 01a59885o0293o
59885.323580 -20.822 12.885   -17  219 o  0   0.71  23.66319  55.42012  9882.47  5447.87 2.63 2.36 -59.1 -0.436 16.90 17.33 01a59885o0300o
59885.329588 -13.516  0.606 -14237 8621 o  0   1.43  23.66319  55.42012  9941.96  5527.98 2.61 2.41 -59.6 -0.540 12.30 12.18 01a59885o0313o
59885.336574  17.324  1.254   427  535 o  0   1.06  23.66319  55.42012   228.33  5483.17 2.40 2.31  53.0 -0.432 14.82 14.82 01a59885o0328o
59885.340339  16.006  0.639  1438  919 o  0   1.26  23.66319  55.42012   209.48  5443.81 2.58 2.28  50.5 -0.381 14.54 14.55 01a59885o0336o
59885.340800  16.463 11.619   944 10965 o  0   0.91  23.66319  55.42012  9961.72  5407.10 2.66 2.33 -54.8 -0.516 12.19 12.03 01a59885o0337o
59885.361776 -21.018  0.870   -14   12 o  0   1.60  23.66319  55.42012 10274.54  5150.57 2.40 2.39  34.5 -0.404 19.24 20.17 01a59885o0382o
59885.367472 -20.198  0.505   -30   15 o  0   0.90  23.66319  55.42012   285.74  5398.53 2.42 2.22  48.8 -0.400 19.25 20.13 01a59885o0394o
59893.393471  21.128  1.846    13   24 o  0   1.08  23.66319  55.42012  8967.99  9657.78 2.73 2.48 -54.4 -0.438 18.82 19.27 01a59893o0386o
59893.396247 -21.307  2.413   -11   26 o  0   0.78  23.66319  55.42012  8990.34  9696.62 2.70 2.43 -56.6 -0.437 18.84 19.27 01a59893o0392o
59893.401797 -21.062  1.500   -14   20 o  0   1.58  23.66319  55.42012  8930.15  9624.60 2.59 2.50  59.7 -0.436 18.78 19.26 01a59893o0404o
59893.411985 -20.055  0.613   -34   21 o  0   1.22  23.66319  55.42012  8911.75  9743.80 2.62 2.41 -53.5 -0.440 18.83 19.24 01a59893o0426o
59895.437868  21.139  1.567    13   20 o  0   0.93  23.66319  55.42012  7316.67  7313.69 2.63 1.96  31.7 -0.430 18.99 19.62 02a59895o0033o
59895.442883  20.248  0.728    29   21 o  0   0.72  23.66319  55.42012  7300.76  7275.89 2.45 1.90  34.5 -0.445 19.03 19.64 02a59895o0044o
59895.446054 -21.041  1.356   -14   19 o  0   1.36  23.66319  55.42012  7354.11  7352.48 2.64 1.99  32.0 -0.431 18.99 19.63 02a59895o0051o
59895.458807 -19.403  0.275   -63   17 o  0   1.22  23.66319  55.42012  7375.49  7236.99 2.45 1.99  33.4 -0.439 18.98 19.57 02a59895o0079o
59897.387715 -20.841  0.776   -17   13 o  0   1.85  23.66319  55.42012  6893.58  9839.24 2.54 2.42  43.6 -0.416 19.28 20.35 01a59897o0438o
59897.390943  20.995  0.934    14   14 o  0   1.47  23.66319  55.42012  6914.95  9878.69 2.46 2.37  43.5 -0.426 19.34 20.36 01a59897o0445o
59897.397882 -24.658 25.500    -0   13 o  0   1.93  23.66319  55.42012  6855.60  9803.50 2.60 2.36  47.9 -0.413 19.27 20.28 01a59897o0460o
59897.408084 -21.030  0.983   -14   14 o  0   1.08  23.66319  55.42012  6835.54  9922.85 2.47 2.40  38.2 -0.416 19.30 20.27 01a59897o0482o
59899.395340 -21.852  2.382    -7   16 o  0   0.75  23.66319  55.42012  6747.42  9243.09 2.17 2.08  47.9 -0.463 19.52 20.79 02a59899o0466o
59899.398517  22.547  3.250     4   11 o  0   1.56  23.66319  55.42012  6727.93  9204.13 2.25 2.10  44.9 -0.455 19.49 20.78 02a59899o0473o
59899.404409 -21.082  0.900   -13   12 o  0   1.64  23.66319  55.42012  6785.53  9281.71 2.19 2.11  51.8 -0.456 19.53 20.81 02a59899o0486o
59899.414374 -21.634  1.547    -8   12 o  0   1.76  23.66319  55.42012  6804.97  9165.09 2.30 2.11  38.2 -0.448 19.45 20.73 02a59899o0508o
59901.398881 -23.661  7.857    -1   10 c  0   1.12  23.66319  55.42012  6898.54  9840.19 3.36 3.05  49.8 -0.321 19.53 21.54 01a59901o0421c
59901.401657  20.665  0.496    20   10 c  0   1.46  23.66319  55.42012  6918.72  9877.79 3.05 2.88 -50.0 -0.364 19.67 21.52 01a59901o0427c
59901.407666 -22.987  3.500    -2    8 c  0   1.95  23.66319  55.42012  6855.29  9802.15 3.07 3.02  62.1 -0.349 19.62 21.52 01a59901o0440c
59901.442904  20.952  0.671    15   10 c  0   1.28  23.66319  55.42012  6841.61  9928.28 3.20 3.11  79.6 -0.335 19.58 21.47 01a59901o0515c
59905.394081 -21.151  0.833   -13   10 c  0   1.69  23.66319  55.42012  7379.22  1677.61 3.30 3.29  40.2 -0.349 19.42 21.38 01a59905o0404c
59905.396850 -22.053  2.273    -6   12 c  0   1.49  23.66319  55.42012  7399.20  1716.59 3.28 3.24  18.3 -0.352 19.21 21.14 01a59905o0410c
59905.404237  20.905  0.892    16   14 c  0   1.02  23.66319  55.42012  7345.18  1642.33 3.01 2.98  28.8 -0.376 19.30 21.09 01a59905o0426c
59905.415323 -23.459  7.125    -2   11 c  0   1.26  23.66319  55.42012  7331.89  1763.19 3.35 3.11  30.4 -0.317 19.44 21.46 01a59905o0450c
59907.388956 -22.546  3.156    -4   11 o  0   1.29  23.66319  55.42012  7909.82  5402.01 2.09 1.98  37.4 -0.459 19.54 20.78 02a59907o0456o
59907.392126 -22.049  2.235    -6   12 o  0   0.97  23.66319  55.42012  7890.77  5361.95 2.06 1.97  44.1 -0.465 19.52 20.79 02a59907o0463o
59907.398473  24.175 14.143     1   11 o  0   1.76  23.66319  55.42012  7948.94  5440.87 2.11 2.01  40.1 -0.455 19.52 20.82 02a59907o0477o
59907.409396  26.298 119.000     0   13 o  0   1.35  23.66319  55.42012  7971.63  5325.33 2.11 1.97  38.4 -0.461 19.53 20.80 02a59907o0501o
59909.287469 -22.843  3.667    -3   10 c  0   1.44  23.66319  55.42012  3130.31  9036.59 2.94 2.82  77.5 -0.345 19.65 21.43 01a59909o0222c
59909.290705 -21.500  0.906    -9    8 c  0   1.36  23.66319  55.42012  3112.34  8996.75 2.91 2.76  73.9 -0.348 19.66 21.42 01a59909o0229c
59909.297709  21.394  0.971    10   10 c  0   1.02  23.66319  55.42012  3167.45  9072.38 2.93 2.80  79.9 -0.346 19.66 21.44 01a59909o0244c
59909.320575  20.897  0.660    16   10 c  0   1.21  23.66319  55.42012  7311.17  1742.84 2.90 2.86  67.2 -0.396 19.66 21.44 01a59909o0292c
59915.370380 -21.355  2.134   -10   22 o  0   0.51  23.66319  55.42012  9737.57  1116.25 1.96 1.58 -64.0 -0.530 19.16 19.90 02a59915o0415o
59915.374028 -21.385  1.867   -10   19 o  0   0.65  23.66319  55.42012  9717.29  1075.33 1.99 1.58 -60.8 -0.535 19.14 19.90 02a59915o0423o
59915.380401  20.163  0.469    31   15 o  0   1.11  23.66319  55.42012  9779.05  1156.48 1.94 1.58 -62.4 -0.538 19.14 19.92 02a59915o0437o
59915.394924 -20.466  0.649   -24   15 o  0   1.46  23.66319  55.42012  9801.50  1036.79 1.99 1.55 -64.2 -0.542 19.13 19.89 02a59915o0469o
59927.292959  21.550  1.034     9    9 c  0   1.38  23.66319  55.42012  3582.13  7012.70 2.60 2.32  24.3 -0.410 19.55 21.37 02a59927o0235c
59927.296137 -21.314  0.974   -11   10 c  0   1.44  23.66319  55.42012  3564.97  6976.59 2.49 2.28  25.8 -0.410 19.58 21.37 02a59927o0242c
59927.301582  21.446  1.203    10   12 c  0   1.13  23.66319  55.42012  3618.91  7049.25 2.49 2.29  23.2 -0.410 19.57 21.37 02a59927o0254c
59927.311539  21.226  0.875    12   10 c  0   1.24  23.66319  55.42012  3638.84  6932.85 2.57 2.34  23.0 -0.409 19.55 21.32 02a59927o0276c
59959.247298  21.046  0.957    14   13 o  0   1.09  23.66319  55.42012  8556.63  3496.15 2.15 2.04  30.8 -0.446 19.32 20.50 02a59959o0116o
59959.250467 -20.833  0.697   -17   12 o  0   1.61  23.66319  55.42012  8535.60  3457.20 2.08 1.98  30.8 -0.450 19.38 20.50 02a59959o0123o
59959.258193 -20.652  0.608   -20   12 o  0   1.25  23.66319  55.42012  8597.37  3536.98 2.12 2.00  32.3 -0.442 19.37 20.51 02a59959o0140o
59959.268191 -21.428  1.440   -10   14 o  0   1.30  23.66319  55.42012  8615.05  3418.12 2.28 2.14  31.4 -0.433 19.26 20.49 02a59959o0162o
59963.366747  20.477  0.728    23   17 o  0   1.20  23.66319  55.42012  7964.31  7304.71 2.37 2.09  29.8 -0.444 19.15 20.05 02a59963o0144o
59963.369932  20.960  1.039    15   16 o  0   1.48  23.66319  55.42012  7946.23  7262.94 2.37 2.21  34.2 -0.440 19.13 20.04 02a59963o0151o
59963.375435 -21.746  2.453    -7   18 o  0   1.18  23.66319  55.42012  8001.03  7340.82 2.26 2.14  31.9 -0.449 19.13 19.98 02a59963o0163o
59967.235315 -20.896  0.852   -16   14 o  0   1.19  23.66319  55.42012  1235.11  9115.21 2.19 1.92 -42.6 -0.500 19.30 20.41 02a59967o0051o
59967.238479  21.111  1.122    13   15 o  0   1.37  23.66319  55.42012  1215.91  9074.33 2.11 1.91 -36.3 -0.499 19.35 20.47 02a59967o0058o
59967.243483  22.448  4.967     4   19 o  0   1.09  23.66319  55.42012 10487.30  9235.74 2.22 2.12 -76.8 -0.452 19.35 20.56 02a59967o0069o
59967.243935 -25.031 37.333    -0   13 o  0   1.20  23.66319  55.42012  1267.55  9149.45 2.16 1.91 -35.3 -0.511 19.37 20.52 02a59967o0070o
59967.246647  20.269  0.562    28   16 o  0   1.54  23.66319  55.42012 10467.82  9193.99 2.64 2.04 -60.7 -0.452 19.40 20.58 02a59967o0076o
59967.252096 -20.326  1.094   -27   29 o  0   1.00  23.66319  55.42012 10523.77  9276.53 2.56 2.02 -63.8 -0.451 19.44 20.56 02a59967o0088o
59967.254834  21.574  1.701     8   14 o  0   1.66  23.66319  55.42012  1289.53  9030.27 2.12 1.82 -42.1 -0.507 19.36 20.48 02a59967o0094o
60019.225838  19.209  0.677    75   51 o  0   1.25  23.66319  55.42012  4973.91  6459.76 3.14 2.09  32.1 -0.391 17.76 18.53 02a60019o0019o
60019.228647 -20.818  1.633   -17   28 o  0   1.34  23.66319  55.42012  4954.37  6416.82 2.88 2.11  33.5 -0.399 18.32 19.03 02a60019o0025o
60019.233811 -19.456  0.391   -60   23 o  0   1.42  23.66319  55.42012  5012.48  6492.04 2.76 2.24  34.3 -0.408 18.66 19.51 02a60019o0036o
60019.246019  21.316  1.900    11   20 o  0   1.43  23.66319  55.42012  5032.31  6379.33 2.57 2.07  34.9 -0.420 18.79 19.62 02a60019o0062o
60104.606293 -20.961  3.167   -15   47 o  0   0.93  23.66319  55.42012  4782.54  9897.81 3.85 3.72 -32.9 -0.426 18.20 19.37 02a60104o0749o
60104.609668  23.830 40.400     1   43 o  0   1.36  23.66319  55.42012  4803.68  9937.00 2.99 2.91 -45.9 -0.385 18.26 19.04 02a60104o0756o
60104.616732  21.389 14.263    10  144 o  0   1.55  23.66319  55.42012  4741.27  9855.21 3.33 3.18  -3.4 -0.400 17.08 17.54 02a60104o0769o
60116.533472 -21.703  1.844    -8   14 c  0   1.39  23.66319  55.42012  5555.14  1754.08 2.52 2.36 -57.3 -0.410 19.14 20.64 02a60116o0606c
60116.550098  21.257  1.096    11   12 c  0   1.36  23.66319  55.42012  5578.93  1793.49 2.47 2.31 -58.6 -0.413 19.29 20.73 02a60116o0641c
60116.553565  22.173  2.433     5   12 c  0   1.64  23.66319  55.42012  5524.27  1715.57 2.54 2.37 -63.2 -0.411 19.22 20.75 02a60116o0648c
60116.560806  20.531  0.514    22   11 c  0   1.65  23.66319  55.42012  5505.76  1832.19 2.45 2.27 -61.1 -0.418 19.31 20.82 02a60116o0662c
60124.519781 -20.929  1.170   -15   18 c  0   1.17  23.66319  55.42012  7257.01  1607.86 3.69 3.42 -48.2 -0.350 18.93 20.94 02a60124o0579c
60124.543616 -20.368  0.561   -26   14 c  0   1.09  23.66319  55.42012  7273.94  1646.50 2.98 2.73 -47.6 -0.380 19.24 21.09 02a60124o0629c
60124.561726 -21.250  1.189   -12   14 c  0   1.46  23.66319  55.42012  7218.96  1570.21 3.03 2.83 -53.2 -0.381 19.20 21.07 02a60124o0666c
60124.572613  20.015  0.408    36   15 c  0   1.20  23.66319  55.42012  7200.21  1687.23 3.23 2.94 -54.5 -0.374 19.17 21.07 02a60124o0688c
60130.502791 -19.863  0.940   -41   39 o  0   0.67  23.66319  55.42012  1697.99  2388.45 2.46 2.41   8.0 -0.433 18.36 18.85 02a60130o0542o
60130.528340  20.223  0.788    30   23 o  0   1.54  23.66319  55.42012  1718.17  2422.09 2.41 2.37  46.5 -0.432 18.51 19.06 02a60130o0595o
60130.534306 -22.793  7.700    -3   21 o  0   1.54  23.66319  55.42012  1658.80  2341.50 2.32 2.23  48.7 -0.437 18.57 19.13 02a60130o0606o
60130.543491 -19.294  0.972   -70   68 o  0   0.91  23.66319  55.42012  1639.22  2455.79 2.29 2.18  36.5 -0.436 17.57 18.02 02a60130o0625o
60132.608600  21.196  1.460    12   18 o  0   1.72  23.66319  55.42012  9628.42  2466.72 2.32 1.90 -56.3 -0.490 19.04 19.78 02a60132o0766o
60132.613412 -21.574  2.065    -8   18 o  0   1.50  23.66319  55.42012  9647.80  2507.35 2.21 1.83 -56.6 -0.494 18.93 19.54 02a60132o0776o
60132.618165  20.214  0.935    30   28 o  0   1.37  23.66319  55.42012  9592.06  2430.92 2.21 1.78 -57.0 -0.504 18.63 18.93 02a60132o0786o
60134.593263 -23.617 16.889    -1   22 o  0   1.59  23.66319  55.42012  1158.05  8581.55 2.22 2.17   4.4 -0.452 18.74 19.47 02a60134o0737o
60134.600823 -21.342  2.889   -10   30 o  0   1.19  23.66319  55.42012  1181.31  8619.81 2.37 2.32 -44.6 -0.459 18.62 19.37 02a60134o0752o
60134.604447  22.328  5.419     4   23 o  0   1.34  23.66319  55.42012  1117.58  8538.05 2.19 2.13 -43.5 -0.455 18.77 19.56 02a60134o0760o
60134.618704  22.310 16.643     4   72 o  0   1.72  23.66319  55.42012  1094.56  8654.03 2.18 2.12  28.9 -0.468 17.96 18.14 02a60134o0788o
60138.565765  19.123  0.514    81   42 o  0   1.16  23.66319  55.42012  8235.83   683.47 2.52 1.99 -53.5 -0.468 18.63 19.57 02a60138o0668o
60138.590521  20.457  1.587    24   38 o  0   1.34  23.66319  55.42012  8260.04   720.93 2.49 1.94 -60.4 -0.455 18.38 19.25 02a60138o0720o
60138.594592  21.291  1.925    11   21 o  0   1.16  23.66319  55.42012  8203.40   648.11 2.39 1.89 -59.1 -0.476 19.00 19.94 02a60138o0729o
60138.605189  18.543  0.267   139   37 o  0   1.22  23.66319  55.42012  8183.45   767.96 2.25 1.79 -58.9 -0.472 18.35 19.24 02a60138o0751o
60146.551311  23.680 10.167     1   12 c  0   1.54  23.66319  55.42012  3712.40  1332.28 2.88 2.77 -85.2 -0.411 19.30 21.21 02a60146o0656c
60146.554482 -23.836 12.800    -1   14 c  0   1.56  23.66319  55.42012  3731.58  1371.46 2.93 2.81 -80.4 -0.410 19.26 21.24 02a60146o0663c
60146.566214  21.174  1.013    12   12 c  0   1.49  23.66319  55.42012  3678.99  1292.76 2.61 2.46 -79.9 -0.434 19.38 21.20 02a60146o0687c
60146.573011 -22.668  3.105    -3   10 c  0   2.14  23.66319  55.42012  3663.94  1409.81 2.66 2.44  88.5 -0.424 19.43 21.21 02a60146o0702c
60148.595267  21.534  1.246     9   11 c  0   1.61  23.66319  55.42012  2587.71  5180.56 2.58 2.40  42.5 -0.422 19.55 21.46 02a60148o0746c
60148.599490  21.577  1.111     8    9 c  0   1.77  23.66319  55.42012  2610.74  5218.22 2.62 2.41  40.1 -0.416 19.51 21.44 02a60148o0755c
60148.611377  22.315  2.680     4   12 c  0   1.27  23.66319  55.42012  2563.41  5140.45 2.73 2.51  47.5 -0.427 19.46 21.36 02a60148o0779c
60148.617374 -23.758 10.286    -1   12 c  0   1.22  23.66319  55.42012  2546.65  5256.51 2.69 2.43  39.7 -0.418 19.35 20.99 02a60148o0791c
60150.585880  21.048  0.942    14   13 c  0   1.74  23.66319  55.42012   764.23  9467.78 2.51 2.36 -55.1 -0.481 19.46 21.28 02a60150o0730c
60150.588149 -22.512  3.571    -4   13 c  0   1.19  23.66319  55.42012   785.30  9509.56 2.61 2.52 -41.9 -0.464 19.42 21.28 02a60150o0735c
60150.591327 -21.650  1.660    -8   13 c  0   1.37  23.66319  55.42012   726.11  9427.92 2.59 2.49 -52.1 -0.466 19.44 21.28 02a60150o0742c
60150.603024  22.782  4.933     3   14 c  0   1.13  23.66319  55.42012   719.07  9542.56 2.80 2.59 -54.7 -0.452 19.39 21.31 02a60150o0765c
60152.532986  23.057  5.250     2   11 c  0   1.39  23.66319  55.42012  6898.51  3570.52 2.71 2.66  39.0 -0.389 19.39 21.30 02a60152o0625c
60152.536157  21.966  2.000     6   12 c  0   1.39  23.66319  55.42012  6919.00  3609.52 2.75 2.61  59.7 -0.388 19.42 21.31 02a60152o0632c
60152.543753  21.245  0.930    12   11 c  0   1.60  23.66319  55.42012  6866.24  3535.72 2.50 2.45 -74.5 -0.401 19.43 21.26 02a60152o0648c
60152.557775  21.484  1.269     9   12 c  0   1.67  23.66319  55.42012  6850.33  3650.76 2.73 2.62  56.3 -0.399 19.46 21.35 02a60152o0676c
60154.554255  21.185  1.392    12   17 o  0   1.71  23.66319  55.42012  4755.21  9888.61 2.23 2.11  56.0 -0.420 19.07 20.26 02a60154o0669o
60154.557417  20.807  0.941    17   16 o  0   1.78  23.66319  55.42012  4777.60  9928.56 2.31 2.21  64.2 -0.414 19.25 20.50 02a60154o0676o
60154.572431 -22.510  3.692    -4   13 o  0   2.26  23.66319  55.42012  4724.61  9847.43 2.34 2.15  52.2 -0.428 19.34 20.66 02a60154o0707o
60154.576507 -20.928  1.054   -15   16 o  0   1.31  23.66319  55.42012  4706.81  9966.80 2.31 2.17  59.9 -0.421 19.31 20.63 02a60154o0716o
60156.549204 -20.040  1.464   -35   51 o  0   1.28  23.66319  55.42012  1262.61  3266.17 2.12 1.98  40.8 -0.477 17.80 17.90 02a60156o0657o
