MJD          m      dm   uJy   duJy F err chi/N     RA       Dec        x        y     maj  min   phi  apfit mag5sig Sky   Obs
59616.498591  19.845  0.291    42   12 c  0   0.78 176.48761   5.86152  3035.27  6096.90 2.87 2.83  29.3 -0.393 19.44 21.50 02a59616o0627c
59616.533892  19.989  0.299    37   11 c  0   1.05 176.48761   5.86152  3058.59  6138.61 2.90 2.74  38.1 -0.391 19.48 21.49 02a59616o0662c
59616.552393  20.221  0.370    30   11 c  0   1.03 176.48761   5.86152  7586.98  4492.87 2.85 2.75  48.4 -0.383 19.48 21.46 02a59616o0701c
59616.557218  19.932  0.247    39   10 c  0   1.25 176.48761   5.86152  7607.71  4381.66 2.75 2.65  44.5 -0.387 19.52 21.45 02a59616o0711c
59617.021773  19.858  0.271    41   11 c  0   0.85 176.48761   5.86152  6536.68  9116.33 2.62 2.42 -81.1 -0.379 19.46 21.59 03a59617o0542c
59617.023139  20.411  0.439    25   11 c  0   1.14 176.48761   5.86152  6518.16  9076.88 2.47 2.31 -86.8 -0.394 19.51 21.61 03a59617o0545c
59617.028603  20.759  0.558    18   10 c  0   1.45 176.48761   5.86152  6577.17  9154.79 2.55 2.44 -79.4 -0.377 19.46 21.54 03a59617o0557c
59618.507362  19.965  0.300    38   11 o  0   1.16 176.48761   5.86152  7402.38  2485.02 2.78 2.61 -51.7 -0.494 19.51 21.25 01a59618o0665o
59618.510126  19.910  0.267    39   10 o  0   1.19 176.48761   5.86152  7381.83  2443.21 2.85 2.65 -56.6 -0.489 19.50 21.24 01a59618o0671o
59618.512891  20.451  0.444    24   11 o  0   1.13 176.48761   5.86152  7442.11  2521.64 2.84 2.61 -56.9 -0.493 19.51 21.24 01a59618o0677o
59618.522600  20.821  0.778    17   13 o  0   0.80 176.48761   5.86152  7460.23  2402.34 2.90 2.72 -52.1 -0.483 19.43 21.15 01a59618o0698o
59620.573600  20.026  0.308    35   11 c  0   1.04 176.48761   5.86152  2339.27  8817.74 2.52 2.44  77.9 -0.415 19.59 21.48 02a59620o0765c
59620.577289  20.043  0.276    35   10 c  0   1.07 176.48761   5.86152  2320.41  8777.50 2.48 2.38 -61.8 -0.432 19.62 21.58 02a59620o0773c
59620.584094  19.852  0.253    42   10 c  0   1.19 176.48761   5.86152  2382.92  8861.28 2.49 2.43  79.8 -0.415 19.61 21.47 02a59620o0787c
59620.619511  19.811  0.252    43   11 c  0   1.39 176.48761   5.86152  2392.27  8738.43 2.42 2.35 -69.3 -0.430 19.50 21.46 02a59620o0862c
59622.504998  20.827  0.864    17   15 o  0   1.15 176.48761   5.86152  7402.29  2479.34 2.88 2.76 -57.0 -0.476 19.11 20.30 01a59622o0628o
59622.506884  23.638 13.000     1   16 o  0   1.12 176.48761   5.86152  7382.08  2440.29 2.82 2.70 -57.2 -0.478 19.13 20.30 01a59622o0632o
59622.509648  21.932  2.412     6   15 o  0   1.33 176.48761   5.86152  7442.12  2518.77 2.81 2.66 -56.2 -0.488 19.16 20.30 01a59622o0638o
59622.529026  20.028  0.418    35   15 o  0   1.12 176.48761   5.86152  7459.72  2398.83 2.81 2.69 -61.0 -0.485 19.19 20.36 01a59622o0679o
59631.300914  19.028  0.219    89   20 o  0   1.27 176.48761   5.86152  6812.40  3992.83 2.12 1.85 -19.2 -0.440 18.65 19.06 04a59631o0542o
59631.305925  19.115  0.265    82   22 o  0   0.88 176.48761   5.86152  6835.25  4027.46 2.12 1.78 -17.5 -0.417 18.59 19.07 04a59631o0553o
59631.309113  19.206  0.273    76   21 o  0   1.44 176.48761   5.86152  6779.11  3947.92 2.03 1.78 -18.8 -0.426 18.61 19.05 04a59631o0560o
59631.319295  19.099  0.296    83   25 o  0   0.89 176.48761   5.86152  6764.78  4056.97 2.05 1.80 -17.8 -0.422 18.61 19.05 04a59631o0582o
59632.559099  19.015  0.175    90   16 o  0   1.09 176.48761   5.86152  5524.15  2614.29 2.33 2.11  55.7 -0.435 19.30 20.26 02a59632o0707o
59632.562297  19.871  0.326    41   13 o  0   1.14 176.48761   5.86152  5504.46  2575.67 2.38 2.09  56.2 -0.434 19.28 20.25 02a59632o0714o
59632.570081  19.081  0.156    85   13 o  0   1.17 176.48761   5.86152  5563.50  2652.52 2.29 2.05  51.4 -0.435 19.29 20.24 02a59632o0731o
59632.586106  19.118  0.167    82   14 o  0   1.33 176.48761   5.86152  5583.14  2537.16 2.30 2.06  48.4 -0.440 19.25 20.17 02a59632o0766o
59634.529219  19.444  0.242    61   15 o  0   0.89 176.48761   5.86152  7044.28  7834.65 2.97 2.93  49.5 -0.436 19.28 20.79 01a59634o0698o
59634.532869  19.334  0.197    67   13 o  0   1.38 176.48761   5.86152  7065.89  7873.00 3.05 2.94  52.8 -0.430 19.27 20.75 01a59634o0706o
59634.555196  19.478  0.258    59   15 o  0   1.15 176.48761   5.86152  7011.33  7798.63 3.08 2.93  54.7 -0.428 19.20 20.62 01a59634o0754o
59634.570216  19.493  0.247    58   14 o  0   1.47 176.48761   5.86152  6994.49  7917.98 3.00 2.90 -79.1 -0.442 19.17 20.57 01a59634o0786o
59635.222419  18.964  0.108    94   10 o  0   1.69 176.48761   5.86152  5703.32  6472.99 2.00 1.85 -59.7 -0.434 19.48 20.87 04a59635o0482o
59635.225609  19.068  0.131    86   11 o  0   1.18 176.48761   5.86152  5684.76  6434.25 2.08 1.87 -64.0 -0.430 19.47 20.90 04a59635o0489o
59635.232417  18.934  0.111    97   11 o  0   1.23 176.48761   5.86152  5746.08  6509.64 2.00 1.83 -55.1 -0.425 19.47 20.88 04a59635o0504o
59635.253368  18.948  0.131    96   12 o  0   0.88 176.48761   5.86152  5776.30  6390.36 1.96 1.78 -46.5 -0.427 19.48 20.88 04a59635o0549o
59636.462697  19.115  0.142    82   12 c  0   1.15 176.48761   5.86152  5143.66  9904.94 2.54 2.48 -34.5 -0.419 19.70 21.51 02a59636o0543c
59636.464524  19.110  0.152    82   12 c  0   1.13 176.48761   5.86152  5163.39  9943.94 2.54 2.51 -45.0 -0.417 19.65 21.51 02a59636o0547c
59636.468192  19.016  0.123    90   11 c  0   1.60 176.48761   5.86152  5106.55  9865.57 2.49 2.39 -53.8 -0.417 19.73 21.51 02a59636o0555c
59636.476422  18.870  0.115   103   12 c  0   1.38 176.48761   5.86152  5087.75  9979.04 2.48 2.34 -51.8 -0.421 19.73 21.51 02a59636o0573c
59638.452387  18.904  0.136   100   14 o  0   1.15 176.48761   5.86152  3517.75  2738.32 2.65 2.64 -67.6 -0.484 19.38 20.74 01a59638o0537o
59638.454212  19.071  0.158    85   14 o  0   0.97 176.48761   5.86152  3497.61  2699.15 2.71 2.60 -39.5 -0.492 19.35 20.75 01a59638o0541o
59638.456957  18.897  0.134   100   13 o  0   0.96 176.48761   5.86152  3557.50  2775.24 2.66 2.60 -35.2 -0.487 19.38 20.80 01a59638o0547o
59638.474769  18.735  0.102   116   12 o  0   1.42 176.48761   5.86152  3573.67  2655.28 2.69 2.58 -38.8 -0.489 19.36 20.78 01a59638o0586o
59639.851302  19.521  0.647    56   36 o  0   1.17 176.48761   5.86152  6451.48  3081.16 3.72 3.28 -58.8 -0.397 17.82 20.57 03a59640o0059o
59640.451544  18.840  0.108   106   11 c  0   1.38 176.48761   5.86152  5143.61  9903.53 2.46 2.39 -43.6 -0.423 19.70 21.64 02a59640o0485c
59640.453541  18.911  0.138    99   14 c  0   0.75 176.48761   5.86152  5163.59  9940.57 2.49 2.34 -52.6 -0.422 19.71 21.63 02a59640o0489c
59640.457441  19.124  0.155    81   13 c  0   0.82 176.48761   5.86152  5105.97  9864.68 2.44 2.34 -56.4 -0.422 19.72 21.64 02a59640o0497c
59640.481093  19.012  0.114    90   10 c  0   1.13 176.48761   5.86152  5498.23   585.25 2.38 2.18 -80.3 -0.432 19.68 21.67 02a59640o0544c
59640.849214  19.114  0.302    82   25 o  0   1.16 176.48761   5.86152  7115.56  2295.70 2.38 2.33  73.2 -0.475 18.60 20.60 03a59641o0102o
59642.468966  19.059  0.140    86   12 o  0   1.76 176.48761   5.86152 10077.44  1541.95 2.97 2.54 -57.7 -0.480 19.43 20.99 01a59642o0557o
59642.471871  19.455  0.229    60   14 o  0   1.17 176.48761   5.86152 10098.44  1579.82 3.00 2.62 -55.4 -0.477 19.37 21.00 01a59642o0563o
59642.477947  18.711  0.114   119   14 o  0   1.17 176.48761   5.86152 10040.34  1504.44 2.95 2.57 -56.5 -0.497 19.42 21.05 01a59642o0576o
59642.489670  18.770  0.126   113   14 o  0   1.19 176.48761   5.86152 10025.17  1622.54 3.00 2.60 -58.7 -0.485 19.42 21.11 01a59642o0601o
59643.280907   0.000 18.301     0  174 c  0   0.86 176.48761   5.86152  2970.13  6184.20 3.11 2.95 -76.1 -0.337 16.32 19.78 04a59643o0613c
59644.498571  18.784  0.189   111   21 c  0   1.20 176.48761   5.86152  7397.70   564.33 2.49 2.24 -28.5 -0.468 18.91 21.72 02a59644o0495c
59644.501485  18.518  0.143   142   20 c  0   1.24 176.48761   5.86152  7378.32   524.50 2.50 2.23 -31.3 -0.467 18.94 21.72 02a59644o0501c
59644.507873  18.877  0.206   102   21 c  0   0.85 176.48761   5.86152  7436.47   604.11 2.43 2.24 -27.0 -0.466 18.95 21.70 02a59644o0514c
59644.518711  18.627  0.160   129   21 c  0   1.11 176.48761   5.86152  7458.25   487.25 2.44 2.20 -31.0 -0.465 18.95 21.68 02a59644o0536c
59646.549429  19.204  0.315    76   24 o  0   0.84 176.48761   5.86152 10102.44  1543.77 2.86 2.54 -58.9 -0.520 19.02 20.37 01a59646o0598o
59646.553629  18.802  0.219   109   24 o  0   1.05 176.48761   5.86152 10121.28  1584.15 2.94 2.58 -60.4 -0.498 19.01 20.42 01a59646o0607o
59646.559051  19.262  0.514    72   37 o  0   1.07 176.48761   5.86152 10062.74  1509.10 2.91 2.58 -62.6 -0.509 18.70 20.06 01a59646o0618o
59646.572563  18.317  0.314   171   54 o  0   1.14 176.48761   5.86152 10046.64  1630.51 2.86 2.57 -58.4 -0.519 17.84 19.20 01a59646o0647o
59648.406869  18.851  0.114   105   12 o  0   1.63 176.48761   5.86152  3181.42 10001.56 2.29 1.83 -50.4 -0.475 19.44 20.58 02a59648o0379o
59648.412994  18.839  0.127   106   13 o  0   0.89 176.48761   5.86152  3205.58 10036.66 2.31 1.84 -52.0 -0.465 19.48 20.60 02a59648o0392o
59648.416221  19.047  0.164    87   14 o  0   1.15 176.48761   5.86152  3146.39  9958.50 2.41 1.88 -57.4 -0.452 19.46 20.61 02a59648o0399o
59648.437402  18.946  0.126    96   12 o  0   1.38 176.48761   5.86152  3129.17 10075.62 2.30 1.86 -56.7 -0.465 19.52 20.71 02a59648o0443o
59650.422796  19.100  0.184    83   15 o  0   1.39 176.48761   5.86152  6663.32  9083.40 2.85 2.78  24.5 -0.461 19.17 20.40 01a59650o0444o
59650.425071  18.872  0.146   103   15 o  0   1.19 176.48761   5.86152  6644.39  9045.58 2.83 2.76  -1.8 -0.460 19.22 20.41 01a59650o0449o
59650.427808  18.966  0.159    94   15 o  0   1.37 176.48761   5.86152  6703.74  9122.09 2.80 2.72  25.7 -0.463 19.20 20.42 01a59650o0455o
59650.435553  19.122  0.190    82   16 o  0   1.34 176.48761   5.86152  6722.32  9004.84 2.77 2.70  30.7 -0.468 19.23 20.45 01a59650o0472o
59651.174029  18.517  0.126   142   18 o  0   1.64 176.48761   5.86152  2364.89  8817.07 2.30 1.84 -74.8 -0.455 19.04 19.81 04a59651o0291o
59651.175381  19.483  0.372    58   22 o  0   0.72 176.48761   5.86152  2345.88  8777.94 2.43 1.88 -77.0 -0.421 18.98 19.84 04a59651o0294o
59651.181687  18.597  0.145   132   19 o  0   0.96 176.48761   5.86152  2406.94  8853.95 2.46 1.83 -77.5 -0.406 19.04 19.84 04a59651o0308o
59651.200991  18.640  0.164   127   21 o  0   1.04 176.48761   5.86152  2438.33  8733.31 2.38 1.91 -73.9 -0.444 19.05 19.96 04a59651o0349o
59652.932494  17.871  0.674   258  174 o  0   4.16 176.48761   5.86152  3641.03   670.65 2.85 2.47 -50.0 -0.439 16.35 20.20 03a59653o0082o
59658.506080  18.708  0.324   119   39 o  0   1.42 176.48761   5.86152  4983.73  6042.95 2.80 2.69  60.4 -0.456 18.47 19.06 01a59658o0611o
59658.511553  18.930  0.459    97   45 o  0   0.91 176.48761   5.86152  5005.17  6081.36 2.86 2.71  47.8 -0.435 18.40 19.03 01a59658o0623o
59658.514782  19.274  0.552    71   39 o  0   1.11 176.48761   5.86152  4945.94  6006.15 2.70 2.62 -56.7 -0.468 18.46 19.02 01a59658o0630o
59658.546143  19.616  1.049    52   54 o  0   0.83 176.48761   5.86152  4934.57  6125.84 2.92 2.83 -64.6 -0.451 18.26 18.87 01a59658o0698o
59659.255194  18.560  0.195   137   27 o  0   0.38 176.48761   5.86152  5068.81  7926.49 2.02 1.81 -59.8 -0.383 18.65 19.11 04a59659o0609o
59659.258856  18.510  0.151   143   22 o  0   1.81 176.48761   5.86152  5089.44  7962.84 2.15 1.82 -72.5 -0.411 18.61 19.10 04a59659o0617o
59659.265190  19.164  0.299    78   23 o  0   1.33 176.48761   5.86152  5032.87  7882.51 2.11 1.86 -71.8 -0.408 18.59 19.06 04a59659o0631o
59659.275192  18.895  0.254   100   26 o  0   1.14 176.48761   5.86152  5016.47  7994.36 2.07 1.86 -61.0 -0.379 18.55 18.99 04a59659o0653o
59660.480724  18.712  0.146   119   17 o  0   1.05 176.48761   5.86152  8559.65  9027.26 2.31 2.07  36.8 -0.441 19.15 19.87 02a59660o0537o
59660.492254  19.445  0.247    60   15 o  0   1.22 176.48761   5.86152  8538.25  8989.93 2.28 2.09  38.2 -0.438 19.15 19.83 02a59660o0562o
59660.497743  18.873  0.185   102   19 o  0   0.86 176.48761   5.86152  8597.88  9066.88 2.30 2.10  38.6 -0.436 19.16 19.83 02a59660o0574o
59660.502400  19.088  0.190    84   16 o  0   1.38 176.48761   5.86152  8616.07  8950.84 2.32 2.09  36.6 -0.440 19.13 19.82 02a59660o0584o
59662.392209  19.022  0.139    89   12 o  0   1.01 176.48761   5.86152  5577.72  4540.83 2.77 2.70 -11.0 -0.455 19.37 20.96 01a59662o0036o
59662.394952  18.727  0.108   117   13 o  0   1.07 176.48761   5.86152  5556.25  4499.49 2.83 2.74 -27.7 -0.455 19.39 21.00 01a59662o0042o
59662.397697  18.894  0.127   100   13 o  0   1.06 176.48761   5.86152  5615.66  4575.85 2.71 2.65 -22.0 -0.470 19.40 20.98 01a59662o0048o
59662.420213  18.937  0.126    97   12 o  0   1.15 176.48761   5.86152  4902.58  6107.85 2.86 2.72 -29.9 -0.453 19.36 20.99 01a59662o0096o
59663.149129  19.109  0.148    82   12 o  0   0.98 176.48761   5.86152  5517.36  2619.36 1.92 1.88 -11.9 -0.470 19.39 20.69 04a59663o0343o
59663.152787  18.721  0.102   118   12 o  0   1.46 176.48761   5.86152  5498.62  2579.67 1.90 1.82 -14.8 -0.481 19.41 20.71 04a59663o0351o
59663.155941  19.046  0.112    87   10 o  0   1.48 176.48761   5.86152  5558.29  2656.48 1.89 1.78 -24.3 -0.481 19.42 20.69 04a59663o0358o
59663.181183  19.051  0.164    87   14 o  0   0.76 176.48761   5.86152  4965.96  8057.17 2.13 1.88 -73.2 -0.411 19.38 20.70 04a59663o0411o
59664.568053  19.061  0.233    86   20 o  0   0.98 176.48761   5.86152  8551.57  9035.72 2.58 2.27  33.7 -0.419 19.10 20.40 02a59664o0450o
59664.571715  19.020  0.174    90   16 o  0   1.58 176.48761   5.86152  8530.52  8996.72 2.63 2.33  35.6 -0.427 19.06 20.37 02a59664o0458o
59664.577229  18.690  0.172   121   21 o  0   1.21 176.48761   5.86152  8589.42  9075.27 2.67 2.57  27.9 -0.428 18.99 20.34 02a59664o0470o
59664.603867  18.914  0.240    99   24 o  0   0.97 176.48761   5.86152  8609.94  8959.26 2.70 2.32  32.8 -0.403 18.90 20.10 02a59664o0489o
59666.484822  19.384  0.228    64   15 o  0   1.05 176.48761   5.86152  1326.06 10209.30 2.81 2.42 -42.6 -0.526 19.38 20.67 01a59666o0296o
59666.489383  18.729  0.120   117   14 o  0   1.21 176.48761   5.86152  1347.24 10248.54 2.85 2.42 -40.9 -0.520 19.32 20.63 01a59666o0306o
59666.497137  18.966  0.160    94   15 o  0   0.96 176.48761   5.86152  1287.06 10171.60 2.77 2.35 -44.3 -0.540 19.35 20.60 01a59666o0323o
59666.510483  18.711  0.125   119   15 o  0   1.14 176.48761   5.86152  1269.35 10290.39 2.82 2.36 -40.1 -0.533 19.32 20.62 01a59666o0352o
59667.171700  19.015  0.107    90   10 o  0   1.98 176.48761   5.86152  5112.09  9923.30 2.48 2.08 -80.1 -0.393 19.47 21.02 04a59667o0441o
59667.175544  19.282  0.208    70   15 o  0   0.83 176.48761   5.86152  5134.73  9958.26 2.50 2.11 -81.3 -0.392 19.51 21.02 04a59667o0449o
59667.180544  19.102  0.127    83   10 o  0   1.51 176.48761   5.86152  5079.82  9874.96 2.43 2.11 -80.1 -0.399 19.50 21.02 04a59667o0460o
59667.208758  19.024  0.131    89   12 o  0   1.52 176.48761   5.86152  5081.41  9966.34 2.55 2.16 -77.7 -0.395 19.49 21.02 04a59667o0521o
59668.380891  19.445  0.209    60   13 c  0   0.88 176.48761   5.86152  1164.62  8155.30 2.32 2.19 -21.0 -0.446 19.48 21.49 02a59668o0363c
59668.383633  19.217  0.170    75   13 c  0   0.60 176.48761   5.86152  1181.65  8196.89 2.33 2.25 -15.9 -0.449 19.55 21.55 02a59668o0369c
59668.386837  19.256  0.129    72    9 c  0   1.52 176.48761   5.86152  1124.50  8119.83 2.31 2.20 -19.1 -0.445 19.61 21.63 02a59668o0376c
59668.394607  19.161  0.136    79   11 c  0   1.45 176.48761   5.86152  1105.96  8233.95 2.28 2.14 -23.6 -0.459 19.64 21.60 02a59668o0393c
59670.354852  18.843  0.148   105   16 o  0   1.19 176.48761   5.86152  9249.87   396.32 2.82 2.56 -50.4 -0.487 19.36 20.83 01a59670o0312o
59670.358042  19.008  0.158    90   14 o  0   1.11 176.48761   5.86152  9231.02   358.05 2.85 2.58 -55.7 -0.475 19.36 20.80 01a59670o0319o
59670.363514  18.925  0.147    98   14 o  0   1.28 176.48761   5.86152  9290.14   432.01 2.82 2.52 -53.6 -0.481 19.40 20.79 01a59670o0331o
59670.373543  18.983  0.197    93   18 o  0   0.74 176.48761   5.86152  9309.81   312.37 3.07 2.79 -44.2 -0.461 19.29 20.77 01a59670o0353o
59672.864571  19.068  0.099    86    8 c  0   1.69 176.48761   5.86152  7533.93  4506.11 2.64 2.27 -48.9 -0.392 19.64 21.51 03a59673o0331c
59672.867301  19.283  0.131    70    9 c  0   1.23 176.48761   5.86152  7514.66  4468.53 2.56 2.31 -45.2 -0.406 19.68 21.51 03a59673o0337c
59672.872309  19.540  0.195    55   11 c  0   0.82 176.48761   5.86152  7570.75  4547.26 2.74 2.33 -49.4 -0.388 19.62 21.54 03a59673o0348c
59672.882343  19.294  0.123    70    9 c  0   1.67 176.48761   5.86152  7591.63  4435.77 2.56 2.33 -41.8 -0.412 19.66 21.52 03a59673o0370c
59675.118334  19.879  0.381    41   16 o  0   0.92 176.48761   5.86152  7377.67   572.62 2.51 2.25 -18.2 -0.411 19.21 20.73 04a59675o0353o
59675.121072  19.093  0.178    84   15 o  0   1.25 176.48761   5.86152  7359.39   533.52 2.60 2.36  -2.8 -0.417 19.16 20.71 04a59675o0359o
59675.126028  19.262  0.194    72   14 o  0   1.11 176.48761   5.86152  7420.75   610.04 2.57 2.30 -15.0 -0.407 19.23 20.68 04a59675o0370o
59675.134160  19.315  0.201    68   14 o  0   0.88 176.48761   5.86152  7445.32   491.09 2.47 2.18 -16.0 -0.419 19.28 20.69 04a59675o0388o
59676.399701  19.587  0.217    53   12 c  0   0.99 176.48761   5.86152  4289.74  8713.30 2.66 2.36  38.1 -0.392 19.59 21.55 02a59676o0336c
59676.403365  19.384  0.174    64   11 c  0   1.12 176.48761   5.86152  4270.04  8671.82 2.68 2.33  41.1 -0.396 19.59 21.58 02a59676o0344c
59676.408858  19.729  0.262    47   12 c  0   1.10 176.48761   5.86152  4328.11  8752.78 2.71 2.44  40.9 -0.390 19.58 21.62 02a59676o0356c
59676.422135  19.235  0.171    74   12 c  0   0.95 176.48761   5.86152  4347.98  8633.77 2.61 2.34  42.5 -0.400 19.60 21.63 02a59676o0385c
59676.721732  21.533  6.429     9   57 c  0   0.89 176.48761   5.86152  7546.35  4494.34 3.74 3.27 -41.7 -0.323 17.64 18.39 03a59677o0031c
59676.729077  19.905  0.527    40   21 c  0   1.50 176.48761   5.86152  7528.41  4454.15 3.31 2.91 -27.3 -0.391 18.63 19.92 03a59677o0047c
59676.731809  18.975  0.238    93   22 c  0   1.25 176.48761   5.86152  7584.18  4531.98 4.17 3.78 -24.5 -0.290 18.49 20.19 03a59677o0053c
59676.748769  19.572  0.338    54   18 c  0   1.34 176.48761   5.86152  7604.28  4415.99 4.03 3.65 -31.6 -0.358 18.75 20.60 03a59677o0090c
59679.141027  19.152  0.212    79   17 o  0   1.08 176.48761   5.86152  3157.82 10021.24 2.49 1.96 -74.5 -0.402 19.14 20.33 04a59679o0406o
59679.173141  18.790  0.155   111   17 o  0   0.93 176.48761   5.86152  3202.52 10027.84 2.49 1.85 -72.1 -0.429 19.21 20.40 04a59679o0476o
59679.175852  18.998  0.182    91   17 o  0   1.13 176.48761   5.86152  3145.82  9947.61 2.39 1.80 -71.6 -0.447 19.24 20.41 04a59679o0482o
59679.180818  19.579  0.281    54   15 o  0   1.16 176.48761   5.86152  3127.76 10061.00 2.30 1.77 -69.2 -0.470 19.23 20.47 04a59679o0493o
59680.322282  19.795  0.462    44   20 o  0   1.13 176.48761   5.86152  3391.97   786.93 2.73 2.60 -34.5 -0.500 18.95 19.84 01a59680o0216o
59680.327401  19.282  0.270    70   19 o  0   1.47 176.48761   5.86152  3371.52   747.10 2.81 2.68 -26.6 -0.491 18.89 19.83 01a59680o0227o
59680.329226  19.226  0.285    74   21 o  0   1.16 176.48761   5.86152  3432.51   824.26 2.80 2.71 -35.9 -0.483 18.90 19.84 01a59680o0231o
59680.338803  19.846  0.473    42   20 c  0   0.97 176.48761   5.86152  6304.67  1868.47 2.39 2.26  44.7 -0.405 18.73 20.35 02a59680o0244c
59680.341544  23.539 12.636     1   18 c  0   1.25 176.48761   5.86152  6324.74  1906.87 2.39 2.25  42.4 -0.402 18.74 20.36 02a59680o0250c
59680.344286  19.479  0.329    59   19 c  0   1.04 176.48761   5.86152  6267.16  1829.21 2.38 2.26  47.1 -0.408 18.72 20.37 02a59680o0256c
59680.349787  19.599  0.379    52   20 c  0   0.87 176.48761   5.86152  6248.76  1946.29 2.37 2.24  41.9 -0.405 18.75 20.37 02a59680o0268c
59680.359366  18.983  0.243    93   22 o  0   1.16 176.48761   5.86152  3446.48   702.34 2.88 2.84 -49.1 -0.468 18.88 19.88 01a59680o0293o
59687.194512  19.466  0.442    59   26 o  0   0.82 176.48761   5.86152  6928.00  5892.86 2.05 1.74 -25.7 -0.430 18.54 18.90 04a59687o0521o
59687.197218  19.104  0.240    83   20 o  0   1.82 176.48761   5.86152  6947.51  5930.22 1.99 1.71 -29.4 -0.434 18.53 18.84 04a59687o0527o
59687.203150  19.226  0.315    74   23 o  0   1.41 176.48761   5.86152  6890.95  5850.59 2.05 1.70 -31.0 -0.424 18.55 18.82 04a59687o0540o
59687.213134  18.174  0.156   195   30 o  0   2.02 176.48761   5.86152  6872.36  5963.27 2.07 1.78 -29.6 -0.427 18.48 18.80 04a59687o0562o
59688.377247  19.047  0.237    87   21 o  0   1.11 176.48761   5.86152  9589.97  6318.87 2.23 2.00  36.4 -0.452 18.86 19.33 02a59688o0334o
59688.381394  19.795  0.429    44   19 o  0   1.18 176.48761   5.86152  9569.90  6281.37 2.36 2.10  33.8 -0.431 18.89 19.43 02a59688o0343o
59688.387351  18.724  0.153   118   18 o  0   1.34 176.48761   5.86152  9628.82  6359.08 2.28 2.01  30.9 -0.443 18.91 19.42 02a59688o0356o
59688.397902  18.974  0.214    93   20 o  0   1.40 176.48761   5.86152  9647.48  6243.53 2.32 2.03  33.0 -0.442 18.90 19.38 02a59688o0379o
59690.386970  19.524  0.239    56   13 o  0   1.05 176.48761   5.86152  6765.53  3952.93 2.66 2.57 -76.1 -0.482 19.41 20.86 01a59690o0368o
59690.390615  19.579  0.249    54   13 o  0   1.10 176.48761   5.86152  6786.00  3992.50 2.65 2.58 -76.6 -0.476 19.36 20.76 01a59690o0376o
59690.397916  19.581  0.266    53   14 o  0   0.90 176.48761   5.86152  6728.57  3917.25 2.64 2.59  86.2 -0.475 19.30 20.58 01a59690o0392o
59690.411184  19.342  0.231    67   15 o  0   0.94 176.48761   5.86152  6712.11  4035.53 2.63 2.54 -65.6 -0.486 19.24 20.41 01a59690o0421o
59691.143385  19.263  0.227    72   16 o  0   0.89 176.48761   5.86152  2029.43  1555.22 2.22 1.83  48.9 -0.438 19.27 20.50 04a59691o0339o
59691.146197  19.515  0.265    57   15 o  0   1.01 176.48761   5.86152  2050.93  1592.66 2.27 1.84  50.6 -0.430 19.25 20.47 04a59691o0345o
59691.151714  19.344  0.182    66   12 o  0   1.60 176.48761   5.86152  1995.04  1509.52 2.41 1.94  49.7 -0.416 19.20 20.49 04a59691o0357o
59691.161683  21.640  2.128     8   17 o  0   1.43 176.48761   5.86152  1979.71  1619.81 2.58 2.19  53.4 -0.410 19.09 20.41 04a59691o0379o
59692.370953 -23.194 13.333    -2   26 c  0   1.64 176.48761   5.86152  1641.68  2810.71 2.38 2.29  52.2 -0.424 17.74 19.47 02a59692o0221c
59692.374151  19.814  1.193    43   51 c  0   1.35 176.48761   5.86152  1622.19  2772.61 2.39 2.28  47.0 -0.441 17.90 19.69 02a59692o0228c
59692.381472  20.267  0.478    28   14 c  0   0.51 176.48761   5.86152  1680.12  2849.74 2.40 2.31  54.1 -0.430 19.50 21.39 02a59692o0244c
59694.370728  19.370  0.184    65   12 o  0   1.36 176.48761   5.86152  6761.97  3953.42 2.71 2.68  57.5 -0.466 19.38 20.84 01a59694o0327o
59694.377632  19.133  0.167    81   13 o  0   0.94 176.48761   5.86152  6784.15  3992.15 2.73 2.65 -81.4 -0.464 19.37 20.80 01a59694o0342o
59694.380826  19.901  0.306    40   12 o  0   1.22 176.48761   5.86152  6723.72  3916.76 2.71 2.65 -85.3 -0.470 19.36 20.78 01a59694o0349o
59694.400302  19.708  0.269    48   13 o  0   0.96 176.48761   5.86152  6710.27  4037.37 2.73 2.68 -66.4 -0.467 19.33 20.73 01a59694o0391o
59695.113369  19.702  0.276    48   13 o  0   1.44 176.48761   5.86152  2014.27  1576.19 2.32 1.86  51.5 -0.433 19.23 20.56 04a59695o0350o
59695.116521  19.517  0.246    57   14 o  0   1.80 176.48761   5.86152  2036.03  1612.22 2.31 1.86  50.3 -0.432 19.26 20.58 04a59695o0357o
59695.123384  20.010  0.366    36   13 o  0   1.61 176.48761   5.86152  1982.70  1526.98 2.37 1.85  51.3 -0.510 19.26 20.52 04a59695o0372o
59695.133414  19.490  0.229    58   13 o  0   1.54 176.48761   5.86152  1969.63  1635.29 2.39 1.88  50.7 -0.431 19.22 20.50 04a59695o0394o
59696.348193  19.865  0.240    41   10 c  0   1.19 176.48761   5.86152  1643.03  2811.45 2.38 2.28  46.6 -0.426 19.55 21.39 02a59696o0260c
59696.351393  19.786  0.237    44   10 c  0   1.18 176.48761   5.86152  1623.58  2773.10 2.38 2.26  43.1 -0.427 19.57 21.39 02a59696o0267c
59696.357340  19.980  0.297    37   11 c  0   1.13 176.48761   5.86152  1682.25  2850.37 2.40 2.29  49.4 -0.424 19.56 21.39 02a59696o0280c
59696.367755  19.954  0.263    38   10 c  0   1.30 176.48761   5.86152  1701.36  2734.88 2.41 2.28  54.5 -0.422 19.52 21.38 02a59696o0302c
59698.358851  19.550  0.470    55   26 o  0   0.98 176.48761   5.86152  4834.32  4097.52 2.55 2.52  87.2 -0.482 18.60 20.03 01a59698o0293o
59698.370567  19.317  0.388    68   26 o  0   0.88 176.48761   5.86152  4855.78  4136.17 2.60 2.54  65.9 -0.477 18.74 20.21 01a59698o0318o
59698.376585  20.168  0.703    31   22 o  0   1.16 176.48761   5.86152  4796.99  4061.67 2.54 2.52 -79.8 -0.485 18.81 20.22 01a59698o0331o
59698.379811  19.669  0.483    49   24 o  0   0.92 176.48761   5.86152  4782.27  4177.70 2.55 2.53  77.1 -0.482 18.69 20.11 01a59698o0338o
59699.101045  19.938  0.685    38   26 o  0   1.00 176.48761   5.86152  1148.05  8160.48 2.27 1.93 -72.7 -0.393 18.54 20.11 04a59699o0333o
59699.104698  19.265  0.246    72   18 o  0   1.03 176.48761   5.86152  1170.58  8195.75 2.45 1.96 -74.0 -0.381 19.01 20.50 04a59699o0341o
59699.110629  19.663  0.278    50   14 o  0   1.89 176.48761   5.86152  1116.36  8111.98 2.33 1.88 -71.4 -0.401 19.05 20.43 04a59699o0354o
59699.123808  19.042  0.173    88   15 o  0   1.26 176.48761   5.86152  1103.95  8218.20 2.52 2.00 -85.1 -0.405 19.34 20.73 04a59699o0383o
59700.345701  19.842  0.405    42   17 c  0   1.36 176.48761   5.86152  1735.92  4747.42 2.54 2.31  37.0 -0.422 18.89 20.53 02a59700o0255c
59700.348900  19.499  0.345    58   20 c  0   0.84 176.48761   5.86152  1717.26  4711.86 2.59 2.37  35.5 -0.410 18.89 20.56 02a59700o0262c
59700.354915  19.717  0.286    47   14 c  0   1.26 176.48761   5.86152  1775.22  4789.40 2.54 2.31  37.5 -0.414 19.18 20.83 02a59700o0275c
59700.378437  20.077  0.424    34   14 c  0   0.87 176.48761   5.86152  1796.46  4676.09 2.47 2.29  35.0 -0.418 19.35 20.97 02a59700o0326c
59700.832665  19.620  0.162    52    8 o  0   1.89 176.48761   5.86152  4982.39  9881.50 2.42 2.19 -50.0 -0.392 19.58 21.07 03a59701o0298o
59700.836507  19.834  0.242    42   10 o  0   1.18 176.48761   5.86152  4998.81  9921.55 2.47 2.23 -49.5 -0.389 19.58 21.07 03a59701o0306o
59700.842541  19.713  0.210    47   10 o  0   0.99 176.48761   5.86152  4939.04  9843.29 2.35 2.16 -44.5 -0.403 19.59 21.03 03a59701o0319o
59700.853659  19.682  0.184    49    9 o  0   1.61 176.48761   5.86152  4910.36  9961.56 2.37 2.13 -39.6 -0.407 19.59 21.02 03a59701o0343o
59703.145643  19.318  0.194    68   13 o  0   1.05 176.48761   5.86152  1175.64  8114.61 2.38 1.90 -74.5 -0.393 19.32 20.63 04a59703o0185o
59703.148817  19.223  0.186    74   14 o  0   1.30 176.48761   5.86152  1196.14  8151.82 2.47 1.99 -80.9 -0.378 19.31 20.64 04a59703o0192o
59703.154224  19.487  0.230    58   13 o  0   1.28 176.48761   5.86152  1139.43  8071.95 2.39 1.96 -82.8 -0.386 19.34 20.67 04a59703o0204o
59703.165573  20.148  0.436    32   14 o  0   0.93 176.48761   5.86152  1122.16  8183.60 2.46 1.99 -82.7 -0.370 19.28 20.55 04a59703o0229o
59704.322869  20.370  0.372    26   10 c  0   1.03 176.48761   5.86152  1740.82  4751.27 2.48 2.24  30.4 -0.419 19.57 21.19 02a59704o0202c
59704.326525  19.610  0.210    52   11 c  0   0.97 176.48761   5.86152  1721.40  4713.30 2.50 2.25  33.8 -0.421 19.48 21.09 02a59704o0210c
59704.332932  20.231  0.392    29   12 c  0   0.84 176.48761   5.86152  1779.43  4790.80 2.47 2.24  33.7 -0.419 19.50 21.06 02a59704o0224c
59704.343033  18.138  0.585   202  118 c  0   1.07 176.48761   5.86152  1799.78  4677.42 2.47 2.23  35.7 -0.415 17.45 18.87 02a59704o0246c
59714.392766  19.999  0.851    36   31 o  0   1.11 176.48761   5.86152  8145.64  1695.64 2.74 2.68 -60.5 -0.491 18.28 18.71 01a59714o0353o
59714.396454  19.377  0.562    64   36 o  0   1.08 176.48761   5.86152  8165.84  1734.23 2.97 2.89 -67.1 -0.449 18.25 18.69 01a59714o0361o
59714.403823  19.949  0.989    38   38 o  0   1.41 176.48761   5.86152  8106.24  1658.68 2.99 2.77 -57.3 -0.481 18.15 18.60 01a59714o0377o
59714.415339  19.208  0.489    75   37 o  0   1.34 176.48761   5.86152  8088.69  1780.03 2.79 2.55 -53.2 -0.528 18.20 18.53 01a59714o0402o
59715.096128  19.260  0.534    72   38 o  0   0.69 176.48761   5.86152  1015.95  4251.16 2.52 2.02  62.3 -0.369 18.31 18.54 04a59715o0342o
59715.098866 -22.045  5.632    -6   31 o  0   1.24 176.48761   5.86152  1036.71  4288.46 2.52 2.04  65.5 -0.378 18.35 18.65 04a59715o0348o
59715.104743  19.781  0.688    44   31 o  0   1.15 176.48761   5.86152   981.06  4206.21 2.42 1.99  62.8 -0.391 18.47 18.80 04a59715o0361o
59715.114233  19.795  0.575    44   25 o  0   1.25 176.48761   5.86152   964.62  4317.51 2.50 2.05  66.8 -0.382 18.65 19.24 04a59715o0382o
59716.352498  20.391  0.774    25   20 o  0   1.51 176.48761   5.86152  1828.74  6693.71 2.20 1.93  36.2 -0.422 18.87 19.27 02a59716o0262o
59716.355702  19.312  0.283    68   19 o  0   1.26 176.48761   5.86152  1809.72  6655.02 2.16 1.93  37.6 -0.427 18.92 19.26 02a59716o0269o
59716.362582  21.485  2.680     9   25 o  0   0.69 176.48761   5.86152  1868.84  6732.58 2.34 2.05  34.9 -0.417 18.78 19.22 02a59716o0284o
59716.374032  19.057  0.308    86   27 o  0   0.70 176.48761   5.86152  1888.48  6616.18 2.32 2.03  33.1 -0.413 18.78 19.16 02a59716o0309o
59719.116763  19.501  0.302    58   17 o  0   1.21 176.48761   5.86152  1038.28  4234.68 2.66 2.13  66.2 -0.386 18.93 19.97 04a59719o0284o
59719.119578  18.802  0.162   110   18 o  0   1.59 176.48761   5.86152  1058.60  4272.38 2.79 2.39  67.9 -0.375 18.89 19.98 04a59719o0290o
59719.126185 -22.281  4.310    -4   19 o  0   0.86 176.48761   5.86152  1001.03  4192.05 2.69 2.22  65.2 -0.379 18.92 19.90 04a59719o0304o
59719.135976  19.849  0.435    42   18 o  0   1.17 176.48761   5.86152   982.06  4305.99 2.76 2.19  68.8 -0.370 18.86 19.82 04a59719o0325o
59720.338709  21.120  0.760    13   10 c  0   1.27 176.48761   5.86152  1831.37  6697.04 2.37 2.23  40.7 -0.419 19.59 21.16 02a59720o0227c
59720.342863  20.576  0.422    21    9 c  0   1.86 176.48761   5.86152  1812.14  6658.12 2.35 2.23  43.2 -0.419 19.57 21.16 02a59720o0236c
59720.348359  19.404  0.153    63   10 c  0   1.52 176.48761   5.86152  1868.73  6733.31 2.40 2.25  41.3 -0.413 19.59 21.15 02a59720o0248c
59720.361162  20.159  0.326    31   10 c  0   0.99 176.48761   5.86152  1891.52  6616.36 2.44 2.26  39.2 -0.412 19.54 21.13 02a59720o0276c
59722.294483  19.441  0.214    61   13 o  0   1.18 176.48761   5.86152  5091.14  7958.94 2.88 2.73  45.4 -0.446 19.30 20.63 01a59722o0135o
59722.298630  19.606  0.234    52   12 o  0   1.23 176.48761   5.86152  5113.04  7997.90 2.82 2.76 -22.2 -0.455 19.29 20.60 01a59722o0144o
59722.305539  20.385  0.489    26   12 o  0   1.11 176.48761   5.86152  5054.44  7922.80 2.84 2.70 -48.9 -0.472 19.26 20.59 01a59722o0159o
59722.315858  20.106  0.379    33   12 o  0   1.36 176.48761   5.86152  5037.78  8040.94 2.76 2.74 -64.8 -0.465 19.30 20.58 01a59722o0181o
59724.295814  20.831  0.574    17   10 c  0   1.08 176.48761   5.86152  7483.56  2536.31 2.38 2.31  78.7 -0.403 19.62 21.19 02a59724o0130c
59724.299128  19.813  0.204    43    9 c  0   1.58 176.48761   5.86152  7464.15  2499.07 2.34 2.27 -85.8 -0.412 19.61 21.28 02a59724o0137c
59724.305213  20.108  0.294    33   10 c  0   1.13 176.48761   5.86152  7521.68  2578.83 2.36 2.32  90.0 -0.404 19.62 21.23 02a59724o0150c
59724.321256  19.765  0.243    45   11 c  0   0.98 176.48761   5.86152  7544.39  2464.81 2.40 2.32 -84.3 -0.404 19.55 21.21 02a59724o0185c
59724.798554  19.796  0.237    44   10 o  0   1.23 176.48761   5.86152  2068.29  1521.57 2.35 2.19 -47.5 -0.421 19.50 20.81 03a59725o0232o
59724.802212  20.088  0.302    34   10 o  0   1.18 176.48761   5.86152  2085.34  1561.27 2.32 2.15 -57.1 -0.426 19.54 20.83 03a59725o0240o
59724.808201  20.052  0.279    35   10 o  0   1.24 176.48761   5.86152  2025.99  1482.07 2.31 2.14 -52.0 -0.431 19.53 20.83 03a59725o0253o
59724.818513  21.002  0.767    14   11 o  0   1.46 176.48761   5.86152  2001.83  1599.08 2.31 2.15 -51.5 -0.418 19.55 20.82 03a59725o0275o
59726.290466  19.240  0.200    73   15 o  0   0.92 176.48761   5.86152  5095.15  7958.74 2.81 2.57 -45.9 -0.483 19.32 20.64 01a59726o0128o
59726.293691  20.440  0.489    24   12 o  0   1.30 176.48761   5.86152  5115.76  7998.54 2.73 2.61 -43.6 -0.472 19.35 20.64 01a59726o0135o
59726.300164  19.732  0.254    46   12 o  0   1.46 176.48761   5.86152  5056.40  7921.61 2.73 2.66 -72.0 -0.471 19.33 20.63 01a59726o0149o
59726.312642  20.345  0.539    26   14 o  0   1.08 176.48761   5.86152  5040.81  8040.25 2.72 2.60 -48.6 -0.478 19.35 20.62 01a59726o0176o
59727.030154 -19.513  0.283   -57   16 o  0   1.80 176.48761   5.86152  8936.03  7756.67 2.80 2.27 -15.1 -0.395 18.99 20.37 04a59727o0199o
59727.033090 -18.945  0.455   -96   44 o  0   1.44 176.48761   5.86152  8956.96  7792.89 2.76 2.21 -14.8 -0.408 18.36 19.70 04a59727o0205o
59727.039060 -22.642  9.000    -3   29 o  0   1.42 176.48761   5.86152  8902.29  7710.38 2.71 2.22 -15.9 -0.405 18.35 19.73 04a59727o0218o
59727.049743 -19.890  1.026   -40   41 o  0   1.38 176.48761   5.86152  8888.58  7820.10 2.54 2.09 -22.4 -0.435 18.35 19.73 04a59727o0241o
59730.280309  19.944  0.463    38   18 o  0   1.28 176.48761   5.86152  5227.16  9905.78 2.70 2.64  68.7 -0.478 18.96 20.13 01a59730o0102o
59730.283999  20.877  0.837    16   14 o  0   1.16 176.48761   5.86152  5248.03  9946.39 2.71 2.57 -37.8 -0.497 19.30 20.50 01a59730o0110o
59730.289986  20.839  3.385    17   57 o  0   1.29 176.48761   5.86152  5188.25  9869.93 2.77 2.64  58.6 -0.473 17.91 19.06 01a59730o0123o
59730.308118  19.733  0.352    46   16 o  0   1.26 176.48761   5.86152  5174.92  9990.76 2.77 2.61 -43.4 -0.487 19.11 20.32 01a59730o0162o
59732.283245  21.597  1.200     8   10 c  0   1.05 176.48761   5.86152  7639.45  6409.29 2.66 2.34  35.2 -0.406 19.58 21.26 02a59732o0098c
59732.286448  19.966  0.312    38   12 c  0   0.85 176.48761   5.86152  7620.93  6370.31 2.69 2.33  34.7 -0.404 19.60 21.18 02a59732o0105c
59732.296543  20.644  0.523    20   10 c  0   1.15 176.48761   5.86152  7678.39  6448.86 2.71 2.35  36.0 -0.401 19.60 21.21 02a59732o0127c
59732.303402  20.322  0.380    27   10 c  0   1.21 176.48761   5.86152  7698.25  6335.23 2.77 2.39  33.4 -0.400 19.55 21.20 02a59732o0142c
59734.267026  21.442  1.127    10   11 o  0   1.91 176.48761   5.86152  5226.52  9906.04 2.72 2.63  70.2 -0.481 19.38 20.62 01a59734o0071o
59734.271167  20.064  0.418    34   14 o  0   1.05 176.48761   5.86152  5246.79  9944.94 2.71 2.61 -50.8 -0.489 19.35 20.62 01a59734o0080o
59734.276695  19.807  0.275    43   12 o  0   1.54 176.48761   5.86152  5186.20  9868.20 2.72 2.63  82.0 -0.482 19.35 20.62 01a59734o0092o
59734.291892  20.468  0.659    24   16 o  0   0.99 176.48761   5.86152  5172.18  9987.59 2.79 2.58 -50.2 -0.498 19.33 20.60 01a59734o0125o
59736.284049  19.783  0.306    44   14 o  0   1.08 176.48761   5.86152  7643.00  6413.64 2.40 1.89  37.4 -0.430 19.32 20.03 02a59736o0102o
59736.286839  20.334  0.548    27   15 o  0   1.17 176.48761   5.86152  7624.35  6373.91 2.41 1.91  37.3 -0.443 19.30 20.03 02a59736o0108o
59736.293236 -24.236 20.000    -1   15 o  0   1.39 176.48761   5.86152  7683.68  6453.37 2.40 1.94  36.0 -0.441 19.30 20.11 02a59736o0122o
59736.316221  20.572  0.743    21   16 o  0   1.01 176.48761   5.86152  7705.61  6338.89 2.42 1.98  36.8 -0.434 19.24 19.98 02a59736o0172o
59736.761961  21.294  2.000    11   22 o  0   1.17 176.48761   5.86152  6297.87  1927.80 2.82 2.34 -23.8 -0.385 18.80 19.59 03a59737o0176o
59736.765150  21.090  1.593    13   21 o  0   1.08 176.48761   5.86152  6315.56  1966.81 2.77 2.38 -24.2 -0.392 18.79 19.58 03a59737o0183o
59736.771110  20.020  0.530    36   19 o  0   1.58 176.48761   5.86152  6257.80  1889.04 2.75 2.39 -21.7 -0.395 18.82 19.59 03a59737o0196o
59736.782522  20.510  1.040    23   24 o  0   0.92 176.48761   5.86152  6231.33  2003.62 2.63 2.25 -39.1 -0.403 18.84 19.55 03a59737o0221o
59740.296186  20.035  0.635    35   22 o  0   0.86 176.48761   5.86152  3592.69  2722.37 2.24 2.00  39.9 -0.437 18.78 19.22 02a59740o0126o
59740.299884  19.516  0.437    57   25 o  0   0.82 176.48761   5.86152  3573.51  2683.35 2.33 2.12  41.0 -0.427 18.74 19.21 02a59740o0134o
59740.309044  19.773  0.484    45   22 o  0   1.26 176.48761   5.86152  3634.18  2760.52 2.26 2.02  38.9 -0.441 18.74 19.18 02a59740o0154o
59740.320503  21.569  2.857     9   24 o  0   1.00 176.48761   5.86152  3650.44  2643.63 2.44 2.15  39.5 -0.432 18.67 19.13 02a59740o0178o
59742.283613  20.436  0.946    24   23 o  0   1.21 176.48761   5.86152  3282.58 10050.65 2.88 2.72 -42.8 -0.456 18.73 19.46 01a59742o0102o
59742.287295  22.437  6.474     4   25 o  0   0.95 176.48761   5.86152  3303.48 10089.96 3.08 2.78 -40.0 -0.447 18.62 19.44 01a59742o0110o
59742.293282  21.052  1.973    14   27 o  0   0.96 176.48761   5.86152  3243.28 10013.80 3.02 2.52 -36.4 -0.490 18.67 19.43 01a59742o0123o
59742.308936  20.314  0.986    27   27 o  0   1.05 176.48761   5.86152  3224.79 10135.38 3.08 2.65 -35.9 -0.461 18.61 19.33 01a59742o0157o
59743.062903  19.383  0.536    64   34 o  0   0.96 176.48761   5.86152  9071.43  9662.51 2.74 2.45 -30.7 -0.396 18.52 18.87 04a59743o0270o
59743.065693  25.764 181.000     0   32 o  0   1.16 176.48761   5.86152  9090.86  9701.11 2.74 2.41 -41.1 -0.385 18.48 18.86 04a59743o0276o
59743.071329 -23.625 24.286    -1   31 o  0   1.02 176.48761   5.86152  9030.70  9621.80 2.76 2.49 -37.0 -0.381 18.44 18.81 04a59743o0288o
59743.083310  21.280  2.770    11   31 o  0   1.59 176.48761   5.86152  9010.17  9737.87 2.71 2.57 -32.9 -0.365 18.39 18.71 04a59743o0314o
59744.269688  21.393  2.823    10   28 o  0   0.67 176.48761   5.86152  3599.28  2722.41 2.60 2.43  40.0 -0.440 18.52 19.05 02a59744o0066o
59744.272893  21.793  3.463     7   24 o  0   1.12 176.48761   5.86152  3580.47  2681.66 2.32 2.14  36.0 -0.436 18.66 19.04 02a59744o0073o
59744.279748  20.164  0.751    31   23 o  0   1.02 176.48761   5.86152  3637.99  2760.62 2.41 2.16  37.7 -0.424 18.59 19.02 02a59744o0088o
59744.292105  19.768  0.495    45   22 o  0   1.58 176.48761   5.86152  3659.79  2644.95 2.58 2.32  36.9 -0.419 18.51 18.95 02a59744o0115o
59746.265288  22.510  3.476     4   12 o  0   1.27 176.48761   5.86152  6903.48  5887.35 2.78 2.59  51.9 -0.455 19.30 20.54 01a59746o0061o
59746.269436  20.549  0.638    22   14 o  0   1.21 176.48761   5.86152  6923.91  5925.53 2.77 2.62  65.1 -0.454 19.30 20.55 01a59746o0070o
59746.277262  20.076  0.439    34   15 o  0   1.06 176.48761   5.86152  6865.01  5850.74 2.81 2.61  54.3 -0.446 19.24 20.44 01a59746o0087o
59746.291072  22.663  5.471     3   17 o  0   0.93 176.48761   5.86152  6850.29  5969.42 2.70 2.55 -60.4 -0.483 19.12 20.23 01a59746o0117o
59750.257702 -20.168  0.549   -31   17 o  0   0.82 176.48761   5.86152  6899.46  5888.34 3.11 3.00 -61.2 -0.438 19.01 20.33 01a59750o0043o
59750.260928  20.614  0.702    21   14 o  0   1.14 176.48761   5.86152  6921.02  5926.06 2.97 2.83 -73.3 -0.453 19.17 20.48 01a59750o0050o
59750.266453  20.381  0.595    26   15 o  0   0.87 176.48761   5.86152  6862.31  5850.90 3.02 2.90  68.3 -0.434 19.22 20.57 01a59750o0062o
59750.277042  21.792  1.882     7   13 o  0   1.51 176.48761   5.86152  6846.92  5970.45 2.97 2.93  78.9 -0.441 19.19 20.55 01a59750o0085o
59751.026548 -19.940  1.000   -38   38 o  0   1.09 176.48761   5.86152  8771.61  3846.35 2.97 2.21 -20.6 -0.400 17.74 19.07 04a59751o0192o
59751.030249  20.625  1.358    20   28 o  0   1.04 176.48761   5.86152  8791.62  3883.55 3.06 2.24 -21.0 -0.406 18.54 19.89 04a59751o0200o
59751.036225  19.685  0.558    48   27 o  0   1.26 176.48761   5.86152  8734.46  3804.81 3.01 2.31 -19.6 -0.394 18.27 19.66 04a59751o0213o
59751.048686 -19.448  1.377   -60   83 o  0   1.02 176.48761   5.86152  8713.98  3917.93 2.98 2.26 -20.3 -0.405 17.58 19.00 04a59751o0240o
59755.000196 -19.570  1.105   -54   60 o  0   0.67 176.48761   5.86152  3059.02  8091.65 2.40 1.91 -81.7 -0.380 17.60 18.75 04a59755o0006o
59767.002388  19.902  0.775    40   31 o  0   0.74 176.48761   5.86152  2968.65  4134.60 2.41 2.22  76.3 -0.391 18.44 18.98 04a59767o0132o
59767.006177  22.994 12.294     2   28 o  0   0.78 176.48761   5.86152  2988.24  4172.66 2.37 2.16  76.3 -0.402 18.47 18.97 04a59767o0140o
59767.012666  20.342  0.958    26   25 o  0   1.24 176.48761   5.86152  2930.85  4093.57 2.36 2.18  72.8 -0.405 18.44 18.98 04a59767o0154o
59767.024641 -21.331  2.270   -11   24 o  0   1.18 176.48761   5.86152  2909.42  4208.15 2.44 2.20  73.4 -0.393 18.40 18.92 04a59767o0180o
59768.715091 -20.139  0.864   -32   28 o  0   1.15 176.48761   5.86152  8816.10  9767.04 3.20 2.50 -22.9 -0.404 18.42 18.96 03a59769o0052o
59768.717972  21.320  2.804    11   30 o  0   0.99 176.48761   5.86152  8835.13  9806.59 3.21 2.51 -23.7 -0.405 18.48 19.03 03a59769o0058o
59768.724344  21.439  3.205    10   31 o  0   1.01 176.48761   5.86152  8777.34  9726.52 3.27 2.58 -20.2 -0.397 18.45 19.07 03a59769o0072o
59768.734296  21.232  2.519    12   29 o  0   1.15 176.48761   5.86152  8756.88  9842.21 3.27 2.53 -20.6 -0.389 18.46 19.04 03a59769o0094o
59772.747510  21.542  4.042     9   36 o  0   1.13 176.48761   5.86152  8849.65  9803.48 2.89 2.32 -22.4 -0.416 18.26 18.58 03a59773o0007o
59772.757440  22.283  8.522     4   38 o  0   1.07 176.48761   5.86152  8797.33  9724.06 3.00 2.46 -19.9 -0.393 18.19 18.51 03a59773o0029o
59772.760595  20.414  1.448    25   36 o  0   1.37 176.48761   5.86152  8777.64  9839.51 3.10 2.47 -18.5 -0.378 18.14 18.48 03a59773o0036o
59776.703155  18.848  0.673   105   71 o  0   1.11 176.48761   5.86152  8673.76  3990.62 2.48 2.29 -42.1 -0.405 17.41 17.02 03a59777o0031o
59776.710424 -19.579  0.507   -54   27 o  0   2.11 176.48761   5.86152  8619.76  3910.65 2.45 2.29 -37.8 -0.409 18.30 18.59 03a59777o0047o
59776.730348  21.113  1.400    13   18 o  0   0.80 176.48761   5.86152  8598.93  4024.57 2.39 2.13 -51.2 -0.422 18.99 19.86 03a59777o0091o
59778.258382  19.900  0.505    40   20 o  0   1.07 176.48761   5.86152   969.13  4365.91 2.79 2.63 -46.9 -0.497 18.95 20.03 01a59778o0032o
59778.262027  21.293  1.741    11   19 o  0   0.91 176.48761   5.86152   989.72  4404.87 2.79 2.65 -49.3 -0.495 18.97 20.08 01a59778o0040o
59778.267513  21.601  2.512     8   21 o  0   0.97 176.48761   5.86152   929.27  4328.00 2.91 2.72 -47.7 -0.481 18.95 20.09 01a59778o0052o
59778.279354 -21.946  3.500    -6   21 o  0   0.94 176.48761   5.86152   912.33  4445.12 2.81 2.72 -46.2 -0.492 18.88 20.03 01a59778o0078o
59796.711819  18.844  0.921   105   97 o  0   0.91 176.48761   5.86152  2902.35  4146.83 2.46 2.29 -37.3 -0.424 17.42 17.25 03a59797o0034o
59796.717255 -20.058  0.845   -34   29 o  0   2.25 176.48761   5.86152  2846.98  4065.44 2.47 2.28 -43.7 -0.416 18.14 18.32 03a59797o0046o
59796.728665 -20.590  1.933   -21   41 o  0   0.82 176.48761   5.86152  2831.74  4178.87 2.67 2.51 -15.5 -0.383 18.29 18.80 03a59797o0071o
59894.622683 -19.597  0.407   -53   21 o  0   1.27 176.48761   5.86152  3759.75  6694.56 3.07 2.67  46.8 -0.332 18.73 19.41 01a59894o0946o
59894.636345  20.997  1.215    14   18 o  0   1.25 176.48761   5.86152  3746.10  6654.45 3.06 2.58  44.8 -0.337 18.80 19.49 01a59894o0974o
59894.644519 -24.475 33.500    -1   20 o  0   1.10 176.48761   5.86152  3803.96  6730.32 2.95 2.54  43.9 -0.340 18.80 19.43 01a59894o0991o
59921.057267 -19.675  0.757   -49   37 o  0   1.43 176.48761   5.86152  8437.63  9014.60 3.47 2.92 -31.6 -0.336 17.96 18.40 03a59921o0640o
59921.061384  21.992  8.158     6   47 o  0   1.11 176.48761   5.86152  8419.77  8973.35 3.39 2.94 -29.0 -0.375 17.89 18.35 03a59921o0649o
59921.078331 -19.423  0.735   -62   45 o  0   0.86 176.48761   5.86152  8474.65  9048.00 3.63 3.10 -41.9 -0.346 18.05 18.63 03a59921o0686o
59921.085116  19.362  0.661    65   43 o  0   1.00 176.48761   5.86152  8494.55  8932.08 3.41 2.88 -40.2 -0.360 18.05 18.50 03a59921o0701o
59945.026635  21.084  0.915    13   12 o  0   0.95 176.48761   5.86152  5480.34  1895.92 2.34 2.19 -36.1 -0.408 19.26 20.55 03a59945o0547o
59945.031925  20.099  0.362    33   12 o  0   1.36 176.48761   5.86152  5456.95  1862.16 2.24 2.06 -49.9 -0.413 19.30 20.53 03a59945o0558o
59945.035078  20.848  0.808    17   13 o  0   1.65 176.48761   5.86152  5510.52  1944.50 2.53 2.33 -46.7 -0.394 19.17 20.54 03a59945o0565o
59945.045473 -21.142  0.835   -13   11 o  0   2.35 176.48761   5.86152  5524.96  1840.33 2.82 2.16  -5.7 -0.385 19.17 20.55 03a59945o0588o
59947.271143 -24.860 47.667    -0   20 o  0   0.89 176.48761   5.86152  1853.70  6723.61 2.38 2.02 -81.9 -0.383 18.91 19.94 04a59947o0512o
59947.274297  20.766  0.955    18   17 o  0   1.29 176.48761   5.86152  1835.26  6684.39 2.18 1.87 -83.8 -0.389 19.06 20.00 04a59947o0519o
59947.281557 -21.111  1.018   -13   13 o  0   1.26 176.48761   5.86152  1892.18  6761.53 2.23 1.89 -86.1 -0.384 19.18 20.24 04a59947o0535o
59947.291920  22.599  3.448     3   11 o  0   1.06 176.48761   5.86152  1909.33  6645.90 2.17 1.87 -85.6 -0.392 19.30 20.59 04a59947o0558o
59953.019512  19.177  0.487    78   38 o  0   0.94 176.48761   5.86152  2575.97  8518.72 2.53 2.21 -55.4 -0.371 18.45 18.71 03a59953o0528o
59953.022679  21.435  2.857    10   28 o  0   1.20 176.48761   5.86152  2555.83  8483.17 2.61 2.25 -53.1 -0.369 18.46 18.75 03a59953o0535o
59953.028095  24.532 44.750     1   25 o  0   1.38 176.48761   5.86152  2608.07  8568.69 2.46 2.15 -51.8 -0.384 18.54 18.79 03a59953o0547o
59953.040989  21.655  3.392     8   27 o  0   1.57 176.48761   5.86152  2621.35  8471.33 2.58 2.31 -51.3 -0.371 18.50 18.85 03a59953o0574o
59959.319414  21.798  2.315     7   16 o  0   1.08 176.48761   5.86152  7474.83  2556.33 2.37 1.99 -24.1 -0.402 18.97 19.89 04a59959o0645o
59959.324792  20.324  0.580    27   16 o  0   1.30 176.48761   5.86152  7459.93  2518.13 2.39 2.16 -28.3 -0.417 18.96 19.87 04a59959o0656o
59959.327494 -19.794  0.252   -44   11 o  0   2.13 176.48761   5.86152  7517.10  2595.44 2.22 1.85 -19.8 -0.421 19.02 19.90 04a59959o0662o
59959.333025 -20.652  0.852   -20   17 o  0   1.04 176.48761   5.86152  7539.24  2478.34 2.28 1.85 -21.7 -0.425 19.00 19.84 04a59959o0674o
59959.364835  22.038  2.867     6   16 o  0   1.71 176.48761   5.86152  7516.84  2531.34 2.37 1.91 -21.3 -0.410 18.78 19.47 04a59959o0741o
59963.296164  20.671  0.592    20   12 o  0   1.11 176.48761   5.86152  7645.74  6423.98 2.28 1.98 -30.8 -0.433 19.37 20.66 04a59963o0601o
59963.299768 -22.724  3.917    -3   12 o  0   1.11 176.48761   5.86152  7626.86  6385.14 2.18 1.97 -37.8 -0.430 19.39 20.62 04a59963o0609o
59963.302929 -21.655  1.397    -8   11 o  0   1.27 176.48761   5.86152  7686.46  6462.46 2.25 1.97 -28.5 -0.420 19.35 20.60 04a59963o0616o
59963.314124 -22.923  5.350    -2   13 o  0   0.87 176.48761   5.86152  7710.04  6346.72 2.25 1.92 -16.3 -0.418 19.40 20.66 04a59963o0640o
59964.593304 -21.802  2.000    -7   14 o  0   1.08 176.48761   5.86152  5952.34  4906.12 3.07 2.69  42.6 -0.422 19.19 20.71 02a59964o0788o
59964.603302 -23.929 16.000    -1   16 o  0   1.00 176.48761   5.86152  5932.77  4868.70 2.94 2.51  41.4 -0.423 19.26 20.69 02a59964o0810o
59964.631546  20.820  0.817    17   14 o  0   0.84 176.48761   5.86152  5987.04  4939.92 2.87 2.47  37.8 -0.409 19.24 20.70 02a59964o0871o
59964.635615 -20.912  0.713   -16   11 o  0   1.23 176.48761   5.86152  6008.19  4827.58 2.69 2.19  39.0 -0.417 19.38 20.69 02a59964o0880o
59965.046161 -21.908  1.729    -6   11 c  0   0.71 176.48761   5.86152  1744.83  4664.31 2.36 2.20 -44.0 -0.401 19.70 21.51 03a59965o0602c
59965.062485 -21.615  0.985    -8    8 c  0   1.23 176.48761   5.86152  1731.60  4624.86 2.32 2.13 -46.6 -0.409 19.73 21.49 03a59965o0637c
59965.065263  22.797  3.136     3    9 c  0   1.12 176.48761   5.86152  1787.47  4702.92 2.33 2.12 -46.2 -0.416 19.74 21.49 03a59965o0643c
59965.068427  22.981  3.684     2    9 c  0   1.33 176.48761   5.86152  1810.24  4587.40 2.33 2.09 -50.7 -0.417 19.72 21.48 03a59965o0650c
59968.398305 -21.596  1.884    -8   16 o  0   0.94 176.48761   5.86152  4967.58  6005.36 2.36 1.77  34.0 -0.427 19.17 20.00 02a59968o0437o
59968.401495  20.764  0.742    18   13 o  0   1.66 176.48761   5.86152  4986.51  6043.89 2.24 1.76  34.0 -0.431 19.20 20.04 02a59968o0444o
59968.406981  22.285  3.162     4   14 o  0   1.05 176.48761   5.86152  4927.64  5966.56 2.38 1.76  35.1 -0.436 19.23 20.10 02a59968o0456o
59968.442394  20.518  0.580    22   13 o  0   1.14 176.48761   5.86152  4903.21  6083.37 2.39 1.90  34.3 -0.425 19.34 20.38 02a59968o0533o
59969.072277  21.795  1.319     7    9 c  0   1.19 176.48761   5.86152  1639.81   782.02 2.54 2.35 -63.8 -0.400 19.60 21.42 03a59969o0615c
59969.075880 -24.914 24.333    -0   10 c  0   0.99 176.48761   5.86152  1621.11   742.06 2.37 2.20 -45.5 -0.413 19.66 21.44 03a59969o0623c
59969.106668 -25.076 33.500    -0   11 c  0   1.16 176.48761   5.86152  8877.55  9740.25 2.83 2.40 -51.9 -0.401 19.51 21.15 03a59969o0689c
59969.112672  21.253  1.274    11   15 c  0   0.85 176.48761   5.86152  8855.14  9858.20 2.73 2.32 -52.5 -0.396 19.29 20.56 03a59969o0702c
59971.293223 -20.979  0.879   -15   13 o  0   0.90 176.48761   5.86152  3603.27  2756.68 1.95 1.86 -20.2 -0.422 19.40 20.62 04a59971o0599o
59971.296378  24.641 21.800     0   11 o  0   1.15 176.48761   5.86152  3585.19  2717.32 1.90 1.83 -22.9 -0.434 19.44 20.63 04a59971o0606o
59971.300446 -22.116  2.229    -5   12 o  0   1.34 176.48761   5.86152  3645.66  2794.02 1.97 1.85 -21.5 -0.430 19.37 20.65 04a59971o0615o
59971.322193  22.201  2.170     5   10 o  0   1.58 176.48761   5.86152  3677.94  2674.26 1.92 1.81 -18.7 -0.433 19.40 20.60 04a59971o0662o
59975.343741 -21.593  1.392    -8   12 o  0   1.30 176.48761   5.86152  7001.35  7850.33 2.09 1.84 -32.0 -0.413 19.39 20.68 04a59975o0640o
59975.347079 -22.451  3.094    -4   12 o  0   1.02 176.48761   5.86152  7023.06  7885.65 2.14 1.90 -38.8 -0.409 19.37 20.68 04a59975o0647o
59975.362363 -21.849  1.831    -7   12 o  0   1.41 176.48761   5.86152  6973.04  7794.42 2.08 1.82 -29.5 -0.412 19.37 20.59 04a59975o0674o
59975.369320  21.577  1.609     8   14 o  0   1.02 176.48761   5.86152  6957.19  7906.37 2.22 1.89 -46.8 -0.402 19.20 20.38 04a59975o0687o
59976.934673  19.111  0.807    82   66 o  0   0.58 176.48761   5.86152  1799.63  6598.66 2.52 2.25 -59.6 -0.375 18.72 19.31 03a59977o0372o
59976.936932 -20.927  1.473   -16   23 o  0   1.32 176.48761   5.86152  1781.10  6559.40 2.56 2.32 -60.7 -0.393 18.68 19.34 03a59977o0377o
59976.940086  19.972  0.644    37   24 o  0   1.15 176.48761   5.86152  1838.26  6637.37 2.53 2.29 -60.1 -0.413 18.73 19.35 03a59977o0384o
59976.968264  20.612  1.015    21   21 o  0   1.14 176.48761   5.86152  1856.81  6520.51 2.47 2.23 -59.6 -0.391 18.86 19.54 03a59977o0444o
59979.319806 -20.754  1.988   -18   36 o  0   1.42 176.48761   5.86152 10177.01  1645.47 2.97 2.37 -23.6 -0.324 18.33 19.02 04a59979o0348o
59979.347087  21.761  3.795     7   27 o  0   1.03 176.48761   5.86152 10217.39  1659.67 2.97 2.26 -22.6 -0.325 18.67 19.20 04a59979o0407o
59979.375691  20.563  0.986    22   21 o  0   0.91 176.48761   5.86152 10175.49  1563.48 2.28 1.95  84.7 -0.503 19.05 19.87 04a59979o0469o
59986.326494 -20.967  2.151   -15   32 o  0   1.14 176.48761   5.86152  3977.06  1457.02 1.96 1.85   7.5 -0.430 18.16 18.02 04a59986o0687o
59986.329649  20.074  1.054    34   36 o  0   1.13 176.48761   5.86152  3997.66  1492.79 1.94 1.82  -7.5 -0.429 18.12 18.01 04a59986o0694o
59986.335054  20.938  2.938    15   45 o  0   0.76 176.48761   5.86152  3942.65  1410.25 1.96 1.81 -19.6 -0.437 18.12 17.96 04a59986o0706o
59986.369785  20.039  1.101    35   39 o  0   1.27 176.48761   5.86152  3941.57  1502.93 2.12 1.97  41.5 -0.449 17.97 17.88 04a59986o0781o
59988.991674 -21.590  1.238    -8   10 o  0   1.83 176.48761   5.86152  7503.72  2565.96 2.30 2.17 -45.2 -0.424 19.25 20.40 03a59989o0513o
59988.993476 -20.997  0.843   -14   12 o  0   1.28 176.48761   5.86152  7485.93  2526.80 2.24 2.08 -50.4 -0.440 19.30 20.41 03a59989o0517o
59989.018963  20.376  0.489    26   12 o  0   1.25 176.48761   5.86152  7549.69  2606.31 2.20 1.97 -50.0 -0.439 19.36 20.44 03a59989o0570o
59989.022567  22.286  2.872     4   13 o  0   1.60 176.48761   5.86152  7571.70  2490.98 2.16 1.91 -52.3 -0.452 19.34 20.44 03a59989o0578o
59989.321651 -21.812  1.681    -7   12 o  0   1.31 176.48761   5.86152  3978.83  1452.59 1.88 1.81  23.3 -0.432 19.23 20.24 04a59989o0679o
59989.346477 -21.555  1.779    -9   15 o  0   1.00 176.48761   5.86152  4015.32  1474.37 2.07 1.87  34.3 -0.440 19.20 20.22 04a59989o0733o
59989.354094  21.064  0.966    14   13 o  0   1.13 176.48761   5.86152  3963.31  1391.83 2.04 1.91  -7.3 -0.426 19.22 20.27 04a59989o0749o
59989.378872  21.158  1.213    12   15 o  0   1.16 176.48761   5.86152  3951.70  1496.27 2.06 1.90 -31.7 -0.424 19.14 20.16 04a59989o0803o
59990.235904 -21.041  1.186   -14   16 o  0   0.88 176.48761   5.86152  6652.32  9138.64 2.26 1.86 -62.4 -0.425 19.22 20.33 04a59990o0471o
59990.238605  23.217  9.867     2   18 o  0   0.59 176.48761   5.86152  6632.79  9100.21 2.10 1.85 -27.7 -0.457 19.19 20.30 04a59990o0477o
59990.254869 -22.450  3.629    -4   14 o  0   0.98 176.48761   5.86152  6717.09  9058.88 2.04 1.81 -46.6 -0.400 19.23 20.27 04a59990o0513o
59994.238329  20.393  0.383    25   10 c  0   1.04 176.48761   5.86152  5632.78  4593.24 2.26 2.08 -46.3 -0.384 19.47 21.18 04a59994o0505c
59994.241485  20.759  0.582    18   10 c  0   0.81 176.48761   5.86152  5614.71  4554.27 2.24 2.07 -35.0 -0.387 19.48 21.17 04a59994o0512c
59994.244639  22.088  1.725     5    9 c  0   1.10 176.48761   5.86152  5673.60  4631.48 2.32 2.10 -42.5 -0.380 19.48 21.17 04a59994o0519c
59994.250047  22.423  2.222     4    9 c  0   1.50 176.48761   5.86152  5695.27  4515.17 2.41 2.23 -45.7 -0.367 19.44 21.18 04a59994o0531c
59996.986550 -21.757  1.317    -7   10 o  0   1.65 176.48761   5.86152  7589.21  6427.68 2.15 1.95 -42.5 -0.437 19.50 20.71 03a59997o0514o
59996.988352  20.401  0.360    25    9 o  0   2.07 176.48761   5.86152  7571.28  6388.55 2.20 1.98 -42.8 -0.425 19.51 20.70 03a59997o0518o
59996.991507  20.855  0.767    16   13 o  0   0.83 176.48761   5.86152  7628.14  6466.96 2.30 2.07 -44.0 -0.427 19.46 20.69 03a59997o0525o
59997.015415  20.451  0.476    24   11 o  0   1.20 176.48761   5.86152  2908.57  4203.60 2.23 1.98 -64.1 -0.412 19.41 20.61 03a59997o0573o
59998.226763  20.644  0.494    20   10 c  0   1.02 176.48761   5.86152  5630.60  4592.91 2.28 2.07 -41.6 -0.380 19.53 21.35 04a59998o0485c
59998.248774  20.800  0.533    17    9 c  0   1.31 176.48761   5.86152  5625.16  4550.98 2.29 2.06 -43.1 -0.374 19.51 21.27 04a59998o0531c
59998.250577  21.404  0.947    10    9 c  0   1.19 176.48761   5.86152  5683.21  4627.39 2.29 2.12 -44.6 -0.378 19.51 21.25 04a59998o0535c
59998.254633  22.915  3.579     2    9 c  0   1.33 176.48761   5.86152  5706.44  4511.27 2.28 2.09 -45.8 -0.380 19.51 21.22 04a59998o0544c
60000.496600 -22.003  1.611    -6    9 c  0   1.53 176.48761   5.86152  3749.74  6585.88 2.75 2.37  32.6 -0.384 19.52 21.31 02a60000o0427c
60000.516614 -25.879 61.000    -0   10 c  0   1.20 176.48761   5.86152  3727.95  6543.49 2.74 2.41  37.5 -0.402 19.53 21.36 02a60000o0468c
60000.519877  23.516  7.778     1   11 c  0   1.03 176.48761   5.86152  3786.63  6621.41 2.70 2.38  37.2 -0.395 19.55 21.36 02a60000o0475c
60000.528622  21.916  2.175     6   14 c  0   0.79 176.48761   5.86152  3806.47  6501.93 2.66 2.36  40.5 -0.386 19.52 21.38 02a60000o0493c
60001.299327 -21.119  0.791   -13   10 c  0   0.95 176.48761   5.86152  1247.30 10080.65 2.92 1.92 -72.4 -0.369 19.46 21.14 04a60001o0593c
60001.330004  20.603  0.602    21   12 c  0   0.90 176.48761   5.86152  1281.54 10096.98 2.93 1.96 -73.6 -0.369 19.49 21.19 04a60001o0660c
60001.341771 -24.406 18.500    -1   12 c  0   1.01 176.48761   5.86152  1226.80 10015.01 2.96 1.94 -75.0 -0.359 19.46 21.18 04a60001o0686c
60001.346808 -23.038  6.071    -2   13 c  0   1.09 176.48761   5.86152  1206.90 10130.82 2.94 1.95 -73.7 -0.368 19.49 21.17 04a60001o0697c
60002.233365  22.793  3.733     3   10 c  0   1.21 176.48761   5.86152  9374.95   503.17 3.06 2.33 -21.0 -0.368 19.59 21.50 04a60002o0492c
60002.236520  21.462  1.157     9   11 c  0   1.04 176.48761   5.86152  9356.26   463.55 3.00 2.34 -19.2 -0.385 19.62 21.48 04a60002o0499c
60002.241928 -22.583  2.789    -3    9 c  0   1.39 176.48761   5.86152  9417.08   541.18 2.97 2.26 -17.7 -0.383 19.64 21.46 04a60002o0511c
60002.247336 -21.112  0.859   -13   11 c  0   1.28 176.48761   5.86152  9440.99   422.28 3.00 2.36 -17.3 -0.367 19.62 21.46 04a60002o0523c
60003.903413  20.097  1.023    33   34 o  0   1.56 176.48761   5.86152  4475.07  8468.23 2.89 2.60 -50.2 -0.382 18.75 19.96 03a60004o0347o
60003.906586  19.843  0.580    42   24 o  0   1.19 176.48761   5.86152  4454.26  8434.31 2.73 2.47 -56.1 -0.397 18.81 20.13 03a60004o0354o
60003.941979 -20.295  0.462   -28   13 o  0   1.02 176.48761   5.86152  4490.54  8577.00 2.46 2.20 -49.0 -0.394 19.40 20.65 03a60004o0431o
60003.947914  21.511  1.313     9   12 o  0   1.04 176.48761   5.86152  4506.74  8472.80 2.39 2.16 -55.6 -0.395 19.43 20.71 03a60004o0444o
60004.944740  19.222  1.025    74   76 o  0   1.07 176.48761   5.86152  3623.33  2664.40 2.21 2.02 -52.2 -0.408 17.33 18.25 03a60005o0439o
60004.946542 -21.524  2.644    -9   24 o  0   1.12 176.48761   5.86152  3605.07  2625.22 2.16 1.98 -46.4 -0.411 18.53 19.43 03a60005o0443o
60004.949301  20.950  1.073    15   16 o  0   1.44 176.48761   5.86152  3662.03  2703.99 2.16 1.97 -50.8 -0.413 18.88 19.82 03a60005o0449o
60004.955625  18.898  0.538   100   54 o  0   0.84 176.48761   5.86152  3685.99  2587.94 2.33 2.10 -54.8 -0.407 17.84 18.61 03a60005o0463o
60005.251305  21.375  1.085    10   11 c  0   1.35 176.48761   5.86152  1217.69 10115.73 2.84 1.89 -69.9 -0.372 19.44 21.11 04a60005o0542c
60005.286509  21.468  1.136     9   11 c  0   1.33 176.48761   5.86152  1266.43 10119.78 2.94 2.03 -73.5 -0.363 19.46 21.13 04a60005o0619c
60005.289663 -22.111  1.971    -5   10 c  0   1.27 176.48761   5.86152  1210.11 10039.07 2.88 1.91 -72.1 -0.373 19.46 21.13 04a60005o0626c
60005.295985 -20.782  0.637   -18   11 c  0   1.27 176.48761   5.86152  1191.68 10152.22 2.96 1.97 -72.3 -0.368 19.43 21.11 04a60005o0640c
60006.222242  20.303  0.751    28   21 o  0   1.22 176.48761   5.86152  9371.63   504.49 2.63 2.12 -30.7 -0.367 18.89 19.54 04a60006o0507o
60006.225401  19.543  0.402    55   22 o  0   0.91 176.48761   5.86152  9352.82   465.56 2.58 2.13 -29.6 -0.384 18.89 19.53 04a60006o0514o
60006.230812 -20.957  1.575   -15   24 o  0   0.81 176.48761   5.86152  9414.69   543.36 2.69 2.21 -23.4 -0.358 18.85 19.55 04a60006o0526o
60006.246199  19.442  0.317    61   19 o  0   1.44 176.48761   5.86152  1153.77 10194.29 2.75 1.92 -73.0 -0.403 18.95 19.76 04a60006o0559o
60007.937178 -20.251  1.190   -29   34 o  0   1.46 176.48761   5.86152   318.88  8793.36 2.78 2.44 -42.9 -0.332 18.36 18.50 03a60008o0092o
60007.939441  20.288  1.303    28   36 o  0   1.08 176.48761   5.86152   303.55  8755.25 2.63 2.35 -43.9 -0.387 18.36 18.51 03a60008o0097o
60007.942594  21.042  2.325    14   32 o  0   1.42 176.48761   5.86152   360.40  8834.28 2.86 2.39 -19.4 -0.397 18.31 18.64 03a60008o0104o
60007.949371 -20.021  1.078   -36   38 o  0   1.12 176.48761   5.86152   384.83  8716.26 2.78 2.49 -40.4 -0.365 18.35 18.55 03a60008o0119o
60007.952538 -18.520  0.624  -142   89 o  0   1.49 176.48761   5.86152 10400.06  9028.89 2.84 2.26 -46.9 -0.407 17.45 17.24 03a60008o0126o
60007.955695  19.774  0.840    45   38 o  0   1.19 176.48761   5.86152 10382.70  8989.07 2.88 2.31 -38.6 -0.404 18.34 18.66 03a60008o0133o
60007.961122  19.828  0.868    42   37 o  0   0.86 176.48761   5.86152 10441.43  9069.40 2.73 2.17 -49.5 -0.397 18.47 18.74 03a60008o0145o
60007.970173  21.962  5.639     6   34 o  0   1.51 176.48761   5.86152 10464.20  8953.35 2.66 2.27 -46.0 -0.401 18.50 18.81 03a60008o0165o
60014.272926 -21.225  2.041   -12   24 o  0   1.08 176.48761   5.86152  1116.93  6175.33 2.23 1.87  83.0 -0.370 18.57 18.87 04a60014o0501o
60014.275673  20.243  0.732    29   21 o  0   1.43 176.48761   5.86152  1136.53  6212.49 2.20 1.89  81.3 -0.375 18.45 18.76 04a60014o0507o
60014.286245 -20.782  1.374   -18   24 o  0   1.24 176.48761   5.86152  1084.51  6127.41 2.29 1.94  82.3 -0.363 18.39 18.74 04a60014o0530o
60014.291792 -20.505  1.178   -23   27 o  0   1.30 176.48761   5.86152  1065.64  6240.73 2.34 1.98  78.3 -0.357 18.45 18.70 04a60014o0542o
60015.937375  20.491  0.711    23   16 o  0   0.99 176.48761   5.86152  6518.67  9104.60 2.38 2.10 -39.4 -0.420 19.19 19.99 03a60016o0443o
60015.940565  21.485  1.826     9   17 o  0   0.77 176.48761   5.86152  6500.46  9065.38 2.36 2.10 -42.6 -0.431 19.15 19.98 03a60016o0450o
60015.946434 -21.908  2.522    -6   16 o  0   1.04 176.48761   5.86152  6556.88  9144.98 2.41 2.11 -40.7 -0.420 19.13 19.99 03a60016o0463o
60015.951860 -19.887  0.388   -40   16 o  0   1.24 176.48761   5.86152  6579.22  9028.85 2.45 2.06 -42.5 -0.418 19.18 19.98 03a60016o0475o
60016.987763  21.183  0.902    12   11 o  0   1.16 176.48761   5.86152  4046.77  1453.15 2.14 1.91 -53.7 -0.423 19.31 20.32 03a60017o0556o
60016.990916 -20.948  0.677   -15   10 o  0   2.08 176.48761   5.86152  4063.57  1491.78 2.20 1.96 -55.4 -0.412 19.30 20.30 03a60017o0563o
60017.025207  21.852  1.923     7   13 o  0   1.57 176.48761   5.86152  4011.10  1414.14 2.27 2.07 -51.2 -0.407 19.07 20.00 03a60017o0637o
60017.041426 -24.635 26.250    -0   13 o  0   1.71 176.48761   5.86152  3991.26  1530.57 2.30 2.07 -60.9 -0.400 19.12 20.09 03a60017o0672o
60017.235891  20.422  0.739    25   18 o  0   0.63 176.48761   5.86152  7112.39  9789.61 2.08 1.85 -32.3 -0.419 19.16 20.12 04a60017o0524o
60017.239533 -22.542  4.467    -4   16 o  0   1.03 176.48761   5.86152  7134.44  9825.60 2.04 1.78 -32.3 -0.431 19.09 20.07 04a60017o0531o
60017.248172 -21.648  2.439    -8   19 o  0   0.71 176.48761   5.86152  7080.24  9740.39 2.10 1.86 -45.3 -0.397 19.10 20.06 04a60017o0549o
60017.277194 -20.034  0.444   -35   16 o  0   1.23 176.48761   5.86152  7076.76  9837.76 1.93 1.69 -23.6 -0.438 19.04 19.96 04a60017o0608o
60018.171653 -21.031  0.808   -14   11 o  0   1.38 176.48761   5.86152  3501.18   814.56 1.91 1.77  43.6 -0.437 19.20 20.30 04a60018o0411o
60018.173457 -20.883  0.750   -16   12 o  0   1.69 176.48761   5.86152  3482.10   775.26 1.86 1.79  38.3 -0.434 19.21 20.32 04a60018o0415o
60018.176613  22.277  3.537     4   16 o  0   0.87 176.48761   5.86152  3542.47   853.29 1.91 1.81  38.1 -0.429 19.18 20.32 04a60018o0422o
60018.182474  21.053  1.000    14   14 o  0   1.38 176.48761   5.86152  3563.42   735.96 2.23 1.95  41.2 -0.389 19.09 20.31 04a60018o0435o
60020.451476 -18.426  0.598  -155   93 o  0   1.35 176.48761   5.86152  7756.41  2007.88 2.08 2.01  39.5 -0.444 16.79 18.02 02a60020o0506o
60020.454794 -17.985  0.582  -232  135 o  0   1.10 176.48761   5.86152  7737.83  1970.66 2.04 1.99  43.1 -0.435 16.88 18.08 02a60020o0513o
60020.465708 -19.880  0.600   -40   24 o  0   1.47 176.48761   5.86152  7797.19  2051.08 2.08 2.01  43.5 -0.434 18.40 19.74 02a60020o0536o
60020.493633 -20.972  1.296   -15   19 o  0   1.47 176.48761   5.86152  7813.08  1930.76 2.03 2.00  79.5 -0.440 18.78 20.15 02a60020o0594o
60020.923378  21.530  1.525     9   14 c  0   0.78 176.48761   5.86152  6515.82  9104.14 2.75 2.43 -46.7 -0.390 19.50 21.37 03a60021o0425c
60020.926546  20.803  0.939    17   16 c  0   0.93 176.48761   5.86152  6497.44  9062.88 2.77 2.44 -49.5 -0.391 19.13 21.01 03a60021o0432c
60020.929703 -22.688  3.111    -3   10 c  0   1.07 176.48761   5.86152  6553.07  9141.50 2.78 2.46 -49.9 -0.390 19.64 21.51 03a60021o0439c
60020.963818  20.892  0.905    16   14 c  0   1.32 176.48761   5.86152  3993.09  1530.04 2.64 2.42 -64.1 -0.384 19.04 20.96 03a60021o0513c
60021.109230 -20.518  0.590   -22   13 o  0   0.91 176.48761   5.86152  3491.05   819.07 2.25 1.88  41.3 -0.432 19.16 20.39 04a60021o0269o
60021.111033  21.490  1.381     9   13 o  0   0.80 176.48761   5.86152  3470.38   780.29 1.90 1.80  32.0 -0.442 19.20 20.33 04a60021o0273o
60021.142407  21.477  1.386     9   13 o  0   0.82 176.48761   5.86152  3534.62   857.27 1.89 1.86   0.7 -0.443 19.27 20.48 04a60021o0338o
60021.148367 -20.720  0.480   -19    9 o  0   2.87 176.48761   5.86152  3556.42   739.37 1.90 1.81  34.1 -0.439 19.33 20.49 04a60021o0351o
60022.150402  21.594  1.806     8   15 o  0   1.05 176.48761   5.86152  3491.60   816.33 2.31 1.94  42.2 -0.431 19.23 20.59 04a60022o0367o
60022.152204 -21.161  0.848   -12   11 o  0   2.20 176.48761   5.86152  3472.77   777.05 2.21 1.89  44.9 -0.429 19.27 20.59 04a60022o0371o
60022.155818 -21.454  1.586   -10   15 o  0   1.23 176.48761   5.86152  3533.26   855.11 2.27 1.97  38.4 -0.430 19.25 20.57 04a60022o0379o
60022.161678 -21.696  1.817    -8   14 o  0   2.45 176.48761   5.86152  3555.43   737.70 2.22 1.97  44.8 -0.385 19.26 20.60 04a60022o0392o
60024.510015  20.647  0.570    20   11 o  0   1.29 176.48761   5.86152  7762.20  2003.04 2.06 2.02 -64.4 -0.442 19.43 20.75 02a60024o0555o
60024.545152  19.929  0.283    39   11 o  0   1.45 176.48761   5.86152  7759.95  1962.15 2.08 1.96 -43.2 -0.440 19.45 20.66 02a60024o0625o
60024.547594  21.999  2.176     6   12 o  0   1.09 176.48761   5.86152  7819.75  2040.25 2.07 2.00 -51.9 -0.438 19.42 20.65 02a60024o0630o
60024.552391  22.562  3.567     3   12 o  0   1.02 176.48761   5.86152  7847.77  1925.38 2.08 2.00 -54.1 -0.435 19.42 20.64 02a60024o0638o
60024.962357  22.513  2.172     4    8 c  0   1.30 176.48761   5.86152  4948.69  6015.15 2.41 2.13 -54.4 -0.358 19.63 21.32 03a60025o0516c
60024.965542  23.183  4.133     2    8 c  0   1.72 176.48761   5.86152  4966.79  6054.19 2.44 2.18 -51.4 -0.371 19.62 21.32 03a60025o0523c
60025.000094  21.213  1.012    12   12 c  0   0.62 176.48761   5.86152  4916.29  5979.27 2.50 2.26 -59.1 -0.366 19.53 21.22 03a60025o0597c
60025.007091  20.597  0.475    21   10 c  0   1.01 176.48761   5.86152  4891.84  6093.62 2.58 2.35 -60.9 -0.361 19.48 21.21 03a60025o0612c
60026.128961 -20.600  0.611   -21   13 o  0   1.56 176.48761   5.86152  3791.44  6626.88 2.59 2.06 -80.3 -0.397 19.03 20.30 04a60026o0323o
60026.135838 -21.387  1.333   -10   14 o  0   1.13 176.48761   5.86152  3772.48  6587.49 2.24 1.90 -77.9 -0.416 19.19 20.35 04a60026o0338o
60026.139083 -21.539  1.485    -9   13 o  0   1.33 176.48761   5.86152  3830.86  6664.54 2.22 1.90 -76.3 -0.422 19.18 20.38 04a60026o0343o
60026.174083  22.389  2.879     4   12 o  0   1.28 176.48761   5.86152  6732.24  4093.89 2.16 1.90 -21.1 -0.409 19.25 20.47 04a60026o0416o
60028.436436  21.032  0.925    14   13 o  0   1.22 176.48761   5.86152  5547.36  1870.29 2.16 2.06  44.7 -0.430 19.34 20.63 02a60028o0465o
60028.439599  22.154  2.000     5   10 o  0   1.15 176.48761   5.86152  5528.72  1833.99 2.10 1.99  54.7 -0.434 19.41 20.66 02a60028o0472o
60028.458435  21.026  0.778    14   11 o  0   1.10 176.48761   5.86152  5589.60  1909.45 2.17 2.08  65.9 -0.435 19.37 20.71 02a60028o0507o
60028.464643 -20.758  0.594   -18   11 o  0   1.48 176.48761   5.86152  5610.83  1794.54 2.15 2.05  56.3 -0.434 19.40 20.70 02a60028o0519o
60029.127323 -21.398  1.446   -10   14 o  0   0.94 176.48761   5.86152  3797.79  6628.64 2.27 1.94 -81.6 -0.407 19.23 20.52 04a60029o0328o
60029.130556 -21.250  1.149   -12   13 o  0   0.99 176.48761   5.86152  3780.35  6588.21 2.22 1.91 -79.7 -0.415 19.20 20.52 04a60029o0335o
60029.134699  21.063  1.059    14   14 o  0   0.64 176.48761   5.86152  3838.59  6665.76 2.26 1.93 -78.2 -0.415 19.23 20.53 04a60029o0342o
60029.160961 -21.928  1.766    -6   11 o  0   1.25 176.48761   5.86152  3871.06  6544.96 2.13 1.91 -68.2 -0.433 19.34 20.64 04a60029o0396o
60030.137569 -25.309 46.000    -0   13 o  0   1.03 176.48761   5.86152  3795.49  6626.82 2.28 1.95 -81.7 -0.412 19.17 20.54 04a60030o0351o
60030.139868 -21.686  1.857    -8   14 o  0   1.01 176.48761   5.86152  3777.07  6588.51 2.35 1.94 -83.0 -0.394 19.21 20.55 04a60030o0356o
60030.145345 -20.376  0.581   -26   15 o  0   0.73 176.48761   5.86152  3837.30  6664.92 2.30 1.98 -78.3 -0.406 19.26 20.56 04a60030o0366o
60030.173637  22.324  2.636     4   11 o  0   1.20 176.48761   5.86152  3874.08  6542.93 2.21 1.92 -82.8 -0.413 19.33 20.73 04a60030o0427o
60031.954414  19.661  0.931    50   46 c  0   0.88 176.48761   5.86152  1125.48 10004.73 2.71 2.49 -29.7 -0.406 18.06 19.94 03a60032o0039c
60031.970760  18.652  0.390   126   49 c  0   0.99 176.48761   5.86152  1145.86 10044.59 2.85 2.49 -31.7 -0.402 18.00 19.84 03a60032o0072c
60031.975893  19.221  0.558    74   42 c  0   1.20 176.48761   5.86152  1090.31  9965.81 2.75 2.48 -31.1 -0.406 18.04 19.86 03a60032o0083c
60031.979101 -19.018  0.345   -90   31 c  0   1.57 176.48761   5.86152  1067.23 10083.69 2.93 2.56 -34.4 -0.398 18.12 19.96 03a60032o0090c
60032.000292 -20.935  0.681   -15   10 c  0   1.12 176.48761   5.86152  6279.68    33.06 2.61 2.50 -42.6 -0.360 19.55 21.32 03a60032o0136c
60032.947172 -20.937  0.784   -15   12 c  0   1.07 176.48761   5.86152  1122.52 10000.30 2.68 2.48 -28.2 -0.412 19.57 21.37 03a60033o0461c
60032.950383  21.268  1.039    11   12 c  0   1.16 176.48761   5.86152  1141.37 10040.60 3.09 2.81 -30.7 -0.388 19.51 21.37 03a60033o0468c
60032.956409  22.702  3.778     3   11 c  0   1.18 176.48761   5.86152  1085.65  9960.98 2.64 2.39 -35.0 -0.416 19.59 21.36 03a60033o0481c
60032.966513  21.323  1.031    11   11 c  0   1.37 176.48761   5.86152  1061.96 10079.37 2.65 2.37 -33.5 -0.415 19.60 21.33 03a60033o0503c
60033.097243  22.103  3.000     5   16 o  0   1.13 176.48761   5.86152  5719.74  6524.86 2.26 2.16 -35.1 -0.411 18.99 20.05 04a60033o0270o
60033.128619 -23.006  5.882    -2   13 o  0   1.63 176.48761   5.86152  5709.06  6486.07 2.16 2.00 -45.3 -0.432 19.15 20.24 04a60033o0337o
60033.133327  21.611  1.810     8   15 o  0   1.36 176.48761   5.86152  5770.73  6562.01 2.09 1.94 -42.9 -0.478 19.12 20.17 04a60033o0347o
60033.140193  20.152  0.379    32   12 o  0   1.77 176.48761   5.86152  5793.83  6444.78 2.06 1.89 -34.8 -0.423 19.21 20.27 04a60033o0362o
60034.126248  22.546  5.679     4   20 o  0   0.83 176.48761   5.86152  5724.87  6522.27 2.16 1.95 -67.3 -0.414 18.96 19.77 04a60034o0336o
60034.148242  22.645  5.520     3   18 o  0   1.28 176.48761   5.86152  5714.83  6480.96 2.20 1.96 -65.7 -0.417 18.96 19.86 04a60034o0383o
60034.150082 -20.108  0.535   -33   18 o  0   0.85 176.48761   5.86152  5773.46  6558.72 2.10 1.92 -39.0 -0.402 19.00 19.85 04a60034o0387o
60034.155581 -21.064  1.222   -14   17 o  0   0.78 176.48761   5.86152  5796.26  6441.57 2.19 1.95 -58.8 -0.416 18.97 19.90 04a60034o0399o
60034.405887 -20.730  0.938   -18   17 o  0   0.82 176.48761   5.86152  5692.17   665.65 1.94 1.78 -74.2 -0.464 19.09 19.78 02a60034o0378o
60034.409150 -21.430  1.426   -10   14 o  0   1.42 176.48761   5.86152  5672.41   626.13 1.95 1.79 -72.3 -0.462 19.06 19.78 02a60034o0384o
60034.439382 -19.473  0.257   -59   15 o  0   1.85 176.48761   5.86152  5729.94   700.60 1.92 1.76 -73.3 -0.473 19.09 19.78 02a60034o0439o
60034.446432  22.887  7.464     2   19 o  0   1.12 176.48761   5.86152  5753.12   587.50 1.90 1.70 -72.7 -0.469 19.08 19.77 02a60034o0452o
60034.888761  13.480  1.706 14717 25104 o  0   0.00 176.48761   5.86152  9431.61   554.47 2.24 2.01 -50.5 -0.512 19.06 19.80 03a60035o0372o
60034.890592  15.558  4.570  2171 9921 o  0   3.20 176.48761   5.86152  9412.64   514.89 2.39 2.10 -55.8 -0.473 19.05 19.82 03a60035o0376o
60034.893416 -15.178  1.622 -3082 4999 o  0   1.26 176.48761   5.86152  9470.08   594.33 2.28 2.06 -49.5 -0.474 19.07 19.84 03a60035o0382o
60034.914745  16.247  0.563  1151  648 o  0   2.69 176.48761   5.86152  1060.61 10073.58 2.63 2.32 -55.2 -0.463 19.05 19.87 03a60035o0428o
60035.406901 -21.038  7.156   -14  100 o  0   1.22 176.48761   5.86152  5687.37   662.87 1.95 1.81 -74.6 -0.481 16.91 16.98 02a60035o0373o
60035.412167  19.613  2.751    52  143 o  0   1.03 176.48761   5.86152  5667.53   623.94 1.97 1.84 -85.4 -0.452 16.54 16.61 02a60035o0382o
60035.415797  16.051  0.190  1379  263 o  0  17.63 176.48761   5.86152  5726.58   704.07 1.93 1.79 -74.8 -0.577 16.01 15.97 02a60035o0387o
60035.443074  19.934  1.829    39   71 o  0   1.40 176.48761   5.86152  5750.10   583.38 1.98 1.81 -73.9 -0.493 17.37 17.55 02a60035o0438o
60036.109515 -22.678 10.500    -3   32 o  0   1.18 176.48761   5.86152  5720.21  6525.80 2.11 1.87 -72.1 -0.416 18.27 18.57 04a60036o0302o
60036.112242  19.574  0.527    54   28 o  0   1.39 176.48761   5.86152  5701.32  6488.02 2.15 1.93 -59.3 -0.413 18.30 18.74 04a60036o0308o
60036.114990  23.479 19.250     2   28 o  0   1.01 176.48761   5.86152  5761.27  6564.85 2.12 1.93 -51.2 -0.397 18.34 18.70 04a60036o0314o
60036.196789 -21.558  2.687    -9   23 o  0   1.20 176.48761   5.86152  4840.25  4142.64 1.88 1.78 -25.9 -0.461 18.47 19.00 04a60036o0353o
60042.192113 -21.346  2.506   -10   26 o  0   1.52 176.48761   5.86152  1032.23  4247.38 2.18 1.84  53.2 -0.407 18.49 18.90 04a60042o0495o
60042.194907 -20.747  1.517   -18   28 o  0   1.06 176.48761   5.86152  1052.79  4284.49 2.16 1.90  56.2 -0.393 18.50 18.89 04a60042o0501o
60042.200960  20.803  1.514    17   26 o  0   1.40 176.48761   5.86152   997.92  4201.91 2.20 1.84  55.7 -0.426 18.47 18.89 04a60042o0514o
60042.215348  19.728  0.632    47   30 o  0   1.03 176.48761   5.86152   984.00  4309.06 2.17 1.86  55.2 -0.388 18.46 18.81 04a60042o0545o
60043.924110  20.859  1.433    16   24 o  0   1.04 176.48761   5.86152  8881.27  7853.85 3.87 2.87 -51.4 -0.355 18.66 19.82 03a60044o0447o
60043.927405 -19.901  0.510   -40   20 o  0   1.00 176.48761   5.86152  8899.61  7893.22 2.82 2.13 -47.4 -0.395 18.98 19.80 03a60044o0454o
60043.932633 -20.843  1.095   -17   18 o  0   1.18 176.48761   5.86152  8843.39  7815.28 2.58 2.14 -46.2 -0.396 18.96 19.78 03a60044o0465o
60043.942612  21.421  2.289    10   22 o  0   1.17 176.48761   5.86152  8821.65  7930.48 3.69 2.78 -50.2 -0.372 18.65 19.74 03a60044o0486o
60045.145375  20.065  0.544    34   19 o  0   1.14 176.48761   5.86152  8948.30  7756.81 2.45 2.07 -14.7 -0.420 19.06 20.07 04a60045o0384o
60045.149021  25.953 115.000     0   17 o  0   1.14 176.48761   5.86152  8971.15  7792.29 2.46 2.05 -10.1 -0.423 19.06 20.07 04a60045o0392o
60045.158233 -20.119  0.578   -32   19 o  0   0.85 176.48761   5.86152  8918.35  7706.67 2.51 2.09 -13.3 -0.426 19.06 20.08 04a60045o0412o
60045.169267 -20.951  1.146   -15   17 o  0   1.30 176.48761   5.86152  8906.00  7815.23 2.53 2.08 -19.4 -0.417 19.05 20.08 04a60045o0436o
60048.133562 -22.161  2.739    -5   14 c  0   0.95 176.48761   5.86152  9054.08  9712.62 2.89 2.71 -31.2 -0.337 19.40 21.34 04a60048o0374c
60048.136769  21.904  2.111     6   13 c  0   1.00 176.48761   5.86152  9076.40  9748.84 2.98 2.86 -21.6 -0.328 19.36 21.33 04a60048o0381c
60048.142276 -20.374  0.525   -26   14 c  0   0.91 176.48761   5.86152  9020.53  9664.35 2.93 2.68 -24.5 -0.344 19.39 21.34 04a60048o0393c
60048.152069 -24.361 19.333    -1   13 c  0   1.06 176.48761   5.86152  9008.87  9774.14 2.90 2.71 -33.4 -0.341 19.41 21.32 04a60048o0414c
60049.878840 -22.322  2.263    -4   10 o  0   1.15 176.48761   5.86152  8772.39  3981.21 2.23 1.91 -55.4 -0.423 19.63 21.12 03a60050o0369o
60049.882652 -21.021  0.710   -14   10 o  0   1.12 176.48761   5.86152  8790.70  4021.04 2.23 1.93 -59.5 -0.426 19.62 21.12 03a60050o0377o
60049.888343  23.708  9.100     1   11 o  0   0.81 176.48761   5.86152  8733.86  3942.77 2.29 1.98 -55.4 -0.421 19.59 21.09 03a60050o0389o
60049.898834  22.170  2.024     5   10 o  0   1.22 176.48761   5.86152  8711.93  4059.68 2.29 1.94 -55.2 -0.421 19.61 21.05 03a60050o0411o
60051.127996  21.732  1.628     7   12 c  0   1.95 176.48761   5.86152  8758.13  3891.58 2.84 2.14 -14.8 -0.375 19.30 21.04 04a60051o0368c
60051.136815  22.432  2.875     4   11 c  0   1.35 176.48761   5.86152  8784.56  3921.57 2.81 2.02 -16.3 -0.381 19.36 21.05 04a60051o0387c
60051.139993  21.398  1.190    10   12 c  0   1.07 176.48761   5.86152  8728.52  3841.96 2.78 2.02 -15.7 -0.383 19.39 21.05 04a60051o0394c
60051.157059  22.241  2.821     5   13 c  0   1.00 176.48761   5.86152  8718.25  3944.93 2.81 2.09 -15.1 -0.369 19.41 21.09 04a60051o0431c
60052.862704 -21.416  2.633   -10   26 o  0   0.84 176.48761   5.86152  3048.65  7994.77 2.42 2.13 -55.0 -0.387 18.60 20.04 03a60053o0335o
60052.872569  19.663  1.054    50   52 o  0   1.01 176.48761   5.86152  3066.64  8034.77 2.37 2.06 -53.8 -0.368 18.05 19.49 03a60053o0355o
60052.875433 -16.916  0.648  -622  403 o  0   1.30 176.48761   5.86152  3010.23  7956.36 2.65 2.35 -54.9 -0.398 15.82 17.42 03a60053o0361o
60052.880768 -20.269  0.658   -28   19 o  0   1.24 176.48761   5.86152  2987.51  8072.51 2.45 2.15 -54.3 -0.392 19.32 20.78 03a60053o0372o
60054.129598  20.971  0.677    15   10 c  0   1.19 176.48761   5.86152  2956.69  4180.92 2.10 1.96  62.4 -0.383 19.47 21.29 04a60054o0378c
60054.132790 -22.014  1.714    -6   10 c  0   1.29 176.48761   5.86152  2978.65  4216.37 2.08 1.95  68.5 -0.383 19.48 21.30 04a60054o0385c
60054.139125 -21.624  1.000    -8    8 c  0   1.22 176.48761   5.86152  2924.33  4133.16 2.12 1.95  62.8 -0.384 19.49 21.34 04a60054o0399c
60054.151974  22.008  1.894     6   11 c  0   0.99 176.48761   5.86152  2912.76  4238.30 2.15 1.98  68.4 -0.379 19.46 21.36 04a60054o0427c
60057.126984  20.486  0.478    23   11 c  0   1.18 176.48761   5.86152  7008.54  7842.45 2.50 2.22 -42.7 -0.392 19.35 21.25 04a60057o0317c
60057.130140  23.649  8.429     1   11 c  0   1.27 176.48761   5.86152  7029.32  7878.82 2.55 2.28 -42.0 -0.384 19.30 21.25 04a60057o0324c
60057.136052 -20.505  0.504   -23   12 c  0   0.93 176.48761   5.86152  6974.57  7796.06 2.45 2.18 -45.0 -0.392 19.35 21.23 04a60057o0337c
60057.157833 -21.169  0.855   -12   11 c  0   1.43 176.48761   5.86152  6965.99  7898.25 2.54 2.22 -49.2 -0.394 19.29 21.16 04a60057o0385c
60063.093905 -21.778  2.382    -7   17 o  0   1.10 176.48761   5.86152  4970.72  6023.36 2.14 2.05 -62.7 -0.384 18.86 19.83 04a60063o0312o
60063.097114  21.513  2.096     9   19 o  0   1.18 176.48761   5.86152  4992.20  6058.96 2.11 1.99 -57.7 -0.393 18.85 19.83 04a60063o0319o
60063.102657  20.586  0.765    21   16 o  0   1.03 176.48761   5.86152  4938.13  5976.48 2.12 1.98 -55.1 -0.399 18.86 19.82 04a60063o0331o
60063.112671 -21.290  1.789   -11   20 o  0   0.84 176.48761   5.86152  4925.40  6083.78 2.06 1.91 -60.1 -0.395 18.89 19.83 04a60063o0353o
60069.127512 -19.503  0.681   -57   39 o  0   1.28 176.48761   5.86152  7124.54  9765.27 2.54 2.12 -63.8 -0.371 18.09 18.23 04a60069o0395o
60069.130683 -20.735  2.698   -18   50 o  0   0.93 176.48761   5.86152  7145.57  9802.97 2.43 2.12 -59.9 -0.409 18.06 18.22 04a60069o0402o
60069.144037 -22.422 12.565    -4   49 o  0   1.10 176.48761   5.86152  7090.78  9717.16 2.61 2.21 -65.2 -0.358 18.05 18.20 04a60069o0431o
60069.157280  19.445  0.953    60   58 o  0   0.88 176.48761   5.86152  7072.88  9830.33 2.68 2.26 -67.7 -0.352 17.95 18.02 04a60069o0460o
60070.865490 -20.838  1.153   -17   19 o  0   1.24 176.48761   5.86152  6842.01  4045.90 2.30 2.07 -47.8 -0.441 18.67 19.17 03a60071o0383o
60070.868269 -21.107  1.789   -13   23 o  0   1.03 176.48761   5.86152  6861.04  4085.98 2.41 2.14 -48.4 -0.436 18.62 19.16 03a60071o0389o
60070.873745 -21.091  1.664   -13   22 o  0   1.14 176.48761   5.86152  6805.01  4006.78 2.29 2.02 -50.3 -0.439 18.64 19.14 03a60071o0401o
60070.887060 -20.647  1.484   -20   30 o  0   0.88 176.48761   5.86152  6786.18  4123.59 2.28 2.03 -50.4 -0.447 18.65 19.07 03a60071o0430o
60072.102091  20.465  0.816    24   19 o  0   1.35 176.48761   5.86152  4903.34  4065.34 2.09 2.05 -24.3 -0.424 18.73 19.50 04a60072o0326o
60072.105277  22.051  3.884     6   21 o  0   1.21 176.48761   5.86152  4924.42  4101.20 2.05 2.02  -5.4 -0.423 18.72 19.48 04a60072o0333o
60072.111228  20.239  0.682    29   20 o  0   1.59 176.48761   5.86152  4869.98  4019.79 2.06 1.99 -22.9 -0.413 18.70 19.48 04a60072o0346o
60072.133048  19.971  0.558    37   21 o  0   1.13 176.48761   5.86152  4859.07  4123.72 2.07 1.97 -37.7 -0.421 18.68 19.38 04a60072o0393o
60073.846982  20.848  0.937    17   16 o  0   1.65 176.48761   5.86152  3020.43  6070.06 2.35 2.11 -50.4 -0.378 18.97 19.81 03a60074o0342o
60073.850702  21.725  2.018     7   15 o  0   1.40 176.48761   5.86152  3038.89  6109.34 2.31 2.12 -42.5 -0.393 19.01 19.82 03a60074o0350o
60073.857563  21.026  1.347    14   19 o  0   1.25 176.48761   5.86152  2982.56  6030.36 2.43 2.19 -44.8 -0.374 18.80 19.62 03a60074o0365o
60073.867711  20.258  0.582    29   17 o  0   1.80 176.48761   5.86152  2961.26  6146.30 2.47 2.24 -40.7 -0.384 18.81 19.58 03a60074o0387o
60075.088828  19.314  1.202    68   82 o  0   1.11 176.48761   5.86152  3046.87  6091.44 2.15 1.91 -86.5 -0.393 17.21 18.46 04a60075o0314o
60075.092001  19.914  0.857    39   34 o  0   1.29 176.48761   5.86152  3068.14  6128.42 2.16 1.94 -84.7 -0.395 18.08 19.32 04a60075o0321o
60075.098396 -19.544  0.531   -55   29 o  0   1.07 176.48761   5.86152  3013.81  6045.53 2.08 1.85 -89.9 -0.381 18.28 19.43 04a60075o0335o
60075.108457 -22.268  3.258    -4   15 o  0   1.75 176.48761   5.86152  2998.77  6154.29 2.07 1.84 -80.6 -0.401 18.86 20.01 04a60075o0357o
60082.784782  20.979  0.688    15   10 c  0   1.59 176.48761   5.86152  3087.86  9945.95 3.22 2.98 -35.0 -0.358 19.45 21.63 03a60083o0217c
60082.787978  20.899  0.643    16   10 c  0   1.34 176.48761   5.86152  3106.13  9985.94 3.19 2.91 -34.4 -0.359 19.48 21.62 03a60083o0224c
60082.793542 -21.575  1.500    -8   13 c  0   1.08 176.48761   5.86152  3049.31  9906.39 3.33 2.88 -20.5 -0.393 19.32 21.53 03a60083o0236c
60082.803687 -21.250  1.741   -12   20 c  0   1.57 176.48761   5.86152  3027.36 10025.03 3.09 2.78 -32.2 -0.371 18.80 20.88 03a60083o0258c
60084.050215 -21.439 13.667   -10  132 o  0   0.95 176.48761   5.86152  6911.02  5908.21 2.31 2.03 -23.7 -0.411 16.81 17.98 04a60084o0094o
60084.053989 -17.878  1.128  -256  289 o  0   0.93 176.48761   5.86152  6931.78  5943.39 2.32 2.04 -26.0 -0.403 15.96 17.16 04a60084o0102o
60084.061135  18.325  0.734   170  125 o  0   0.84 176.48761   5.86152  6878.03  5860.30 2.22 1.94 -24.8 -0.411 16.91 18.10 04a60084o0117o
60084.074966  20.690  4.720    19   91 o  0   0.79 176.48761   5.86152  6865.36  5966.15 2.22 1.92 -24.0 -0.431 17.23 18.42 04a60084o0147o
60088.807557 -16.951  0.867  -602  522 o  0   0.94 176.48761   5.86152  1106.40  8056.37 2.75 2.42 -33.6 -0.381 18.75 19.79 03a60089o0271o
60088.810369  15.973  0.667  1482  988 o  0   1.16 176.48761   5.86152  1124.55  8095.92 2.74 2.39 -33.3 -0.384 18.92 19.93 03a60089o0277o
60088.813618  14.745  0.791  4591 3633 o  0   1.22 176.48761   5.86152  1068.62  8016.97 2.64 2.28 -46.7 -0.375 19.13 20.14 03a60089o0284o
60088.818199 -15.913  3.772 -1566 5905 o  0   1.07 176.48761   5.86152  1045.92  8134.03 2.74 2.41 -29.7 -0.393 19.04 20.10 03a60089o0294o
60091.762382 -22.284  5.517    -4   24 o  0   0.94 176.48761   5.86152  1039.91  4181.00 2.59 2.37 -45.6 -0.371 18.68 19.29 03a60092o0161o
60091.766112 -21.330  1.973   -11   21 o  0   1.38 176.48761   5.86152  1058.64  4220.68 2.51 2.28 -56.3 -0.377 18.68 19.29 03a60092o0169o
60091.780346 -22.529  6.217    -4   22 o  0   1.13 176.48761   5.86152  1002.77  4144.01 2.61 2.37 -37.5 -0.379 18.66 19.26 03a60092o0199o
60091.785949 -21.047  1.447   -14   20 o  0   1.76 176.48761   5.86152   980.52  4259.89 2.56 2.25 -60.3 -0.395 18.71 19.29 03a60092o0211o
60096.047379  20.321  2.708    27   73 o  0   1.61 176.48761   5.86152  8865.54  5783.46 2.66 2.07 -18.2 -0.388 17.14 17.33 04a60096o0185o
60096.056972  20.425  4.413    24  108 o  0   1.13 176.48761   5.86152  8890.19  5816.68 2.72 2.09 -16.2 -0.405 16.94 16.98 04a60096o0206o
60096.060153  19.454  1.286    60   77 o  0   1.00 176.48761   5.86152  8832.03  5738.04 2.65 2.06 -19.7 -0.405 17.39 17.56 04a60096o0213o
60096.070345  18.294  2.500   175  437 o  0   1.08 176.48761   5.86152  8816.71  5849.18 2.64 2.11 -17.9 -0.405 15.53 15.39 04a60096o0235o
60097.794277  19.236  1.548    73  114 o  0   1.28 176.48761   5.86152  8945.80  9809.45 4.46 2.75  -9.6 -0.424 17.05 17.27 03a60098o0231o
60099.051294  19.496  1.639    58   95 o  0   1.43 176.48761   5.86152  9078.73  9660.76 3.03 2.81 -38.3 -0.312 17.17 17.38 04a60099o0250o
60099.054000 -18.096  0.400  -210   84 o  0   1.20 176.48761   5.86152  9099.44  9698.75 2.87 2.71 -30.5 -0.371 17.29 17.47 04a60099o0256o
60099.059024 -18.790  0.615  -111   68 o  0   6.33 176.48761   5.86152  9041.27  9617.77 2.69 2.49 -30.0 -0.374 17.40 17.64 04a60099o0267o
60099.083008 -20.580  7.625   -21  162 o  0   0.95 176.48761   5.86152  9025.40  9728.17 2.70 2.24 -72.4 -0.436 16.76 17.71 04a60099o0290o
60100.773459 -18.519  0.658  -142   94 o  0   0.90 176.48761   5.86152  8796.27  4035.34 2.74 2.37 -28.6 -0.401 17.32 17.70 03a60101o0201o
60100.776214  19.220  2.365    74  176 o  0   1.08 176.48761   5.86152  8739.35  3956.04 3.44 2.51  -6.6 -0.401 16.45 16.65 03a60101o0207o
60100.798887 -21.064  4.791   -14   65 o  0   1.35 176.48761   5.86152  8721.93  4075.64 2.74 2.34 -16.4 -0.404 17.38 17.69 03a60101o0255o
60108.006862  21.008  1.208    14   17 c  0   0.88 176.48761   5.86152 10198.43  1606.02 3.92 2.56 -27.7 -0.321 19.21 21.15 04a60108o0148c
60108.012827 -21.338  1.515   -11   16 c  0   1.27 176.48761   5.86152 10220.03  1641.10 4.06 2.66 -27.3 -0.315 19.17 21.14 04a60108o0161c
60108.015547 -21.095  1.326   -13   18 c  0   0.80 176.48761   5.86152 10164.27  1562.31 4.00 2.61 -27.3 -0.306 19.24 21.16 04a60108o0167c
60108.021911 -20.091  0.582   -33   19 c  0   0.89 176.48761   5.86152    92.41  1597.86 4.18 2.20  47.7 -0.322 19.25 21.25 04a60108o0181c
60108.031461 -22.154  2.900    -5   14 c  0   1.28 176.48761   5.86152   117.59  1631.28 3.91 2.12  49.0 -0.335 19.30 21.26 04a60108o0202c
60108.031920 -22.021  2.750    -6   16 c  0   1.04 176.48761   5.86152 10149.08  1671.55 3.83 2.44 -27.5 -0.324 19.27 21.20 04a60108o0203c
60108.034647 -22.278  4.750    -4   21 c  0   1.46 176.48761   5.86152    58.92  1550.90 4.29 2.11  48.3 -0.355 19.24 21.26 04a60108o0209c
60108.044454 -21.515  2.686    -9   24 c  0   1.16 176.48761   5.86152    44.49  1663.02 4.15 2.08  48.9 -0.318 19.30 21.23 04a60108o0230c
60110.996535  21.012  0.900    14   13 c  0   1.04 176.48761   5.86152  3971.84  1440.96 2.53 2.22  47.0 -0.400 19.24 21.02 04a60111o0129c
60110.999241 -21.812  1.769    -7   12 c  0   1.24 176.48761   5.86152  3992.71  1477.90 2.49 2.21  43.3 -0.405 19.27 21.02 04a60111o0135c
60111.006668 -21.879  1.889    -6   12 c  0   1.26 176.48761   5.86152  3938.75  1394.40 2.55 2.20  48.4 -0.399 19.25 21.02 04a60111o0151c
60111.017595  21.418  1.140    10   11 c  0   1.67 176.48761   5.86152  3923.77  1504.32 2.50 2.16  40.3 -0.395 19.28 21.07 04a60111o0175c
60113.993099  21.166  2.125    12   26 c  0   1.11 176.48761   5.86152  1236.73 10066.93 5.28 4.78 -81.7 -0.225 18.39 20.92 04a60114o0045c
60118.724020 -21.795  3.435    -7   24 o  0   1.22 176.48761   5.86152  6967.52  9852.61 3.90 2.93 -12.5 -0.365 18.63 19.81 03a60119o0089o
60118.727539  19.918  0.814    39   32 o  0   1.14 176.48761   5.86152  6985.96  9892.20 5.78 2.79  -1.9 -0.389 18.35 19.74 03a60119o0096o
60118.740374 -20.260  1.138   -29   32 o  0   1.10 176.48761   5.86152  6930.17  9812.03 5.66 3.33  -5.0 -0.366 18.29 19.78 03a60119o0119o
60118.746707 -21.694  2.885    -8   22 o  0   1.26 176.48761   5.86152  6909.74  9929.06 3.78 2.87  -9.8 -0.391 18.69 19.89 03a60119o0131o
60122.049181 -21.194  3.056   -12   37 o  0   1.27 176.48761   5.86152  4878.52  3989.53 2.29 2.17 -42.8 -0.433 18.20 18.65 04a60122o0084o
60122.062372 -20.834  2.563   -17   43 o  0   0.98 176.48761   5.86152  4855.99  4107.30 2.43 2.39 -33.7 -0.406 18.15 18.65 04a60122o0113o
60123.019172 -19.302  0.642   -69   44 o  0   1.15 176.48761   5.86152  4911.28  4027.20 2.11 2.01 -38.7 -0.443 17.94 18.81 04a60123o0175o
60123.022806 -16.723  0.414  -743  308 o  0   1.51 176.48761   5.86152  4930.75  4065.30 2.12 2.00 -50.9 -0.441 15.83 15.70 04a60123o0183o
60123.035013  21.246  2.345    12   27 o  0   1.12 176.48761   5.86152  4873.45  3986.50 2.02 1.95 -41.8 -0.449 18.49 18.96 04a60123o0210o
60123.040077  21.969  4.886     6   29 o  0   0.74 176.48761   5.86152  4854.05  4101.75 2.06 1.95 -44.6 -0.431 18.47 18.97 04a60123o0221o
60126.013028  19.337  0.443    67   30 o  0   1.32 176.48761   5.86152  8256.03  1692.96 2.15 1.97 -66.1 -0.475 18.57 19.09 04a60126o0155o
60126.017557 -19.557  0.525   -55   29 o  0   1.54 176.48761   5.86152  8274.44  1730.94 2.16 1.98 -52.8 -0.502 18.54 19.08 04a60126o0165o
60126.026843  21.800  5.722     7   40 o  0   1.10 176.48761   5.86152  8216.48  1653.04 2.24 2.01 -57.9 -0.519 18.52 19.02 04a60126o0185o
60126.038433  19.968  0.926    37   35 o  0   1.55 176.48761   5.86152  8195.37  1770.84 2.63 2.15 -28.3 -0.441 18.42 18.98 04a60126o0210o
60127.751678 -20.474  1.231   -24   29 o  0   1.12 176.48761   5.86152  4922.60  8036.90 2.96 2.41 -17.2 -0.359 18.44 18.96 03a60128o0030o
60128.977190 -19.940  1.011   -38   39 o  0   1.00 176.48761   5.86152  5079.37  7900.17 2.77 2.37 -69.0 -0.400 18.25 18.95 04a60129o0080o
60128.988569 -20.239  1.200   -29   35 o  0   1.27 176.48761   5.86152  5102.91  7934.63 2.79 2.34 -70.5 -0.403 18.22 18.90 04a60129o0105o
60128.993542 -20.250  1.229   -29   36 o  0   1.18 176.48761   5.86152  5045.24  7855.05 2.72 2.31 -64.2 -0.401 18.22 18.89 04a60129o0116o
60128.997663 -21.895  5.800    -6   37 o  0   1.09 176.48761   5.86152  5025.89  7970.56 2.83 2.38 -67.0 -0.386 18.20 18.88 04a60129o0125o
60130.719091  20.562  0.736    22   16 o  0   1.03 176.48761   5.86152  5014.39  9899.02 2.52 2.15 -41.4 -0.393 19.23 20.31 03a60131o0075o
60130.726907  22.866  4.500     3   12 o  0   1.47 176.48761   5.86152  5035.30  9940.30 2.53 2.15 -40.8 -0.398 19.29 20.39 03a60131o0092o
60130.729613 -24.764 24.667    -0   11 o  0   1.97 176.48761   5.86152  4978.83  9859.41 2.60 2.19 -38.2 -0.389 19.27 20.39 03a60131o0098o
60130.743484  21.762  2.167     7   16 o  0   1.72 176.48761   5.86152  4959.46  9975.91 2.64 2.22 -38.1 -0.390 19.10 20.22 03a60131o0128o
60131.998727 -19.202  0.660   -76   50 o  0   1.23 176.48761   5.86152  3218.49  9934.23 2.94 2.09 -74.3 -0.406 17.80 18.97 04a60132o0125o
60132.003248 -19.133  0.678   -81   55 o  0   0.88 176.48761   5.86152  3237.39  9971.92 2.97 2.11 -74.0 -0.398 17.77 18.95 04a60132o0135o
60132.012771  19.393  2.085    64  132 o  0   1.19 176.48761   5.86152  3179.05  9892.83 3.11 2.21 -75.1 -0.391 16.61 17.79 04a60132o0156o
60132.022289 -17.661  0.895  -313  280 o  0   1.06 176.48761   5.86152  3157.79 10009.88 3.01 2.14 -77.6 -0.370 15.66 16.78 04a60132o0177o
60140.026221 -21.745  2.209    -7   16 o  0   1.44 176.48761   5.86152  6315.72  1803.17 2.42 2.24 -28.6 -0.417 19.01 20.21 04a60140o0180o
60140.040662 -21.200  1.655   -12   20 o  0   0.91 176.48761   5.86152  6328.37  1848.56 2.63 2.47 -17.7 -0.442 18.85 20.19 04a60140o0211o
60140.044755  20.387  0.699    25   18 o  0   1.40 176.48761   5.86152  6268.64  1771.51 2.39 2.26 -26.7 -0.434 18.91 20.20 04a60140o0220o
60142.700747  22.196  6.931     5   33 c  0   1.49 176.48761   5.86152  1011.43  4187.57 2.60 2.47 -24.8 -0.367 18.24 18.81 03a60143o0025c
60142.703929  23.374 16.556     2   27 c  0   1.07 176.48761   5.86152  1029.34  4223.64 2.69 2.64 -28.3 -0.360 18.62 19.51 03a60143o0032c
60142.709471 -21.756  2.325    -7   17 c  0   1.18 176.48761   5.86152   973.90  4142.30 2.70 2.53 -83.1 -0.373 19.04 20.34 03a60143o0044c
60142.719569  20.540  0.629    22   14 c  0   1.12 176.48761   5.86152   954.77  4256.84 2.53 2.45 -59.2 -0.385 19.26 20.78 03a60143o0066c
60151.962660 -16.886  1.221  -639  780 o  0   1.06 176.48761   5.86152  3148.55  7985.31 2.45 2.02 -73.7 -0.411 15.07 15.01 04a60152o0019o
60151.980312 -18.532  2.258  -140  317 o  0   0.89 176.48761   5.86152  3164.00  8026.63 2.37 1.97 -76.7 -0.456 16.06 16.12 04a60152o0058o
60151.983467 -18.844  2.356  -105  248 o  0   0.68 176.48761   5.86152  3105.34  7949.67 2.45 1.95 -78.2 -0.420 16.33 16.41 04a60152o0065o
60151.992958  18.008  1.613   227  367 o  0   0.88 176.48761   5.86152  3082.63  8068.24 2.45 1.93 -79.1 -0.406 15.79 15.87 04a60152o0086o
60152.959379  18.634  0.646   128   82 o  0   1.40 176.48761   5.86152  3141.92  7984.41 2.58 2.21 -70.3 -0.415 17.17 17.32 04a60153o0002o
60152.963008 -19.742  1.004   -46   46 o  0   1.09 176.48761   5.86152  3160.83  8022.91 2.67 2.12 -78.5 -0.396 17.81 18.16 04a60153o0010o
60152.969389  20.035  0.938    35   33 o  0   0.79 176.48761   5.86152  3099.83  7946.36 2.59 2.06 -79.2 -0.383 18.35 18.99 04a60153o0024o
