MJD          m      dm   uJy   duJy F err chi/N     RA       Dec        x        y     maj  min   phi  apfit mag5sig Sky   Obs
59613.577303  19.818  0.308    43   13 o  0   1.52 234.57970  68.98046  3126.35  7014.40 2.83 2.71 -56.1 -0.462 19.39 21.07 01a59613o0812o
59613.580988  19.635  0.271    51   14 o  0   1.38 234.57970  68.98046  3107.38  6979.46 2.85 2.71 -52.8 -0.460 19.40 21.06 01a59613o0820o
59613.587921  19.241  0.175    73   13 o  0   1.79 234.57970  68.98046  3168.15  7053.52 2.87 2.72 -51.4 -0.460 19.39 21.09 01a59613o0835o
59613.598093  19.684  0.241    49   12 o  0   1.69 234.57970  68.98046  3189.53  6936.62 2.90 2.82 -64.7 -0.448 19.36 21.05 01a59613o0857o
59615.578460  21.423  1.085    10   11 c  0   1.08 234.57970  68.98046  5027.71  5888.64 2.71 2.47  39.7 -0.388 19.48 21.27 02a59615o0818c
59615.581712  19.983  0.295    37   11 c  0   1.46 234.57970  68.98046  5047.54  5926.91 2.73 2.52  43.0 -0.389 19.45 21.28 02a59615o0825c
59615.587222  19.579  0.215    54   12 c  0   1.31 234.57970  68.98046  4987.97  5849.27 2.77 2.38  42.4 -0.387 19.53 21.30 02a59615o0837c
59615.598276  19.983  0.308    37   11 c  0   1.02 234.57970  68.98046  4970.91  5963.67 2.66 2.41  42.2 -0.392 19.55 21.39 02a59615o0861c
59617.622598  20.938  1.255    15   19 o  0   1.09 234.57970  68.98046  2137.68  2934.26 3.81 3.48 -46.9 -0.402 18.87 20.39 01a59617o0738o
59617.625845  18.966  0.217    94   20 o  0   1.15 234.57970  68.98046  2115.75  2897.36 3.93 3.62 -45.5 -0.365 18.79 20.40 01a59617o0745o
59617.632783  19.983  0.517    37   19 o  0   1.18 234.57970  68.98046  2180.45  2969.49 4.00 3.63 -48.2 -0.358 18.79 20.38 01a59617o0760o
59617.650894  20.366  0.724    26   19 o  0   1.09 234.57970  68.98046  2197.63  2852.33 3.86 3.56 -48.8 -0.367 18.71 20.32 01a59617o0798o
59621.553430  19.969  0.399    37   15 o  0   1.46 234.57970  68.98046  2126.33  2927.29 2.99 2.93 -35.4 -0.466 19.14 20.60 01a59621o0739o
59621.556654  21.439  1.571    10   15 o  0   1.41 234.57970  68.98046  2103.91  2892.26 3.14 3.00 -41.8 -0.456 19.16 20.70 01a59621o0746o
59621.563592  19.586  0.285    53   15 o  0   1.25 234.57970  68.98046  2168.54  2965.92 3.05 2.98 -44.2 -0.467 19.20 20.79 01a59621o0761o
59621.573737  21.605  1.737     8   14 o  0   1.41 234.57970  68.98046  2185.62  2848.79 3.03 2.95 -49.9 -0.458 19.26 20.88 01a59621o0783o
59623.580005  21.714  2.273     8   17 o  0   1.05 234.57970  68.98046  4888.24  1530.28 2.34 2.26  64.9 -0.422 18.99 19.80 02a59623o0758o
59623.585507  19.024  0.227    89   20 o  0   1.04 234.57970  68.98046  4906.94  1570.97 2.56 2.44  63.7 -0.404 18.95 19.82 02a59623o0770o
59623.589181  20.227  0.616    30   18 o  0   0.86 234.57970  68.98046  4855.20  1491.17 2.21 2.11 -66.6 -0.429 19.06 19.85 02a59623o0778o
59623.600650  18.868  0.189   103   20 o  0   0.75 234.57970  68.98046  4839.84  1608.91 2.24 2.14  68.1 -0.424 19.07 19.94 02a59623o0803o
59625.643918  19.126  0.375    81   30 o  0   1.28 234.57970  68.98046  8747.27  6671.58 3.32 2.80 -63.2 -0.461 18.58 19.52 01a59625o0577o
59625.648209  19.470  0.551    59   33 o  0   1.09 234.57970  68.98046  8727.59  6630.34 3.45 2.80 -59.7 -0.464 18.58 19.54 01a59625o0586o
59625.653357  19.417  0.505    62   31 o  0   0.99 234.57970  68.98046  8787.67  6710.13 3.18 2.66 -62.8 -0.479 18.66 19.57 01a59625o0597o
59625.665559  20.517  2.109    23   48 o  0   1.11 234.57970  68.98046  8800.29  6590.55 3.30 2.83 -60.6 -0.464 18.37 19.15 01a59625o0622o
59627.609543  19.734  0.916    46   42 o  0   1.08 234.57970  68.98046 10506.93  7404.32 2.31 2.21 -57.2 -0.426 18.68 19.00 02a59627o0877o
59627.611370  15.995  0.935  1452 1359 o  0   0.09 234.57970  68.98046 10528.88  7440.67 2.45 2.11 -57.2 -0.438 18.71 19.00 02a59627o0881o
59627.614590  19.931  0.729    39   28 o  0   1.01 234.57970  68.98046 10466.80  7371.08 2.37 2.10 -56.9 -0.443 18.71 19.01 02a59627o0888o
59627.619620  18.959  0.286    95   27 o  0   1.03 234.57970  68.98046 10447.96  7490.69 2.27 2.19 -60.3 -0.435 18.68 19.01 02a59627o0899o
59629.558505  19.677  0.680    49   33 o  0   1.15 234.57970  68.98046  8738.22  6696.52 2.86 2.74  76.4 -0.461 18.63 19.35 01a59629o0666o
59629.562636  23.586 22.667     1   30 o  0   1.65 234.57970  68.98046  8719.52  6657.11 3.12 3.05  66.6 -0.424 18.53 19.36 01a59629o0675o
59629.568573  21.150  3.141    13   40 o  0   1.11 234.57970  68.98046  8779.86  6736.90 2.93 2.81  82.1 -0.452 18.63 19.38 01a59629o0688o
59629.581365  19.205  0.500    76   38 o  0   0.99 234.57970  68.98046  8800.13  6613.76 3.00 2.76  48.5 -0.435 18.66 19.38 01a59629o0716o
59631.544804  19.910  0.612    39   24 o  0   1.27 234.57970  68.98046 10501.30  7398.89 2.27 2.22   9.8 -0.442 19.09 19.84 02a59631o0736o
59631.548030  19.218  0.411    75   31 o  0   0.91 234.57970  68.98046 10524.32  7434.48 2.32 2.09 -52.2 -0.436 19.18 19.86 02a59631o0743o
59631.552164  19.250  0.229    72   17 o  0   1.51 234.57970  68.98046 10460.83  7365.05 2.25 2.16  16.0 -0.442 19.10 19.88 02a59631o0752o
59631.562237  19.038  0.221    88   19 o  0   0.93 234.57970  68.98046 10443.55  7484.85 2.39 2.13 -54.6 -0.433 19.19 19.88 02a59631o0774o
59631.573684  19.932  0.401    39   16 o  0   1.17 234.57970  68.98046   864.81  7531.70 2.01 1.92  44.3 -0.455 19.15 19.88 02a59631o0799o
59631.575513  19.746  0.371    46   17 o  0   1.34 234.57970  68.98046   884.70  7574.24 2.16 1.96  41.7 -0.453 19.10 19.87 02a59631o0803o
59631.581936  20.276  0.648    28   18 o  0   1.02 234.57970  68.98046   823.06  7488.36 1.98 1.97 -15.9 -0.465 19.12 19.86 02a59631o0817o
59631.592488  22.415  4.027     4   16 o  0   1.36 234.57970  68.98046   802.61  7603.00 2.08 1.93  37.8 -0.454 19.11 19.85 02a59631o0840o
59633.612425  19.668  0.325    49   16 o  0   1.18 234.57970  68.98046  7628.05  2945.38 2.95 2.83 -60.6 -0.454 19.10 20.49 01a59633o0891o
59633.614251  19.506  0.300    57   17 o  0   1.20 234.57970  68.98046  7605.89  2905.50 3.05 2.90 -62.9 -0.446 19.09 20.47 01a59633o0895o
59633.621528  19.217  0.202    75   15 o  0   1.45 234.57970  68.98046  7667.29  2985.19 3.07 2.92 -62.4 -0.440 19.10 20.51 01a59633o0910o
59633.627492  20.411  0.574    25   14 o  0   1.51 234.57970  68.98046  7683.22  2867.10 3.15 2.89 -60.0 -0.446 19.07 20.53 01a59633o0923o
59635.601036  19.374  0.184    65   12 o  0   1.76 234.57970  68.98046  4259.42  9668.21 2.30 2.14  62.2 -0.417 19.34 20.45 02a59635o0853o
59635.602864  19.191  0.223    76   17 o  0   0.72 234.57970  68.98046  4280.09  9709.94 2.29 2.10  53.6 -0.409 19.37 20.43 02a59635o0857o
59635.606064  20.405  0.582    25   15 o  0   0.92 234.57970  68.98046  4215.06  9629.15 2.28 2.07  51.8 -0.413 19.34 20.43 02a59635o0864o
59635.619734  19.592  0.273    53   14 o  0   1.64 234.57970  68.98046  4194.48  9745.77 2.13 2.06 -71.0 -0.440 19.44 20.45 02a59635o0893o
59637.558890  19.170  0.192    78   15 o  0   1.10 234.57970  68.98046  7635.16  2951.16 3.18 3.03  43.6 -0.409 19.28 21.02 01a59637o0766o
59637.564390  19.662  0.308    50   15 o  0   0.85 234.57970  68.98046  7612.02  2911.29 3.39 3.09  38.7 -0.393 19.23 21.01 01a59637o0778o
59637.567594  19.650  0.271    50   14 o  0   1.21 234.57970  68.98046  7674.82  2992.67 3.14 3.01 -85.3 -0.426 19.25 21.02 01a59637o0785o
59637.574423  20.680  0.614    19   12 o  0   1.50 234.57970  68.98046  7691.74  2874.94 3.10 3.04  62.3 -0.425 19.24 21.02 01a59637o0800o
59639.548718  19.242  0.146    73   11 c  0   1.81 234.57970  68.98046  4250.71  9671.34 2.56 2.52  73.0 -0.399 19.58 21.52 02a59639o0737c
59639.551007  19.376  0.191    64   12 c  0   1.05 234.57970  68.98046  4272.78  9711.18 2.54 2.50  56.4 -0.403 19.60 21.53 02a59639o0742c
59639.553763  19.253  0.171    72   12 c  0   0.98 234.57970  68.98046  4207.62  9631.59 2.57 2.46  55.0 -0.405 19.59 21.53 02a59639o0748c
59639.559274  19.567  0.209    54   11 c  0   1.60 234.57970  68.98046  4186.53  9748.85 2.58 2.46  55.9 -0.399 19.60 21.52 02a59639o0760c
59641.603706  19.611  0.265    52   14 o  0   1.27 234.57970  68.98046  3996.07  9190.86 2.90 2.78 -54.9 -0.451 19.40 21.08 01a59641o0769o
59641.605547  19.850  0.311    42   13 o  0   1.34 234.57970  68.98046  3977.57  9152.79 2.82 2.79 -88.5 -0.447 19.43 21.08 01a59641o0773o
59641.608741  19.387  0.188    64   12 o  0   1.40 234.57970  68.98046  4032.58  9227.15 2.76 2.67 -46.1 -0.463 19.42 21.06 01a59641o0780o
59641.619322  19.089  0.152    84   13 o  0   1.63 234.57970  68.98046  4046.04  9110.34 2.90 2.67 -51.3 -0.460 19.39 21.07 01a59641o0803o
59643.599285  19.254  0.274    72   20 c  0   0.75 234.57970  68.98046  2092.07  9679.45 2.49 2.18  86.2 -0.447 19.12 21.64 02a59643o0786c
59643.601250  19.092  0.231    84   19 c  0   0.74 234.57970  68.98046  2113.39  9720.23 2.49 2.14  82.0 -0.446 19.14 21.63 02a59643o0790c
59643.606192  19.427  0.290    62   18 c  0   0.85 234.57970  68.98046  2049.44  9637.35 2.49 2.17  84.1 -0.446 19.11 21.63 02a59643o0800c
59643.617127  19.264  0.216    72   15 c  0   0.84 234.57970  68.98046  2030.31  9753.13 2.42 2.15  89.9 -0.454 19.13 21.64 02a59643o0822c
59645.523957  19.559  0.277    54   15 o  0   0.83 234.57970  68.98046  3984.81  9194.12 3.08 3.06 -80.9 -0.434 19.28 20.97 01a59645o0683o
59645.527153  19.350  0.212    66   14 o  0   1.28 234.57970  68.98046  3967.15  9156.28 3.07 3.03 -21.2 -0.431 19.27 20.99 01a59645o0690o
59645.531708  19.081  0.169    85   14 o  0   1.14 234.57970  68.98046  4022.62  9233.32 3.07 2.89 -37.9 -0.445 19.28 21.01 01a59645o0700o
59645.538570  19.770  0.346    45   16 o  0   0.98 234.57970  68.98046  4040.13  9113.98 3.21 3.20 -59.4 -0.410 19.24 21.01 01a59645o0715o
59647.576364  20.741  1.958    18   36 c  0   1.13 234.57970  68.98046  2086.98  9679.56 2.70 2.52  62.3 -0.427 18.10 20.95 02a59647o0561c
59647.578871  18.741  0.200   116   23 c  0   0.81 234.57970  68.98046  2109.13  9720.39 2.59 2.44  61.1 -0.435 18.85 21.63 02a59647o0566c
59647.581780  18.790  0.182   111   20 c  0   0.88 234.57970  68.98046  2044.09  9638.58 2.63 2.36  59.5 -0.429 18.84 21.64 02a59647o0572c
59647.594047  18.812  0.317   108   34 c  0   1.13 234.57970  68.98046  2018.98  9752.78 2.63 2.42  59.3 -0.436 18.17 20.97 02a59647o0596c
59649.553832  19.409  0.229    63   14 o  0   1.57 234.57970  68.98046   423.75  9762.75 3.12 2.60 -48.6 -0.504 19.35 21.11 01a59649o0662o
59649.557471  18.957  0.170    95   16 o  0   0.98 234.57970  68.98046   404.47  9727.27 3.16 2.59 -46.5 -0.501 19.39 21.12 01a59649o0670o
59649.578043  19.004  0.165    91   15 o  0   1.12 234.57970  68.98046   461.18  9797.68 3.15 2.72 -51.6 -0.501 19.38 21.22 01a59649o0714o
59649.580823  19.725  0.363    47   17 o  0   1.03 234.57970  68.98046   478.98  9675.95 3.22 2.73 -47.2 -0.483 19.37 21.24 01a59649o0720o
59649.586750  19.206  0.188    76   14 o  0   1.15 234.57970  68.98046  8797.94  9393.26 3.22 3.06  51.2 -0.409 19.36 21.23 01a59649o0733o
59649.588572  18.750  0.112   115   13 o  0   1.19 234.57970  68.98046  8777.46  9353.11 3.17 3.02  51.8 -0.421 19.40 21.23 01a59649o0737o
59649.591312  18.777  0.118   112   13 o  0   1.21 234.57970  68.98046  8833.94  9434.15 3.14 2.96  51.6 -0.422 19.43 21.24 01a59649o0743o
59649.596793  19.180  0.164    77   13 o  0   1.29 234.57970  68.98046  8849.20  9317.02 3.32 3.14  54.1 -0.407 19.35 21.21 01a59649o0755o
59653.525399  19.001  0.328    91   30 o  0   1.03 234.57970  68.98046   424.22  9757.91 3.18 2.75 -46.9 -0.516 18.67 19.63 01a59653o0277o
59653.527220  19.044  0.326    88   28 o  0   1.14 234.57970  68.98046   406.97  9719.79 3.37 2.93 -47.4 -0.506 18.64 19.63 01a59653o0281o
59653.530412  19.211  0.333    75   25 o  0   1.23 234.57970  68.98046   462.83  9790.98 3.15 2.65 -47.4 -0.509 18.71 19.63 01a59653o0288o
59653.537722  19.041  0.294    88   26 o  0   1.27 234.57970  68.98046   479.27  9672.23 2.98 2.52 -46.9 -0.524 18.75 19.63 01a59653o0304o
59653.539091  19.505  0.472    57   27 o  0   1.08 234.57970  68.98046  8791.55  9404.66 3.28 3.18  82.5 -0.421 18.62 19.61 01a59653o0307o
59653.540912  18.766  0.237   113   27 o  0   1.28 234.57970  68.98046  8773.95  9361.96 3.34 3.20  59.6 -0.426 18.63 19.61 01a59653o0311o
59653.543653  19.355  0.364    66   24 o  0   1.43 234.57970  68.98046  8829.90  9443.37 3.28 3.19  81.4 -0.436 18.61 19.57 01a59653o0317o
59653.551438  18.722  0.205   118   24 o  0   1.22 234.57970  68.98046  8846.91  9325.47 3.34 3.13  45.8 -0.417 18.66 19.68 01a59653o0333o
59657.557231  19.167  0.290    78   23 o  0   1.38 234.57970  68.98046  3585.64  4856.89 2.94 2.77 -41.8 -0.457 18.51 19.20 01a59657o0759o
59657.559048  19.430  0.393    61   24 o  0   1.67 234.57970  68.98046  3564.68  4818.88 2.93 2.83 -54.2 -0.464 18.46 19.20 01a59657o0763o
59657.564060  19.271  0.405    71   29 o  0   1.04 234.57970  68.98046  3624.88  4891.97 2.93 2.89 -45.9 -0.454 18.47 19.20 01a59657o0774o
59657.574039  19.049  0.301    87   26 o  0   1.26 234.57970  68.98046  3638.23  4774.77 3.00 2.82 -57.0 -0.458 18.47 19.22 01a59657o0795o
59665.514642  19.212  0.248    75   19 o  0   0.94 234.57970  68.98046   540.52  1058.30 2.84 2.62 -49.4 -0.608 19.24 20.51 01a59665o0635o
59665.516917  19.266  0.217    71   16 o  0   1.23 234.57970  68.98046   516.85  1020.84 2.61 2.53 -55.4 -0.611 19.25 20.52 01a59665o0640o
59665.541518  19.289  0.261    70   18 o  0   0.91 234.57970  68.98046   577.15  1094.21 2.94 2.69 -53.0 -0.574 19.19 20.52 01a59665o0693o
59665.544764  20.327  0.706    27   19 o  0   1.12 234.57970  68.98046   593.23   973.85 3.00 2.73 -54.9 -0.591 19.19 20.54 01a59665o0700o
59669.512939  19.208  0.186    75   14 o  0   1.79 234.57970  68.98046   538.14  1056.85 2.51 2.44 -72.8 -0.599 19.27 20.70 01a59669o0004o
59669.514768  18.784  0.163   111   18 o  0   1.15 234.57970  68.98046   514.59  1021.38 2.63 2.46 -56.5 -0.606 19.31 20.72 01a59669o0008o
59669.517538  19.175  0.202    78   16 o  0   1.10 234.57970  68.98046   582.33  1091.49 2.72 2.51 -52.8 -0.597 19.33 20.72 01a59669o0014o
59669.524876  19.428  0.262    62   16 o  0   1.16 234.57970  68.98046   599.79   972.19 2.55 2.42 -42.3 -0.601 19.33 20.73 01a59669o0030o
59671.493344  18.867  0.150   103   15 c  0   0.90 234.57970  68.98046  6393.89  7919.63 3.01 2.65  41.3 -0.390 19.32 21.39 02a59671o0511c
59671.495172  19.153  0.169    79   13 c  0   1.58 234.57970  68.98046  6414.11  7958.92 3.17 2.71  40.6 -0.381 19.27 21.39 02a59671o0515c
59671.505243  19.178  0.193    77   15 c  0   1.02 234.57970  68.98046  6348.34  7885.05 3.36 2.73  39.1 -0.370 19.26 21.36 02a59671o0536c
59671.509917  19.397  0.214    63   14 c  0   1.20 234.57970  68.98046  6330.18  7999.57 3.04 2.63  39.4 -0.392 19.32 21.35 02a59671o0546c
59675.497937  19.466  0.213    59   13 c  0   1.80 234.57970  68.98046  3130.89  1593.72 2.41 2.28  87.9 -0.432 19.34 21.34 02a59675o0614c
59675.499767  19.099  0.147    83   12 c  0   1.18 234.57970  68.98046  3146.88  1636.25 2.55 2.29  54.9 -0.420 19.31 21.44 02a59675o0618c
59675.502993  19.287  0.225    70   16 c  0   1.59 234.57970  68.98046  3096.04  1555.81 2.50 2.33  69.3 -0.424 19.15 21.19 02a59675o0625c
59675.508476  19.224  0.307    74   23 c  0   1.01 234.57970  68.98046  3080.48  1670.15 2.46 2.35  75.3 -0.420 18.64 20.65 02a59675o0637c
59677.515913  19.288  0.214    70   15 o  0   0.94 234.57970  68.98046  7496.60  4584.57 2.99 2.88 -50.5 -0.448 19.16 20.47 01a59677o0574o
59677.517738  18.947  0.155    96   15 o  0   1.25 234.57970  68.98046  7476.71  4543.81 3.11 2.91  26.0 -0.422 19.13 20.48 01a59677o0578o
59677.524141  19.089  0.196    84   16 o  0   1.08 234.57970  68.98046  7535.99  4623.34 3.06 2.92 -50.0 -0.443 19.12 20.50 01a59677o0590o
59677.530618  19.344  0.247    66   16 o  0   1.15 234.57970  68.98046  7554.33  4505.73 3.00 2.95  -7.8 -0.438 19.13 20.49 01a59677o0604o
59679.471038  19.629  0.369    51   19 c  0   1.13 234.57970  68.98046  3125.93  1595.42 2.54 2.32  57.3 -0.427 18.94 20.73 02a59679o0523c
59679.472866  18.960  0.197    95   19 c  0   1.32 234.57970  68.98046  3144.10  1635.29 2.54 2.31  56.1 -0.420 18.99 20.75 02a59679o0527c
59679.476066  19.893  0.399    40   16 c  0   1.30 234.57970  68.98046  3090.78  1554.89 2.55 2.30  54.6 -0.419 19.02 20.79 02a59679o0534c
59679.481293  18.997  0.150    91   14 c  0   1.44 234.57970  68.98046  3074.91  1670.86 2.56 2.30  55.1 -0.424 19.06 20.85 02a59679o0545c
59681.544095  19.368  0.351    65   23 o  0   1.53 234.57970  68.98046  6526.10  9512.51 3.14 2.85  41.2 -0.445 18.73 19.66 01a59681o0691o
59681.579615  20.530  0.950    22   21 o  0   0.82 234.57970  68.98046  6558.35  9550.06 3.20 2.89  39.7 -0.432 18.97 20.12 01a59681o0768o
59681.608145  19.252  0.297    72   21 o  0   0.81 234.57970  68.98046  6493.23  9485.02 2.91 2.88 -52.1 -0.477 18.93 20.09 01a59681o0829o
59681.613362  19.543  0.338    55   19 o  0   1.27 234.57970  68.98046  6477.24  9602.21 2.89 2.80  40.6 -0.467 18.99 20.11 01a59681o0840o
59683.517613  15.782  1.743  1768 3081 o  0   1.05 234.57970  68.98046    43.44  3797.65 2.27 2.25 -33.6 -0.429 14.34 14.19 02a59683o0619o
59683.538827  19.710  0.624    47   30 o  0   1.31 234.57970  68.98046  1632.83  6685.91 2.58 2.26  18.8 -0.408 18.57 19.24 02a59683o0665o
59683.542035  19.077  0.293    85   25 o  0   1.56 234.57970  68.98046  1613.94  6647.91 2.67 2.55   8.2 -0.409 18.60 19.31 02a59683o0672o
59683.575797  18.336  0.461   168   77 o  0   1.02 234.57970  68.98046  1661.92  6715.10 2.33 2.11  17.6 -0.412 17.45 17.59 02a59683o0745o
59687.440067  18.440  0.224   153   34 o  0   0.71 234.57970  68.98046  8958.08  3893.94 2.25 2.04  36.5 -0.413 18.56 18.90 02a59687o0465o
59687.443265  19.029  0.252    89   22 o  0   1.55 234.57970  68.98046  8978.15  3931.34 2.31 2.03  36.8 -0.414 18.52 18.90 02a59687o0472o
59687.446153  19.735  0.620    46   29 o  0   1.07 234.57970  68.98046  8920.17  3857.97 2.22 1.98  36.1 -0.418 18.60 18.90 02a59687o0478o
59687.451180  19.232  0.392    74   29 o  0   1.02 234.57970  68.98046  8903.07  3977.91 2.21 2.05  47.3 -0.420 18.56 18.91 02a59687o0489o
59687.472066 -18.155  0.477  -199   95 o  0   0.82 234.57970  68.98046    30.72  3802.11 2.12 1.94  27.5 -0.405 18.54 18.87 02a59687o0534o
59689.528332  18.542  0.169   139   24 o  0   1.17 234.57970  68.98046  5508.17  3746.97 2.87 2.81  -0.1 -0.463 18.71 19.60 01a59689o0501o
59689.531981  18.959  0.225    95   21 o  0   1.54 234.57970  68.98046  5529.75  3785.51 2.73 2.66  10.9 -0.477 18.77 19.61 01a59689o0509o
59689.537506  19.385  0.302    64   19 o  0   1.59 234.57970  68.98046  5470.95  3711.30 2.76 2.71 -16.6 -0.469 18.74 19.61 01a59689o0521o
59689.572066  19.237  0.333    73   24 o  0   1.18 234.57970  68.98046  5469.07  3830.52 3.13 3.10 -51.4 -0.437 18.59 19.62 01a59689o0596o
59691.486124 -17.061  4.656  -544 2532 o  0   1.36 234.57970  68.98046  4951.00  7620.09 2.84 2.15  37.2 -0.409 13.41 13.70 02a59691o0463o
59693.454683  19.115  0.218    82   18 o  0   1.16 234.57970  68.98046  4988.65  6821.72 2.77 2.74 -56.0 -0.454 19.07 20.28 01a59693o0506o
59693.461116 -21.071  1.700   -14   23 o  0   1.07 234.57970  68.98046  4974.90  6781.28 3.18 2.85  48.1 -0.396 18.65 19.91 01a59693o0519o
59693.469374  19.009  0.229    90   21 o  0   1.22 234.57970  68.98046  5029.10  6856.34 2.93 2.89  56.8 -0.437 18.79 19.96 01a59693o0537o
59693.471195 -19.824  4.190   -43  179 o  0   1.06 234.57970  68.98046  5043.76  6740.29 2.82 2.77  50.9 -0.443 18.36 19.53 01a59693o0541o
59695.431117  19.152  0.182    79   14 c  0   1.14 234.57970  68.98046  5000.11  7545.04 2.97 2.53  41.0 -0.377 19.29 21.20 02a59695o0443c
59695.432945  19.802  0.315    44   14 c  0   1.02 234.57970  68.98046  5023.73  7582.05 3.01 2.53  41.8 -0.380 19.29 21.20 02a59695o0447c
59695.435690  19.527  0.255    56   14 c  0   0.90 234.57970  68.98046  4962.44  7504.28 2.85 2.49  41.0 -0.390 19.27 21.21 02a59695o0453c
59695.440740  19.331  0.195    67   13 c  0   1.41 234.57970  68.98046  4940.90  7623.04 3.18 2.56  39.3 -0.368 19.24 21.21 02a59695o0464c
59697.531896  19.174  0.198    78   15 o  0   1.55 234.57970  68.98046  3647.86  3895.89 2.80 2.66  38.4 -0.467 19.13 20.34 01a59697o0404o
59697.535145  19.242  0.258    73   19 o  0   1.19 234.57970  68.98046  3669.43  3935.83 2.76 2.70 -29.5 -0.474 19.09 20.32 01a59697o0411o
59697.541158  19.746  0.305    46   14 o  0   1.68 234.57970  68.98046  3611.35  3860.46 2.59 2.54  15.2 -0.493 19.15 20.26 01a59697o0424o
59697.551323  20.029  0.454    35   16 o  0   1.16 234.57970  68.98046  3601.02  3977.21 2.62 2.57  -7.0 -0.489 19.11 20.20 01a59697o0446o
59699.448213  19.218  0.936    75   70 c  0   0.95 234.57970  68.98046  1686.84  5469.73 2.52 2.33  32.7 -0.425 17.74 19.12 02a59699o0480c
59699.451032 -16.552  0.924  -870  804 c  0   1.37 234.57970  68.98046  1706.86  5509.63 2.50 2.35  32.0 -0.415 15.19 16.55 02a59699o0486c
59699.478338  19.126  0.451    81   37 c  0   0.89 234.57970  68.98046  1630.50  5541.39 2.66 2.39  30.0 -0.417 18.22 19.69 02a59699o0545c
59701.548715 -20.150  0.762   -32   24 o  0   1.11 234.57970  68.98046  3659.51  3902.29 2.76 2.70   5.9 -0.467 19.00 20.16 01a59701o0045o
59701.551942  20.053  1.604    35   56 o  0   1.10 234.57970  68.98046  3681.26  3941.63 2.93 2.74  28.7 -0.446 17.53 18.68 01a59701o0052o
59701.558430 -16.801  0.339  -691  234 o  0   1.03 234.57970  68.98046  3621.76  3863.09 2.87 2.75 -48.0 -0.465 16.69 17.90 01a59701o0066o
59709.426090  18.953  0.205    95   20 o  0   1.01 234.57970  68.98046  5531.54  4681.31 2.82 2.79  35.2 -0.453 18.98 20.02 01a59709o0419o
59709.427931  19.477  0.315    59   18 o  0   1.33 234.57970  68.98046  5510.82  4643.01 2.87 2.75 -51.6 -0.454 18.99 20.02 01a59709o0423o
59709.430691  19.679  0.378    49   18 o  0   0.98 234.57970  68.98046  5571.67  4718.71 2.93 2.79  33.3 -0.439 19.00 20.04 01a59709o0429o
59709.435765  19.063  0.214    86   18 o  0   1.08 234.57970  68.98046  5587.32  4601.40 2.80 2.71 -45.6 -0.462 19.01 20.04 01a59709o0440o
59711.443127  19.788  0.582    44   26 o  0   1.19 234.57970  68.98046  1999.45  1233.01 2.17 2.07  61.9 -0.470 18.65 19.18 02a59711o0449o
59711.471633  19.455  0.469    60   28 o  0   1.22 234.57970  68.98046  1975.12  1195.98 2.39 2.29  70.3 -0.449 18.40 18.96 02a59711o0510o
59711.499834  19.837  0.502    42   21 o  0   0.85 234.57970  68.98046  2037.17  1263.81 2.43 2.27  54.7 -0.447 18.82 19.59 02a59711o0571o
59711.524551  22.625  6.000     3   19 o  0   1.60 234.57970  68.98046  2057.59  1140.67 2.63 2.42  51.1 -0.449 18.77 19.63 02a59711o0624o
59713.442864  19.732  0.640    46   30 o  0   0.94 234.57970  68.98046  4696.65  1540.17 3.20 3.08  59.4 -0.435 18.52 19.32 01a59713o0467o
59713.446088  19.086  0.307    84   26 o  0   1.25 234.57970  68.98046  4717.04  1580.52 3.01 2.94  59.4 -0.447 18.54 19.33 01a59713o0474o
59713.452531  19.307  0.412    69   28 o  0   1.58 234.57970  68.98046  4661.34  1503.40 3.47 3.44 -86.2 -0.421 18.43 19.32 01a59713o0488o
59713.486629  20.060  0.692    34   24 o  0   1.70 234.57970  68.98046  4657.22  1624.45 3.04 3.02  29.2 -0.445 18.56 19.29 01a59713o0561o
59715.458996  19.226  0.381    74   28 o  0   1.05 234.57970  68.98046  3066.49  6982.98 2.12 1.88  25.7 -0.417 18.61 18.83 02a59715o0498o
59715.462193  19.217  0.330    75   25 o  0   1.32 234.57970  68.98046  3047.80  6947.03 2.08 1.87  23.0 -0.432 18.65 18.84 02a59715o0505o
59715.469045  19.042  0.296    88   26 o  0   1.10 234.57970  68.98046  3102.17  7016.22 2.10 1.88  24.8 -0.423 18.58 18.81 02a59715o0520o
59715.503186  19.067  0.279    86   24 o  0   1.54 234.57970  68.98046  3112.32  6896.21 2.23 1.90  22.5 -0.423 18.50 18.78 02a59715o0594o
59717.405671  19.621  0.705    52   36 o  0   1.23 234.57970  68.98046  5766.38  9035.54 4.51 4.14  47.8 -0.261 18.22 19.48 01a59717o0372o
59717.408899  19.289  0.628    70   44 o  0   1.09 234.57970  68.98046  5747.96  8996.55 5.06 4.83  52.1 -0.261 18.04 19.48 01a59717o0379o
59717.414430  19.623  0.745    51   38 o  0   1.04 234.57970  68.98046  5804.09  9072.30 3.95 3.90  60.8 -0.369 18.32 19.49 01a59717o0391o
59717.419493 -20.051  1.169   -35   40 o  0   1.06 234.57970  68.98046  5816.39  8956.25 4.36 4.29 -69.3 -0.334 18.24 19.49 01a59717o0402o
59719.391561  17.778  0.470   281  132 o  0   1.15 234.57970  68.98046  7543.28  3599.05 2.37 1.95  34.9 -0.443 16.68 17.49 02a59719o0184o
59719.392931  20.566  0.787    22   17 o  0   1.17 234.57970  68.98046  7561.48  3639.31 2.58 2.02  36.8 -0.413 18.85 19.78 02a59719o0187o
59719.396129  18.978  0.453    93   42 o  0   1.15 234.57970  68.98046  7506.94  3562.91 2.43 1.96  36.6 -0.421 18.23 19.10 02a59719o0194o
59719.410104  19.055  0.211    87   18 o  0   1.03 234.57970  68.98046  3129.26  6911.86 2.22 1.83  28.4 -0.420 19.03 19.77 02a59719o0224o
59721.424267  19.550  0.353    55   19 o  0   0.77 234.57970  68.98046 10516.00  7187.77 2.82 2.75 -88.3 -0.436 19.24 20.50 01a59721o0418o
59721.463340  20.040  0.444    35   16 o  0   1.42 234.57970  68.98046 10480.48  7161.68 2.84 2.77 -75.4 -0.438 19.16 20.28 01a59721o0502o
59721.470724  19.069  0.216    86   18 o  0   1.10 234.57970  68.98046 10469.09  7285.57 2.85 2.80  30.6 -0.420 19.11 20.28 01a59721o0518o
59721.482739  19.148  0.214    80   17 o  0   1.05 234.57970  68.98046   896.80  7705.39 2.70 2.47 -53.4 -0.470 19.15 20.28 01a59721o0544o
59721.510261  19.303  0.251    69   17 o  0   1.22 234.57970  68.98046   927.50  7745.37 2.88 2.65 -47.5 -0.445 19.05 20.22 01a59721o0603o
59721.513955  20.109  0.451    33   15 o  0   1.26 234.57970  68.98046   862.89  7663.87 2.75 2.60 -47.0 -0.452 19.02 20.19 01a59721o0611o
59721.542436  19.846  0.473    42   20 o  0   1.04 234.57970  68.98046   856.03  7778.40 2.85 2.62 -46.7 -0.448 19.00 20.17 01a59721o0672o
59723.416486  19.983  0.270    37   10 c  0   1.71 234.57970  68.98046  2147.25  2884.92 2.56 2.36  33.9 -0.408 19.47 21.10 02a59723o0393c
59723.419706  19.846  0.245    42   10 c  0   1.32 234.57970  68.98046  2126.68  2847.09 2.51 2.35  37.5 -0.406 19.50 21.10 02a59723o0400c
59723.426109  19.527  0.180    56   10 c  0   1.27 234.57970  68.98046  2189.09  2918.37 2.55 2.35  32.9 -0.407 19.46 21.06 02a59723o0414c
59723.460388  19.428  0.181    62   11 c  0   1.14 234.57970  68.98046  2201.88  2792.03 2.54 2.30  34.3 -0.405 19.46 21.04 02a59723o0488c
59725.394957  19.413  0.273    62   17 o  0   1.08 234.57970  68.98046  9676.11  2953.35 4.53 3.57  24.2 -0.226 18.73 20.43 01a59725o0354o
59725.396801  19.677  0.336    49   16 o  0   1.40 234.57970  68.98046  9650.56  2913.06 3.15 2.78 -58.0 -0.472 19.15 20.46 01a59725o0358o
59725.412680  19.968  0.477    37   18 o  0   1.18 234.57970  68.98046 10517.60  7181.03 3.13 2.87  28.9 -0.410 19.13 20.33 01a59725o0392o
59725.422850  19.542  0.340    55   19 o  0   0.79 234.57970  68.98046 10476.97  7149.18 3.25 2.93  34.4 -0.393 19.12 20.41 01a59725o0414o
59725.424695  19.187  0.183    77   14 o  0   1.84 234.57970  68.98046   847.32  7650.74 3.04 2.76 -55.3 -0.441 19.10 20.42 01a59725o0418o
59725.452693  19.855  0.386    42   16 o  0   1.11 234.57970  68.98046   837.54  7771.09 2.93 2.83 -69.2 -0.425 19.00 20.32 01a59725o0478o
59725.455940  19.099  0.203    83   17 o  0   1.60 234.57970  68.98046 10468.12  7276.75 3.37 3.16 -75.8 -0.387 18.93 20.28 01a59725o0485o
59727.416227  19.417  0.146    62    9 c  0   1.70 234.57970  68.98046  2148.02  2884.50 2.43 2.30  34.4 -0.411 19.56 21.18 02a59727o0391c
59727.443588  20.041  0.463    35   16 c  0   1.09 234.57970  68.98046  2120.51  2839.79 2.48 2.28  35.7 -0.413 18.94 20.36 02a59727o0450c
59727.471838  19.560  0.249    54   14 c  0   1.54 234.57970  68.98046  2180.25  2906.43 2.55 2.28  35.6 -0.408 18.86 20.37 02a59727o0511c
59727.496515  19.176  0.287    78   22 c  0   1.07 234.57970  68.98046  2197.75  2791.42 2.55 2.29  40.4 -0.404 18.71 20.19 02a59727o0564c
59729.455246  20.580  1.086    21   23 o  0   1.06 234.57970  68.98046  4375.78  9705.19 2.76 2.67  39.7 -0.471 18.89 20.10 01a59729o0467o
59729.488379  19.674  0.353    49   17 o  0   1.66 234.57970  68.98046  4405.54  9747.31 2.95 2.83  42.3 -0.446 18.77 20.03 01a59729o0538o
59729.493907  19.686  0.350    48   17 o  0   1.31 234.57970  68.98046  4336.53  9671.54 3.13 2.77 -39.3 -0.476 18.84 20.19 01a59729o0550o
59729.497600  19.615  0.308    52   16 o  0   1.40 234.57970  68.98046  4320.41  9789.91 2.90 2.89 -65.1 -0.452 19.07 20.39 01a59729o0558o
59731.470553  19.256  0.200    72   14 c  0   1.02 234.57970  68.98046  8680.15  6757.14 3.20 2.88  33.9 -0.376 19.34 21.20 02a59731o0341c
59731.474678  19.929  0.366    39   14 c  0   1.12 234.57970  68.98046  8660.40  6715.80 3.24 2.98  35.5 -0.372 19.31 21.18 02a59731o0350c
59731.480173  19.846  0.340    42   14 c  0   1.09 234.57970  68.98046  8716.79  6797.06 3.39 3.10  34.4 -0.373 19.28 21.15 02a59731o0362c
59731.514746  19.654  0.281    50   14 c  0   1.04 234.57970  68.98046  8728.94  6677.43 3.09 2.66  31.5 -0.385 19.37 21.05 02a59731o0437c
59733.413366  23.211  9.000     2   17 o  0   1.05 234.57970  68.98046  4373.37  9704.99 2.75 2.72 -86.1 -0.475 19.23 20.53 01a59733o0388o
59733.416590  19.826  0.325    43   14 o  0   1.16 234.57970  68.98046  4397.52  9744.25 3.06 2.78  50.2 -0.429 19.28 20.87 01a59733o0395o
59733.449717  19.992  0.392    37   14 o  0   1.13 234.57970  68.98046  4336.67  9670.49 2.78 2.76 -21.8 -0.476 19.32 20.80 01a59733o0466o
59733.478033  19.327  0.191    68   13 o  0   1.52 234.57970  68.98046  4323.96  9790.24 3.10 2.81  51.1 -0.430 19.27 20.77 01a59733o0526o
59735.357284  19.967  0.391    37   15 o  0   1.16 234.57970  68.98046  1913.65  3831.05 2.23 2.07  41.1 -0.438 19.30 20.29 02a59735o0262o
59735.359112  20.670  0.782    20   15 o  0   0.90 234.57970  68.98046  1929.86  3874.97 2.44 1.96  35.5 -0.428 19.29 20.30 02a59735o0266o
59735.366436  20.302  0.488    28   13 o  0   0.97 234.57970  68.98046  1878.00  3789.32 2.06 1.92  35.2 -0.454 19.39 20.34 02a59735o0282o
59735.375177  20.316  0.517    27   14 o  0   1.00 234.57970  68.98046  1858.92  3906.66 2.26 1.88  36.0 -0.448 19.36 20.35 02a59735o0301o
59737.422423  16.918  0.024   621   15 o  0  57.17 234.57970  68.98046  2207.82  9801.38 2.81 2.71  79.4 -0.466 19.23 20.59 01a59737o0405o
59737.425645  21.138  1.155    13   15 o  0   0.97 234.57970  68.98046  2231.98  9841.79 2.72 2.61 -50.7 -0.482 19.29 20.62 01a59737o0412o
59737.432549  19.504  0.259    57   15 o  0   1.27 234.57970  68.98046  2164.40  9762.70 2.80 2.65 -56.0 -0.480 19.26 20.66 01a59737o0427o
59737.466092  20.963  1.049    15   16 o  0   0.95 234.57970  68.98046  2154.35  9882.05 2.76 2.61 -52.6 -0.483 19.35 20.80 01a59737o0499o
59739.434589  19.461  0.244    60   14 o  0   1.02 234.57970  68.98046  7648.19  3007.98 2.09 1.85  29.8 -0.440 19.27 20.00 02a59739o0428o
59739.438710  19.925  0.359    39   14 o  0   1.15 234.57970  68.98046  7627.85  2966.38 2.07 1.85  28.7 -0.439 19.31 20.00 02a59739o0437o
59739.444201  19.681  0.301    49   15 o  0   0.92 234.57970  68.98046  7687.72  3046.16 2.17 1.86  29.0 -0.431 19.26 20.00 02a59739o0449o
59739.456109  20.134  0.495    32   16 o  0   1.06 234.57970  68.98046  7706.07  2925.84 2.31 1.91  27.2 -0.423 19.23 19.99 02a59739o0475o
59741.410218  20.051  0.656    35   23 o  0   1.17 234.57970  68.98046  2210.41  9799.59 2.86 2.72 -49.4 -0.479 18.72 19.60 01a59741o0377o
59741.445572  18.978  0.288    93   27 o  0   1.02 234.57970  68.98046  2239.24  9842.61 2.91 2.82 -53.3 -0.467 18.74 19.59 01a59741o0453o
59741.448390  20.157  0.697    31   22 o  0   1.41 234.57970  68.98046  2169.32  9762.21 2.94 2.89 -77.4 -0.460 18.65 19.56 01a59741o0459o
59741.477068  19.336  0.353    67   24 o  0   1.27 234.57970  68.98046  2157.27  9879.58 2.81 2.68 -66.1 -0.476 18.71 19.46 01a59741o0520o
59745.386656  20.384  1.395    26   36 o  0   1.39 234.57970  68.98046  8909.03  5376.46 3.03 2.94  48.4 -0.445 18.55 19.28 01a59745o0321o
59745.389897  19.533  0.752    56   42 o  0   0.82 234.57970  68.98046  8930.81  5412.80 3.03 2.93  27.9 -0.443 18.56 19.25 01a59745o0328o
59745.395882  20.567  2.300    22   50 o  0   1.67 234.57970  68.98046  8871.30  5344.26 3.08 2.90 -72.5 -0.463 18.26 18.97 01a59745o0341o
59745.406471 -19.888  2.333   -40   94 o  0   1.40 234.57970  68.98046  8858.65  5464.91 3.02 3.00   2.7 -0.450 17.67 17.99 01a59745o0364o
59751.344108  20.340  0.466    27   12 c  0   1.05 234.57970  68.98046  3894.11  9188.36 2.45 2.42  84.8 -0.414 19.60 21.40 02a59751o0220c
59751.347319  20.121  0.362    32   12 c  0   0.94 234.57970  68.98046  3875.44  9148.91 2.59 2.53  87.5 -0.408 19.56 21.41 02a59751o0227c
59751.352817  19.962  0.309    38   12 c  0   1.10 234.57970  68.98046  3926.78  9222.76 2.49 2.46  49.1 -0.405 19.58 21.41 02a59751o0239c
59751.387467  20.364  0.487    26   13 c  0   1.21 234.57970  68.98046  3931.09  9101.03 2.61 2.55  30.3 -0.401 19.53 21.40 02a59751o0314c
59753.386498  19.669  0.307    49   15 o  0   0.92 234.57970  68.98046  8271.51  1078.02 2.93 2.73 -55.2 -0.502 19.36 20.83 01a59753o0321o
59753.389719  19.711  0.303    47   14 o  0   1.26 234.57970  68.98046  8291.28  1114.76 2.93 2.78   4.1 -0.462 19.30 20.80 01a59753o0328o
59753.396637  19.504  0.264    57   15 o  0   0.86 234.57970  68.98046  8237.57  1044.98 2.94 2.79 -54.4 -0.488 19.29 20.82 01a59753o0343o
59753.406771  21.336  1.300    11   14 o  0   1.11 234.57970  68.98046  8227.19  1165.55 2.97 2.92 -20.7 -0.448 19.28 20.80 01a59753o0365o
59757.332595  20.022  0.362    36   13 o  0   1.14 234.57970  68.98046  8251.23  1070.60 3.03 2.97 -29.2 -0.448 19.33 20.99 01a59757o0202o
59757.335819  20.885  1.000    16   16 o  0   1.24 234.57970  68.98046  8269.77  1105.25 3.92 3.73 -57.6 -0.391 19.07 20.98 01a59757o0209o
59757.341351  21.167  1.105    12   14 o  0   0.99 234.57970  68.98046  8217.84  1036.41 3.00 2.95 -23.1 -0.460 19.37 21.02 01a59757o0221o
59757.351942  19.606  0.259    52   14 o  0   1.38 234.57970  68.98046  8204.95  1155.42 3.11 3.03 -39.8 -0.453 19.29 20.98 01a59757o0244o
59761.362220  20.096  0.474    33   16 o  0   1.48 234.57970  68.98046  6432.04  7854.75 3.90 3.80 -37.1 -0.391 18.94 20.79 01a59761o0138o
59761.365410  19.921  0.477    39   19 o  0   0.95 234.57970  68.98046  6455.26  7892.65 4.06 3.91  40.5 -0.369 18.93 20.82 01a59761o0145o
59761.370484  20.044  0.495    35   17 o  0   1.18 234.57970  68.98046  6390.96  7819.92 4.06 3.98 -23.5 -0.401 18.89 20.78 01a59761o0156o
59761.384146  20.144  0.536    32   17 o  0   1.19 234.57970  68.98046  6377.29  7939.69 4.07 3.97 -16.8 -0.407 18.87 20.76 01a59761o0186o
59765.325578  21.282  1.246    11   14 o  0   1.38 234.57970  68.98046  6424.85  7847.57 2.92 2.75  32.0 -0.448 19.25 20.55 01a59765o0189o
59765.328792  21.362  1.288    10   13 o  0   1.49 234.57970  68.98046  6448.18  7885.43 3.04 2.75  35.8 -0.430 19.23 20.56 01a59765o0196o
59765.335653 -20.463  0.644   -24   15 o  0   1.08 234.57970  68.98046  6383.76  7813.23 2.93 2.77  32.4 -0.449 19.20 20.52 01a59765o0211o
59765.346610  19.596  0.301    53   16 o  0   1.62 234.57970  68.98046  6369.98  7930.73 3.04 2.79  40.6 -0.425 18.94 20.14 01a59765o0235o
59767.330437  19.748  0.305    46   14 o  0   1.79 234.57970  68.98046  3576.92  4829.41 2.29 1.87  29.0 -0.434 19.19 20.00 02a59767o0167o
59767.333600  20.039  0.480    35   17 o  0   1.36 234.57970  68.98046  3557.59  4792.35 2.24 1.90  28.8 -0.443 18.91 19.73 02a59767o0174o
59767.341306  19.559  0.510    54   28 o  0   1.49 234.57970  68.98046  3615.76  4867.46 2.34 1.85  26.1 -0.438 18.59 19.16 02a59767o0191o
59767.353089 -18.125  3.172  -204  648 o  0   1.43 234.57970  68.98046  3635.50  4750.87 2.35 1.80  27.9 -0.439 15.02 15.03 02a59767o0217o
59769.366946  20.573  2.036    21   44 o  0   1.00 234.57970  68.98046  2938.94  1653.15 2.82 2.55  36.6 -0.471 18.07 18.76 01a59769o0278o
59769.370139  22.612 14.500     3   48 o  0   1.39 234.57970  68.98046  2959.38  1692.77 2.78 2.51  36.0 -0.477 17.95 18.52 01a59769o0285o
59769.376991  19.915  1.029    39   40 o  0   0.70 234.57970  68.98046  2903.66  1612.72 2.70 2.57  39.7 -0.491 18.36 19.24 01a59769o0300o
59769.387068  19.463  0.533    60   32 o  0   1.10 234.57970  68.98046  2893.95  1729.76 2.75 2.63 -73.4 -0.515 18.62 19.37 01a59769o0322o
59771.356806  19.930  0.839    39   32 o  0   1.47 234.57970  68.98046   623.48   943.11 2.08 1.93  82.9 -0.502 18.19 18.45 02a59771o0246o
59771.359970 -19.915  0.788   -39   31 o  0   1.07 234.57970  68.98046   601.65   904.67 1.98 1.86  80.4 -0.490 18.26 18.50 02a59771o0253o
59771.365424  21.664  4.300     8   34 o  0   1.10 234.57970  68.98046   669.12   976.95 2.08 1.86 -77.7 -0.501 17.88 18.19 02a59771o0265o
59771.375883 -19.951  0.830   -38   32 o  0   1.45 234.57970  68.98046   689.38   852.94 2.16 1.96 -77.6 -0.485 18.32 18.59 02a59771o0288o
59773.312909  21.509  3.513     9   32 o  0   0.97 234.57970  68.98046  2926.62  1648.83 3.09 3.06  61.4 -0.459 18.49 19.26 01a59773o0158o
59773.316099 -21.234  2.636   -12   31 o  0   1.30 234.57970  68.98046  2948.01  1689.42 3.00 2.89  42.9 -0.461 18.44 19.25 01a59773o0165o
59773.322953  19.103  0.385    83   32 o  0   0.99 234.57970  68.98046  2891.00  1611.59 3.14 3.09 -71.5 -0.452 18.44 19.24 01a59773o0180o
59773.335710  23.886 32.000     1   32 o  0   1.00 234.57970  68.98046  2883.67  1729.68 3.29 3.22  45.6 -0.435 18.37 19.21 01a59773o0208o
59777.380438 -17.342  0.406  -420  170 o  0   0.95 234.57970  68.98046  8851.67  3750.94 4.65 4.58 -29.8 -0.278 16.33 17.50 01a59777o0039o
59777.383641 -19.669  2.556   -49  126 o  0   1.10 234.57970  68.98046  8873.60  3788.36 5.33 5.23 -68.3 -0.212 16.54 17.83 01a59777o0046o
59777.390928 -18.321  0.538  -170   92 o  0   1.23 234.57970  68.98046  8817.41  3721.21 4.90 4.84 -23.0 -0.392 17.06 18.22 01a59777o0062o
59777.400989 -19.695  1.469   -48   71 o  0   1.12 234.57970  68.98046  8804.26  3842.40 4.71 4.60 -75.2 -0.321 17.46 18.58 01a59777o0084o
59779.396558  19.660  0.295    50   15 o  0   1.46 234.57970  68.98046  7478.72  4638.39 2.74 2.27  28.5 -0.422 19.28 20.51 02a59779o0103o
59779.399724  19.669  0.325    49   16 o  0   1.36 234.57970  68.98046  7458.10  4596.15 2.74 2.37  24.1 -0.425 19.19 20.44 02a59779o0110o
59779.405160  21.877  2.143     6   14 o  0   1.30 234.57970  68.98046  7515.98  4674.85 2.61 2.22  30.5 -0.422 19.22 20.37 02a59779o0122o
59779.415161  19.799  0.330    44   14 o  0   1.47 234.57970  68.98046  7536.51  4559.68 2.58 2.29  26.3 -0.428 19.17 20.24 02a59779o0144o
59783.328400  19.763  0.249    45   11 c  0   1.17 234.57970  68.98046  7484.39  4644.05 2.61 2.38  32.9 -0.395 19.50 21.10 02a59783o0191c
59783.331567  21.771  1.444     7   10 c  0   1.56 234.57970  68.98046  7464.56  4603.88 2.67 2.38  30.0 -0.395 19.48 21.13 02a59783o0198c
59783.337482  21.466  1.206     9   11 c  0   1.03 234.57970  68.98046  7521.88  4683.33 2.62 2.29  29.6 -0.395 19.57 21.19 02a59783o0211c
59783.347475  20.759  0.492    18    9 c  0   1.44 234.57970  68.98046  7542.89  4569.02 2.40 2.27  34.3 -0.409 19.65 21.22 02a59783o0233c
59785.348794  20.055  0.438    34   15 o  0   1.16 234.57970  68.98046  5026.52  7537.46 3.20 3.16   6.6 -0.410 19.09 20.55 01a59785o0062o
59785.354344 -21.852  2.433    -7   16 o  0   0.99 234.57970  68.98046  5047.83  7574.12 3.04 2.94 -52.2 -0.444 19.10 20.56 01a59785o0074o
59785.357548  20.853  0.893    16   15 o  0   1.20 234.57970  68.98046  4983.24  7499.05 3.13 2.86 -38.9 -0.449 19.14 20.58 01a59785o0081o
59785.368612 -23.904 14.800    -1   15 o  0   0.99 234.57970  68.98046  4968.03  7618.42 2.92 2.70 -51.5 -0.466 19.20 20.59 01a59785o0105o
59787.330067  20.083  0.316    34   11 c  0   1.21 234.57970  68.98046  4160.11  1010.17 2.87 2.74 -76.5 -0.404 19.36 21.25 02a59787o0198c
59787.333230  20.347  0.436    26   12 c  0   1.23 234.57970  68.98046  4138.24   970.42 2.88 2.74 -80.1 -0.407 19.36 21.25 02a59787o0205c
59787.340050  20.590  0.516    21   11 c  0   1.11 234.57970  68.98046  4203.93  1046.18 2.67 2.56 -83.5 -0.411 19.44 21.22 02a59787o0220c
59787.351402  20.474  0.633    24   15 c  0   0.80 234.57970  68.98046  4225.70   926.38 3.17 3.04 -84.5 -0.390 19.23 21.16 02a59787o0245c
59791.285192  20.989  0.817    15   12 c  0   1.27 234.57970  68.98046  4166.55  1018.44 2.30 2.20  80.9 -0.433 19.22 20.79 02a59791o0042c
59791.288356  20.271  0.348    28   10 c  0   1.41 234.57970  68.98046  4148.01   980.53 2.32 2.19 -84.9 -0.431 19.41 21.03 02a59791o0049c
59791.296125  21.518  1.531     9   14 c  0   0.72 234.57970  68.98046  4211.75  1054.08 2.35 2.25  76.8 -0.429 19.22 20.84 02a59791o0066c
59791.309323  20.407  0.408    25   10 c  0   1.06 234.57970  68.98046  4232.13   935.04 2.40 2.26 -84.4 -0.425 19.51 21.23 02a59791o0095c
59793.314136  20.595  0.757    21   16 o  0   0.87 234.57970  68.98046  1614.60  5588.40 2.93 2.68 -58.1 -0.472 19.20 20.46 01a59793o0175o
59793.317349  20.590  0.807    21   17 o  0   1.10 234.57970  68.98046  1636.90  5628.55 2.88 2.67 -52.5 -0.478 19.18 20.48 01a59793o0182o
59793.327371  20.852  0.953    17   16 o  0   1.21 234.57970  68.98046  1576.40  5548.88 2.85 2.68 -47.1 -0.477 19.19 20.50 01a59793o0204o
59793.332861  21.607  1.690     8   14 o  0   1.28 234.57970  68.98046  1562.21  5664.72 2.87 2.71 -40.0 -0.476 19.17 20.49 01a59793o0216o
59799.269818  19.844  0.357    42   15 o  0   1.31 234.57970  68.98046  4936.22  6816.99 2.15 2.03  31.7 -0.451 19.09 19.89 02a59799o0073o
59799.275242  22.817  7.522     3   20 o  0   1.17 234.57970  68.98046  4917.18  6779.73 2.15 2.04  36.0 -0.443 19.08 19.89 02a59799o0085o
59799.278977  24.066 21.143     1   18 o  0   1.05 234.57970  68.98046  4972.20  6855.86 2.14 2.13  51.5 -0.441 19.05 19.89 02a59799o0093o
59799.291277 -21.172  1.495   -12   18 o  0   1.08 234.57970  68.98046  4989.19  6735.75 2.15 1.99  28.1 -0.443 19.07 19.87 02a59799o0120o
59801.295399  20.199  1.604    30   48 o  0   1.02 234.57970  68.98046  8684.31  9211.80 2.97 2.73  39.7 -0.443 18.30 18.89 01a59801o0143o
59801.298595 -20.968  3.015   -15   45 o  0   0.65 234.57970  68.98046  8707.91  9250.10 2.95 2.70  40.2 -0.448 18.22 18.77 01a59801o0150o
59801.312335 -20.573  3.346   -21   72 o  0   1.23 234.57970  68.98046  8639.34  9181.93 2.95 2.78 -89.3 -0.455 17.85 18.32 01a59801o0180o
59801.318269  20.530  1.521    22   34 o  0   1.23 234.57970  68.98046  8625.36  9305.78 2.93 2.77  43.7 -0.449 18.18 18.80 01a59801o0193o
59803.330831 -21.310  3.096   -11   34 o  0   1.10 234.57970  68.98046  6794.56  6737.34 2.60 2.15  33.9 -0.423 18.50 18.86 02a59803o0214o
59803.334914  19.775  0.933    45   42 o  0   0.87 234.57970  68.98046  6775.67  6697.22 2.89 2.45  33.5 -0.419 18.38 18.84 02a59803o0223o
59803.340372  21.598  4.000     8   33 o  0   0.95 234.57970  68.98046  6832.55  6776.11 2.90 2.50  32.4 -0.403 18.33 18.83 02a59803o0235o
59803.354019  19.560  0.514    54   28 o  0   1.18 234.57970  68.98046  6849.57  6657.32 2.62 2.14  28.9 -0.424 18.44 18.77 02a59803o0265o
59805.253261  20.349  0.589    26   16 o  0   0.95 234.57970  68.98046  8679.12  9198.51 2.81 2.71  63.5 -0.451 19.27 20.52 01a59805o0058o
59805.256464  22.217  2.920     5   14 o  0   1.14 234.57970  68.98046  8703.78  9236.53 2.80 2.72  67.4 -0.452 19.27 20.56 01a59805o0065o
59805.261950 -20.314  0.532   -27   14 o  0   1.32 234.57970  68.98046  8635.04  9166.89 2.89 2.73  49.5 -0.443 19.28 20.58 01a59805o0077o
59805.272466  21.334  1.667    11   18 o  0   0.98 234.57970  68.98046  8620.29  9289.27 2.92 2.74  71.0 -0.446 19.12 20.31 01a59805o0100o
59807.258512 -20.193  0.469   -30   14 o  0   1.33 234.57970  68.98046  6809.20  6742.93 2.70 2.09  31.1 -0.409 19.27 20.37 02a59807o0066o
59807.261678  20.687  0.731    19   14 o  0   1.38 234.57970  68.98046  6789.73  6702.71 2.62 1.95  31.3 -0.417 19.35 20.39 02a59807o0073o
59807.267677 -21.518  1.463    -9   13 o  0   1.23 234.57970  68.98046  6844.03  6780.70 2.66 1.92  31.9 -0.418 19.36 20.43 02a59807o0086o
59807.279946 -19.986  0.413   -37   15 o  0   0.98 234.57970  68.98046  6859.72  6662.83 2.64 1.99  30.4 -0.417 19.40 20.57 02a59807o0113o
59809.312430  20.138  0.407    32   13 o  0   1.24 234.57970  68.98046  7404.21  3520.34 2.77 2.70 -41.9 -0.461 19.25 20.64 01a59809o0169o
59809.320636  20.127  0.448    32   14 o  0   1.39 234.57970  68.98046  7427.39  3562.58 2.82 2.76   8.9 -0.447 19.21 20.63 01a59809o0187o
59809.331585  20.671  0.660    20   13 o  0   1.92 234.57970  68.98046  7373.38  3493.97 2.84 2.79   0.9 -0.447 19.19 20.61 01a59809o0211o
59809.335684  20.396  0.580    25   15 o  0   1.14 234.57970  68.98046  7360.26  3612.96 2.92 2.87  18.3 -0.437 19.17 20.64 01a59809o0220o
59811.302167  20.405  0.428    25   11 c  0   1.13 234.57970  68.98046  5528.00  4676.45 2.41 2.26  34.9 -0.408 19.50 21.20 02a59811o0160c
59811.309004  20.905  0.684    16   11 c  0   1.39 234.57970  68.98046  5508.20  4635.81 2.41 2.24  36.6 -0.406 19.49 21.18 02a59811o0175c
59811.312176  20.394  0.427    25   11 c  0   1.21 234.57970  68.98046  5566.09  4710.23 2.42 2.28  34.1 -0.407 19.47 21.18 02a59811o0182c
59811.322634  20.889  0.703    16   11 c  0   1.12 234.57970  68.98046  5585.87  4592.75 2.46 2.28  35.1 -0.402 19.45 21.16 02a59811o0205c
59813.272739  20.622  0.641    20   13 o  0   1.52 234.57970  68.98046  7394.25  3513.35 2.95 2.70  21.8 -0.436 19.23 20.62 01a59813o0111o
59813.275927  21.802  2.167     7   15 o  0   1.15 234.57970  68.98046  7415.88  3552.34 3.27 2.97  25.2 -0.407 19.10 20.61 01a59813o0118o
59813.286081  21.363  1.327    10   14 o  0   1.57 234.57970  68.98046  7360.95  3484.02 3.01 2.73  23.0 -0.431 19.21 20.62 01a59813o0139o
59813.291590  20.678  0.750    19   15 o  0   0.93 234.57970  68.98046  7348.14  3602.56 2.97 2.68  23.3 -0.432 19.23 20.62 01a59813o0151o
59817.273365  20.261  0.547    28   16 o  0   1.27 234.57970  68.98046  8468.78  7578.81 3.47 3.20  40.1 -0.423 19.11 20.74 01a59817o0043o
59817.279776  20.694  0.846    19   16 o  0   1.28 234.57970  68.98046  8492.61  7617.01 3.88 3.41  34.5 -0.345 18.99 20.72 01a59817o0057o
59817.282989 -21.763  2.417    -7   17 o  0   0.97 234.57970  68.98046  8428.03  7549.09 3.73 3.52  41.3 -0.364 19.02 20.71 01a59817o0064o
59817.295822  19.679  0.285    49   14 o  0   1.30 234.57970  68.98046  8413.24  7672.48 2.99 2.82  41.3 -0.437 19.27 20.72 01a59817o0092o
59819.307102  20.798  0.569    17   10 c  0   1.37 234.57970  68.98046  5648.14  9036.08 2.56 2.41  23.8 -0.406 19.49 21.24 02a59819o0181c
59819.311215  21.542  1.393     9   12 c  0   1.21 234.57970  68.98046  5632.65  8996.95 2.47 2.41  -6.5 -0.415 19.47 21.22 02a59819o0190c
59819.318038 -21.014  0.909   -14   13 c  0   0.91 234.57970  68.98046  5684.65  9074.43 2.55 2.41  14.4 -0.414 19.44 21.19 02a59819o0205c
59819.332111  20.105  0.363    33   12 c  0   1.52 234.57970  68.98046  5701.15  8953.07 2.55 2.42  11.6 -0.412 19.43 21.15 02a59819o0236c
59823.232700 -19.533  1.417   -56   79 o  0   1.09 234.57970  68.98046  5665.01  9049.09 2.37 2.28  22.9 -0.440 18.31 18.46 02a59823o0030o
59823.235872  19.856  0.605    42   25 o  0   1.29 234.57970  68.98046  5647.47  9007.27 2.33 2.31  40.2 -0.427 18.78 19.35 02a59823o0037o
59823.243627 -21.942  2.417    -6   15 o  0   1.71 234.57970  68.98046  5701.65  9080.99 2.52 2.51 -14.0 -0.436 19.21 20.39 02a59823o0054o
59823.255907  21.222  1.306    12   15 o  0   0.93 234.57970  68.98046  5715.95  8962.53 2.53 2.44  28.4 -0.432 19.27 20.64 02a59823o0081o
59825.312090 -20.142  0.585   -32   19 o  0   1.13 234.57970  68.98046  1798.92  3945.83 3.23 3.16  50.9 -0.443 18.93 20.43 01a59825o0124o
59825.315278  20.529  0.933    22   21 o  0   1.03 234.57970  68.98046  1821.81  3985.91 3.11 3.08  39.6 -0.457 18.94 20.41 01a59825o0131o
59825.321693  20.393  0.745    25   19 o  0   1.03 234.57970  68.98046  1764.83  3907.76 3.15 3.11 -31.4 -0.439 18.96 20.42 01a59825o0145o
59825.333589  20.619  0.868    20   18 o  0   1.20 234.57970  68.98046  1756.28  4020.55 3.00 2.90  52.1 -0.457 18.99 20.41 01a59825o0171o
59829.225732 -16.957  0.193  -599  115 o  0   0.98 234.57970  68.98046  1766.73  3951.54 4.75 4.71  48.4 -0.414 17.42 18.24 01a59829o0029o
59829.228925 -21.634  6.125    -8   49 o  0   1.14 234.57970  68.98046  1790.14  3990.70 4.83 4.71 -55.0 -0.335 17.81 18.92 01a59829o0036o
59829.236681  21.269  4.000    11   45 o  0   0.91 234.57970  68.98046  1732.54  3910.24 5.46 5.40 -39.3 -0.346 17.85 19.36 01a59829o0053o
59829.246761 -19.981  1.083   -37   40 o  0   1.14 234.57970  68.98046  1720.80  4026.39 5.45 5.38 -60.4 -0.271 17.87 19.43 01a59829o0075o
59835.281310  19.671  2.750    49  135 o  0   1.66 234.57970  68.98046  6344.97   901.89 2.70 2.50 -74.6 -0.433 16.50 17.41 02a59835o0154o
59841.248915  20.593  0.600    21   13 c  0   1.26 234.57970  68.98046  7159.05  1436.89 3.02 2.88  30.4 -0.358 19.30 21.30 01a59841o0088c
59841.259093 -22.325  2.958    -4   13 c  0   1.12 234.57970  68.98046  7183.46  1479.86 3.17 2.94  30.2 -0.338 19.23 21.30 01a59841o0110c
59841.261864  20.784  0.670    18   12 c  0   1.15 234.57970  68.98046  7129.65  1405.00 2.88 2.81  32.1 -0.385 19.30 21.30 01a59841o0116c
59841.267413 -22.449  2.958    -4   11 c  0   1.72 234.57970  68.98046  7114.29  1527.91 2.84 2.75  17.8 -0.395 19.35 21.30 01a59841o0128c
59851.210968 -18.245  0.438  -183   80 o  0   0.73 234.57970  68.98046  1630.76  5029.72 2.96 2.73  32.3 -0.398 17.13 17.68 02a59851o0012o
59851.214142  19.319  0.568    68   39 o  0   0.96 234.57970  68.98046  1610.60  4988.91 2.80 2.34  28.5 -0.401 18.15 18.63 02a59851o0019o
59851.219649 -21.752  2.617    -7   19 o  0   1.17 234.57970  68.98046  1669.34  5056.43 2.40 2.31 -36.0 -0.444 18.81 19.62 02a59851o0031o
59851.229698  20.124  0.547    32   18 o  0   1.17 234.57970  68.98046  1687.33  4934.69 2.47 2.36 -43.8 -0.439 18.98 19.97 02a59851o0053o
59859.211882 -16.212  0.433 -1189  515 o  0   1.35 234.57970  68.98046  2108.24  9365.26 2.46 2.31  -4.1 -0.470 15.58 15.81 02a59859o0033o
59859.215051  17.564  0.584   342  200 o  0   1.35 234.57970  68.98046  2090.35  9326.46 2.32 2.21 -23.9 -0.541 16.38 16.65 02a59859o0040o
59859.228182 -17.863  1.112  -260  289 o  0   1.29 234.57970  68.98046  2142.56  9402.11 2.46 2.25 -39.0 -0.501 16.03 16.33 02a59859o0069o
59859.236853  18.721  1.252   118  148 o  0   0.81 234.57970  68.98046  2160.66  9289.24 2.34 2.14 -36.6 -0.491 16.72 17.18 02a59859o0088o
59859.260424 -17.839  0.543  -266  144 o  0   1.05 234.57970  68.98046 10474.22  9577.50 2.96 2.18 -49.8 -0.373 17.48 17.67 02a59859o0140o
59859.263656  18.226  0.585   186  109 o  0   0.87 234.57970  68.98046 10455.00  9532.91 2.77 2.23 -48.5 -0.420 17.65 17.97 02a59859o0147o
59859.271826 -16.879  1.840  -643 1184 o  0   1.04 234.57970  68.98046 10509.62  9626.69 2.80 2.27 -53.0 -0.467 16.12 16.41 02a59859o0165o
59859.281849   0.000  0.000     0    0 o  0  -0.00 234.57970  68.98046 10525.38  9515.63 3.48 2.02 -50.7 -0.676 14.50 14.55 02a59859o0187o
59867.233629  21.603  1.889     8   16 c  0   1.15 234.57970  68.98046  4227.91  2661.47 2.34 2.32  77.1 -0.412 19.12 20.41 02a59867o0089c
59867.237313  20.333  0.482    27   13 c  0   1.52 234.57970  68.98046  4207.37  2630.51 2.40 2.35  36.3 -0.405 19.12 20.42 02a59867o0097c
59867.242836  21.661  2.020     8   16 c  0   1.04 234.57970  68.98046  4267.85  2709.77 2.33 2.31 -18.0 -0.411 19.15 20.45 02a59867o0109c
59867.254259  20.392  0.582    25   15 c  0   1.08 234.57970  68.98046  4289.28  2587.20 2.50 2.29 -79.1 -0.402 19.15 20.48 02a59867o0134c
59875.219150 -20.617  0.780   -21   16 c  0   1.42 234.57970  68.98046  7451.70  9007.58 2.88 2.64  14.9 -0.391 19.10 20.45 02a59875o0059c
59875.222317  20.811  1.034    17   18 c  0   1.33 234.57970  68.98046  7432.94  8969.74 2.79 2.56  14.9 -0.397 19.14 20.43 02a59875o0066c
59875.227779  21.651  2.025     8   16 c  0   1.43 234.57970  68.98046  7486.58  9052.81 2.77 2.61   7.7 -0.400 19.07 20.39 02a59875o0078c
59875.237754  19.821  0.447    43   19 c  0   1.15 234.57970  68.98046  7503.78  8944.44 2.83 2.63  10.3 -0.390 19.06 20.34 02a59875o0100c
59959.582797 -23.929 22.667    -1   22 o  0   0.60 234.57970  68.98046 10245.09   902.88 2.15 1.59 -57.0 -0.538 19.19 20.16 02a59959o0845o
59959.584646 -20.557  0.774   -22   17 o  0   1.52 234.57970  68.98046 10263.02   940.00 2.24 1.67 -54.7 -0.503 19.18 20.18 02a59959o0849o
59959.590123  20.736  1.159    18   21 o  0   0.90 234.57970  68.98046 10209.47   867.04 2.27 1.63 -55.9 -0.512 19.21 20.20 02a59959o0861o
59959.604491 -22.048  3.312    -6   18 o  0   1.07 234.57970  68.98046 10190.10   985.13 2.26 1.71 -56.6 -0.500 19.21 20.23 02a59959o0892o
59959.610431  20.959  1.028    15   15 o  0   1.28 234.57970  68.98046  1869.33  1114.50 2.22 2.03 -63.2 -0.482 19.14 20.16 02a59959o0905o
59959.630608 -24.643 30.000    -0   15 o  0   1.07 234.57970  68.98046  1816.38  1183.11 2.14 2.07 -87.7 -0.470 19.16 20.24 02a59959o0949o
60015.552493 -20.212  0.702   -30   21 o  0   1.22 234.57970  68.98046  4854.64  9252.16 2.86 2.74  51.4 -0.401 18.75 19.86 02a60015o0621o
60015.554303  25.006 66.500     0   24 o  0   1.01 234.57970  68.98046  4874.43  9291.58 2.68 2.48  46.6 -0.398 18.86 19.86 02a60015o0625o
60015.564410  21.053  1.568    14   22 o  0   1.07 234.57970  68.98046  4816.00  9213.60 2.70 2.54  47.3 -0.405 18.82 19.87 02a60015o0646o
60015.567576 -19.790  0.519   -44   23 o  0   1.09 234.57970  68.98046  4796.25  9332.03 2.57 2.38  42.8 -0.405 18.91 19.88 02a60015o0653o
60019.521889 -20.486  0.698   -23   16 o  0   1.10 234.57970  68.98046  4716.13  4884.20 2.56 2.00  41.4 -0.425 19.16 20.52 02a60019o0653o
60019.547730 -21.038  0.687   -14   10 o  0   2.18 234.57970  68.98046  4740.54  4925.26 2.58 1.99  40.2 -0.422 19.38 20.76 02a60019o0707o
60019.551645 -21.473  1.439    -9   14 o  0   1.07 234.57970  68.98046  4687.13  4848.21 2.60 1.97  41.5 -0.423 19.41 20.75 02a60019o0715o
60019.557098 -21.523  1.455    -9   13 o  0   1.29 234.57970  68.98046  4669.19  4964.26 2.51 1.96  37.6 -0.426 19.40 20.75 02a60019o0727o
60023.537017  19.446  1.262    60   76 o  0   1.08 234.57970  68.98046  4736.31  4927.45 2.64 2.02  38.8 -0.415 17.36 18.37 02a60023o0673o
60023.550057 -19.491  4.136   -58  240 o  0   1.22 234.57970  68.98046  4663.42  4966.79 2.74 1.95  37.8 -0.425 16.18 17.08 02a60023o0698o
60027.562898 -21.986  2.137    -6   12 o  0   1.30 234.57970  68.98046   123.13  2422.06 2.01 1.99  81.0 -0.430 19.32 20.46 02a60027o0502o
60027.566077  21.830  4.000     7   27 o  0   1.05 234.57970  68.98046   101.49  2381.36 2.01 1.96  27.6 -0.439 18.46 19.53 02a60027o0509o
60027.571585  21.088  1.361    13   18 o  0   1.05 234.57970  68.98046   164.02  2449.45 2.05 2.03  38.9 -0.435 18.77 19.84 02a60027o0521o
60027.603915 -21.751  3.085    -7   22 o  0   1.28 234.57970  68.98046   181.03  2320.96 2.05 1.98  25.7 -0.433 18.95 20.01 02a60027o0589o
60027.614916 -19.182  1.134   -77   88 o  0   1.40 234.57970  68.98046  9763.78  2306.55 2.14 1.95  22.8 -0.453 16.78 17.79 02a60027o0612o
60027.618308  21.808  3.968     7   27 o  0   1.25 234.57970  68.98046  9746.70  2270.52 2.10 1.88 -60.0 -0.470 18.56 19.64 02a60027o0619o
60027.637150  19.676  0.645    49   32 o  0   0.96 234.57970  68.98046  9805.06  2352.10 2.09 1.83 -60.0 -0.461 18.72 19.81 02a60027o0657o
60027.641408  21.640  3.041     8   24 o  0   1.03 234.57970  68.98046  9823.33  2235.27 1.99 1.95 -53.1 -0.458 18.78 19.87 02a60027o0666o
60031.495162  22.411  4.346     4   17 o  0   1.13 234.57970  68.98046 10470.48  6657.75 2.26 2.20 -66.2 -0.447 19.34 20.61 02a60031o0571o
60031.496968 -20.843  1.241   -17   21 o  0   1.02 234.57970  68.98046 10491.60  6694.75 2.28 2.20 -64.6 -0.443 19.28 20.60 02a60031o0575o
60031.500150  20.821  0.892    17   15 o  0   1.32 234.57970  68.98046 10429.81  6624.87 2.36 2.21 -65.1 -0.452 19.31 20.56 02a60031o0582o
60031.505593 -22.680  5.211    -3   16 o  0   1.16 234.57970  68.98046 10409.98  6745.37 2.32 2.17 -65.6 -0.452 19.29 20.56 02a60031o0594o
60031.512399  21.257  1.506    11   17 o  0   0.89 234.57970  68.98046   838.96  6775.96 2.15 2.03  45.0 -0.434 19.26 20.52 02a60031o0609o
60031.514679 -20.691  0.676   -19   13 o  0   1.92 234.57970  68.98046   859.40  6817.26 2.13 2.04  58.1 -0.436 19.34 20.61 02a60031o0614o
60031.517407 -20.678  0.803   -19   16 o  0   1.08 234.57970  68.98046   796.12  6735.38 2.15 1.97  40.6 -0.428 19.26 20.53 02a60031o0620o
60031.522599 -22.246  3.229    -5   15 o  0   1.02 234.57970  68.98046   776.34  6848.29 2.07 1.95  38.2 -0.432 19.31 20.50 02a60031o0631o
60040.523894  19.892  4.126    40  166 o  0   1.14 234.57970  68.98046  3019.49  1569.44 2.01 1.93  58.8 -0.489 16.44 16.36 02a60040o0622o
60040.527942  17.720  1.346   297  399 o  0   1.03 234.57970  68.98046  3038.73  1609.98 2.17 1.94  48.7 -0.442 15.55 15.48 02a60040o0630o
60040.537752 -17.584  1.610  -336  541 o  0   1.55 234.57970  68.98046  2967.09  1645.16 2.10 1.94  47.6 -0.475 15.18 15.08 02a60040o0651o
60044.493369  19.501  0.365    58   21 o  0   0.84 234.57970  68.98046  4874.98  7531.66 2.53 2.23  39.0 -0.425 18.88 19.76 02a60044o0530o
60044.495187  21.136  1.437    13   18 o  0   1.26 234.57970  68.98046  4895.36  7571.12 2.64 2.23  40.1 -0.401 18.88 19.75 02a60044o0534o
60044.525886 -21.808  2.356    -7   16 o  0   1.71 234.57970  68.98046  4831.52  7496.42 2.68 2.11  35.6 -0.403 18.92 19.76 02a60044o0554o
60044.529053  21.145  1.407    13   18 o  0   1.13 234.57970  68.98046  4813.92  7613.00 2.58 2.22  36.4 -0.408 18.89 19.76 02a60044o0561o
60048.486111  20.531  0.483    22   11 c  0   1.49 234.57970  68.98046  8474.63  9358.61 2.76 2.56  35.3 -0.398 19.48 21.33 02a60048o0525c
60048.487954  21.731  1.436     7   11 c  0   1.47 234.57970  68.98046  8496.90  9397.69 2.75 2.57  33.8 -0.403 19.49 21.33 02a60048o0529c
60048.490778 -20.893  0.624   -16   10 c  0   1.85 234.57970  68.98046  8432.13  9324.12 2.72 2.57  33.5 -0.402 19.50 21.33 02a60048o0535c
60048.497970 -21.055  0.822   -14   11 c  0   1.14 234.57970  68.98046  8411.12  9444.22 2.74 2.59  32.1 -0.398 19.46 21.32 02a60048o0550c
60050.519329  19.863  0.293    41   12 c  0   1.38 234.57970  68.98046  3191.16  6967.48 2.36 2.23  26.6 -0.407 19.44 21.08 02a60050o0603c
60050.522978  20.657  0.554    20   11 c  0   1.39 234.57970  68.98046  3172.01  6928.94 2.40 2.24  25.3 -0.404 19.47 21.07 02a60050o0611c
60050.558241  21.310  1.013    11   11 c  0   1.46 234.57970  68.98046  3220.94  6996.20 2.47 2.22  26.1 -0.398 19.44 21.04 02a60050o0681c
60050.563661  21.364  0.973    10   10 c  0   2.03 234.57970  68.98046  3241.19  6874.77 2.40 2.21  24.4 -0.401 19.43 21.04 02a60050o0692c
60052.523391  20.340  0.477    26   13 c  0   1.10 234.57970  68.98046  2263.97  2858.10 2.39 2.26  35.8 -0.412 19.29 20.80 02a60052o0620c
60052.526441  20.433  0.543    24   13 c  0   0.92 234.57970  68.98046  2243.82  2821.33 2.44 2.24  37.0 -0.405 19.30 20.83 02a60052o0626c
60052.557315  21.630  1.500     8   12 c  0   1.01 234.57970  68.98046  2304.34  2883.07 2.41 2.28  39.4 -0.412 19.33 20.92 02a60052o0691c
60052.585705  21.261  1.085    11   12 c  0   0.87 234.57970  68.98046  2324.25  2756.24 2.50 2.32  44.8 -0.406 19.32 20.95 02a60052o0751c
60056.481588  19.937  0.289    38   11 c  0   1.60 234.57970  68.98046  2823.79  7568.60 2.59 2.37  38.1 -0.389 19.30 20.87 02a60056o0542c
60056.486054  19.937  0.354    38   14 c  0   1.46 234.57970  68.98046  2842.51  7610.61 2.77 2.37  35.1 -0.372 19.30 20.89 02a60056o0551c
60056.489753  21.726  1.689     7   12 c  0   1.21 234.57970  68.98046  2781.35  7530.77 2.60 2.34  34.6 -0.392 19.30 20.88 02a60056o0559c
60056.495640  20.567  0.544    22   12 c  0   2.02 234.57970  68.98046  2761.31  7644.52 2.53 2.32  31.6 -0.396 19.32 20.89 02a60056o0572c
60058.446727  20.459  0.478    24   11 c  0   1.47 234.57970  68.98046  6586.70  1400.08 2.46 2.24 -75.3 -0.413 19.38 20.89 02a60058o0467c
60058.448555  21.788  1.809     7   13 c  0   1.09 234.57970  68.98046  6604.51  1439.86 2.45 2.24 -79.2 -0.413 19.34 20.89 02a60058o0471c
60058.453734  21.994  1.949     6   11 c  0   1.44 234.57970  68.98046  6551.37  1363.58 2.46 2.22 -74.1 -0.417 19.37 20.90 02a60058o0482c
60058.468803  19.719  0.236    47   11 c  0   1.14 234.57970  68.98046  6534.96  1482.90 2.46 2.27 -78.5 -0.408 19.38 20.97 02a60058o0512c
60060.418375  21.414  3.340    10   33 o  0   0.74 234.57970  68.98046 10175.41   908.05 2.42 1.64 -59.6 -0.529 18.87 19.95 02a60060o0388o
60060.420188  24.887 62.500     0   25 o  0   1.14 234.57970  68.98046 10193.60   943.43 2.63 1.72 -57.9 -0.492 18.85 19.99 02a60060o0392o
60060.423359  22.278  6.148     4   27 o  0   0.79 234.57970  68.98046 10140.25   873.12 2.47 1.63 -59.3 -0.507 19.03 20.15 02a60060o0399o
60060.426533 -20.202  0.629   -30   19 o  0   0.99 234.57970  68.98046 10121.11   995.53 2.25 1.57 -58.0 -0.519 19.20 20.28 02a60060o0406o
60060.469620 -20.633  0.641   -20   13 c  0   1.05 234.57970  68.98046  1796.38  1085.63 2.45 2.23 -71.3 -0.451 19.32 21.05 02a60060o0488c
60060.473075 -20.898  0.767   -16   12 c  0   0.83 234.57970  68.98046  1813.35  1126.28 2.54 2.33 -73.8 -0.443 19.34 21.07 02a60060o0495c
60060.476243 -21.833  1.816    -7   12 c  0   1.08 234.57970  68.98046  1761.53  1043.58 2.45 2.25 -71.6 -0.453 19.37 21.05 02a60060o0502c
60060.487670  20.879  0.839    16   14 c  0   0.99 234.57970  68.98046  1739.12  1161.37 2.52 2.39  61.5 -0.441 19.26 20.98 02a60060o0525c
60066.436021 -20.741  1.025   -18   19 o  0   1.56 234.57970  68.98046  2994.65  5919.24 2.25 1.91  38.5 -0.430 18.89 19.26 02a60066o0437o
60066.439211 -20.738  1.209   -18   22 o  0   1.07 234.57970  68.98046  3014.61  5959.06 2.27 1.89  41.8 -0.433 18.85 19.26 02a60066o0444o
60066.470399  21.879  3.679     6   24 o  0   0.77 234.57970  68.98046  2952.86  5879.70 2.24 1.87  35.4 -0.436 18.85 19.27 02a60066o0510o
60066.474492  22.657  5.630     3   18 o  0   1.77 234.57970  68.98046  2932.64  5997.38 2.27 1.85  34.3 -0.443 18.83 19.28 02a60066o0519o
60072.437388  25.411 78.500     0   20 o  0   1.20 234.57970  68.98046  3674.11  3817.41 2.35 1.95  38.5 -0.446 18.90 19.43 02a60072o0447o
60072.439204  23.529 13.818     1   19 o  0   0.89 234.57970  68.98046  3693.24  3857.53 2.43 1.94  39.0 -0.442 18.89 19.43 02a60072o0451o
60072.441945 -20.626  0.872   -20   18 o  0   1.31 234.57970  68.98046  3636.96  3778.18 2.33 1.94  38.2 -0.452 18.92 19.44 02a60072o0457o
60072.464819  20.826  1.052    17   18 o  0   1.34 234.57970  68.98046  6982.62  6672.31 2.44 1.95  33.4 -0.426 18.91 19.42 02a60072o0506o
60076.506569  20.155  0.561    32   18 o  0   1.12 234.57970  68.98046  5779.88  9033.61 2.09 1.97  36.3 -0.445 19.35 20.18 02a60076o0350o
60076.509534  20.747  0.952    18   17 o  0   0.90 234.57970  68.98046  5761.38  8994.48 2.11 1.93  33.2 -0.444 19.30 20.16 02a60076o0356o
60076.515156  21.418  1.644    10   16 o  0   1.16 234.57970  68.98046  5815.37  9074.97 2.07 1.94  32.4 -0.445 19.33 20.15 02a60076o0368o
60076.526084  19.822  0.358    43   15 o  0   1.15 234.57970  68.98046  5828.36  8952.54 2.14 1.95  34.5 -0.442 19.29 20.14 02a60076o0391o
60078.421546  20.163  0.323    31   10 c  0   1.12 234.57970  68.98046   191.08  3159.85 2.38 2.23 -59.3 -0.402 19.54 21.14 02a60078o0404c
60078.435490  21.880  1.767     6   11 c  0   1.24 234.57970  68.98046   769.71  7500.65 2.38 2.29   8.5 -0.434 19.41 21.15 02a60078o0433c
60078.438691 -20.664  0.612   -20   12 c  0   0.98 234.57970  68.98046   792.94  7540.97 2.47 2.28  14.5 -0.434 19.42 21.16 02a60078o0440c
60078.444178  20.257  0.371    29   11 c  0   1.60 234.57970  68.98046   730.42  7459.56 2.37 2.27 -15.0 -0.434 19.48 21.16 02a60078o0452c
60078.454018  21.727  1.362     7   10 c  0   1.15 234.57970  68.98046   167.04  3111.19 2.56 2.35 -58.7 -0.404 19.43 21.14 02a60078o0473c
60078.457190  21.248  0.854    12   10 c  0   1.46 234.57970  68.98046   231.06  3182.11 2.36 2.23 -56.2 -0.408 19.49 21.15 02a60078o0480c
60078.460028  21.584  1.246     8   10 c  0   1.57 234.57970  68.98046  9886.00  2995.48 2.49 2.21 -62.4 -0.421 19.52 21.18 02a60078o0486c
60078.462757  20.723  0.565    19   10 c  0   1.19 234.57970  68.98046   251.81  3057.66 2.29 2.20 -61.8 -0.415 19.53 21.16 02a60078o0492c
60082.435465 -22.741  4.074    -3   12 o  0   1.64 234.57970  68.98046  1741.46  6675.48 2.16 1.82  20.9 -0.441 19.34 20.22 02a60082o0424o
60082.439099 -21.619  1.782    -8   15 o  0   1.27 234.57970  68.98046  1722.05  6637.32 2.13 1.80  18.2 -0.443 19.34 20.27 02a60082o0432o
60082.444570 -19.872  0.324   -41   13 o  0   1.36 234.57970  68.98046  1777.79  6707.77 2.14 1.78  16.5 -0.447 19.31 20.18 02a60082o0444o
60082.457320  23.112  6.474     2   13 o  0   1.43 234.57970  68.98046  1798.22  6584.28 2.15 1.84  19.5 -0.445 19.27 20.15 02a60082o0472o
60086.374748 -19.975  0.356   -37   13 o  0   1.23 234.57970  68.98046  8384.05  1188.28 2.33 1.87 -64.4 -0.458 19.46 20.74 02a60086o0293o
60086.377035 -21.448  1.426   -10   14 o  0   1.08 234.57970  68.98046  8401.92  1226.96 2.61 2.22 -63.1 -0.439 19.34 20.73 02a60086o0298o
60086.380202 -20.692  0.603   -19   12 o  0   1.54 234.57970  68.98046  8348.94  1153.93 2.23 1.78 -63.1 -0.462 19.46 20.71 02a60086o0305o
60086.385637  20.261  0.432    29   12 o  0   1.46 234.57970  68.98046  8331.32  1274.93 2.18 1.78 -62.2 -0.460 19.47 20.68 02a60086o0317o
60088.427271  20.645  0.737    20   15 o  0   1.44 234.57970  68.98046  4313.44  2662.29 2.61 2.44  34.7 -0.421 19.11 20.30 02a60088o0392o
60088.430913 -20.401  0.657   -25   16 o  0   1.16 234.57970  68.98046  4293.74  2624.57 2.77 2.60  36.1 -0.403 19.01 20.29 02a60088o0400o
60088.437934  20.016  0.613    36   22 o  0   1.22 234.57970  68.98046  4357.34  2703.45 2.47 2.33  35.0 -0.411 18.64 19.88 02a60088o0411o
60088.459044 -20.506  0.664   -23   15 o  0   1.99 234.57970  68.98046  4374.20  2579.52 2.36 2.22  40.6 -0.428 18.92 20.07 02a60088o0452o
60090.463961  21.078  0.982    13   13 o  0   2.26 234.57970  68.98046  7469.37  9001.83 2.12 2.05  68.8 -0.448 19.35 20.30 02a60090o0476o
60090.467154  19.922  0.343    39   13 o  0   1.57 234.57970  68.98046  7450.77  8960.45 2.10 2.03  39.0 -0.453 19.39 20.30 02a60090o0483o
60090.472639  20.304  0.517    27   14 o  0   1.35 234.57970  68.98046  7503.55  9039.43 2.10 2.03  55.4 -0.450 19.37 20.27 02a60090o0495o
60090.507885 -22.522  3.759    -4   13 o  0   1.67 234.57970  68.98046  7517.39  8914.41 2.13 2.04  45.3 -0.450 19.36 20.27 02a60090o0567o
60092.413037 -20.585  1.811   -21   38 o  0   0.67 234.57970  68.98046  1654.55  6694.87 1.94 1.84   2.2 -0.450 18.37 18.78 02a60092o0335o
60092.416219 -19.899  1.090   -40   43 o  0   0.96 234.57970  68.98046  1635.83  6656.92 1.97 1.84  11.5 -0.453 18.04 18.40 02a60092o0342o
60092.422640 -19.393  0.699   -64   44 o  0   1.16 234.57970  68.98046  1690.73  6726.37 1.99 1.84  14.3 -0.451 17.98 18.38 02a60092o0356o
60092.458428  19.504  0.523    57   30 o  0   1.03 234.57970  68.98046  1707.93  6599.28 2.04 1.80  19.4 -0.447 18.53 19.11 02a60092o0430o
60094.414297 -19.661  1.067   -50   53 o  0   1.67 234.57970  68.98046  5619.51  3047.57 2.25 1.81  29.7 -0.455 17.51 17.77 02a60094o0299o
60096.444885  22.489 14.950     4   55 o  0   1.37 234.57970  68.98046  8939.53  5121.80 2.16 1.92  32.7 -0.424 17.68 17.81 02a60096o0436o
60096.448058  18.784  1.410   111  157 o  0   1.02 234.57970  68.98046  8919.28  5080.15 2.10 1.92  36.0 -0.440 16.70 16.76 02a60096o0443o
60096.484730  20.324  1.497    27   40 o  0   0.89 234.57970  68.98046  8974.76  5156.62 2.23 1.94  32.9 -0.428 18.35 18.87 02a60096o0518o
60096.491517  18.308  0.657   172  113 o  0   0.92 234.57970  68.98046  8995.17  5041.67 2.24 1.98  31.2 -0.431 16.82 16.98 02a60096o0532o
60098.426088 -20.523  3.135   -22   70 o  0   1.09 234.57970  68.98046  2033.92  1224.22 1.89 1.84 -74.1 -0.524 17.35 17.35 02a60098o0394o
60098.428827 -21.097  7.677   -13  101 o  0   2.05 234.57970  68.98046  2012.33  1183.88 1.91 1.84 -72.5 -0.534 16.94 16.77 02a60098o0400o
60098.462676  19.596  1.636    53   86 o  0   1.00 234.57970  68.98046  2079.18  1251.25 1.89 1.86  59.3 -0.508 16.93 16.91 02a60098o0470o
60098.469038 -19.927  1.753   -39   68 o  0   0.74 234.57970  68.98046  2102.01  1127.32 1.92 1.86 -73.4 -0.494 17.58 17.60 02a60098o0484o
60100.416998  19.779  0.423    44   19 o  0   2.03 234.57970  68.98046  3098.54  6978.61 2.13 1.86  23.6 -0.441 18.82 19.26 02a60100o0366o
60100.419710 -21.701  2.887    -8   22 o  0   1.02 234.57970  68.98046  3079.88  6939.82 2.14 1.84  24.7 -0.443 18.84 19.24 02a60100o0372o
60100.426508  19.595  0.398    53   21 o  0   1.24 234.57970  68.98046  3134.89  7010.09 2.08 1.81  24.3 -0.436 18.84 19.24 02a60100o0387o
60100.464251 -21.870  3.361    -6   22 o  0   1.17 234.57970  68.98046  3146.01  6882.93 2.15 1.85  26.5 -0.428 18.76 19.20 02a60100o0462o
60102.400122  20.527  0.751    22   17 o  0   1.43 234.57970  68.98046  2178.58  2879.35 2.10 1.96  25.2 -0.458 19.04 19.79 02a60102o0336o
60102.403305  19.809  0.383    43   17 o  0   1.12 234.57970  68.98046  2157.84  2840.41 2.18 1.99  26.2 -0.450 19.05 19.78 02a60102o0343o
60102.408790  20.823  0.899    17   15 o  0   1.47 234.57970  68.98046  2219.91  2911.19 2.03 1.92  26.7 -0.455 19.11 19.77 02a60102o0355o
60102.421433 -21.251  1.269   -12   15 o  0   1.54 234.57970  68.98046  2241.87  2790.84 2.13 1.89  26.8 -0.454 19.05 19.74 02a60102o0382o
60104.421159  19.803  0.344    44   15 o  0   0.97 234.57970  68.98046  8717.15  6758.59 2.21 2.10  60.8 -0.437 19.36 20.34 02a60104o0372o
60104.423879  21.004  1.000    14   14 o  0   1.16 234.57970  68.98046  8703.18  6722.04 2.20 2.12  58.3 -0.434 19.34 20.31 02a60104o0378o
60104.426600  21.527  1.379     9   12 o  0   1.94 234.57970  68.98046  8755.08  6798.31 2.35 2.17  41.4 -0.428 19.28 20.29 02a60104o0384o
60104.430706  20.104  0.458    33   15 o  0   1.06 234.57970  68.98046  8776.23  6688.46 2.17 2.08  52.4 -0.434 19.30 20.22 02a60104o0393o
60106.405985  20.842  0.643    17   11 c  0   1.18 234.57970  68.98046  7681.80  3011.30 2.65 2.55  85.7 -0.392 19.50 21.37 02a60106o0346c
60106.408725 -20.988  0.750   -15   11 c  0   1.10 234.57970  68.98046  7659.73  2971.22 2.74 2.65  62.1 -0.391 19.47 21.36 02a60106o0352c
60106.413763  21.317  0.983    11   11 c  0   1.36 234.57970  68.98046  7721.78  3050.26 2.73 2.65  81.4 -0.389 19.44 21.30 02a60106o0363c
60106.450708  21.819  1.684     7   12 c  0   1.15 234.57970  68.98046  7742.35  2929.91 2.70 2.62  78.7 -0.383 19.40 21.18 02a60106o0439c
60108.392605  20.179  0.422    31   13 c  0   1.35 234.57970  68.98046  3908.64  9169.59 2.91 2.83 -77.5 -0.401 19.44 21.44 02a60108o0277c
60108.395810 -22.124  2.267    -5   12 c  0   1.37 234.57970  68.98046  3890.33  9130.69 2.73 2.64  77.1 -0.385 19.47 21.42 02a60108o0284c
60108.400811 -21.703  1.674    -8   13 c  0   1.05 234.57970  68.98046  3943.31  9205.82 2.67 2.56  53.8 -0.391 19.48 21.39 02a60108o0295c
60108.411213 -19.048  0.790   -87   69 c  0   1.56 234.57970  68.98046  3960.26  9085.77 3.00 2.95  54.8 -0.375 17.53 19.28 02a60108o0317c
60110.381022  21.450  1.117    10   11 c  0   1.41 234.57970  68.98046   332.58  9658.27 2.61 2.11 -54.7 -0.451 19.63 21.48 02a60110o0290c
60110.383742   0.000 21.419     0   10 c  0   1.69 234.57970  68.98046   314.94  9620.70 2.62 2.12 -54.3 -0.446 19.57 21.49 02a60110o0296c
60110.389194  21.650  1.298     8   10 c  0   1.57 234.57970  68.98046   367.60  9689.74 2.75 2.22 -54.5 -0.452 19.60 21.50 02a60110o0308c
60110.400099  21.041  0.698    14   10 c  0   1.55 234.57970  68.98046   386.38  9567.40 2.67 2.19 -54.4 -0.456 19.51 21.40 02a60110o0332c
60110.403725  24.256 15.500     1   11 c  0   1.35 234.57970  68.98046  8711.94  9482.41 2.78 2.47 -70.5 -0.410 19.57 21.44 02a60110o0340c
60110.406652  23.354  7.429     2   12 c  0   1.02 234.57970  68.98046  8693.11  9441.59 3.17 2.89 -72.9 -0.394 19.44 21.43 02a60110o0346c
60110.412560 -20.510  0.492   -23   11 c  0   1.33 234.57970  68.98046  8741.69  9520.12 2.75 2.61 -88.2 -0.396 19.57 21.42 02a60110o0359c
60110.422082  20.319  0.420    27   11 c  0   1.52 234.57970  68.98046  8762.11  9406.45 2.81 2.57 -67.8 -0.401 19.58 21.40 02a60110o0380c
60112.382014  23.588  7.500     1   10 c  0   1.31 234.57970  68.98046  3608.62  4825.91 2.33 2.20  28.2 -0.417 19.50 21.04 02a60112o0293c
60112.384754  20.047  0.304    35   11 c  0   1.85 234.57970  68.98046  3589.06  4788.55 2.38 2.27  28.3 -0.413 19.45 21.02 02a60112o0299c
60112.390237 -21.309  1.100   -11   12 c  0   1.26 234.57970  68.98046  3647.52  4862.86 2.35 2.23  24.9 -0.415 19.43 21.01 02a60112o0311c
60112.400211  20.763  0.581    18   10 c  0   1.63 234.57970  68.98046  3667.37  4743.82 2.40 2.22  24.6 -0.414 19.45 20.99 02a60112o0333c
60114.379174  20.692  0.591    19   11 c  0   1.03 234.57970  68.98046   654.94   948.58 2.47 2.20 -65.4 -0.439 19.58 21.36 02a60114o0280c
60114.382418  21.295  0.865    11   10 c  0   1.16 234.57970  68.98046   632.49   910.22 2.53 2.19 -66.6 -0.437 19.59 21.33 02a60114o0287c
60114.388158 -21.179  0.859   -12   10 c  0   1.27 234.57970  68.98046   698.92   979.96 2.58 2.27 -65.9 -0.436 19.52 21.34 02a60114o0299c
60114.398411  21.992  1.795     6   10 c  0   1.40 234.57970  68.98046   721.30   856.50 2.54 2.18 -66.1 -0.441 19.61 21.33 02a60114o0321c
60116.396982 -21.816  1.460    -7   10 c  0   1.34 234.57970  68.98046  7520.82  4644.85 2.34 2.26  63.5 -0.405 19.51 21.02 02a60116o0319c
60116.399771  23.266  5.833     2   10 c  0   1.54 234.57970  68.98046  7501.16  4605.70 2.44 2.41  49.4 -0.399 19.42 21.01 02a60116o0325c
60116.405501 -21.441  1.221   -10   12 c  0   0.95 234.57970  68.98046  7560.59  4686.91 2.37 2.32  50.1 -0.403 19.47 20.97 02a60116o0336c
60116.416105 -21.049  0.788   -14   11 c  0   1.26 234.57970  68.98046  7579.83  4570.54 2.36 2.29  49.4 -0.403 19.45 20.92 02a60116o0359c
60124.375463  20.560  0.737    22   16 o  0   0.97 234.57970  68.98046  5650.18  4663.05 2.24 1.81  31.9 -0.448 19.20 19.93 02a60124o0277o
60124.378176  19.583  0.289    53   15 o  0   1.26 234.57970  68.98046  5631.91  4625.16 2.30 1.85  31.5 -0.444 19.20 19.92 02a60124o0283o
60124.383625  22.563  6.143     3   21 o  0   0.61 234.57970  68.98046  5690.02  4700.93 2.38 1.92  32.9 -0.440 19.14 19.91 02a60124o0295o
60124.393180  19.923  0.439    39   17 o  0   1.00 234.57970  68.98046  5708.55  4584.14 2.30 1.87  33.1 -0.443 19.19 19.91 02a60124o0316o
60126.369071  20.658  0.885    20   18 o  0   2.31 234.57970  68.98046  5783.71  9024.44 2.04 1.95 -71.4 -0.455 18.99 19.43 02a60126o0266o
60126.371791  19.983  1.193    37   44 o  0   1.35 234.57970  68.98046  5764.85  8984.27 2.08 2.03  74.4 -0.443 18.62 19.20 02a60126o0272o
60126.377114  20.447  1.047    24   25 o  0   1.08 234.57970  68.98046  5817.97  9062.40 2.10 1.98 -62.6 -0.450 18.94 19.38 02a60126o0283o
60126.388207  20.490  1.906    23   44 o  0   0.78 234.57970  68.98046  5833.74  8944.38 2.05 2.00 -65.1 -0.446 18.69 19.15 02a60126o0307o
60130.358248 -23.068  8.588    -2   18 o  0   1.74 234.57970  68.98046  4928.70  8107.16 2.28 2.10  29.5 -0.420 18.89 19.46 02a60130o0236o
60130.362097  18.842  0.234   106   25 o  0   1.25 234.57970  68.98046  4910.62  8067.30 2.22 2.06  27.3 -0.430 18.42 18.99 02a60130o0244o
60130.367917  19.389  0.395    64   25 o  0   1.13 234.57970  68.98046  4960.72  8143.50 2.30 2.07  31.2 -0.414 18.85 19.41 02a60130o0256o
60130.380558 -21.009  1.587   -14   23 o  0   0.92 234.57970  68.98046  4972.06  8023.84 2.43 2.07  31.1 -0.416 18.85 19.43 02a60130o0283o
60132.367792  19.788  0.319    44   14 o  0   1.37 234.57970  68.98046  6549.96  8053.58 2.19 2.10  46.1 -0.439 19.31 20.22 02a60132o0259o
60132.370611 -20.352  0.589   -26   16 o  0   1.06 234.57970  68.98046  6530.15  8010.92 2.21 2.07  38.7 -0.439 19.28 20.18 02a60132o0265o
60132.376943  20.251  0.570    29   16 o  0   1.20 234.57970  68.98046  6585.79  8090.30 2.15 2.09  57.6 -0.450 19.28 20.08 02a60132o0278o
60132.387939  19.717  0.316    47   15 o  0   1.62 234.57970  68.98046  6602.58  7974.89 2.16 2.07  42.9 -0.443 19.19 19.98 02a60132o0302o
60134.368845  20.869  3.000    16   49 c  0   1.41 234.57970  68.98046  8905.73  2067.64 2.63 2.21 -66.2 -0.428 17.86 19.19 02a60134o0262c
60134.372036 -20.724  3.607   -19   67 c  0   0.98 234.57970  68.98046  8885.71  2022.27 2.87 2.50 -66.5 -0.402 17.73 19.16 02a60134o0269c
60134.379090  19.760  0.875    45   40 c  0   1.13 234.57970  68.98046  8948.36  2105.96 2.73 2.37 -63.3 -0.417 18.14 19.56 02a60134o0284c
60134.389089  20.210  0.849    30   25 c  0   1.22 234.57970  68.98046  8968.41  1988.49 2.56 2.30 -66.2 -0.417 18.55 19.98 02a60134o0305c
60136.349532 -15.772  0.538 -1783  960 c  0   1.22 234.57970  68.98046   110.30  6566.56 3.05 2.66 -57.0 -0.404 14.53 16.05 02a60136o0220c
60136.359633  17.371  0.832   409  340 c  0   1.14 234.57970  68.98046   162.64  6635.19 2.94 2.59 -57.1 -0.402 16.19 17.64 02a60136o0241c
60136.361450 -18.285  1.319  -176  232 c  0   1.68 234.57970  68.98046  8468.44  6399.83 3.24 2.90 -74.2 -0.422 16.15 17.72 02a60136o0245c
60136.364235 -17.323  1.649  -427  705 c  0   0.97 234.57970  68.98046  8451.97  6357.47 3.17 2.92 -76.0 -0.423 15.18 16.72 02a60136o0251c
60136.365679 -17.267  1.600  -450  720 c  0   0.97 234.57970  68.98046   182.88  6510.88 3.03 2.60 -58.5 -0.405 14.78 16.23 02a60136o0254c
60136.405025 -15.890  0.659 -1600 1054 c  0   1.33 234.57970  68.98046  8526.99  6320.61 3.13 3.03  75.9 -0.420 14.67 16.04 02a60136o0278c
60138.338983 -20.242  1.014   -29   30 c  0   1.01 234.57970  68.98046  3038.88  9951.93 3.53 3.11 -57.1 -0.389 18.58 20.40 02a60138o0197c
60138.342821  19.220  0.341    74   25 c  0   0.95 234.57970  68.98046  3022.24  9912.30 3.64 3.25 -58.3 -0.372 18.82 20.70 02a60138o0205c
60138.348285  21.259  2.160    11   25 c  0   1.08 234.57970  68.98046  3072.37  9986.36 4.02 3.60 -56.2 -0.361 18.63 20.58 02a60138o0216c
60138.359805  19.399  0.387    63   24 c  0   1.15 234.57970  68.98046  3091.02  9863.56 3.90 3.51 -56.2 -0.350 18.83 20.79 02a60138o0241c
60140.373668  20.802  1.067    17   18 c  0   1.22 234.57970  68.98046  7489.79  8991.32 4.02 3.91 -53.0 -0.356 18.93 20.94 02a60140o0222c
60140.376850  20.624  0.852    20   17 c  0   1.10 234.57970  68.98046  7469.84  8953.29 3.73 3.52 -78.6 -0.394 19.05 20.95 02a60140o0229c
60140.382488  20.653  0.967    20   19 c  0   0.93 234.57970  68.98046  7520.18  9032.02 3.76 3.49 -75.9 -0.380 19.00 20.94 02a60140o0241c
60140.394933  19.600  0.398    52   21 c  0   1.07 234.57970  68.98046  7530.55  8914.92 4.38 4.21 -71.1 -0.372 18.81 20.85 02a60140o0267c
60146.353269 -21.687  1.533    -8   12 c  0   1.30 234.57970  68.98046  8983.98  5122.87 2.60 2.53 -85.0 -0.403 19.41 20.99 02a60146o0235c
60146.356077  21.345  1.290    10   14 c  0   0.86 234.57970  68.98046  8961.22  5080.12 2.61 2.50 -78.7 -0.400 19.40 21.01 02a60146o0241c
60146.361668  20.491  0.583    23   14 c  0   1.04 234.57970  68.98046  9016.62  5162.06 2.76 2.70 -73.7 -0.397 19.32 21.03 02a60146o0253c
60146.371455 -20.888  0.693   -16   11 c  0   1.42 234.57970  68.98046  9030.78  5046.44 2.70 2.59 -68.6 -0.402 19.39 21.03 02a60146o0274c
60148.322645  20.826  0.928    17   16 o  0   1.28 234.57970  68.98046  2085.02  1208.07 2.26 1.93 -58.6 -0.467 19.27 20.23 02a60148o0174o
60148.326796 -21.361  1.292   -10   13 o  0   1.78 234.57970  68.98046  2059.70  1168.35 2.12 1.92 -66.4 -0.475 19.04 20.20 02a60148o0181o
60148.333932  20.638  0.856    20   17 o  0   1.18 234.57970  68.98046  2119.25  1240.64 2.76 2.57 -61.3 -0.404 18.92 20.20 02a60148o0195o
60148.350463 -19.708  0.254   -48   12 o  0   2.89 234.57970  68.98046  2131.00  1116.94 2.08 1.93 -67.1 -0.477 19.24 20.28 02a60148o0231o
60150.328051 -22.666  5.833    -3   18 o  0   1.04 234.57970  68.98046  3121.81  6958.60 3.24 3.16  44.0 -0.378 18.89 20.42 02a60150o0188o
60150.330976  22.313  4.625     4   20 o  0   0.86 234.57970  68.98046  3101.64  6921.83 3.27 3.20  57.5 -0.385 18.90 20.42 02a60150o0194o
60150.338443 -20.383  0.680   -26   17 o  0   1.29 234.57970  68.98046  3153.76  6995.02 3.08 3.04  22.0 -0.403 18.91 20.40 02a60150o0210o
60150.349833 -20.147  0.512   -32   16 o  0   1.43 234.57970  68.98046  3166.06  6872.74 2.79 2.68  19.2 -0.390 19.03 20.39 02a60150o0234o
60152.332853  21.346  1.469    10   15 o  0   1.47 234.57970  68.98046  2209.22  2850.22 2.51 2.47 -87.5 -0.415 18.95 20.09 02a60152o0199o
60152.335844 -20.545  0.738   -22   16 o  0   1.17 234.57970  68.98046  2185.49  2808.93 2.31 2.15  41.1 -0.438 19.06 20.09 02a60152o0205o
60152.341562  21.784  2.590     7   18 o  0   1.08 234.57970  68.98046  2244.81  2883.04 2.62 2.59  69.3 -0.414 18.90 20.07 02a60152o0217o
60152.353992  21.044  1.250    14   17 o  0   0.94 234.57970  68.98046  2257.08  2759.77 2.54 2.44  44.9 -0.429 18.99 20.04 02a60152o0244o
60154.327506  20.522  0.723    22   16 o  0   1.81 234.57970  68.98046  8756.36  6755.14 2.34 2.21 -88.8 -0.429 19.03 19.80 02a60154o0187o
60154.331312  21.056  1.160    14   16 o  0   2.19 234.57970  68.98046  8734.96  6713.67 2.36 2.25  78.3 -0.432 19.04 19.78 02a60154o0195o
60154.338037 -20.946  1.347   -15   20 o  0   1.07 234.57970  68.98046  8786.88  6794.01 2.41 2.28  74.8 -0.429 19.00 19.77 02a60154o0209o
60154.349692  20.266  0.769    28   22 o  0   0.99 234.57970  68.98046  8796.10  6673.89 2.28 2.19  76.8 -0.428 19.02 19.71 02a60154o0234o
60156.313474 -21.067  1.518   -14   21 o  0   1.52 234.57970  68.98046  7738.49  3011.29 2.21 2.01 -70.1 -0.425 18.82 19.27 02a60156o0159o
60156.316640  20.461  0.795    24   19 o  0   1.89 234.57970  68.98046  7713.81  2965.71 2.13 2.05  89.6 -0.427 18.80 19.26 02a60156o0166o
60156.327930  21.848  3.000     7   20 o  0   1.50 234.57970  68.98046  7767.15  3050.40 2.19 2.06 -69.8 -0.414 18.73 19.21 02a60156o0189o
