MJD          m      dm   uJy   duJy F err chi/N     RA       Dec        x        y     maj  min   phi  apfit mag5sig Sky   Obs
60013.912750 -23.677 17.143    -1   21 o  0   0.96 128.32313 -22.96252  3476.70  6607.27 2.94 2.52 -34.7 -0.354 18.95 20.01 03a60014o0387o
60013.931339  20.726  1.038    19   19 o  0   0.75 128.32313 -22.96252  3497.84  6650.32 2.59 2.27 -29.0 -0.372 19.04 19.96 03a60014o0427o
60013.934527 -20.384  1.080   -26   28 o  0   0.99 128.32313 -22.96252  3441.42  6570.70 4.24 3.78 -35.3 -0.259 18.51 19.96 03a60014o0434o
60013.939963  21.504  2.224     9   20 o  0   0.89 128.32313 -22.96252  3419.59  6685.31 2.76 2.36 -36.1 -0.357 18.96 19.94 03a60014o0446o
60015.172554  20.019  0.551    36   20 o  0   0.84 128.32313 -22.96252  2249.11  1004.47 2.15 1.98  43.7 -0.480 19.01 20.01 04a60015o0401o
60015.175775  21.488  1.909     9   18 o  0   1.51 128.32313 -22.96252  2267.35  1041.29 2.42 1.91  44.4 -0.434 19.03 20.03 04a60015o0408o
60015.182674 -19.747  0.410   -46   19 o  0   1.40 128.32313 -22.96252  2204.47   960.28 2.42 1.87  44.4 -0.436 19.03 19.99 04a60015o0422o
60015.192826  20.388  0.799    25   20 o  0   0.88 128.32313 -22.96252  2183.29  1074.12 2.38 1.84  46.8 -0.438 19.02 19.93 04a60015o0442o
60017.861092 -20.190  0.327   -30   10 c  0   1.59 128.32313 -22.96252  7310.65  6520.35 2.52 2.20 -57.7 -0.397 19.73 21.69 03a60018o0245c
60017.864250  21.506  1.108     9   10 c  0   1.95 128.32313 -22.96252  7328.58  6559.77 2.56 2.22 -56.9 -0.393 19.73 21.68 03a60018o0252c
60017.871551 -21.188  0.839   -12   10 c  0   1.44 128.32313 -22.96252  7270.91  6480.18 2.57 2.22 -57.4 -0.392 19.71 21.67 03a60018o0268c
60017.884059 -20.622  0.970   -20   20 c  0   1.05 128.32313 -22.96252  7249.08  6596.01 2.52 2.19 -56.9 -0.394 19.55 21.42 03a60018o0295c
60019.097396  22.670  4.615     3   14 o  0   1.01 128.32313 -22.96252  1846.67  4648.42 2.16 1.93  66.2 -0.409 19.39 20.93 04a60019o0246o
60019.100550  21.555  1.614     9   14 o  0   1.19 128.32313 -22.96252  1866.99  4683.53 2.24 1.94  70.6 -0.405 19.37 20.92 04a60019o0253o
60019.105957 -23.487  8.500    -2   12 o  0   1.29 128.32313 -22.96252  1810.36  4601.64 2.17 1.96  72.1 -0.411 19.42 20.93 04a60019o0265o
60019.118429 -21.608  1.544    -8   13 o  0   1.19 128.32313 -22.96252  1789.82  4707.50 2.19 1.94  66.5 -0.404 19.43 20.94 04a60019o0292o
60021.858984  19.851  0.320    42   13 c  0   1.31 128.32313 -22.96252  7317.88  6519.43 2.43 2.14 -50.0 -0.398 19.28 21.26 03a60022o0282c
60021.863716  19.976  0.335    37   12 c  0   1.48 128.32313 -22.96252  7336.77  6560.35 2.65 2.20 -49.8 -0.391 19.26 21.26 03a60022o0292c
60021.869589  20.178  0.376    31   12 c  0   1.64 128.32313 -22.96252  7280.59  6480.58 2.47 2.13 -52.3 -0.401 19.42 21.38 03a60022o0305c
60021.893115  18.787  0.579   111   64 c  0   0.82 128.32313 -22.96252  7258.07  6596.99 2.51 2.23 -32.7 -0.381 17.72 19.60 03a60022o0356c
60023.116828  18.611  0.128   131   17 o  0   1.22 128.32313 -22.96252  1853.46  4620.15 2.32 2.01  67.9 -0.399 19.29 20.72 04a60023o0297o
60023.119981  18.290  0.092   175   16 o  0   0.98 128.32313 -22.96252  1871.76  4656.92 2.30 2.06  66.2 -0.398 19.25 20.74 04a60023o0304o
60023.125391  18.465  0.104   149   16 o  0   1.50 128.32313 -22.96252  1813.58  4576.06 2.28 2.02  69.3 -0.403 19.29 20.78 04a60023o0316o
60023.137775  18.380  0.102   161   16 o  0   0.98 128.32313 -22.96252  1794.78  4685.06 2.22 1.95  67.4 -0.409 19.35 20.80 04a60023o0343o
60025.817162  17.652  0.170   316   54 c  0   0.95 128.32313 -22.96252  6224.39   873.02 2.58 2.39 -50.3 -0.389 17.75 19.57 03a60026o0200c
60025.820350  18.179  0.253   194   49 c  0   1.01 128.32313 -22.96252  6242.30   913.08 2.56 2.35 -46.8 -0.388 17.88 19.73 03a60026o0207c
60025.826697  18.768  0.882   113  100 c  0   1.27 128.32313 -22.96252  6184.91   833.83 2.59 2.42 -43.0 -0.385 16.87 18.70 03a60026o0221c
60025.836779  17.999  0.137   229   31 c  0   0.87 128.32313 -22.96252  6161.10   950.86 2.68 2.43 -16.5 -0.412 18.75 20.63 03a60026o0243c
60027.059173  16.997  0.034   577   20 o  0   1.32 128.32313 -22.96252  5112.18  8997.21 2.67 2.08 -78.2 -0.420 19.31 20.79 04a60027o0176o
60027.071301  17.052  0.032   549   18 o  0   1.57 128.32313 -22.96252  5135.91  9023.18 2.53 1.99 -76.0 -0.435 19.34 20.82 04a60027o0201o
60027.074068  17.129  0.039   511   20 o  0   1.42 128.32313 -22.96252  5078.31  8944.79 2.57 2.04 -72.5 -0.433 19.33 20.84 04a60027o0207o
60027.079169  17.128  0.038   512   19 o  0   1.28 128.32313 -22.96252  5061.21  9055.24 2.68 2.00 -76.0 -0.420 19.34 20.86 04a60027o0218o
60029.854772  17.318  0.033   429   14 c  0   1.61 128.32313 -22.96252  6228.60   875.78 2.71 2.43 -55.0 -0.396 19.63 21.76 03a60030o0273c
60029.857564  17.303  0.031   436   14 c  0   1.67 128.32313 -22.96252  6246.79   915.40 2.77 2.48 -57.7 -0.401 19.59 21.74 03a60030o0279c
60029.863122  17.276  0.031   446   14 c  0   1.28 128.32313 -22.96252  6189.56   835.55 3.24 2.83 -63.0 -0.390 19.41 21.72 03a60030o0291c
60029.873889  17.326  0.032   426   14 c  0   1.40 128.32313 -22.96252  6167.48   952.23 2.73 2.54 -57.1 -0.397 19.58 21.68 03a60030o0314c
60031.115333  16.486  0.022   924   20 o  0   2.03 128.32313 -22.96252  5126.71  8945.09 2.64 1.89 -78.0 -0.423 19.34 20.81 04a60031o0301o
60031.119152  16.491  0.020   919   19 o  0   3.38 128.32313 -22.96252  5146.45  8981.93 2.54 1.81 -78.6 -0.439 19.41 20.85 04a60031o0309o
60031.125252  16.498  0.022   914   20 o  0   1.98 128.32313 -22.96252  5088.58  8901.02 2.50 1.83 -78.6 -0.443 19.41 20.93 04a60031o0322o
60031.154609  16.476  0.019   932   18 o  0   4.91 128.32313 -22.96252  5063.96  9009.56 2.49 1.82 -77.7 -0.438 19.44 20.98 04a60031o0380o
60033.804317  16.310  0.021  1086   22 o  0   1.69 128.32313 -22.96252  5990.57  4933.32 2.36 2.11 -54.7 -0.439 19.11 20.14 03a60034o0172o
60033.807999  16.276  0.019  1121   21 o  0   2.05 128.32313 -22.96252  6008.79  4972.88 2.31 2.08 -54.3 -0.439 19.12 20.16 03a60034o0180o
60033.814108  16.334  0.021  1063   23 o  0   1.63 128.32313 -22.96252  5951.10  4894.29 2.41 2.15 -55.0 -0.429 19.09 20.14 03a60034o0193o
60033.824266  16.321  0.021  1076   22 o  0   1.54 128.32313 -22.96252  5930.25  5010.90 2.30 2.05 -54.2 -0.429 19.12 20.13 03a60034o0215o
60035.835979  16.239  0.020  1160   23 o  0   2.11 128.32313 -22.96252  5987.68  4937.73 2.26 2.03 -53.3 -0.422 19.04 19.80 03a60036o0253o
60035.839288  16.269  0.021  1128   23 o  0   2.11 128.32313 -22.96252  6006.39  4977.70 2.30 2.07 -52.8 -0.435 18.99 19.79 03a60036o0260o
60035.847836  16.236  0.018  1162   21 o  0   2.52 128.32313 -22.96252  5950.44  4898.53 2.22 2.00 -52.9 -0.428 19.01 19.77 03a60036o0278o
60035.859468  16.235  0.020  1164   23 o  0   1.96 128.32313 -22.96252  5928.52  5014.01 2.39 2.08 -56.5 -0.413 18.91 19.63 03a60036o0303o
60037.044101  16.152  0.023  1256   29 o  0   2.20 128.32313 -22.96252  3201.23  9089.90 2.85 2.06 -80.3 -0.404 18.52 19.18 04a60037o0161o
60037.047315  16.215  0.028  1185   33 o  0   1.68 128.32313 -22.96252  3220.89  9125.03 2.94 2.07 -80.2 -0.402 18.51 19.19 04a60037o0168o
60037.056215  16.147  0.027  1263   34 o  0   1.28 128.32313 -22.96252  3166.79  9041.17 2.92 2.09 -76.7 -0.395 18.50 19.18 04a60037o0186o
60037.066253  16.138  0.023  1273   30 o  0   2.28 128.32313 -22.96252  3147.70  9148.93 2.85 2.02 -79.6 -0.391 18.52 19.19 04a60037o0208o
60038.857601  16.128  0.019  1284   24 o  0   2.06 128.32313 -22.96252  5887.86  3006.73 2.33 2.13 -56.9 -0.438 18.72 19.28 03a60039o0295o
60038.860926  16.201  0.021  1202   25 o  0   1.88 128.32313 -22.96252  5906.06  3046.35 2.23 2.02 -51.8 -0.434 18.78 19.27 03a60039o0302o
60038.866293  16.176  0.021  1229   26 o  0   1.74 128.32313 -22.96252  5849.60  2967.27 2.18 1.99 -46.3 -0.445 18.78 19.25 03a60039o0313o
60038.878221  16.212  0.021  1189   25 o  0   1.97 128.32313 -22.96252  5827.09  3082.73 2.26 2.05 -48.3 -0.434 18.74 19.18 03a60039o0338o
60040.128176  16.180  0.035  1225   43 o  0   1.84 128.32313 -22.96252  9597.64  6852.29 2.39 2.04 -19.4 -0.466 18.27 18.60 04a60040o0345o
60040.135105  16.179  0.033  1226   40 o  0   2.02 128.32313 -22.96252  9613.28  6891.54 2.47 2.09 -17.9 -0.451 18.23 18.57 04a60040o0360o
60040.138369  16.183  0.033  1222   41 o  0   2.26 128.32313 -22.96252  9553.97  6812.10 2.43 2.10 -21.1 -0.453 18.25 18.56 04a60040o0367o
60040.149572  16.107  0.031  1309   41 o  0   1.61 128.32313 -22.96252  9528.45  6927.08 2.49 2.09 -17.6 -0.432 18.20 18.49 04a60040o0390o
60043.112690  16.160  0.025  1248   31 o  0   2.19 128.32313 -22.96252  9281.97  9278.28 2.52 2.39 -77.6 -0.431 18.89 19.72 04a60043o0313o
60043.115942  16.185  0.028  1219   34 o  0   1.63 128.32313 -22.96252  9300.69  9317.12 2.32 2.23 -38.5 -0.477 18.89 19.70 04a60043o0320o
60043.121550  16.196  0.026  1206   32 o  0   1.48 128.32313 -22.96252  9240.86  9237.44 2.29 2.20 -50.9 -0.482 18.85 19.68 04a60043o0332o
60043.142793  16.191  0.027  1213   33 o  0   2.02 128.32313 -22.96252  9211.37  9352.46 2.39 2.28 -23.7 -0.453 18.86 19.57 04a60043o0376o
60044.860974  16.453  0.031   953   30 o  0   1.21 128.32313 -22.96252  3705.27  2564.93 4.38 3.97 -61.8 -0.293 18.60 20.34 03a60045o0302o
60044.864410  16.358  0.026  1039   27 o  0   1.39 128.32313 -22.96252  3723.06  2603.32 3.72 3.31 -73.0 -0.361 18.69 20.32 03a60045o0309o
60044.869794  16.396  0.027  1004   28 o  0   1.29 128.32313 -22.96252  3667.03  2524.52 4.07 3.50 -65.8 -0.307 18.68 20.30 03a60045o0320o
60044.939055  16.365  0.024  1033   24 o  0   1.65 128.32313 -22.96252  3650.14  2641.15 2.59 2.42 -32.0 -0.397 18.83 19.78 03a60045o0338o
60046.058536  17.425  0.047   389   18 c  0   1.63 128.32313 -22.96252 10174.27   660.40 4.27 2.39 -32.4 -0.345 19.33 21.36 04a60046o0202c
60046.061343  17.398  0.047   399   19 c  0   1.46 128.32313 -22.96252 10193.72   698.95 3.96 2.47 -32.4 -0.354 19.33 21.33 04a60046o0208c
60046.066919  17.431  0.047   387   18 c  0   1.54 128.32313 -22.96252 10134.40   615.71 4.04 2.30 -32.6 -0.363 19.42 21.35 04a60046o0220c
60046.077402  17.383  0.050   405   20 c  0   1.08 128.32313 -22.96252 10113.59   728.05 4.10 2.20 -32.6 -0.362 19.44 21.41 04a60046o0242c
60047.830914  16.471  0.021   936   19 o  0   1.52 128.32313 -22.96252  3746.43  4495.91 2.59 2.31 -50.0 -0.413 19.43 21.00 03a60048o0215o
60047.841818  16.753  0.181   722  131 o  0   1.06 128.32313 -22.96252  3710.19  4458.10 2.57 2.30 -39.2 -0.406 17.13 18.56 03a60048o0237o
60049.105695  17.695  0.045   303   14 c  0   1.12 128.32313 -22.96252  3794.42  4490.17 2.36 2.28  78.9 -0.360 19.38 21.36 04a60049o0305c
60049.128276  17.741  0.044   291   13 c  0   1.51 128.32313 -22.96252  3806.64  4527.52 2.26 2.18  77.2 -0.364 19.41 21.39 04a60049o0349c
60049.131546  17.705  0.044   301   13 c  0   1.41 128.32313 -22.96252  3742.23  4447.47 2.17 2.12  74.8 -0.369 19.44 21.41 04a60049o0356c
60049.136832  17.722  0.047   296   14 c  0   1.46 128.32313 -22.96252  3722.57  4565.73 2.28 2.15  74.4 -0.368 19.45 21.41 04a60049o0367c
60050.834703  16.684  0.021   770   16 o  0   1.66 128.32313 -22.96252  6875.62  8932.74 2.40 2.06 -44.3 -0.438 19.70 21.29 03a60051o0268o
60050.838124  16.677  0.022   774   17 o  0   1.45 128.32313 -22.96252  6892.48  8971.38 2.30 2.00 -45.5 -0.441 19.70 21.27 03a60051o0275o
60050.843515  16.696  0.020   762   15 o  0   2.53 128.32313 -22.96252  6837.40  8891.61 2.36 2.03 -44.4 -0.441 19.68 21.19 03a60051o0286o
60050.855827  16.695  0.021   762   16 o  0   2.65 128.32313 -22.96252  6815.69  9006.99 2.34 2.01 -46.4 -0.445 19.69 21.19 03a60051o0311o
60052.082113  17.780  0.051   280   14 c  0   1.24 128.32313 -22.96252  7862.00  2862.48 2.68 2.12 -23.0 -0.385 19.39 21.20 04a60052o0217c
60052.085460  17.811  0.063   273   17 c  0   1.12 128.32313 -22.96252  7879.77  2900.24 2.62 2.10 -24.3 -0.382 19.39 21.25 04a60052o0224c
60052.091273  17.735  0.053   292   15 c  0   1.06 128.32313 -22.96252  7819.04  2821.05 2.67 2.16 -24.1 -0.375 19.37 21.24 04a60052o0236c
60052.103468  17.818  0.063   271   17 c  0   0.82 128.32313 -22.96252  7795.78  2935.61 2.68 2.18 -23.1 -0.368 19.36 21.19 04a60052o0262c
60053.837349  16.971  0.046   591   27 o  0   1.48 128.32313 -22.96252  1152.66  9146.11 6.02 2.99  -1.8 -0.381 18.88 20.95 03a60054o0252o
60053.844026  16.957  0.046   599   27 o  0   1.21 128.32313 -22.96252  1096.92  9066.56 4.66 3.27  -4.9 -0.401 18.92 20.88 03a60054o0264o
60053.854246  16.928  0.039   615   24 o  0   1.24 128.32313 -22.96252  1075.83  9185.54 3.99 2.64  -5.9 -0.390 19.13 20.91 03a60054o0282o
60058.080343  18.107  0.073   208   15 c  0   0.88 128.32313 -22.96252  3574.11  6612.92 2.44 2.03 -83.5 -0.363 19.36 21.14 04a60058o0270c
60058.083151  18.386  0.096   161   15 c  0   1.23 128.32313 -22.96252  3592.67  6651.20 2.53 2.14 -79.9 -0.359 19.31 21.15 04a60058o0276c
60058.089382  18.177  0.087   195   17 c  0   0.80 128.32313 -22.96252  3534.84  6573.96 2.46 2.08 -82.4 -0.364 19.33 21.16 04a60058o0289c
60058.099193  18.194  0.068   192   13 c  0   1.93 128.32313 -22.96252  3507.79  6687.70 2.43 2.06 -82.0 -0.357 19.29 21.13 04a60058o0310c
60059.822320  17.194  0.033   481   16 o  0   1.64 128.32313 -22.96252  7319.36  6532.27 2.29 1.99 -47.1 -0.434 19.52 20.85 03a60060o0252o
60059.825366  17.206  0.037   476   18 o  0   1.10 128.32313 -22.96252  7337.01  6571.02 2.34 1.98 -47.3 -0.424 19.52 20.85 03a60060o0258o
60059.831012  17.187  0.033   484   16 o  0   1.65 128.32313 -22.96252  7280.23  6491.19 2.37 2.04 -46.4 -0.429 19.48 20.90 03a60060o0269o
60059.842406  17.167  0.036   493   18 o  0   1.05 128.32313 -22.96252  7259.26  6605.67 2.39 2.00 -45.2 -0.426 19.53 20.93 03a60060o0291o
60062.785076  17.038  0.070   555   39 o  0   1.45 128.32313 -22.96252  6232.04   884.87 2.36 2.10 -39.3 -0.441 17.97 18.60 03a60063o0186o
60062.817729  17.244  0.043   460   20 o  0   0.93 128.32313 -22.96252  6167.08   960.21 2.47 2.33 -46.2 -0.422 19.14 20.27 03a60063o0249o
60065.823179  17.542  0.093   349   33 o  0   0.90 128.32313 -22.96252  2275.91   982.12 2.34 2.05 -66.1 -0.393 18.54 19.12 03a60066o0230o
60065.826610  17.510  0.071   360   26 o  0   1.33 128.32313 -22.96252  2294.85  1021.30 2.38 2.05 -64.4 -0.394 18.58 19.18 03a60066o0237o
60065.837022  17.616  0.074   326   24 o  0   1.27 128.32313 -22.96252  2238.78   944.01 2.30 2.02 -61.6 -0.403 18.79 19.40 03a60066o0258o
60065.842219  17.629  0.083   322   27 o  0   1.23 128.32313 -22.96252  2216.26  1060.22 2.33 2.03 -64.3 -0.404 18.57 19.21 03a60066o0269o
60067.039459  17.548  0.077   348   27 o  0   1.30 128.32313 -22.96252  2240.12  1002.33 2.60 2.01  44.9 -0.440 18.70 19.41 04a60067o0195o
60067.042725  17.403  0.065   397   26 o  0   1.21 128.32313 -22.96252  2259.64  1039.78 2.62 2.03  45.4 -0.448 18.70 19.40 04a60067o0202o
60067.049397  17.722  0.099   296   29 o  0   1.09 128.32313 -22.96252  2200.09   961.07 2.51 1.97  42.8 -0.464 18.70 19.38 04a60067o0216o
60067.059310  17.484  0.079   368   29 o  0   0.98 128.32313 -22.96252  2178.06  1075.97 2.40 2.01  43.3 -0.461 18.63 19.31 04a60067o0237o
60067.996601  17.611  0.193   328   63 o  0   0.32 128.32313 -22.96252  1851.34  4626.41 2.59 2.29  60.7 -0.407 18.54 19.36 04a60068o0107o
60068.012784  17.756  0.104   287   30 o  0   0.96 128.32313 -22.96252  1872.75  4655.81 2.51 2.32  68.7 -0.417 18.57 19.32 04a60068o0141o
60068.024705  17.758  0.103   286   30 o  0   0.99 128.32313 -22.96252  1813.55  4569.51 2.51 2.20  69.6 -0.418 18.54 19.33 04a60068o0166o
60068.038961  17.619  0.093   325   30 o  0   0.93 128.32313 -22.96252  1797.33  4682.37 2.58 2.28  72.4 -0.410 18.50 19.25 04a60068o0196o
60068.819285  17.586  0.085   335   28 o  0   0.98 128.32313 -22.96252  1806.72  4567.96 2.42 2.11 -59.7 -0.409 18.67 19.15 03a60069o0273o
60068.822973  17.634  0.091   321   29 o  0   0.94 128.32313 -22.96252  1825.28  4607.17 2.47 2.16 -60.8 -0.406 18.67 19.13 03a60069o0281o
60068.830949  17.437  0.080   385   31 o  0   0.97 128.32313 -22.96252  1771.87  4530.31 2.54 2.27 -59.8 -0.401 18.60 19.08 03a60069o0298o
60068.842736  17.616  0.086   326   28 o  0   1.25 128.32313 -22.96252  1749.07  4644.80 2.43 2.18 -61.6 -0.409 18.58 19.01 03a60069o0323o
60070.075503  17.592  0.101   334   34 o  0   1.14 128.32313 -22.96252  5110.84  8933.15 2.67 2.00 -75.4 -0.422 18.27 18.74 04a60070o0276o
60070.078341  17.628  0.115   323   37 o  0   1.15 128.32313 -22.96252  5127.22  8971.61 2.73 2.00 -76.5 -0.405 18.27 18.71 04a60070o0282o
60070.083600  17.573  0.114   340   39 o  0   0.92 128.32313 -22.96252  5065.81  8894.62 2.71 2.04 -77.6 -0.413 18.24 18.69 04a60070o0293o
60070.093509  17.814  0.123   272   33 o  0   1.25 128.32313 -22.96252  5042.45  9013.51 2.72 2.01 -78.9 -0.409 18.19 18.61 04a60070o0314o
60071.819543  17.579  0.077   338   26 o  0   1.25 128.32313 -22.96252  3061.96  9033.92 2.84 2.46 -37.4 -0.366 18.70 19.44 03a60072o0278o
60071.822386  17.924  0.118   246   29 o  0   0.87 128.32313 -22.96252  3080.58  9074.32 2.67 2.29 -37.2 -0.377 18.73 19.42 03a60072o0284o
60071.827534  17.614  0.083   327   27 o  0   1.00 128.32313 -22.96252  3027.31  8994.62 2.67 2.28 -41.4 -0.375 18.71 19.38 03a60072o0295o
60071.839606  17.655  0.109   315   34 o  0   0.71 128.32313 -22.96252  3004.77  9110.55 2.84 2.44 -37.8 -0.356 18.63 19.31 03a60072o0320o
60073.058586  17.590  0.063   334   21 o  0   1.30 128.32313 -22.96252  3196.95  9033.78 2.71 1.89 -80.6 -0.397 18.91 19.75 04a60073o0240o
60073.061942  17.908  0.090   249   23 o  0   1.25 128.32313 -22.96252  3213.69  9072.31 2.71 1.83 -81.1 -0.392 18.90 19.70 04a60073o0247o
60073.067150  17.704  0.073   301   22 o  0   1.23 128.32313 -22.96252  3154.99  8995.18 2.71 1.87 -79.4 -0.389 18.85 19.68 04a60073o0258o
60073.077615  17.664  0.076   312   24 o  0   0.94 128.32313 -22.96252  3130.57  9112.90 2.68 1.84 -81.1 -0.398 18.83 19.63 04a60073o0280o
60074.830721  18.860  0.125   104   13 c  0   1.93 128.32313 -22.96252  4252.18   932.04 2.59 2.44  -7.9 -0.372 19.48 21.24 03a60075o0298c
60074.833702  18.647  0.112   126   14 c  0   1.23 128.32313 -22.96252  4270.92   971.10 2.81 2.51  -3.1 -0.372 19.38 21.15 03a60075o0304c
60074.836747  18.819  0.125   108   14 c  0   1.18 128.32313 -22.96252  4213.11   891.02 2.80 2.48  -3.5 -0.364 19.38 21.08 03a60075o0310c
60074.840133  18.703  0.133   120   16 c  0   0.96 128.32313 -22.96252  4192.25  1009.14 2.73 2.53  -8.8 -0.374 19.32 20.97 03a60075o0317c
60076.056518  17.873  0.084   257   22 o  0   0.95 128.32313 -22.96252  1630.28  6719.59 2.61 2.13  85.9 -0.377 19.00 20.27 04a60076o0240o
60076.059388  17.835  0.078   267   21 o  0   1.12 128.32313 -22.96252  1649.18  6758.46 2.44 1.99  87.6 -0.384 19.08 20.29 04a60076o0246o
60076.066626  17.902  0.069   251   17 o  0   1.64 128.32313 -22.96252  1589.78  6682.27 2.41 2.05 -87.9 -0.392 19.09 20.28 04a60076o0261o
60076.076675  18.014  0.093   226   21 o  0   1.14 128.32313 -22.96252  1563.63  6799.52 2.50 2.18 -89.7 -0.386 18.99 20.28 04a60076o0282o
60079.083143  17.931  0.102   244   25 o  0   1.23 128.32313 -22.96252  9783.86  2786.46 3.14 2.48 -18.3 -0.359 18.67 19.94 04a60079o0031o
60079.087453  17.937  0.106   243   26 o  0   1.27 128.32313 -22.96252  9801.08  2826.95 2.74 2.36 -19.0 -0.393 18.79 19.92 04a60079o0040o
60079.095554  17.978  0.124   234   29 o  0   1.01 128.32313 -22.96252  9735.85  2750.56 2.64 2.25 -23.0 -0.403 18.77 19.96 04a60079o0057o
60079.109759  17.973  0.089   235   21 o  0   1.70 128.32313 -22.96252  9703.34  2876.54 2.70 2.15 -21.3 -0.393 18.81 20.03 04a60079o0087o
60080.782237  18.904  0.126   100   13 c  0   1.28 128.32313 -22.96252  9874.72  4893.93 2.77 2.18 -64.1 -0.371 19.52 21.28 03a60081o0204c
60080.785463  18.773  0.116   112   13 c  0   1.00 128.32313 -22.96252  9895.12  4933.74 2.58 2.10 -62.8 -0.379 19.53 21.28 03a60081o0211c
60080.790635  19.353  0.181    66   12 c  0   1.44 128.32313 -22.96252  9837.01  4852.50 2.62 2.11 -62.8 -0.376 19.51 21.24 03a60081o0222c
60080.801668  18.670  0.110   124   14 c  0   1.43 128.32313 -22.96252  9813.49  4966.27 2.61 2.11 -62.1 -0.374 19.41 21.16 03a60081o0245c
60082.060948  17.851  0.080   263   21 o  0   1.17 128.32313 -22.96252  7963.70  4793.42 2.66 2.40 -38.3 -0.383 18.86 20.20 04a60082o0244o
60082.064249  17.929  0.086   244   21 o  0   0.90 128.32313 -22.96252  7980.54  4833.00 2.45 2.22 -35.8 -0.398 18.92 20.20 04a60082o0251o
60082.069616  17.861  0.075   260   20 o  0   1.28 128.32313 -22.96252  7917.30  4755.89 2.36 2.02 -24.1 -0.401 18.94 20.19 04a60082o0262o
60082.079696  17.968  0.081   236   19 o  0   1.46 128.32313 -22.96252  7890.15  4874.55 2.51 2.14 -23.4 -0.388 18.86 20.14 04a60082o0283o
60083.759522  18.777  0.116   112   13 c  0   1.48 128.32313 -22.96252  8209.15   857.42 2.50 2.24 -51.2 -0.407 19.62 21.41 03a60084o0156c
60083.762842  19.006  0.139    91   13 c  0   1.36 128.32313 -22.96252  8224.44   894.20 2.59 2.26 -57.1 -0.404 19.61 21.42 03a60084o0163c
60083.768173  18.942  0.129    96   12 c  0   1.31 128.32313 -22.96252  8166.15   813.12 2.50 2.23 -52.0 -0.408 19.62 21.41 03a60084o0174c
60083.779490  18.926  0.165    98   16 c  0   1.00 128.32313 -22.96252  8141.53   928.70 2.58 2.22 -56.2 -0.407 19.33 21.08 03a60084o0197c
60085.018688  18.174  0.109   195   21 o  0   1.02 128.32313 -22.96252  8160.29   713.35 2.75 2.37 -27.2 -0.387 19.03 20.41 04a60085o0172o
60085.021917  18.011  0.091   227   21 o  0   1.37 128.32313 -22.96252  8178.51   752.63 2.69 2.33 -25.7 -0.394 19.04 20.39 04a60085o0179o
60085.027904  18.065  0.105   216   23 o  0   0.95 128.32313 -22.96252  8115.34   671.86 2.80 2.23 -25.7 -0.395 19.05 20.43 04a60085o0192o
60085.039454  18.220  0.104   187   20 o  0   1.49 128.32313 -22.96252  8089.32   790.00 2.65 2.31 -29.5 -0.392 19.04 20.37 04a60085o0217o
60086.784619  19.312  0.813    68   56 c  0   0.75 128.32313 -22.96252  5365.77  6530.85 2.44 2.30 -39.2 -0.379 17.81 19.53 03a60087o0208c
60092.742552  18.239  0.112   184   21 o  0   1.54 128.32313 -22.96252  9115.77  9422.23 2.74 2.19 -47.1 -0.437 18.88 19.72 03a60093o0131o
60092.745761  18.252  0.136   182   25 o  0   1.16 128.32313 -22.96252  9132.70  9460.54 2.80 2.21 -47.7 -0.442 18.88 19.69 03a60093o0138o
60092.750792  18.138  0.113   202   23 o  0   1.01 128.32313 -22.96252  9076.74  9379.69 2.77 2.22 -46.4 -0.436 18.87 19.69 03a60093o0149o
60092.763348  18.274  0.138   178   24 o  0   0.99 128.32313 -22.96252  9056.20  9495.54 2.71 2.23 -46.1 -0.428 18.85 19.64 03a60093o0175o
60096.995884 -21.718  8.952    -8   67 o  0   1.10 128.32313 -22.96252 10146.16   628.83 3.88 2.27 -28.0 -0.375 17.83 18.33 04a60097o0124o
60097.001883  20.148  2.196    32   70 o  0   1.08 128.32313 -22.96252 10167.58   671.03 3.21 2.46 -27.7 -0.394 17.67 18.17 04a60097o0137o
60097.005707  18.055  0.278   218   60 o  0   1.11 128.32313 -22.96252 10106.14   592.49 3.23 2.44 -29.1 -0.394 17.84 18.30 04a60097o0145o
60097.018313  18.573  0.425   135   57 o  0   1.06 128.32313 -22.96252 10077.21   713.56 3.29 2.59 -29.9 -0.371 17.95 18.53 04a60097o0172o
60100.014782  18.539  0.242   140   34 o  0   1.37 128.32313 -22.96252  7000.91  8843.62 2.70 2.19 -64.6 -0.409 18.33 18.99 04a60100o0155o
60101.725108  18.538  0.126   140   18 o  0   1.43 128.32313 -22.96252  7848.83  2985.60 2.43 2.31 -31.3 -0.432 19.22 20.42 03a60102o0096o
60101.730229  18.474  0.131   148   19 o  0   1.17 128.32313 -22.96252  7867.37  3024.98 2.42 2.27 -35.1 -0.433 19.19 20.38 03a60102o0107o
60101.751726  18.275  0.106   178   19 o  0   1.40 128.32313 -22.96252  7808.51  2942.49 2.30 2.13 -44.9 -0.444 19.04 19.89 03a60102o0152o
60101.757245  18.241  0.106   184   19 o  0   1.30 128.32313 -22.96252  7785.37  3056.88 2.34 2.20 -43.2 -0.442 18.92 19.73 03a60102o0164o
60104.006423  18.966  0.210    94   20 c  0   1.04 128.32313 -22.96252  1264.45  9163.45 3.29 2.46 -80.3 -0.340 19.10 20.95 04a60104o0150c
60104.010215  19.559  0.329    54   18 c  0   1.10 128.32313 -22.96252  1280.62  9202.88 3.14 2.35 -79.4 -0.343 19.13 20.94 04a60104o0158c
60105.993634  19.124  0.218    81   18 c  0   1.16 128.32313 -22.96252  1711.09  2653.47 2.94 2.42  39.1 -0.387 19.11 20.97 04a60106o0059c
60106.008134  19.227  0.244    74   18 c  0   1.07 128.32313 -22.96252  1721.40  2695.40 2.96 2.37  41.5 -0.391 19.04 20.94 04a60106o0090c
60106.013254  19.197  0.231    76   18 c  0   1.40 128.32313 -22.96252  1659.75  2619.59 2.96 2.42  47.6 -0.387 19.07 20.94 04a60106o0101c
60106.021191  18.822  0.179   107   19 c  0   1.11 128.32313 -22.96252  1635.78  2739.93 3.00 2.48  42.7 -0.380 19.04 20.92 04a60106o0118c
60108.981296  19.523  0.306    56   17 c  0   1.30 128.32313 -22.96252  3546.19  6605.19 2.92 2.54 -76.4 -0.351 18.98 20.84 04a60109o0092c
60108.984109  19.614  0.355    52   18 c  0   1.23 128.32313 -22.96252  3562.60  6643.98 2.79 2.39 -80.4 -0.368 19.05 20.82 04a60109o0098c
60108.989141  18.990  0.204    92   19 c  0   0.77 128.32313 -22.96252  3502.44  6568.56 2.78 2.41 -81.1 -0.364 19.02 20.84 04a60109o0109c
60109.005303  19.160  0.218    79   17 c  0   1.39 128.32313 -22.96252  3472.48  6689.97 3.05 2.67 -82.0 -0.340 18.89 20.77 04a60109o0144c
60111.964482  19.276  0.231    71   16 c  0   1.45 128.32313 -22.96252  6164.65   795.87 2.71 2.52  -0.0 -0.375 19.04 20.87 04a60112o0053c
60111.969573  18.778  0.173   112   19 c  0   1.21 128.32313 -22.96252  6183.87   836.74 2.76 2.69  -9.8 -0.392 18.95 20.89 04a60112o0064c
60111.973296  19.078  0.195    85   17 c  0   1.26 128.32313 -22.96252  6122.36   758.51 2.66 2.47  -2.3 -0.383 19.00 20.83 04a60112o0072c
60111.993104  19.077  0.292    85   25 c  0   1.03 128.32313 -22.96252  6089.05   880.91 2.58 2.41  -0.3 -0.379 18.64 20.33 04a60112o0114c
60114.962997  19.387  1.617    64  103 c  0   1.49 128.32313 -22.96252  6022.32  4870.13 2.99 2.76 -49.4 -0.343 16.90 18.62 04a60115o0050c
60114.965717  18.110  0.295   207   61 c  0   1.13 128.32313 -22.96252  6038.58  4908.67 2.75 2.53 -36.0 -0.355 17.50 19.19 04a60115o0056c
60116.721205  18.623  0.142   129   18 o  0   1.47 128.32313 -22.96252  2269.61   987.80 2.44 2.29 -51.5 -0.407 19.11 20.25 03a60117o0086o
60116.732236  18.473  0.178   148   26 o  0   1.21 128.32313 -22.96252  2286.49  1025.77 2.46 2.27 -58.8 -0.400 18.66 19.70 03a60117o0110o
60116.735901  18.591  0.159   133   21 o  0   0.96 128.32313 -22.96252  2228.04   946.03 2.42 2.25 -60.4 -0.402 19.13 20.22 03a60117o0118o
60116.743303  18.858  0.180   104   19 o  0   1.62 128.32313 -22.96252  2205.83  1061.92 2.63 2.46 -65.1 -0.402 19.03 20.17 03a60117o0134o
60119.716643 -17.124  1.574  -513  808 o  0   1.39 128.32313 -22.96252  4923.85  8929.82 2.48 2.15 -48.6 -0.431 16.22 16.96 03a60120o0075o
60119.729609  17.941  0.120   242   29 o  0   1.66 128.32313 -22.96252  4902.11  9042.19 2.69 2.27 -37.5 -0.360 18.34 19.09 03a60120o0103o
60123.953052  19.107  1.246    83  103 o  0   1.53 128.32313 -22.96252  4177.64   889.18 2.74 2.49  37.5 -0.431 17.07 17.18 04a60124o0019o
60123.956342  19.188  0.737    77   56 o  0   1.63 128.32313 -22.96252  4196.28   928.18 2.54 2.40  39.2 -0.436 17.62 17.97 04a60124o0026o
60123.963170  17.953  0.165   239   39 o  0   1.23 128.32313 -22.96252  4133.13   852.07 2.52 2.47  20.6 -0.454 18.23 18.98 04a60124o0041o
60123.977988  18.241  0.154   183   28 o  0   1.27 128.32313 -22.96252  4101.81   977.06 2.48 2.27  34.6 -0.428 18.45 19.24 04a60124o0073o
60126.953496  17.733  0.365   293  107 o  0   1.45 128.32313 -22.96252  1605.69  6722.37 2.79 2.40 -80.2 -0.408 16.99 17.03 04a60127o0028o
60126.957130  20.923  4.679    16   73 o  0   1.00 128.32313 -22.96252  1624.13  6761.30 2.69 2.26 -81.1 -0.406 17.62 17.80 04a60127o0036o
60126.962581  18.668  0.430   124   53 o  0   0.99 128.32313 -22.96252  1563.77  6686.98 3.00 2.54 -85.7 -0.379 17.87 18.43 04a60127o0048o
60126.975480  18.000  0.299   229   68 o  0   1.22 128.32313 -22.96252  1535.10  6810.05 3.08 2.75 -84.6 -0.362 17.59 18.22 04a60127o0076o
60128.696439  18.204  0.403   190   77 o  0   1.20 128.32313 -22.96252  9785.02  2940.03 2.57 2.39 -36.4 -0.367 17.17 16.80 03a60129o0014o
60128.699159  19.894  1.484    40   59 o  0   1.07 128.32313 -22.96252  9802.53  2978.45 2.56 2.37 -35.4 -0.370 17.58 17.40 03a60129o0020o
60128.709197  19.156  0.591    79   47 o  0   1.23 128.32313 -22.96252  9744.02  2893.63 2.66 2.31 -61.8 -0.358 17.73 18.00 03a60129o0042o
60128.714242  19.465  0.779    59   46 o  0   1.06 128.32313 -22.96252  9719.58  3006.88 2.67 2.41 -44.6 -0.361 17.96 18.36 03a60129o0053o
60129.955665  17.247  0.229   458  105 o  0   1.44 128.32313 -22.96252  9905.29  4771.93 3.72 3.21 -20.5 -0.333 16.84 17.30 04a60130o0031o
60129.968021  18.762  0.321   114   36 o  0   1.24 128.32313 -22.96252  9833.14  4696.70 3.22 2.67 -21.2 -0.361 18.16 19.00 04a60130o0058o
60129.973023  18.737  0.370   116   43 o  0   1.03 128.32313 -22.96252  9809.71  4815.05 3.63 3.11 -21.3 -0.336 18.01 19.07 04a60130o0069o
60131.697312  19.952  1.291    38   49 o  0   1.23 128.32313 -22.96252  7905.68  4898.81 2.61 2.42 -35.6 -0.419 17.87 18.12 03a60132o0014o
60131.700499  18.798  0.391   110   43 o  0   1.17 128.32313 -22.96252  7923.95  4936.20 2.65 2.39 -38.7 -0.407 18.05 18.61 03a60132o0021o
60131.710581  18.304  0.120   173   21 o  0   1.53 128.32313 -22.96252  7866.20  4851.61 2.75 2.50 -37.2 -0.404 18.68 19.91 03a60132o0043o
