MJD          m      dm   uJy   duJy F err chi/N     RA       Dec        x        y     maj  min   phi  apfit mag5sig Sky   Obs
59539.438693  19.937  0.568    38   22 o  0   1.85  37.49987  28.63419  2461.61  6152.85 2.15 1.88  35.7 -0.446 18.57 18.82 02a59539o0568o
59539.441894 -21.289  2.446   -11   27 o  0   1.24  37.49987  28.63419  2442.70  6114.19 2.09 1.87  34.2 -0.446 18.68 19.01 02a59539o0575o
59539.449265 -20.391  0.870   -25   22 o  0   1.67  37.49987  28.63419  2499.49  6190.58 2.16 1.89  34.7 -0.439 18.70 19.02 02a59539o0591o
59539.462609 -21.984  4.170    -6   24 o  0   2.09  37.49987  28.63419  2520.83  6073.56 2.32 1.92  37.4 -0.416 18.14 18.48 02a59539o0620o
59540.445271 -20.108  0.516   -33   17 o  0   1.92  37.49987  28.63419  2458.54  6153.13 2.20 1.90  34.2 -0.434 19.00 19.48 02a59540o0585o
59540.448956 -20.156  0.544   -31   17 o  0   2.17  37.49987  28.63419  2439.48  6114.46 2.15 1.88  31.6 -0.432 18.97 19.45 02a59540o0593o
59540.456792  21.619  2.200     8   18 o  0   1.80  37.49987  28.63419  2498.52  6191.08 2.18 1.88  34.3 -0.437 18.97 19.46 02a59540o0610o
59540.472977 -22.181  3.064    -5   15 o  0   2.98  37.49987  28.63419  2519.05  6073.22 2.20 1.91  30.2 -0.429 18.95 19.42 02a59540o0645o
59541.392891 -22.128  3.926    -5   20 o  0   2.08  37.49987  28.63419  3297.63  6600.36 2.93 2.78 -37.8 -0.457 18.90 19.88 01a59541o0453o
59541.396114  20.294  0.652    28   18 o  0   3.02  37.49987  28.63419  3319.77  6638.92 2.78 2.64 -41.1 -0.480 18.91 19.84 01a59541o0460o
59541.419665  19.401  0.319    63   20 o  0   2.63  37.49987  28.63419  3264.55  6561.87 2.81 2.66 -43.8 -0.477 18.92 19.78 01a59541o0509o
59541.426627  20.433  0.875    24   21 o  0   1.52  37.49987  28.63419  3249.77  6679.04 2.84 2.66 -42.0 -0.476 18.92 19.80 01a59541o0524o
59543.370995  18.175  0.059   195   12 o  0   2.89  37.49987  28.63419  2474.09  6152.20 2.14 1.96  44.7 -0.435 19.48 20.57 02a59543o0413o
59543.374198  18.150  0.066   200   13 o  0   1.77  37.49987  28.63419  2454.63  6114.98 2.15 1.95  39.9 -0.438 19.47 20.55 02a59543o0420o
59543.380010  18.280  0.065   177   12 o  0   2.43  37.49987  28.63419  2512.08  6189.96 2.04 1.89  33.3 -0.444 19.50 20.55 02a59543o0432o
59543.392488  18.302  0.067   174   12 o  0   2.17  37.49987  28.63419  2531.41  6071.13 2.00 1.89  28.5 -0.447 19.48 20.50 02a59543o0457o
59545.407724  16.590  0.135   840  113 o  0   0.84  37.49987  28.63419  7925.15  2414.92 2.64 2.47 -29.3 -0.536 17.16 18.40 01a59545o0498o
59545.411270  16.691  0.034   765   26 o  0   1.63  37.49987  28.63419  7947.11  2454.51 2.73 2.61 -55.5 -0.489 18.73 20.04 01a59545o0505o
59545.416806  16.638  0.022   803   18 o  0   2.36  37.49987  28.63419  7889.21  2379.04 2.76 2.57 -57.9 -0.496 19.18 20.50 01a59545o0517o
59545.443069  16.605  0.023   828   19 o  0   1.95  37.49987  28.63419  7877.79  2499.32 2.80 2.66 -50.9 -0.485 19.22 20.47 01a59545o0572o
59557.319572  15.818  0.011  1709   20 o  0   3.00  37.49987  28.63419  7272.60  8244.02 3.00 2.95 -55.8 -0.444 19.25 20.73 01a59557o0296o
59557.325803  15.823  0.012  1701   21 o  0   3.12  37.49987  28.63419  7296.84  8282.62 2.93 2.88 -78.3 -0.457 19.27 20.71 01a59557o0309o
59557.329182  15.835  0.011  1682   19 o  0   3.22  37.49987  28.63419  7238.27  8206.74 3.12 3.05 -72.0 -0.435 19.19 20.69 01a59557o0316o
59557.340939  15.825  0.011  1698   19 o  0   3.31  37.49987  28.63419  7226.70  8324.91 2.97 2.91 -44.3 -0.451 19.27 20.78 01a59557o0340o
59561.314570  16.004  0.017  1440   24 o  0   1.69  37.49987  28.63419  2208.77  4763.47 2.90 2.62 -49.5 -0.485 18.87 19.75 01a59561o0274o
59561.319222  15.955  0.016  1507   24 o  0   1.94  37.49987  28.63419  2231.37  4802.81 3.04 2.73 -49.0 -0.475 18.79 19.74 01a59561o0284o
59561.324981  15.960  0.016  1499   24 o  0   1.87  37.49987  28.63419  2173.77  4726.52 2.85 2.59 -45.4 -0.490 18.91 19.73 01a59561o0296o
59561.337543  15.988  0.017  1461   24 o  0   1.89  37.49987  28.63419  2163.41  4842.07 2.94 2.69 -47.1 -0.473 18.85 19.76 01a59561o0322o
59569.444986  16.271  0.045  1126   51 o  0   1.40  37.49987  28.63419  1429.54  8663.50 2.91 2.51 -46.5 -0.470 18.39 18.94 01a59569o0218o
59569.449137  16.229  0.032  1171   37 o  0   1.92  37.49987  28.63419  1450.67  8701.56 2.91 2.49 -47.9 -0.472 18.51 19.09 01a59569o0227o
59569.456057  16.293  0.038  1104   42 o  0   1.04  37.49987  28.63419  1390.98  8625.40 3.05 2.66 -50.9 -0.451 18.46 19.11 01a59569o0242o
59569.469924  16.213  0.048  1188   57 o  0   1.85  37.49987  28.63419  1373.07  8744.45 2.95 2.54 -46.4 -0.473 18.03 18.46 01a59569o0272o
59571.458718  16.274  0.032  1123   35 o  0   1.25  37.49987  28.63419  9219.78  3977.47 2.19 2.07  28.2 -0.425 18.48 18.94 02a59571o0018o
59571.461929  16.266  0.030  1132   34 o  0   2.19  37.49987  28.63419  9199.85  3937.96 2.17 2.04  24.8 -0.427 18.27 18.70 02a59571o0025o
59571.467421  16.275  0.026  1122   30 o  0   1.92  37.49987  28.63419  9256.91  4017.76 2.12 2.03   5.0 -0.432 18.62 19.10 02a59571o0037o
59571.479348  16.211  0.033  1190   40 o  0   1.36  37.49987  28.63419  9275.25  3901.75 2.11 2.07   0.7 -0.435 18.51 19.14 02a59571o0063o
59573.283168  16.429  0.018   974   17 o  0   2.59  37.49987  28.63419  1352.25  8650.52 3.01 2.54 -40.4 -0.474 19.35 20.82 01a59573o0209o
59573.297257  16.403  0.018   998   18 o  0   1.92  37.49987  28.63419  1380.96  8691.13 3.03 2.60 -41.0 -0.468 19.32 20.78 01a59573o0238o
59573.300490  16.374  0.017  1024   17 o  0   3.27  37.49987  28.63419  1322.11  8614.16 3.06 2.59 -39.5 -0.469 19.33 20.78 01a59573o0245o
59573.309974  16.325  0.018  1072   19 o  0   2.03  37.49987  28.63419  1308.75  8732.06 3.19 2.71 -44.2 -0.456 19.24 20.75 01a59573o0265o
59577.846587  16.578  0.032   849   27 o  0   2.08  37.49987  28.63419  1143.52  5383.48 3.16 2.52  -8.4 -0.506 18.76 20.73 03a59578o0004o
59577.849974  16.484  0.030   925   28 o  0   1.53  37.49987  28.63419  1151.64  5425.79 3.34 2.72   2.2 -0.471 18.68 20.69 03a59578o0010o
59577.857910  16.524  0.029   892   26 o  0   1.93  37.49987  28.63419  1083.22  5354.53 3.04 2.46   0.7 -0.518 18.73 20.64 03a59578o0022o
59577.870741  16.399  0.026  1001   26 o  0   1.92  37.49987  28.63419  1025.25  5483.76 2.78 2.60  81.0 -0.454 18.89 20.47 03a59578o0036o
59584.791284 -15.278  0.137 -2811  385 o  0  14.74  37.49987  28.63419  9399.79  5664.95 3.00 2.93 -16.3 -0.389 17.47 18.87 03a59585o0013o
59584.794086 -16.097  0.207 -1322  274 o  0   1.32  37.49987  28.63419  9409.69  5700.80 2.95 2.89 -36.9 -0.390 17.14 18.61 03a59585o0019o
59584.799238  16.657  0.033   789   26 o  0   1.51  37.49987  28.63419  9333.21  5619.71 2.84 2.78  -9.0 -0.421 18.69 20.31 03a59585o0030o
59584.809679  16.862  0.263   654  172 o  0   1.73  37.49987  28.63419  9275.17  5731.51 2.63 2.35 -30.9 -0.509 16.37 18.00 03a59585o0051o
59587.317011  16.593  0.019   837   16 o  0   2.46  37.49987  28.63419  3378.85  4222.62 2.01 1.90  42.2 -0.459 19.48 20.65 02a59587o0281o
59587.322961  16.639  0.021   802   16 o  0   1.76  37.49987  28.63419  3360.35  4183.56 1.99 1.90  41.1 -0.456 19.47 20.62 02a59587o0294o
59587.327085  16.666  0.020   782   16 o  0   2.71  37.49987  28.63419  3419.01  4260.58 2.02 1.91  39.1 -0.458 19.44 20.62 02a59587o0303o
59587.338116  16.567  0.018   857   15 o  0   3.48  37.49987  28.63419  3441.58  4140.78 2.03 1.91  44.3 -0.456 19.45 20.56 02a59587o0327o
59589.243112  16.651  0.031   793   25 o  0   1.88  37.49987  28.63419  9940.99  4163.49 3.47 3.25 -62.8 -0.433 18.83 19.99 01a59589o0097o
59589.246365  16.773  0.031   710   22 o  0   1.69  37.49987  28.63419  9963.76  4201.01 2.92 2.77 -61.9 -0.485 18.98 19.98 01a59589o0104o
59589.248210  16.693  0.031   764   23 o  0   1.81  37.49987  28.63419    51.97  4410.28 3.03 2.77 -53.6 -0.514 18.98 20.05 01a59589o0108o
59589.256170  16.682  0.035   771   27 o  0   1.64  37.49987  28.63419  9910.57  4126.65 3.44 3.31 -59.2 -0.421 18.80 19.97 01a59589o0124o
59589.268236  16.684  0.027   770   21 o  0   1.90  37.49987  28.63419  9898.09  4247.05 2.95 2.83 -56.5 -0.469 18.99 20.00 01a59589o0149o
59593.284357  16.701  0.041   758   31 o  0   1.33  37.49987  28.63419  9836.92  2229.79 2.75 2.44 -55.9 -0.544 18.68 19.30 01a59593o0204o
59593.287588  16.810  0.036   686   24 o  0   2.11  37.49987  28.63419  9859.14  2268.75 2.83 2.47 -57.7 -0.543 18.68 19.26 01a59593o0211o
59593.293197  16.841  0.045   666   30 o  0   1.24  37.49987  28.63419  9803.78  2195.52 2.84 2.52 -53.9 -0.529 18.66 19.26 01a59593o0223o
59593.303470  16.703  0.042   756   32 o  0   1.20  37.49987  28.63419  9792.26  2315.58 2.86 2.54 -57.7 -0.532 18.63 19.22 01a59593o0245o
59597.230931  16.923  0.036   618   22 o  0   2.29  37.49987  28.63419  9813.57  2224.94 2.70 2.47 -52.8 -0.529 18.84 19.55 01a59597o0084o
59597.234151  16.986  0.041   583   24 o  0   1.45  37.49987  28.63419  9835.28  2264.10 2.71 2.50 -54.2 -0.520 18.84 19.54 01a59597o0091o
59597.250433  17.056  0.054   546   30 o  0   0.92  37.49987  28.63419  9785.71  2190.69 2.67 2.46 -55.9 -0.530 18.81 19.48 01a59597o0125o
59597.258985  17.067  0.053   541   29 o  0   1.82  37.49987  28.63419  9771.57  2307.28 2.56 2.34  -1.9 -0.511 18.64 19.50 01a59597o0143o
59597.783557  17.208  0.096   475   46 o  0   0.97  37.49987  28.63419  5342.94  5801.40 2.69 2.38 -15.1 -0.417 18.05 18.47 03a59598o0002o
59597.786956  17.205  0.075   476   36 o  0   1.50  37.49987  28.63419  5353.54  5841.52 2.53 2.37   1.2 -0.417 18.22 18.75 03a59598o0008o
59597.794199  17.292  0.105   440   46 o  0   1.34  37.49987  28.63419  5271.70  5767.57 2.67 2.29  -7.7 -0.461 18.04 18.70 03a59598o0020o
59597.804022  17.127  0.092   512   47 o  0   1.22  37.49987  28.63419  5217.48  5891.88 2.62 2.29 -16.3 -0.466 17.95 18.54 03a59598o0041o
59601.273214  17.282  0.036   444   16 o  0   2.58  37.49987  28.63419  9142.46  6154.07 3.17 2.85 -59.7 -0.453 19.23 20.72 01a59601o0173o
59601.283362  17.298  0.039   438   17 o  0   1.97  37.49987  28.63419  9167.27  6194.40 3.03 2.79 -64.4 -0.458 19.27 20.72 01a59601o0195o
59601.288469  17.308  0.040   433   17 o  0   1.99  37.49987  28.63419  9108.80  6120.19 3.04 2.73 -61.9 -0.466 19.28 20.70 01a59601o0206o
59601.291242  17.351  0.036   416   15 o  0   2.54  37.49987  28.63419  9093.19  6238.36 3.04 2.70 -61.6 -0.474 19.27 20.71 01a59601o0212o
59601.782159  17.004  0.132   573   75 o  0   1.55  37.49987  28.63419  8046.59  4441.86 2.62 2.25 -11.9 -0.459 17.16 17.90 03a59602o0012o
59601.784959  17.556  0.110   345   38 o  0   0.92  37.49987  28.63419  8065.03  4478.61 2.58 2.19 -10.7 -0.477 18.25 19.20 03a59602o0018o
59601.792433  17.403  0.076   397   30 o  0   1.44  37.49987  28.63419  8009.69  4399.20 2.50 2.09 -18.0 -0.503 18.56 19.84 03a59602o0034o
59601.803254  17.953  0.099   239   24 o  0   3.03  37.49987  28.63419  7987.97  4511.68 2.30 2.02 -31.4 -0.492 18.52 19.93 03a59602o0057o
59603.341168  17.513  0.041   359   15 o  0   2.98  37.49987  28.63419  3559.82  9942.64 2.20 1.96 -53.3 -0.449 19.49 20.72 02a59603o0164o
59603.344369  17.567  0.044   342   15 o  0   3.17  37.49987  28.63419  3541.67  9901.84 2.29 2.05 -57.1 -0.440 19.43 20.72 02a59603o0171o
59603.351231  17.635  0.045   321   14 o  0   2.22  37.49987  28.63419  3597.28  9980.59 2.28 2.10 -66.5 -0.432 19.41 20.72 02a59603o0186o
59603.361361  17.509  0.041   360   15 o  0   2.86  37.49987  28.63419  3620.46  9860.03 2.25 1.96 -49.4 -0.453 19.49 20.72 02a59603o0208o
59606.233220  17.817  0.056   271   15 o  0   2.47  37.49987  28.63419  9124.03  6150.46 2.72 2.63 -74.8 -0.468 19.41 20.76 01a59606o0081o
59606.243423  17.887  0.053   254   13 o  0   2.97  37.49987  28.63419  9150.80  6189.88 2.83 2.77 -70.4 -0.447 19.35 20.77 01a59606o0103o
59606.248971  17.961  0.060   237   14 o  0   2.57  37.49987  28.63419  9093.06  6115.52 2.78 2.63 -64.3 -0.469 19.39 20.77 01a59606o0115o
59606.252191  17.771  0.053   283   15 o  0   2.45  37.49987  28.63419  9077.54  6232.10 2.76 2.66 -75.2 -0.465 19.38 20.76 01a59606o0122o
59607.238515  18.006  0.073   228   17 o  0   2.01  37.49987  28.63419  9127.19  6152.33 2.76 2.59 -62.6 -0.476 19.27 20.48 01a59607o0092o
59607.241740  17.732  0.050   293   15 o  0   3.23  37.49987  28.63419  9150.33  6191.29 2.81 2.58 -63.6 -0.479 19.29 20.50 01a59607o0099o
59607.247013  18.182  0.099   194   19 o  0   1.49  37.49987  28.63419  9092.68  6115.55 2.77 2.57 -60.5 -0.482 19.32 20.59 01a59607o0110o
59607.265193  18.222  0.080   187   15 o  0   3.18  37.49987  28.63419  9085.87  6237.44 2.85 2.62 -69.2 -0.469 19.33 20.59 01a59607o0149o
59609.229323  18.215  0.073   188   14 o  0   3.23  37.49987  28.63419  3582.08  9945.54 2.14 1.74 -51.7 -0.476 19.48 20.44 02a59609o0070o
59609.232982  17.914  0.055   248   14 o  0   1.89  37.49987  28.63419  3563.15  9905.14 2.15 1.67 -52.1 -0.474 19.51 20.45 02a59609o0078o
59609.243163  18.033  0.058   222   13 o  0   2.75  37.49987  28.63419  3617.89  9982.82 2.17 1.65 -49.7 -0.469 19.56 20.51 02a59609o0100o
59609.248807  17.962  0.057   237   13 o  0   2.41  37.49987  28.63419  3637.34  9865.02 2.10 1.69 -52.0 -0.464 19.56 20.52 02a59609o0112o
59610.282754  18.334  0.103   168   17 o  0   1.94  37.49987  28.63419   894.64   483.07 3.12 2.82 -52.2 -0.574 19.26 20.68 01a59610o0185o
59610.286447  18.605  0.130   131   17 o  0   1.76  37.49987  28.63419   917.89   522.48 2.92 2.66 -54.9 -0.578 19.27 20.70 01a59610o0193o
59610.292444  18.470  0.108   148   16 o  0   2.00  37.49987  28.63419   860.62   445.01 3.06 2.78 -43.1 -0.562 19.27 20.67 01a59610o0206o
59610.302594  18.438  0.117   153   18 o  0   1.68  37.49987  28.63419   850.92   564.36 2.86 2.65 -53.0 -0.590 19.32 20.66 01a59610o0228o
59613.275585  19.803  0.271    44   12 c  0   2.40  37.49987  28.63419  6381.25  7900.23 2.57 2.52   7.4 -0.416 19.54 21.23 02a59613o0166c
59613.279252  19.427  0.180    62   11 c  0   2.41  37.49987  28.63419  6362.60  7860.50 2.51 2.47  12.0 -0.419 19.56 21.23 02a59613o0174c
59613.285203  19.639  0.226    51   11 c  0   3.11  37.49987  28.63419  6419.62  7938.17 2.54 2.49   4.4 -0.418 19.58 21.21 02a59613o0187c
59613.298999  19.049  0.121    87   10 c  0   2.48  37.49987  28.63419  6439.07  7820.29 2.54 2.50 -10.5 -0.418 19.54 21.22 02a59613o0217c
59614.218198  19.278  0.242    71   17 c  0   1.75  37.49987  28.63419  6387.33  7904.81 2.53 2.34  34.8 -0.422 19.20 20.40 02a59614o0040c
59614.221395  18.701  0.107   120   13 c  0   1.81  37.49987  28.63419  6369.81  7864.94 2.43 2.27  34.1 -0.421 19.42 20.79 02a59614o0047c
59614.227846  18.805  0.120   109   13 c  0   2.09  37.49987  28.63419  6425.67  7941.66 2.41 2.30  36.6 -0.426 19.56 21.08 02a59614o0061c
59614.242742  18.856  0.110   104   11 c  0   2.57  37.49987  28.63419  6443.50  7823.59 2.43 2.31  31.7 -0.423 19.59 21.18 02a59614o0093c
59615.224740  18.143  0.087   201   18 o  0   1.74  37.49987  28.63419   868.24   482.76 2.57 2.37 -47.2 -0.602 19.28 20.52 01a59615o0025o
59615.228434  18.294  0.091   175   16 o  0   2.18  37.49987  28.63419   892.04   522.94 2.61 2.37 -41.3 -0.626 19.33 20.58 01a59615o0033o
59615.233982  18.514  0.109   143   16 o  0   2.51  37.49987  28.63419   836.97   444.47 2.69 2.39 -48.0 -0.602 19.29 20.62 01a59615o0045o
59615.247709  18.217  0.098   188   18 o  0   1.95  37.49987  28.63419   827.86   563.47 2.60 2.40 -45.9 -0.614 19.34 20.64 01a59615o0074o
59616.219995  18.514  0.146   143   21 o  0   1.45  37.49987  28.63419  4169.05  4648.09 3.24 3.21  35.9 -0.431 18.81 20.00 01a59616o0009o
59616.225197  18.354  0.104   165   17 o  0   1.65  37.49987  28.63419  4192.95  4687.06 2.88 2.81  36.3 -0.454 19.09 20.35 01a59616o0020o
59616.228489  18.602  0.125   132   16 o  0   1.59  37.49987  28.63419  4134.65  4611.62 2.87 2.81  24.6 -0.467 19.11 20.39 01a59616o0027o
59616.240605  18.292  0.091   175   16 o  0   1.49  37.49987  28.63419  4127.16  4728.97 2.82 2.77 -47.8 -0.469 19.17 20.46 01a59616o0053o
59617.217837  18.311  0.109   172   19 o  0   2.34  37.49987  28.63419  6384.34  7901.01 2.29 2.16  47.1 -0.442 18.84 19.24 02a59617o0038o
59617.221537  18.116  0.091   206   19 o  0   1.75  37.49987  28.63419  6364.85  7859.89 2.28 2.17  51.1 -0.445 19.09 19.71 02a59617o0046o
59617.229336  18.441  0.105   153   16 o  0   2.19  37.49987  28.63419  6422.32  7936.55 2.25 2.17  43.1 -0.446 19.20 19.97 02a59617o0063o
59617.242808  18.644  0.129   127   16 o  0   1.50  37.49987  28.63419  6440.31  7819.42 2.32 2.19  42.0 -0.434 19.19 20.00 02a59617o0092o
59618.264879  18.333  0.131   169   22 o  0   1.24  37.49987  28.63419  7249.66  2100.79 2.01 1.97  62.2 -0.431 19.12 19.73 02a59618o0141o
59618.267685  18.201  0.079   190   15 o  0   1.92  37.49987  28.63419  7235.48  2057.87 2.03 1.96 -53.5 -0.437 19.10 19.73 02a59618o0147o
59618.273668  18.126  0.082   204   17 o  0   1.66  37.49987  28.63419  7292.66  2135.74 2.15 2.12  20.5 -0.435 19.03 19.70 02a59618o0160o
59618.285619  18.196  0.102   191   20 o  0   1.46  37.49987  28.63419  7311.98  2019.73 2.27 2.25  66.4 -0.428 18.95 19.66 02a59618o0186o
59619.260203  18.326  0.136   170   23 o  0   1.32  37.49987  28.63419  4205.65  4655.52 2.63 2.51 -45.9 -0.499 18.76 19.52 01a59619o0101o
59619.263463  18.609  0.134   131   18 o  0   2.27  37.49987  28.63419  4227.34  4694.95 2.62 2.55 -33.2 -0.499 18.81 19.51 01a59619o0108o
59619.269445  18.390  0.145   160   23 o  0   1.16  37.49987  28.63419  4168.92  4619.26 2.73 2.57 -47.5 -0.493 18.73 19.47 01a59619o0121o
59619.290009  18.444  0.178   152   27 o  0   1.01  37.49987  28.63419  4154.82  4739.70 2.81 2.69 -56.1 -0.478 18.70 19.43 01a59619o0165o
59620.215724  18.832  0.323   106   34 o  0   1.06  37.49987  28.63419  4191.81  4650.85 2.54 2.53 -51.2 -0.506 18.35 18.66 01a59620o0015o
59620.219012  18.558  0.152   137   21 o  0   2.32  37.49987  28.63419  4212.85  4689.84 2.54 2.50 -44.6 -0.509 18.68 19.21 01a59620o0022o
59620.226512  18.591  0.153   133   20 o  0   1.74  37.49987  28.63419  4154.75  4614.81 2.58 2.52 -41.4 -0.501 18.88 19.63 01a59620o0038o
59620.237313  18.466  0.137   149   20 o  0   1.62  37.49987  28.63419  4140.55  4731.82 2.61 2.53 -42.5 -0.496 18.87 19.64 01a59620o0060o
59621.278275  18.319  0.112   171   19 o  0   1.03  37.49987  28.63419  7249.00  2089.68 1.98 1.87 -57.9 -0.439 19.07 19.55 02a59621o0148o
59621.282447  18.454  0.115   151   17 o  0   2.04  37.49987  28.63419  7229.53  2050.86 1.97 1.85 -52.7 -0.442 19.08 19.53 02a59621o0157o
59621.287932  18.147  0.083   200   17 o  0   2.14  37.49987  28.63419  7288.33  2130.00 1.99 1.91 -54.1 -0.442 18.98 19.50 02a59621o0169o
59621.299399  18.534  0.130   140   18 o  0   1.71  37.49987  28.63419  7309.83  2013.56 1.94 1.84 -59.1 -0.445 19.02 19.46 02a59621o0194o
59622.218084  18.302  0.152   173   26 o  0   1.36  37.49987  28.63419  7251.89  2096.91 2.15 1.93 -66.2 -0.440 18.61 18.81 02a59622o0016o
59622.223217  18.001  0.076   229   18 o  0   1.68  37.49987  28.63419  7232.31  2054.89 2.01 1.86 -71.7 -0.455 18.98 19.42 02a59622o0027o
59622.228577  18.701  0.129   120   16 o  0   2.26  37.49987  28.63419  7290.20  2134.49 2.01 1.87 -63.4 -0.455 19.06 19.57 02a59622o0038o
59622.243725  18.464  0.098   149   15 o  0   2.34  37.49987  28.63419  7311.93  2013.67 1.93 1.80 -59.9 -0.460 19.12 19.57 02a59622o0071o
59623.217225  19.028  0.329    89   29 o  0   1.45  37.49987  28.63419  4191.19  4653.50 2.67 2.54 -49.7 -0.498 18.37 18.81 01a59623o0035o
59623.220449  18.514  0.181   143   26 o  0   1.34  37.49987  28.63419  4213.30  4691.72 2.77 2.64 -49.8 -0.487 18.61 19.30 01a59623o0042o
59623.229327  18.888  0.202   101   20 o  0   1.50  37.49987  28.63419  4156.49  4616.54 2.77 2.55 -51.9 -0.493 18.85 19.65 01a59623o0061o
59623.246932  18.401  0.139   158   22 o  0   1.43  37.49987  28.63419  4145.01  4735.41 2.91 2.69 -51.1 -0.477 18.77 19.62 01a59623o0099o
59624.307120  18.336  0.207   168   35 o  0   1.09  37.49987  28.63419  4984.51   767.93 3.05 2.76 -35.2 -0.502 18.46 19.19 01a59624o0229o
59624.314038  17.978  0.135   234   32 o  0   1.33  37.49987  28.63419  5006.08   808.12 3.06 2.75 -36.4 -0.505 18.45 19.14 01a59624o0244o
59624.317724  18.977  0.328    93   30 o  0   1.42  37.49987  28.63419  4947.96   732.09 3.19 2.87 -42.8 -0.485 18.39 19.11 01a59624o0252o
59624.332177  20.597  1.649    21   35 o  0   1.04  37.49987  28.63419  4934.48   853.38 2.98 2.72 -38.8 -0.512 18.36 18.97 01a59624o0283o
59626.263645  18.463  0.172   150   26 o  0   1.52  37.49987  28.63419  4414.15  6047.27 2.67 2.30  37.8 -0.410 18.60 19.11 02a59626o0101o
59626.268214  18.423  0.159   155   25 o  0   1.15  37.49987  28.63419  4395.51  6010.24 2.40 2.12  38.2 -0.417 18.66 19.08 02a59626o0111o
59626.274616  18.297  0.164   174   29 o  0   1.19  37.49987  28.63419  4452.44  6086.56 2.71 2.38  39.3 -0.405 18.54 19.04 02a59626o0125o
59626.286116  18.759  0.247   114   28 o  0   1.49  37.49987  28.63419  4475.01  5969.61 2.50 2.28  42.7 -0.415 18.57 18.97 02a59626o0150o
59627.284785  18.483  0.226   147   33 o  0   1.13  37.49987  28.63419  4986.10   761.54 3.18 3.11 -61.3 -0.434 18.32 19.14 01a59627o0060o
59627.288907  18.217  0.186   188   35 o  0   1.14  37.49987  28.63419  5007.49   800.89 3.07 2.98 -61.6 -0.453 18.39 19.12 01a59627o0069o
59627.296252  18.073  0.154   214   33 o  0   1.88  37.49987  28.63419  4950.67   725.41 3.13 2.96 -51.5 -0.447 18.28 19.08 01a59627o0085o
59627.306335  18.796  0.331   110   36 o  0   1.08  37.49987  28.63419  4934.54   843.14 3.04 2.93 -55.5 -0.472 18.27 18.99 01a59627o0107o
59629.296954  18.371  0.139   163   22 o  0   1.23  37.49987  28.63419  4423.89  6049.76 2.77 2.07  36.4 -0.395 18.75 19.40 02a59629o0007o
59629.300175  18.918  0.232    98   23 o  0   1.14  37.49987  28.63419  4404.28  6010.60 2.81 2.16  36.7 -0.388 18.69 19.34 02a59629o0014o
59629.307045  18.335  0.159   168   27 o  0   1.15  37.49987  28.63419  4462.31  6086.46 2.85 2.25  35.8 -0.400 18.65 19.24 02a59629o0029o
59630.218106  18.553  0.240   138   33 o  0   2.06  37.49987  28.63419  4424.51  6052.07 2.81 2.36  41.5 -0.397 18.13 18.28 02a59630o0030o
59630.221315  18.432  0.169   154   26 o  0   1.29  37.49987  28.63419  4408.37  6011.98 2.48 2.14  34.4 -0.411 18.70 19.16 02a59630o0037o
59630.228235  18.527  0.102   141   14 o  0   2.20  37.49987  28.63419  4465.14  6087.84 2.51 2.09  34.6 -0.420 19.24 20.19 02a59630o0052o
59630.241155  18.874  0.124   102   13 o  0   2.59  37.49987  28.63419  4484.39  5969.46 2.46 2.18  37.4 -0.420 19.29 20.43 02a59630o0080o
59632.246375 -15.862  0.002 -1642    3 o  0 2475.40  37.49987  28.63419  8061.02  4366.99 2.65 2.62  35.7 -0.475 19.20 20.32 01a59632o0093o
59632.249569  18.822  0.139   108   15 o  0   1.90  37.49987  28.63419  8082.59  4406.83 2.68 2.57 -60.9 -0.489 19.20 20.31 01a59632o0100o
59632.255515  18.966  0.156    94   15 o  0   2.17  37.49987  28.63419  8023.15  4333.22 2.67 2.51 -60.7 -0.498 19.18 20.30 01a59632o0113o
59632.268303  18.772  0.146   112   16 o  0   1.82  37.49987  28.63419  8004.72  4454.35 2.84 2.66 -58.2 -0.482 19.09 20.27 01a59632o0141o
59635.247126  18.603  0.126   132   17 o  0   2.01  37.49987  28.63419  8064.48  4371.52 2.83 2.69 -64.1 -0.474 19.07 20.19 01a59635o0094o
59635.250317  18.588  0.153   133   20 o  0   1.14  37.49987  28.63419  8084.12  4411.65 2.89 2.73 -60.1 -0.474 19.04 20.20 01a59635o0101o
59635.257155  18.479  0.126   147   18 o  0   1.57  37.49987  28.63419  8026.98  4337.16 2.94 2.85 -57.9 -0.452 19.02 20.19 01a59635o0116o
59635.274070  18.624  0.134   129   17 o  0   2.14  37.49987  28.63419  8007.84  4458.39 2.94 2.69 -55.2 -0.486 19.01 20.14 01a59635o0153o
59637.242115  20.866  0.736    16   12 c  0   2.28  37.49987  28.63419  5333.82  4114.65 2.88 2.62  41.8 -0.385 19.34 20.96 02a59637o0048c
59637.245778  19.594  0.238    53   13 c  0   1.57  37.49987  28.63419  5314.93  4075.11 2.75 2.65  40.5 -0.400 19.30 20.95 02a59637o0056c
59637.251279  19.572  0.241    54   13 c  0   1.96  37.49987  28.63419  5372.02  4152.55 2.82 2.64  38.4 -0.392 19.34 20.95 02a59637o0068c
59637.265027  19.646  0.230    50   12 c  0   2.00  37.49987  28.63419  5394.25  4034.40 2.64 2.58  42.3 -0.395 19.33 20.91 02a59637o0098c
59640.235458  18.569  0.141   136   19 o  0   2.17  37.49987  28.63419  5367.52  8413.36 2.82 2.67  53.7 -0.457 19.07 20.13 01a59640o0036o
59640.238667  18.477  0.127   148   19 o  0   2.29  37.49987  28.63419  5390.14  8453.88 2.78 2.69  57.5 -0.460 19.10 20.16 01a59640o0043o
59640.245506  18.465  0.122   149   18 o  0   2.29  37.49987  28.63419  5331.93  8378.18 2.72 2.67 -77.7 -0.476 19.10 20.18 01a59640o0058o
59640.256457  18.491  0.139   146   20 o  0   1.17  37.49987  28.63419  5314.95  8498.21 2.80 2.74 -84.3 -0.468 19.08 20.21 01a59640o0082o
59651.223620  18.314  1.151   172  197 o  0   1.45  37.49987  28.63419  9311.34  8115.85 2.83 2.64  64.4 -0.489 17.51 17.54 01a59651o0016o
59651.226806  19.543  1.215    55   67 o  0   1.83  37.49987  28.63419  9332.23  8155.03 2.80 2.64  72.0 -0.461 18.08 18.33 01a59651o0023o
59651.234565  19.417  0.618    62   38 o  0   1.62  37.49987  28.63419  9270.90  8081.81 2.81 2.62  60.4 -0.459 18.61 19.12 01a59651o0040o
59651.247791  18.983  0.366    93   34 o  0   2.10  37.49987  28.63419  9251.68  8206.10 2.82 2.63 -82.0 -0.459 18.57 19.16 01a59651o0069o
59653.225581  16.692  1.237   764  946 o  0   2.19  37.49987  28.63419  2570.64  8112.35 2.68 2.39  42.1 -0.500 16.37 16.09 02a59653o0039o
59653.228780 -19.863  9.533   -41  393 o  0   1.34  37.49987  28.63419  2551.21  8072.40 2.71 2.50  57.5 -0.470 17.01 17.09 02a59653o0046o
59653.236579  18.684  0.464   122   56 o  0   1.33  37.49987  28.63419  2609.61  8145.68 2.45 2.34  80.9 -0.431 18.39 18.79 02a59653o0063o
59653.247551  19.367  0.940    65   61 o  0   2.22  37.49987  28.63419  2627.22  8025.47 2.94 2.50  44.6 -0.363 18.19 18.65 02a59653o0087o
59656.227290 -17.529  1.036  -353  366 o  0   0.89  37.49987  28.63419  6033.00  2598.46 3.16 2.94  47.6 -0.453 15.67 15.93 01a59656o0005o
59656.230477  19.861  8.170    41  337 o  0   1.59  37.49987  28.63419  6054.46  2640.81 2.96 2.78  55.4 -0.461 15.53 15.67 01a59656o0012o
59658.225809  18.929  0.728    97   71 o  0   1.15  37.49987  28.63419  3325.33  2274.18 2.35 2.03  40.8 -0.421 17.40 17.35 02a59658o0033o
59658.229008  20.025  1.129    36   40 o  0   1.12  37.49987  28.63419  3305.72  2235.30 2.32 2.07  40.0 -0.432 18.12 18.32 02a59658o0040o
59658.234491  18.533  0.190   140   27 o  0   1.09  37.49987  28.63419  3363.69  2312.97 2.40 2.15  40.7 -0.415 18.68 19.30 02a59658o0052o
59658.245000  19.237  0.217    73   16 o  0   3.03  37.49987  28.63419  3381.17  2197.51 2.36 2.11  42.0 -0.417 18.85 19.56 02a59658o0075o
59659.222895  17.975  0.520   234  122 o  0   1.37  37.49987  28.63419  6033.36  2600.26 2.76 2.68  60.0 -0.505 16.88 16.95 01a59659o0029o
59659.226083  18.607  0.440   131   58 o  0   0.97  37.49987  28.63419  6054.20  2638.99 2.73 2.67 -75.3 -0.492 17.69 17.94 01a59659o0036o
59659.231555  18.549  0.185   138   26 o  0   1.49  37.49987  28.63419  5994.98  2563.62 2.88 2.74 -79.0 -0.464 18.45 19.16 01a59659o0048o
59659.241587  18.698  0.166   120   20 o  0   2.53  37.49987  28.63419  5978.66  2682.38 2.84 2.73 -74.9 -0.465 18.72 19.65 01a59659o0070o
59661.234249 -18.317  0.822  -171  141 c  0   1.16  37.49987  28.63419  3363.11  2312.17 2.45 2.39  78.4 -0.406 16.11 17.53 02a59661o0048c
59664.223871  18.059  1.990   217  432 o  0   1.35  37.49987  28.63419  1364.84  6718.48 2.87 2.64 -54.0 -0.505 17.14 17.31 01a59664o0027o
59664.227059 -19.883  3.907   -40  158 o  0   1.25  37.49987  28.63419  1385.86  6757.48 2.79 2.51 -50.3 -0.510 17.89 18.26 01a59664o0034o
59664.232532  18.407  0.318   157   50 o  0   1.39  37.49987  28.63419  1325.64  6679.95 2.84 2.50 -53.0 -0.511 18.51 19.20 01a59664o0046o
59664.245315  22.440  7.833     4   30 o  0   2.60  37.49987  28.63419  1311.03  6796.14 2.83 2.62 -53.3 -0.475 18.62 19.50 01a59664o0074o
59748.580309 -19.788  1.234   -44   54 o  0   1.39  37.49987  28.63419  2563.60  8151.24 3.56 3.21 -42.4 -0.422 18.29 19.19 01a59748o0710o
59748.585408  20.747  2.481    18   45 o  0   1.17  37.49987  28.63419  2545.69  8111.66 3.12 2.91 -46.6 -0.445 18.46 19.26 01a59748o0721o
59748.602470 -19.334  0.790   -67   53 o  0   1.47  37.49987  28.63419  2612.52  8188.80 3.90 3.74 -64.9 -0.372 18.21 19.24 01a59748o0758o
59748.609000  19.643  1.959    50   99 o  0   1.12  37.49987  28.63419  2632.48  8068.48 3.65 3.54 -61.8 -0.371 17.99 18.73 01a59748o0772o
59751.579117  21.788  4.187     7   29 o  0   2.06  37.49987  28.63419  2567.25  8158.02 3.01 2.83 -43.5 -0.455 18.62 19.49 01a59751o0698o
59751.583296  20.050  0.925    35   32 o  0   1.69  37.49987  28.63419  2547.40  8112.82 3.51 2.89 -44.8 -0.445 18.51 19.47 01a59751o0707o
59751.600778  19.941  0.860    38   33 o  0   1.99  37.49987  28.63419  2612.90  8187.38 2.98 2.77 -42.0 -0.454 18.60 19.44 01a59751o0744o
59751.613026  20.157  8.018    31  252 o  0   1.23  37.49987  28.63419  2635.80  8072.16 2.85 2.82 -72.5 -0.471 17.61 17.68 01a59751o0770o
59764.591099  20.207  0.609    30   18 o  0   1.79  37.49987  28.63419  8262.44  5856.95 2.86 2.81 -58.2 -0.464 19.06 20.21 01a59764o0728o
59764.601252 -21.207  1.297   -12   16 o  0   2.11  37.49987  28.63419  8246.12  5813.45 2.76 2.71 -66.1 -0.476 19.10 20.25 01a59764o0749o
59764.615302  20.470  1.516    24   36 o  0   1.39  37.49987  28.63419  8308.70  5887.22 2.88 2.73  38.6 -0.451 18.55 19.10 01a59764o0778o
59764.620355 -18.806  0.764  -109   83 o  0   2.17  37.49987  28.63419  8328.96  5774.65 2.85 2.74  41.6 -0.467 17.73 17.83 01a59764o0789o
59766.570999 -21.356  1.169   -10   12 c  0   2.09  37.49987  28.63419  6093.44  2598.51 2.62 2.46  34.2 -0.394 19.28 20.86 02a59766o0689c
59766.574183  19.658  0.228    50   11 c  0   2.17  37.49987  28.63419  6112.31  2637.32 2.63 2.50  37.2 -0.400 19.34 20.93 02a59766o0696c
59766.580080  19.831  0.279    42   12 c  0   2.02  37.49987  28.63419  6056.10  2560.78 2.58 2.47  42.8 -0.399 19.40 20.96 02a59766o0709c
59766.599835  20.390  0.491    25   12 c  0   1.82  37.49987  28.63419  6038.20  2675.96 2.48 2.29  38.5 -0.410 19.50 21.00 02a59766o0752c
59767.594661  20.045  0.409    35   14 o  0   2.11  37.49987  28.63419  8265.70  5849.65 2.75 2.67  47.9 -0.465 19.12 20.18 01a59767o0746o
59767.598758 -24.868 41.500    -0   17 o  0   1.61  37.49987  28.63419  8249.28  5814.07 3.10 2.82  39.7 -0.420 19.01 20.16 01a59767o0755o
59767.611444 -21.597  2.255    -8   19 o  0   2.36  37.49987  28.63419  8310.37  5884.42 2.74 2.64  46.5 -0.467 18.94 19.83 01a59767o0781o
59769.574989 -22.281  2.724    -4   12 c  0   1.72  37.49987  28.63419  6090.34  2595.50 2.50 2.31  37.8 -0.409 19.37 20.87 02a59769o0687c
59769.578620  20.415  0.479    25   12 c  0   1.86  37.49987  28.63419  6110.06  2634.72 2.50 2.31  39.4 -0.406 19.42 20.90 02a59769o0695c
59769.584530 -21.507  1.238    -9   11 c  0   2.00  37.49987  28.63419  6053.07  2556.53 2.51 2.29  41.0 -0.404 19.44 20.95 02a59769o0708c
59769.602838 -20.553  0.447   -22   10 c  0   2.52  37.49987  28.63419  6033.79  2674.36 2.51 2.33  39.0 -0.410 19.46 20.94 02a59769o0748c
59772.594063  20.622  1.234    20   25 o  0   0.92  37.49987  28.63419  9159.93  1970.12 2.84 2.78  -0.0 -0.467 18.70 19.57 01a59772o0737o
59772.605914  20.916  1.217    16   19 o  0   1.48  37.49987  28.63419  9141.05  1925.78 2.82 2.77  -0.6 -0.468 18.93 19.95 01a59772o0763o
59772.612594  20.250  0.592    29   17 o  0   2.49  37.49987  28.63419  9203.96  2004.91 2.82 2.78 -13.8 -0.475 18.93 19.96 01a59772o0777o
59772.622359  19.597  0.932    53   49 o  0   1.15  37.49987  28.63419  9221.42  1881.42 2.84 2.63 -55.2 -0.524 17.90 18.06 01a59772o0795o
59775.585140  19.005  0.272    91   25 o  0   1.46  37.49987  28.63419  9159.69  1967.59 2.99 2.89  10.2 -0.437 18.63 19.54 01a59775o0717o
59775.603147 -19.281  0.340   -70   24 o  0   1.24  37.49987  28.63419  9142.28  1923.27 2.75 2.59 -52.2 -0.513 18.79 19.61 01a59775o0755o
59775.617895  19.295  0.340    70   24 o  0   1.73  37.49987  28.63419  9204.59  1999.85 2.79 2.63 -56.5 -0.507 18.56 19.18 01a59775o0784o
59775.625323  18.338  0.351   168   59 o  0   1.13  37.49987  28.63419  9223.87  1879.67 2.89 2.84 -19.7 -0.457 18.01 18.07 01a59775o0797o
59778.599681  20.209  0.571    30   17 o  0   2.40  37.49987  28.63419  2272.86  2756.25 2.26 2.05  20.8 -0.423 18.88 19.65 02a59778o0755o
59778.603777  20.675  1.107    20   22 o  0   1.23  37.49987  28.63419  2291.67  2794.73 2.25 2.04  21.3 -0.431 18.98 19.61 02a59778o0764o
59778.618073 -20.340  0.848   -26   22 o  0   1.05  37.49987  28.63419  2234.60  2715.37 2.33 2.09  19.1 -0.419 18.70 19.20 02a59778o0792o
59780.554237  20.027  0.685    35   24 o  0   1.37  37.49987  28.63419  7432.83  9743.95 3.02 2.83  50.3 -0.460 18.69 19.50 01a59780o0667o
59780.557879 -18.661  0.195  -125   24 o  0   1.54  37.49987  28.63419  7414.34  9699.61 3.00 2.88  55.0 -0.462 18.69 19.51 01a59780o0675o
59780.565256 -22.232  4.773    -5   22 o  0   1.78  37.49987  28.63419  7476.81  9778.23 3.11 2.80  49.8 -0.452 18.71 19.53 01a59780o0691o
59780.575318  20.758  1.333    18   24 o  0   1.44  37.49987  28.63419  7498.95  9658.51 3.27 2.90  50.3 -0.432 18.70 19.59 01a59780o0713o
59782.615971 -20.067  0.426   -34   14 o  0   2.39  37.49987  28.63419  2273.70  2755.82 2.11 1.92  35.2 -0.453 19.10 19.69 02a59782o0721o
59782.618369  21.897  2.475     6   16 o  0   2.07  37.49987  28.63419  2285.76  2797.77 2.14 1.93  32.8 -0.454 18.98 19.51 02a59782o0725o
59782.620218 -20.928  1.250   -15   19 o  0   1.65  37.49987  28.63419  2233.97  2718.73 2.11 1.97  38.6 -0.452 18.88 19.34 02a59782o0728o
59782.623665  20.613  1.589    21   33 o  0   1.01  37.49987  28.63419  2209.98  2834.14 2.22 1.96  35.1 -0.452 18.50 18.71 02a59782o0734o
59785.601150 -21.458  1.014   -10   10 c  0   2.19  37.49987  28.63419  2272.93  2759.67 2.47 2.30  47.7 -0.413 19.55 21.18 02a59785o0605c
59785.605303  22.328  2.344     4   10 c  0   2.45  37.49987  28.63419  2292.33  2799.37 2.42 2.27  50.0 -0.415 19.57 21.18 02a59785o0614c
59785.619588  22.010  2.429     6   14 c  0   1.32  37.49987  28.63419  2236.54  2720.91 2.46 2.30  46.9 -0.415 19.30 20.65 02a59785o0642c
59785.624162  21.444  1.986    10   19 c  0   1.82  37.49987  28.63419  2221.65  2836.65 2.45 2.29  44.3 -0.419 18.84 19.92 02a59785o0651c
59786.599477 -23.264  5.917    -2   11 c  0   2.10  37.49987  28.63419  7190.51  6367.93 2.66 2.37  34.2 -0.401 19.57 21.26 02a59786o0771c
59786.602649 -23.079  5.429    -2   12 c  0   1.49  37.49987  28.63419  7210.06  6406.50 2.70 2.38  35.4 -0.400 19.60 21.27 02a59786o0778c
59786.609932  20.149  0.332    32   10 c  0   1.82  37.49987  28.63419  7150.00  6332.01 2.58 2.32  33.2 -0.403 19.66 21.25 02a59786o0793c
59786.618175 -21.587  1.228    -8   10 c  0   2.33  37.49987  28.63419  7133.45  6447.47 2.64 2.37  31.7 -0.399 19.48 20.94 02a59786o0810c
59787.594842  19.910  0.362    39   14 o  0   2.10  37.49987  28.63419   557.86  6365.84 2.77 2.37 -44.0 -0.497 19.41 20.77 01a59787o0760o
59787.598030  23.933 12.500     1   12 o  0   2.67  37.49987  28.63419   537.46  6327.70 2.76 2.34 -48.8 -0.501 19.42 20.76 01a59787o0767o
59787.600804 -21.817  2.026    -7   14 o  0   2.18  37.49987  28.63419 10459.45  6241.02 2.86 2.53 -62.9 -0.491 19.39 20.67 01a59787o0773o
59787.618118 -23.328  9.000    -2   15 o  0   2.34  37.49987  28.63419   602.21  6400.28 2.86 2.45 -45.9 -0.484 19.21 20.38 01a59787o0808o
59787.619091  21.379  1.946    10   20 o  0   1.72  37.49987  28.63419 10444.41  6192.58 2.89 2.59 -64.0 -0.492 19.12 20.15 01a59787o0810o
59787.621819  18.917  0.193    98   19 o  0   2.59  37.49987  28.63419 10504.31  6271.11 2.93 2.60 -66.2 -0.486 18.85 19.71 01a59787o0816o
59787.622730 -22.711  9.889    -3   30 o  0   1.40  37.49987  28.63419   620.33  6284.10 2.80 2.43 -45.7 -0.492 18.89 19.64 01a59787o0818o
59787.625279 -21.655  6.535    -8   52 o  0   1.72  37.49987  28.63419 10523.29  6154.23 2.93 2.57 -67.4 -0.507 18.42 18.88 01a59787o0823o
59788.540651  19.782  0.376    44   17 o  0   1.54  37.49987  28.63419   546.66  6369.76 3.01 2.51 -44.9 -0.474 19.29 20.62 01a59788o0642o
59788.545840 -20.917  0.977   -16   15 o  0   1.64  37.49987  28.63419   527.42  6329.90 2.90 2.50 -47.9 -0.486 19.29 20.63 01a59788o0653o
59788.549028 -22.889  5.143    -2   13 o  0   1.84  37.49987  28.63419   587.48  6406.73 2.92 2.51 -45.9 -0.485 19.33 20.65 01a59788o0660o
59788.551307 -21.476  1.627    -9   15 o  0   1.79  37.49987  28.63419 10447.08  6258.04 2.85 2.55 -65.1 -0.488 19.27 20.54 01a59788o0665o
59788.554499 -20.349  0.524   -26   14 o  0   2.22  37.49987  28.63419 10428.77  6219.39 2.79 2.62 -67.9 -0.484 19.28 20.56 01a59788o0672o
59788.559548  20.419  0.550    25   14 o  0   2.48  37.49987  28.63419   609.95  6290.78 2.88 2.45 -46.2 -0.491 19.36 20.71 01a59788o0683o
59788.560002  19.712  0.328    47   16 o  0   1.85  37.49987  28.63419 10490.82  6295.85 2.87 2.58 -66.6 -0.482 19.34 20.64 01a59788o0684o
59788.570179  20.148  0.448    32   14 o  0   1.62  37.49987  28.63419 10511.59  6177.35 2.75 2.56 -69.0 -0.490 19.38 20.69 01a59788o0706o
59790.552041  20.432  0.545    24   13 c  0   1.46  37.49987  28.63419  7186.78  6369.19 2.78 2.53  30.5 -0.395 19.48 21.18 02a59790o0660c
59790.555702 -23.858 10.500    -1   11 c  0   2.44  37.49987  28.63419  7204.62  6408.13 2.84 2.55  28.6 -0.392 19.52 21.19 02a59790o0668c
59790.561759 -20.812  0.670   -17   12 c  0   1.71  37.49987  28.63419  7146.16  6329.04 2.82 2.48  30.9 -0.390 19.48 21.22 02a59790o0681c
59790.567211  21.491  1.189     9   11 c  0   1.93  37.49987  28.63419  7126.56  6446.21 2.99 2.48  30.0 -0.380 19.53 21.26 02a59790o0693c
59791.549183 -20.535  0.587   -22   13 o  0   2.05  37.49987  28.63419   550.19  6371.09 2.90 2.64 -51.8 -0.459 19.33 20.87 01a59791o0647o
59791.552371 -21.147  0.986   -13   12 o  0   2.72  37.49987  28.63419   531.10  6333.43 2.89 2.63 -51.1 -0.464 19.35 20.86 01a59791o0654o
59791.558872 -20.656  0.596   -20   12 o  0   2.82  37.49987  28.63419   590.53  6404.56 2.94 2.75 -55.5 -0.449 19.33 20.86 01a59791o0667o
59791.573051 -20.141  0.426   -32   14 o  0   1.98  37.49987  28.63419   612.34  6288.86 2.93 2.70 -54.4 -0.460 19.31 20.79 01a59791o0697o
59792.539591  22.268  3.739     4   17 o  0   1.29  37.49987  28.63419   664.20  8315.05 3.03 2.75 -50.6 -0.428 19.14 20.47 01a59792o0626o
59792.542985  20.393  0.656    25   17 o  0   1.98  37.49987  28.63419   643.94  8272.64 3.05 2.71 -49.1 -0.430 19.19 20.46 01a59792o0633o
59792.548515  19.831  0.342    42   14 o  0   2.05  37.49987  28.63419   705.81  8351.15 2.94 2.69 -51.3 -0.439 19.16 20.48 01a59792o0645o
59792.564130  20.745  0.894    18   16 o  0   1.91  37.49987  28.63419   727.70  8229.50 2.85 2.60 -53.7 -0.449 19.18 20.51 01a59792o0678o
59793.553356  20.040  0.330    35   12 c  0   2.02  37.49987  28.63419  7186.55  6368.07 2.85 2.52  17.6 -0.393 19.52 21.27 02a59793o0659c
59793.558783 -21.637  1.604    -8   13 c  0   1.40  37.49987  28.63419  7201.64  6405.47 2.76 2.52  28.8 -0.403 19.56 21.32 02a59793o0669c
59793.561948  21.182  0.836    12   10 c  0   2.02  37.49987  28.63419  7143.86  6328.81 2.76 2.52  30.4 -0.401 19.56 21.31 02a59793o0676c
59793.572394  22.560  3.632     3   12 c  0   1.83  37.49987  28.63419  7123.83  6445.32 2.87 2.65  31.2 -0.398 19.50 21.33 02a59793o0699c
59795.535131  21.385  1.408    10   14 o  0   2.15  37.49987  28.63419   666.23  8308.94 3.23 2.73 -45.9 -0.432 19.26 20.72 01a59795o0463o
59795.538335  21.658  1.895     8   15 o  0   1.90  37.49987  28.63419   647.05  8272.58 3.22 2.75 -44.3 -0.430 19.28 20.75 01a59795o0470o
59795.543812  20.362  0.573    26   15 o  0   1.92  37.49987  28.63419   707.93  8348.95 3.22 2.79 -41.4 -0.431 19.29 20.79 01a59795o0482o
59795.553837 -22.426  3.667    -4   14 o  0   1.56  37.49987  28.63419   730.05  8232.24 3.24 2.92 -45.7 -0.414 19.23 20.83 01a59795o0504o
59796.543996 -22.092  2.850    -5   15 o  0   2.19  37.49987  28.63419   669.82  8314.85 3.53 3.25 -41.5 -0.419 19.13 20.91 01a59796o0603o
59796.547215  21.021  1.113    14   16 o  0   1.66  37.49987  28.63419   650.87  8276.85 3.31 2.98 -49.3 -0.424 19.23 20.95 01a59796o0610o
59796.559744 -19.236  0.225   -73   16 o  0   1.97  37.49987  28.63419   713.07  8349.75 4.00 3.64 -44.7 -0.370 19.08 21.00 01a59796o0637o
59796.575077  20.414  0.648    25   16 o  0   1.45  37.49987  28.63419   736.46  8231.97 3.41 3.05 -54.1 -0.388 19.26 21.01 01a59796o0670o
59799.533045  20.768  0.800    18   14 o  0   2.47  37.49987  28.63419   668.61  8315.05 2.91 2.55 -48.9 -0.477 19.17 20.64 01a59799o0620o
59799.543978  21.686  1.864     8   14 o  0   1.42  37.49987  28.63419   649.85  8273.06 2.88 2.56 -52.6 -0.451 19.26 20.75 01a59799o0643o
59799.546742  20.209  0.464    30   14 o  0   2.32  37.49987  28.63419   711.45  8352.27 2.80 2.49 -51.3 -0.462 19.31 20.76 01a59799o0649o
59799.554177  19.320  0.214    68   15 o  0   1.67  37.49987  28.63419   733.44  8233.14 2.81 2.52 -49.6 -0.463 19.30 20.75 01a59799o0663o
59800.570240 -21.071  1.051   -14   14 o  0   1.69  37.49987  28.63419  1411.93  4396.89 2.72 2.51 -48.7 -0.518 19.47 21.07 01a59800o0709o
59800.573429  19.887  0.314    40   13 o  0   2.28  37.49987  28.63419  1391.60  4358.31 2.67 2.47 -46.9 -0.523 19.49 21.08 01a59800o0716o
59800.596174 -21.199  1.014   -12   12 o  0   1.92  37.49987  28.63419  1453.37  4433.33 2.72 2.56 -43.7 -0.503 19.47 21.21 01a59800o0757o
59800.603904  21.331  1.048    11   11 o  0   2.20  37.49987  28.63419  1470.90  4314.33 2.71 2.55 -50.6 -0.508 19.49 21.22 01a59800o0773o
59801.525681 -21.299  2.222   -11   24 o  0   1.42  37.49987  28.63419  8894.51   510.78 2.36 1.69 -57.7 -0.483 18.96 19.52 02a59801o0616o
59801.528458 -20.297  0.710   -28   20 o  0   1.57  37.49987  28.63419  8909.89   550.04 2.15 1.67 -61.0 -0.491 18.94 19.54 02a59801o0622o
59801.533542  20.934  1.484    15   23 o  0   1.13  37.49987  28.63419  8854.98   473.89 2.09 1.68 -60.4 -0.492 18.96 19.57 02a59801o0633o
59801.543522 -24.372 28.167    -1   18 o  0   2.61  37.49987  28.63419  8839.16   591.42 2.28 1.71 -58.4 -0.495 19.03 19.63 02a59801o0653o
59803.585961  21.183  2.082    12   25 o  0   1.30  37.49987  28.63419  1413.32  4395.81 2.65 2.49 -49.0 -0.527 18.77 19.39 01a59803o0689o
59803.588240  19.681  0.509    49   25 o  0   1.46  37.49987  28.63419  1392.39  4356.77 2.65 2.47 -50.4 -0.530 18.75 19.42 01a59803o0694o
59803.598258  19.907  0.650    40   26 o  0   1.20  37.49987  28.63419  1452.55  4430.84 2.61 2.47 -51.6 -0.529 18.74 19.47 01a59803o0715o
59803.613363  19.665  0.446    49   22 o  0   1.26  37.49987  28.63419  1471.07  4313.37 2.58 2.48 -51.2 -0.528 18.83 19.51 01a59803o0744o
59804.524804 -21.161  1.909   -12   24 o  0   1.41  37.49987  28.63419  1406.12  4398.19 2.83 2.66 -50.9 -0.506 18.69 19.37 01a59804o0622o
59804.527536 -21.677  2.929    -8   23 o  0   1.31  37.49987  28.63419  1385.94  4359.86 2.79 2.67 -54.5 -0.498 18.70 19.38 01a59804o0628o
59804.544807  20.336  0.946    27   25 o  0   1.11  37.49987  28.63419  1447.71  4434.30 2.75 2.65 -51.6 -0.501 18.76 19.46 01a59804o0665o
59804.550749  19.203  0.317    76   24 o  0   1.81  37.49987  28.63419  1468.38  4318.09 2.85 2.75 -53.5 -0.489 18.72 19.48 01a59804o0678o
59805.571424  19.566  0.319    54   17 o  0   1.92  37.49987  28.63419  6997.65   642.99 2.00 1.79 -69.3 -0.474 18.99 19.46 02a59805o0739o
59805.573232 -21.976  3.131    -6   18 o  0   1.68  37.49987  28.63419  7016.97   682.03 2.01 1.82 -69.9 -0.473 18.95 19.47 02a59805o0743o
59805.576395  20.817  1.022    17   18 o  0   1.70  37.49987  28.63419  6961.45   604.09 2.00 1.77 -69.4 -0.471 18.99 19.49 02a59805o0750o
59805.584739  20.314  0.704    27   19 o  0   1.32  37.49987  28.63419  6943.15   721.80 2.12 1.90 -69.2 -0.467 18.99 19.51 02a59805o0767o
59805.633238 -19.934  1.011   -39   39 o  0   0.72  37.49987  28.63419  6993.10   671.43 2.12 1.97 -76.0 -0.454 18.29 18.32 02a59805o0866o
59806.518018  19.771  0.472    45   21 o  0   1.20  37.49987  28.63419  6992.30   639.01 1.96 1.74 -69.4 -0.492 18.87 19.24 02a59806o0583o
59806.521203  20.342  0.799    26   21 o  0   1.73  37.49987  28.63419  7011.47   678.92 2.01 1.84 -67.9 -0.473 18.81 19.25 02a59806o0590o
59806.524836 -20.745  1.165   -18   21 o  0   1.10  37.49987  28.63419  6952.82   600.39 2.00 1.88 -68.9 -0.474 18.84 19.26 02a59806o0598o
59806.539405  21.833  2.652     7   18 o  0   1.53  37.49987  28.63419  6927.00   720.71 2.06 1.92  54.8 -0.450 18.87 19.30 02a59806o0628o
59807.411611  20.960  2.894    15   43 o  0   1.29  37.49987  28.63419  1388.20  4406.28 2.98 2.65 -42.9 -0.525 18.13 18.54 01a59807o0394o
59807.438111 -20.879  2.514   -16   41 o  0   1.11  37.49987  28.63419  1371.89  4363.33 3.00 2.67 -50.7 -0.520 18.32 18.82 01a59807o0450o
59807.448305  20.637  1.720    20   35 o  0   1.31  37.49987  28.63419  1432.47  4438.68 2.90 2.61 -46.6 -0.519 18.44 18.89 01a59807o0469o
59807.451532 -20.106  1.056   -33   35 o  0   1.70  37.49987  28.63419  1450.92  4321.04 2.90 2.62 -43.9 -0.524 18.41 18.92 01a59807o0476o
59810.585116  19.032  0.181    89   16 o  0   1.17  37.49987  28.63419  4195.22  2687.13 2.40 1.88  35.1 -0.446 19.28 20.11 02a59810o0759o
59810.586925  19.327  0.219    68   15 o  0   1.52  37.49987  28.63419  4214.82  2726.43 2.50 1.96  32.4 -0.442 19.23 20.11 02a59810o0763o
59810.590115  20.565  0.578    22   12 o  0   2.78  37.49987  28.63419  4158.07  2648.31 2.40 1.90  35.5 -0.441 19.27 20.11 02a59810o0770o
59810.595760  20.073  0.418    34   14 o  0   1.95  37.49987  28.63419  4142.23  2763.59 2.31 1.86  34.8 -0.451 19.30 20.12 02a59810o0782o
59811.590400  19.637  0.352    51   18 o  0   1.05  37.49987  28.63419  9630.40 10121.18 3.51 2.82  45.0 -0.399 19.16 20.39 01a59811o0779o
59811.592679 -19.779  0.420   -44   19 o  0   1.24  37.49987  28.63419  9609.83 10080.27 3.46 2.79  43.9 -0.408 19.19 20.40 01a59811o0784o
59811.616212 -21.795  2.517    -7   18 o  0   1.58  37.49987  28.63419  9671.70 10155.69 3.64 2.99  43.3 -0.386 19.08 20.38 01a59811o0831o
59811.622918  19.209  0.290    75   22 o  0   1.20  37.49987  28.63419  9687.72 10034.66 3.73 3.06  42.8 -0.376 19.02 20.28 01a59811o0845o
59812.508002 -19.201  0.209   -76   16 o  0   1.64  37.49987  28.63419  9607.76 10141.72 3.44 3.05  52.6 -0.408 19.16 20.54 01a59812o0608o
59812.511208 -20.867  1.053   -16   17 o  0   1.30  37.49987  28.63419  9588.28 10103.47 3.32 2.85  50.3 -0.415 19.20 20.56 01a59812o0615o
59812.516684  20.278  0.580    28   16 o  0   1.77  37.49987  28.63419  9649.49 10182.08 3.31 2.83  48.9 -0.412 19.23 20.54 01a59812o0627o
59812.526698 -20.484  0.771   -23   18 o  0   1.42  37.49987  28.63419  9669.42 10061.42 3.34 2.78  47.0 -0.416 19.27 20.60 01a59812o0649o
59812.634808  18.790  0.318   111   35 o  0   1.85  37.49987  28.63419   844.41   497.97 2.59 2.54  68.4 -0.609 18.17 18.45 01a59812o0869o
59813.549377  20.698  0.755    19   14 o  0   1.46  37.49987  28.63419  4193.92  2685.03 2.70 2.54  32.7 -0.428 19.27 20.72 02a59813o0661o
59813.552542 -24.290 22.333    -1   16 o  0   1.39  37.49987  28.63419  4213.37  2724.54 3.09 2.96  22.6 -0.436 19.10 20.70 02a59813o0668o
59813.557524  24.383 17.500     1   11 o  0   2.86  37.49987  28.63419  4156.16  2647.21 2.63 2.42  34.0 -0.429 19.30 20.74 02a59813o0679o
59813.568773 -22.673  5.231    -3   16 o  0   1.42  37.49987  28.63419  4140.47  2762.31 3.16 3.02  23.3 -0.424 19.11 20.78 02a59813o0699o
59815.555559 -20.070  0.483   -34   16 o  0   1.29  37.49987  28.63419  9628.98 10126.25 3.44 2.91  48.0 -0.403 19.25 20.69 01a59815o0768o
59815.558293 -20.250  0.508   -29   15 o  0   1.69  37.49987  28.63419  9608.61 10085.35 3.52 2.94  49.5 -0.400 19.27 20.70 01a59815o0774o
59815.561080 -19.707  0.308   -48   15 o  0   1.70  37.49987  28.63419  9669.28 10164.64 3.56 2.96  46.3 -0.401 19.21 20.73 01a59815o0780o
59815.575045   0.000 20.968    -0   15 o  0   1.42  37.49987  28.63419  9688.46 10040.52 3.51 2.98  46.1 -0.404 19.24 20.79 01a59815o0808o
59816.507398 -21.427  1.426   -10   14 o  0   1.93  37.49987  28.63419  6352.42  5943.99 3.15 2.88  42.0 -0.412 19.20 20.56 01a59816o0592o
59816.538443 -21.462  1.333    -9   13 o  0   2.27  37.49987  28.63419  6338.81  5896.78 3.09 2.78  47.2 -0.423 19.27 20.62 01a59816o0657o
59816.550517 -20.599  0.657   -21   14 o  0   2.01  37.49987  28.63419  6398.45  5972.28 3.19 2.86  42.4 -0.405 19.23 20.62 01a59816o0683o
59816.553362  21.893  2.161     6   14 o  0   1.62  37.49987  28.63419  6416.14  5855.42 3.19 2.86  43.8 -0.408 19.24 20.61 01a59816o0689o
59817.510819 -21.920  1.659    -6   10 c  0   1.91  37.49987  28.63419  4188.29  2684.99 2.52 2.34  45.7 -0.408 19.51 21.25 02a59817o0580c
59817.513532  20.224  0.352    30   10 c  0   1.60  37.49987  28.63419  4207.62  2723.97 2.49 2.32  48.5 -0.415 19.52 21.27 02a59817o0586c
59817.519897  23.709  9.556     1   11 c  0   1.25  37.49987  28.63419  4146.14  2645.98 2.44 2.26  46.2 -0.415 19.56 21.23 02a59817o0599c
59817.527120 -20.462  0.416   -24   10 c  0   1.88  37.49987  28.63419  4134.12  2763.17 2.54 2.36  47.1 -0.412 19.47 21.25 02a59817o0613c
59818.621899 -22.198  2.000    -5   10 c  0   1.64  37.49987  28.63419  7236.58  2080.78 2.47 2.40  35.5 -0.399 19.60 21.64 02a59818o0316c
59818.624705 -21.043  0.699   -14   10 c  0   2.01  37.49987  28.63419  7217.33  2044.45 2.45 2.37  25.1 -0.398 19.58 21.57 02a59818o0322c
59818.627908  20.643  0.597    20   12 c  0   1.26  37.49987  28.63419  7276.66  2123.99 2.54 2.46  32.8 -0.394 19.48 21.37 02a59818o0329c
59818.631074  21.505  1.203     9   11 c  0   1.65  37.49987  28.63419  7297.60  2007.47 2.55 2.44  38.1 -0.389 19.33 20.98 02a59818o0336c
59819.578838  20.853  0.795    17   13 o  0   1.87  37.49987  28.63419  6362.36  5927.06 3.13 2.82  40.3 -0.413 19.40 21.08 01a59819o0763o
59819.582083 -19.996  0.304   -36   11 o  0   2.17  37.49987  28.63419  6342.00  5888.10 3.22 2.94  41.9 -0.410 19.37 21.09 01a59819o0770o
59819.594141 -21.918  2.065    -6   13 o  0   2.25  37.49987  28.63419  6400.59  5965.17 3.20 2.81  40.6 -0.401 19.39 21.14 01a59819o0795o
59819.603472 -21.485  1.082    -9   10 o  0   2.42  37.49987  28.63419  4101.62  4723.34 2.98 2.75  41.5 -0.433 19.42 21.18 01a59819o0813o
59820.526601 -24.373 20.333    -1   13 o  0   1.81  37.49987  28.63419  6357.18  5937.22 3.28 2.92  43.8 -0.397 19.29 20.86 01a59820o0604o
59820.529337 -20.943  0.945   -15   14 o  0   1.63  37.49987  28.63419  6338.07  5897.97 3.23 2.86  40.2 -0.400 19.32 20.89 01a59820o0610o
59820.534057  21.412  1.137    10   11 o  0   2.30  37.49987  28.63419  6398.68  5974.95 3.09 2.76  44.7 -0.413 19.34 20.91 01a59820o0619o
59820.539123 -20.451  0.454   -24   11 o  0   2.66  37.49987  28.63419  6416.29  5857.29 3.32 2.99  38.1 -0.398 19.30 20.93 01a59820o0630o
59821.547337  19.641  0.208    50   10 c  0   2.29  37.49987  28.63419  3334.35  8491.04 2.54 2.33  34.9 -0.397 19.64 21.61 02a59821o0705c
59821.549202  20.018  0.332    36   12 c  0   1.76  37.49987  28.63419  3353.21  8530.06 2.60 2.42  39.5 -0.392 19.55 21.61 02a59821o0709c
59821.552368  21.704  1.500     8   11 c  0   1.92  37.49987  28.63419  3295.08  8453.19 2.73 2.59  35.3 -0.385 19.55 21.62 02a59821o0716c
59821.582782  21.563  1.333     9   12 c  0   1.80  37.49987  28.63419  3277.86  8570.73 2.60 2.47  31.9 -0.395 19.59 21.63 02a59821o0773c
59822.485833 -21.609  1.388    -8   12 c  0   2.21  37.49987  28.63419  3326.98  8488.64 3.05 2.45  30.5 -0.354 19.40 21.30 02a59822o0561c
59822.488999 -23.192  6.071    -2   12 c  0   1.87  37.49987  28.63419  3354.09  8526.69 2.49 2.29  29.0 -0.400 19.55 21.32 02a59822o0568c
59822.494510  20.221  0.305    30    9 c  0   3.42  37.49987  28.63419  3295.09  8449.59 2.45 2.27  28.5 -0.405 19.58 21.37 02a59822o0580c
59822.508018  21.050  0.868    14   12 c  0   1.59  37.49987  28.63419  3278.07  8565.29 2.63 2.43  27.9 -0.398 19.51 21.34 02a59822o0608c
59823.471532 -19.466  0.233   -59   14 o  0   1.36  37.49987  28.63419  6350.06  5943.33 3.10 2.82  50.5 -0.412 19.25 20.83 01a59823o0534o
59823.474721 -19.988  0.384   -37   14 o  0   1.99  37.49987  28.63419  6330.30  5904.41 3.20 2.89  46.9 -0.405 19.28 20.84 01a59823o0541o
59823.502675 -21.059  0.912   -14   12 o  0   1.75  37.49987  28.63419  6396.73  5973.94 3.10 2.81  44.9 -0.416 19.31 20.85 01a59823o0598o
59823.514888  22.093  2.577     5   14 o  0   1.94  37.49987  28.63419  6414.60  5856.85 3.13 2.83  45.4 -0.408 19.30 20.81 01a59823o0623o
59824.536118  20.334  0.469    27   12 o  0   2.04  37.49987  28.63419  5572.75  9824.05 3.18 2.77  53.9 -0.428 19.30 20.75 01a59824o0678o
59824.537944  20.078  0.444    34   15 o  0   2.06  37.49987  28.63419  5553.68  9785.01 3.09 2.72  59.3 -0.438 19.34 20.77 01a59824o0682o
59824.552040 -21.509  1.721    -9   16 o  0   1.34  37.49987  28.63419  5615.13  9858.64 3.24 2.80  57.5 -0.423 19.29 20.85 01a59824o0711o
59824.556155  20.333  0.469    27   12 o  0   2.50  37.49987  28.63419  5632.65  9740.04 3.20 2.80  53.5 -0.429 19.31 20.86 01a59824o0720o
59827.502420 -20.427  0.609   -24   15 o  0   1.26  37.49987  28.63419  5573.57  9836.60 3.33 2.91  56.2 -0.420 19.33 20.94 01a59827o0619o
59827.504243  23.811 12.400     1   14 o  0   1.89  37.49987  28.63419  5554.86  9796.45 3.29 2.89  55.5 -0.418 19.34 20.94 01a59827o0623o
59827.519512  20.532  0.570    22   13 o  0   2.10  37.49987  28.63419  5614.38  9868.15 3.31 2.93  52.5 -0.418 19.34 20.98 01a59827o0654o
59827.522307  19.894  0.363    40   14 o  0   1.57  37.49987  28.63419  5631.66  9749.43 3.43 3.02  55.7 -0.405 19.32 20.99 01a59827o0660o
59828.504344 -20.252  0.512   -29   15 o  0   2.17  37.49987  28.63419  5575.83  9830.74 3.37 2.99  55.3 -0.416 19.12 20.53 01a59828o0513o
59828.506661  20.560  0.642    22   14 o  0   2.12  37.49987  28.63419  5557.19  9791.42 3.36 2.98  53.9 -0.412 19.19 20.59 01a59828o0518o
59828.509849  21.082  0.934    13   12 o  0   2.04  37.49987  28.63419  5616.14  9867.79 3.33 2.90  53.8 -0.415 19.27 20.69 01a59828o0525o
59828.517090  19.773  0.308    45   14 o  0   1.92  37.49987  28.63419  5633.62  9747.14 3.34 2.94  50.4 -0.411 19.30 20.86 01a59828o0540o
59831.513421  20.760  1.229    18   22 o  0   1.32  37.49987  28.63419  5504.02  9915.14 3.48 2.43 -40.0 -0.396 18.96 19.53 01a59831o0498o
59831.515307 -20.616  0.907   -21   19 o  0   1.43  37.49987  28.63419  5485.19  9874.73 3.51 2.46 -43.4 -0.387 18.93 19.54 01a59831o0502o
59831.533385  21.799  3.047     7   21 o  0   1.38  37.49987  28.63419  5544.35  9950.11 3.33 2.39 -42.5 -0.399 19.01 19.59 01a59831o0539o
59831.552633 -24.308 25.400    -1   18 o  0   1.68  37.49987  28.63419  5565.71  9829.53 2.98 2.26 -41.9 -0.414 19.10 19.62 01a59831o0579o
59832.535514  21.356  1.930    10   20 o  0   1.39  37.49987  28.63419  2513.75  6228.62 2.19 2.16 -52.8 -0.478 18.77 19.03 01a59832o0396o
59832.537430 -19.539  0.493   -56   27 o  0   1.30  37.49987  28.63419  2494.15  6189.36 2.15 2.10 -56.3 -0.489 18.67 18.72 01a59832o0400o
59832.540198  21.906  3.850     6   24 o  0   1.19  37.49987  28.63419  2552.10  6265.20 2.16 2.13 -52.2 -0.484 18.77 18.95 01a59832o0406o
59832.545289 -19.603  0.656   -52   34 o  0   1.37  37.49987  28.63419  2571.98  6146.61 2.18 2.11 -44.7 -0.485 18.42 18.43 01a59832o0417o
59832.638335  19.891  0.876    40   35 o  0   0.97  37.49987  28.63419  8025.21  4507.69 2.32 2.12 -59.0 -0.493 18.41 18.33 01a59832o0607o
59833.431785 -19.604  2.959   -52  155 o  0   1.26  37.49987  28.63419  6148.75  4524.84 2.48 1.90  31.5 -0.460 16.55 16.31 02a59833o0469o
59833.434957  17.060  0.537   545  293 o  0   0.91  37.49987  28.63419  6167.27  4563.38 2.55 2.06  30.8 -0.448 15.95 15.53 02a59833o0476o
59833.437711 -16.604  0.348  -829  288 o  0   1.27  37.49987  28.63419  6108.34  4485.28 2.53 2.00  32.7 -0.420 16.05 15.54 02a59833o0482o
59833.462476 -20.926  4.055   -16   63 o  0   0.92  37.49987  28.63419  6097.59  4603.94 2.57 1.97  31.0 -0.413 17.57 17.42 02a59833o0535o
59838.504793  20.613  0.720    21   15 o  0   1.91  37.49987  28.63419  5251.54  6461.77 2.57 2.00  36.9 -0.427 19.12 19.85 02a59838o0602o
59838.506602 -19.960  0.385   -38   14 o  0   3.17  37.49987  28.63419  5270.40  6500.49 2.63 2.03  36.6 -0.419 18.99 19.69 02a59838o0606o
59838.510672  20.608  0.840    21   17 o  0   2.30  37.49987  28.63419  5211.58  6422.36 2.58 2.05  41.7 -0.426 18.83 19.32 02a59838o0615o
59838.516131  19.867  0.683    41   28 o  0   1.05  37.49987  28.63419  5192.74  6539.10 2.56 2.00  34.3 -0.433 18.49 18.77 02a59838o0627o
59839.451844 -21.008  0.917   -14   13 o  0   1.64  37.49987  28.63419  1110.96  6262.74 2.61 2.28  49.2 -0.394 19.38 20.36 01a59839o0500o
59839.487072 -19.691  0.248   -48   12 o  0   2.60  37.49987  28.63419  1096.14  6218.62 2.94 2.47  47.4 -0.358 19.31 20.45 01a59839o0573o
59839.492051  21.828  1.750     7   12 o  0   1.97  37.49987  28.63419  1153.08  6294.25 2.34 2.17  52.3 -0.436 19.53 20.57 01a59839o0583o
59839.493896  21.486  1.241     9   12 o  0   2.26  37.49987  28.63419  1173.20  6177.20 2.35 2.17  54.3 -0.438 19.54 20.57 01a59839o0587o
59840.560829 -20.976  0.695   -15   10 o  0   2.46  37.49987  28.63419  6656.02  8463.75 2.43 2.26  50.9 -0.426 19.61 20.71 01a59840o0720o
59840.564078  20.365  0.369    26   10 o  0   2.76  37.49987  28.63419  6676.77  8503.74 2.39 2.24  45.4 -0.432 19.61 20.71 01a59840o0727o
59840.580998  21.054  0.797    14   11 o  0   1.73  37.49987  28.63419  6619.64  8426.28 2.46 2.33  50.0 -0.420 19.59 20.72 01a59840o0761o
59840.605517  20.404  0.484    25   12 o  0   1.88  37.49987  28.63419  6607.04  8546.10 2.43 2.32  53.6 -0.427 19.55 20.67 01a59840o0810o
59840.640713  19.528  0.649    56   36 o  0   0.97  37.49987  28.63419  6653.92  8493.36 2.77 2.47  45.5 -0.398 18.26 18.18 01a59840o0879o
59841.497834 -22.730  4.080    -3   12 o  0   2.24  37.49987  28.63419  5251.12  6462.74 2.48 1.86  34.0 -0.429 19.51 20.70 02a59841o0628o
59841.500126 -20.986  1.056   -15   16 o  0   2.02  37.49987  28.63419  5268.01  6501.83 2.43 1.87  32.9 -0.438 17.76 19.88 02a59841o0633o
59841.536388  20.968  0.815    15   12 o  0   2.41  37.49987  28.63419  5223.48  6428.18 2.65 2.05  35.2 -0.427 19.45 20.78 02a59841o0694o
59841.560369 -19.534  0.198   -56   11 o  0   2.12  37.49987  28.63419  5375.92  4033.47 2.69 2.04  35.2 -0.436 19.43 20.75 02a59841o0745o
59842.483322 -21.778  1.758    -7   12 o  0   1.57  37.49987  28.63419  3305.48  6542.56 2.35 1.91  30.6 -0.430 19.52 20.74 02a59842o0595o
59842.485131  21.550  1.467     9   13 o  0   1.92  37.49987  28.63419  3324.90  6581.90 2.41 1.92  31.0 -0.426 19.47 20.76 02a59842o0599o
59842.488752 -20.870  0.828   -16   14 o  0   1.15  37.49987  28.63419  3266.74  6503.30 2.36 1.87  31.9 -0.434 19.54 20.77 02a59842o0607o
59842.494177  22.096  2.106     5   11 o  0   2.97  37.49987  28.63419  3244.76  6620.31 2.35 1.89  32.0 -0.429 19.49 20.74 02a59842o0619o
59843.543339 -24.978 30.000    -0   11 o  0   2.64  37.49987  28.63419  6662.01  8464.41 2.51 2.41  38.8 -0.422 19.51 20.60 01a59843o0605o
59843.546575  19.444  0.199    61   12 o  0   1.97  37.49987  28.63419  6682.98  8503.09 2.57 2.44  39.8 -0.418 19.48 20.58 01a59843o0612o
59843.551686  20.581  0.503    21   11 o  0   2.39  37.49987  28.63419  6624.63  8426.69 2.51 2.40  44.3 -0.421 19.51 20.59 01a59843o0623o
59843.562062  19.904  0.276    40   11 o  0   1.90  37.49987  28.63419  6607.21  8543.14 2.50 2.35  44.8 -0.423 19.50 20.50 01a59843o0645o
59843.641063  21.244  2.967    12   34 o  0   1.33  37.49987  28.63419  6666.78  8495.08 2.55 2.44  56.5 -0.427 18.29 18.14 01a59843o0807o
59844.499183  24.814 17.667     0    8 c  0   2.79  37.49987  28.63419  3894.62  2251.04 2.99 2.72  52.5 -0.370 19.75 21.63 01a59844o0615c
59844.533592  20.801  0.482    17    8 c  0   2.41  37.49987  28.63419  6681.18  8502.54 3.18 2.87  48.9 -0.336 19.74 21.66 01a59844o0684c
59844.536371  20.321  0.326    27    9 c  0   1.92  37.49987  28.63419  6623.45  8426.57 3.07 2.83  44.2 -0.344 19.74 21.66 01a59844o0690c
59844.542651  21.709  1.021     8    8 c  0   2.13  37.49987  28.63419  6604.77  8542.42 3.34 2.86  48.1 -0.315 19.67 21.66 01a59844o0700c
59845.482364  24.164 18.600     1   15 o  0   1.71  37.49987  28.63419  3302.21  6539.75 2.53 1.97  34.8 -0.419 19.28 20.68 02a59845o0603o
59845.485353  22.146  2.472     5   12 o  0   2.13  37.49987  28.63419  3324.18  6577.65 2.42 1.99  35.6 -0.421 19.41 20.81 02a59845o0609o
59845.488516 -19.379  0.216   -64   14 o  0   1.99  37.49987  28.63419  3266.85  6500.58 2.53 1.99  37.1 -0.418 19.43 20.85 02a59845o0616o
59845.495784 -19.742  0.227   -46   10 o  0   2.29  37.49987  28.63419  3247.39  6616.60 2.49 2.06  39.4 -0.419 19.46 20.90 02a59845o0632o
59846.458383 -20.493  0.774   -23   18 o  0   1.54  37.49987  28.63419  3300.73  6537.59 2.32 1.96  36.7 -0.432 19.01 20.15 02a59846o0505o
59846.482275  21.321  1.097    11   12 o  0   1.59  37.49987  28.63419  3324.96  6577.91 2.34 1.94  34.6 -0.431 19.47 20.74 02a59846o0549o
59846.484188 -19.981  0.298   -37   11 o  0   2.52  37.49987  28.63419  3266.17  6500.48 2.40 1.96  34.7 -0.433 19.47 20.74 02a59846o0553o
59846.487353 -20.192  0.417   -30   13 o  0   1.89  37.49987  28.63419  3245.45  6616.59 2.40 1.99  35.3 -0.428 19.47 20.75 02a59846o0560o
59847.472326  21.652  1.255     8   10 c  0   1.80  37.49987  28.63419  3889.75  2256.16 2.97 2.73  52.9 -0.375 19.60 21.39 01a59847o0487c
59847.474217  21.664  1.113     8    9 c  0   2.26  37.49987  28.63419  3869.54  2216.08 2.96 2.73  46.5 -0.375 19.68 21.45 01a59847o0491c
59847.476989  20.342  0.311    26    8 c  0   2.53  37.49987  28.63419  3928.66  2293.68 2.90 2.67  50.1 -0.377 19.72 21.47 01a59847o0497c
59847.498566 -21.179  0.671   -12    8 c  0   2.38  37.49987  28.63419  3950.12  2174.47 3.07 2.76  48.2 -0.369 19.66 21.43 01a59847o0540c
59848.496844  21.627  1.158     8    9 c  0   1.88  37.49987  28.63419 10000.17  2508.17 2.88 2.87   4.2 -0.340 19.64 21.41 01a59848o0581c
59848.498693  21.834  1.326     7    9 c  0   2.32  37.49987  28.63419  9980.18  2468.07 2.95 2.87  11.2 -0.343 19.63 21.40 01a59848o0585c
59848.502388  21.603  0.949     8    8 c  0   2.55  37.49987  28.63419 10039.55  2546.67 2.88 2.80  11.5 -0.349 19.62 21.37 01a59848o0593c
59848.508849  26.000 56.000     0    8 c  0   2.17  37.49987  28.63419 10060.45  2429.09 2.96 2.84   3.3 -0.336 19.59 21.36 01a59848o0607c
59849.455649  21.128  0.816    13   10 o  0   2.63  37.49987  28.63419  3304.45  6538.89 2.54 2.05  34.8 -0.419 19.51 20.92 02a59849o0533o
59849.457911  20.141  0.323    32   10 o  0   3.00  37.49987  28.63419  3324.19  6578.15 2.41 1.99  35.4 -0.424 19.57 20.94 02a59849o0538o
59849.470900  21.020  0.850    14   12 o  0   1.94  37.49987  28.63419  3268.71  6501.08 2.49 2.00  32.0 -0.421 19.58 20.96 02a59849o0561o
59849.474518  20.704  0.559    19   11 o  0   2.27  37.49987  28.63419  3249.23  6617.07 2.55 2.05  35.8 -0.421 19.53 20.97 02a59849o0569o
59850.464241 -19.703  0.221   -48   10 o  0   2.57  37.49987  28.63419  8029.04  2476.55 2.19 2.03  18.4 -0.432 19.53 20.86 02a59850o0560o
59850.488509 -20.566  0.459   -22   10 o  0   2.49  37.49987  28.63419  8056.05  2515.61 2.21 2.13  32.5 -0.424 19.51 20.94 02a59850o0608o
59850.490318 -20.850  0.681   -17   11 o  0   1.85  37.49987  28.63419  7997.68  2440.75 2.22 2.12  44.2 -0.422 19.50 20.94 02a59850o0612o
59850.493481  23.950 10.625     1   10 o  0   2.05  37.49987  28.63419  7977.46  2559.07 2.24 2.14  38.6 -0.420 19.52 20.95 02a59850o0619o
59851.533823  21.078  0.758    14   10 c  0   1.73  37.49987  28.63419   568.76  8253.09 3.01 2.77  65.5 -0.373 19.71 21.48 01a59851o0699c
59851.537992 -20.605  0.441   -21    9 c  0   1.84  37.49987  28.63419   590.03  8293.33 2.92 2.75  60.2 -0.379 19.69 21.46 01a59851o0708c
59851.544593 -22.102  1.722    -5    9 c  0   2.23  37.49987  28.63419   531.77  8215.46 2.95 2.77  67.3 -0.375 19.67 21.41 01a59851o0722c
59851.564388 -20.584  0.450   -21   10 c  0   1.90  37.49987  28.63419   517.48  8333.88 3.02 2.82  62.2 -0.371 19.66 21.53 01a59851o0761c
59852.477859  20.547  0.400    22    9 c  0   2.32  37.49987  28.63419  9988.96  2509.38 2.99 2.96 -11.2 -0.335 19.66 21.58 01a59852o0516c
59852.503092  22.185  1.724     5    8 c  0   2.32  37.49987  28.63419  9969.07  2462.42 3.22 3.09  -7.6 -0.319 19.60 21.54 01a59852o0565c
59852.504953  20.910  0.534    16    8 c  0   2.24  37.49987  28.63419 10028.43  2541.91 3.07 2.96  -2.1 -0.324 19.65 21.54 01a59852o0569c
59852.511408 -22.664  3.100    -3   10 c  0   1.77  37.49987  28.63419 10048.76  2423.05 3.10 2.98  -8.2 -0.327 19.64 21.54 01a59852o0582c
59853.543356 -19.407  0.192   -63   12 o  0   2.26  37.49987  28.63419  2541.21  8091.85 2.37 2.11  28.3 -0.413 19.40 20.70 02a59853o0740o
59853.546250  26.189 102.000     0   12 o  0   2.01  37.49987  28.63419  2524.12  8052.38 2.38 2.04  28.4 -0.410 19.45 20.69 02a59853o0746o
59853.551732 -21.902  1.825    -6   12 o  0   2.09  37.49987  28.63419  2580.81  8130.83 2.26 1.96  26.4 -0.416 19.46 20.65 02a59853o0758o
59853.561745  21.982  2.000     6   12 o  0   2.63  37.49987  28.63419  2600.03  8012.71 2.27 1.99  27.8 -0.418 19.46 20.66 02a59853o0778o
59854.445660 -20.559  0.476   -22   10 o  0   2.25  37.49987  28.63419  8022.74  2477.05 2.03 2.01   0.5 -0.443 19.58 20.84 02a59854o0520o
59854.448009  20.491  0.496    23   11 o  0   1.87  37.49987  28.63419  8038.99  2518.97 2.04 1.96  24.5 -0.441 19.54 20.84 02a59854o0525o
59854.451178 -20.606  0.550   -21   11 o  0   1.95  37.49987  28.63419  7982.50  2440.59 2.03 2.01  33.2 -0.437 19.57 20.84 02a59854o0532o
59854.466407 -20.233  0.342   -29   10 o  0   2.21  37.49987  28.63419  7968.75  2559.03 2.01 1.96  13.9 -0.437 19.58 20.85 02a59854o0562o
59855.459706  21.035  0.560    14    8 c  0   1.93  37.49987  28.63419  9978.39  2515.29 2.83 2.79 -23.7 -0.353 19.72 21.62 01a59855o0541c
59855.461608 -21.347  0.750   -10    8 c  0   2.17  37.49987  28.63419  9958.46  2474.52 2.79 2.76 -39.1 -0.358 19.73 21.60 01a59855o0545c
59855.464378 -22.556  2.240    -3    8 c  0   2.33  37.49987  28.63419 10017.26  2553.94 2.83 2.79 -33.7 -0.352 19.73 21.60 01a59855o0551c
59855.476917  20.464  0.352    24    8 c  0   2.61  37.49987  28.63419 10038.23  2433.81 2.89 2.81   7.5 -0.340 19.63 21.55 01a59855o0578c
59856.474583 -21.002  0.646   -14    9 c  0   1.74  37.49987  28.63419  3056.95  8069.64 3.03 2.79  56.1 -0.344 19.69 21.42 01a59856o0542c
59856.477816  21.680  1.148     8    9 c  0   1.96  37.49987  28.63419  3038.29  8030.38 3.02 2.76  57.0 -0.347 19.69 21.43 01a59856o0549c
59856.495532 -23.497  6.500    -1    9 c  0   1.76  37.49987  28.63419  3093.62  8104.86 3.04 2.79  56.7 -0.339 19.69 21.42 01a59856o0587c
59856.504612  21.328  0.922    11   10 c  0   1.57  37.49987  28.63419  7399.33  2721.55 2.86 2.73  42.4 -0.377 19.67 21.43 01a59856o0606c
59858.497873  20.235  0.714    29   21 o  0   1.36  37.49987  28.63419  3287.67  2269.84 2.30 1.91  32.3 -0.450 18.88 19.55 02a59858o0651o
59858.502047 -20.235  0.860   -29   25 o  0   0.99  37.49987  28.63419  3267.71  2228.65 2.25 1.95  34.6 -0.446 18.73 19.32 02a59858o0659o
59858.507985  20.336  0.628    27   17 o  0   1.57  37.49987  28.63419  3331.83  2310.76 2.30 1.90  33.0 -0.438 18.92 19.64 02a59858o0670o
59858.540197  22.035  3.255     6   18 o  0   1.40  37.49987  28.63419  3344.96  2195.49 2.24 1.88  32.6 -0.446 19.12 20.16 02a59858o0738o
59859.511303  21.522  2.096     9   19 o  0   1.59  37.49987  28.63419  7476.02  2638.16 2.96 2.89 -75.7 -0.403 18.91 19.83 01a59859o0511o
59859.514544  21.697  2.286     8   17 o  0   1.43  37.49987  28.63419  7495.76  2678.65 2.60 2.55  61.9 -0.435 19.05 19.83 01a59859o0518o
59859.524315  21.057  1.067    14   15 o  0   1.52  37.49987  28.63419  7440.23  2601.72 2.39 2.32  39.6 -0.450 19.14 19.81 01a59859o0538o
59859.552516  19.519  0.364    57   21 o  0   1.85  37.49987  28.63419  7428.26  2721.89 2.24 2.12 -30.9 -0.503 18.87 19.85 01a59859o0593o
59859.644257 -19.565  0.589   -54   32 o  0   1.70  37.49987  28.63419  7491.07  2679.70 2.88 2.72  36.0 -0.407 18.11 18.16 01a59859o0778o
59860.366213  21.509  2.897     9   26 o  0   1.32  37.49987  28.63419  3031.10  8083.74 2.30 2.21  54.7 -0.461 18.68 18.74 01a59860o0339o
59860.368984  20.947  1.649    15   25 o  0   1.32  37.49987  28.63419  3013.19  8044.91 2.28 2.19  59.9 -0.454 18.65 18.76 01a59860o0345o
59860.372678 -22.284  4.550    -4   20 o  0   1.55  37.49987  28.63419  3070.17  8121.51 2.27 2.17  50.9 -0.449 18.70 18.79 01a59860o0353o
59860.378237 -21.051  1.589   -14   22 o  0   1.50  37.49987  28.63419  3092.49  8004.65 2.35 2.17  53.0 -0.433 18.79 18.89 01a59860o0365o
59861.441814  18.704  2.166   120  259 o  0   1.16  37.49987  28.63419  7278.98  8295.05 2.57 2.08  34.3 -0.445 17.42 17.48 02a59861o0525o
59861.443624 -18.137  1.424  -202  288 o  0   1.17  37.49987  28.63419  7299.82  8335.03 2.52 2.07  32.6 -0.488 17.31 17.39 02a59861o0529o
59861.446789  17.730  1.724   294  506 o  0   0.90  37.49987  28.63419  7241.55  8256.68 2.53 2.07  33.5 -0.508 16.96 16.94 02a59861o0536o
59861.456829 -17.915  1.003  -248  249 o  0   1.48  37.49987  28.63419  7225.57  8374.29 2.55 2.05  34.4 -0.514 17.44 17.52 02a59861o0558o
59866.547159 -19.547  0.383   -55   21 o  0   1.28  37.49987  28.63419  8254.96  5896.42 2.57 2.04  31.9 -0.409 18.93 19.54 02a59866o0775o
59866.553768  21.684  2.623     8   20 o  0   1.58  37.49987  28.63419  8234.84  5855.28 2.44 2.04  32.8 -0.424 18.93 19.53 02a59866o0789o
59866.556944  20.455  0.714    24   17 o  0   2.24  37.49987  28.63419  8292.64  5931.01 2.54 2.08  33.6 -0.403 18.89 19.52 02a59866o0796o
59866.568276  20.897  1.258    16   20 o  0   2.02  37.49987  28.63419  8313.45  5820.37 2.50 2.04  30.3 -0.408 18.91 19.51 02a59866o0821o
59867.511551 -20.343  0.547   -26   14 o  0   1.33  37.49987  28.63419  3198.39  6723.63 2.54 2.26  48.4 -0.397 19.32 20.09 01a59867o0689o
59867.536027  20.977  0.855    15   13 o  0   2.16  37.49987  28.63419  3225.05  6766.76 2.58 2.32  49.2 -0.400 19.29 20.12 01a59867o0740o
59867.538904  20.198  0.484    30   15 o  0   1.82  37.49987  28.63419  3166.00  6689.17 2.59 2.34  49.4 -0.404 19.32 20.09 01a59867o0746o
59867.558386  20.032  0.396    35   14 o  0   2.14  37.49987  28.63419  3151.00  6805.71 2.77 2.40  47.9 -0.379 19.16 19.99 01a59867o0787o
59868.473924  21.585  1.403     8   12 o  0   1.94  37.49987  28.63419  3194.17  6720.53 2.65 2.38  48.9 -0.402 19.43 20.53 01a59868o0588o
59868.476714 -20.946  0.806   -15   12 o  0   1.81  37.49987  28.63419  3214.96  6760.27 2.49 2.27  44.5 -0.406 19.49 20.53 01a59868o0594o
59868.508900  20.726  0.549    19   10 o  0   2.05  37.49987  28.63419  3162.29  6684.17 2.52 2.27  47.4 -0.404 19.50 20.56 01a59868o0661o
59868.516045  21.048  0.828    14   11 o  0   1.76  37.49987  28.63419  3143.94  6800.55 2.52 2.22  48.8 -0.408 19.51 20.60 01a59868o0676o
59869.417348 -20.927  0.789   -16   12 o  0   2.10  37.49987  28.63419  2315.69  4676.54 2.38 1.91  30.5 -0.447 19.48 20.67 02a59869o0480o
59869.420512  22.841  3.958     3   10 o  0   2.51  37.49987  28.63419  2335.20  4716.73 2.28 1.88  32.7 -0.448 19.52 20.66 02a59869o0487o
59869.423681 -19.367  0.209   -65   14 o  0   1.85  37.49987  28.63419  2277.83  4638.34 2.33 1.89  34.2 -0.449 19.48 20.62 02a59869o0494o
59869.429253  20.435  0.477    24   12 o  0   2.09  37.49987  28.63419  2260.18  4754.82 2.30 1.86  35.7 -0.444 19.48 20.62 02a59869o0506o
59870.471391 -20.891  0.599   -16   10 o  0   3.13  37.49987  28.63419  8265.19  5893.91 2.45 1.90  32.8 -0.427 19.48 20.60 02a59870o0584o
59870.475013  20.365  0.438    26   11 o  0   2.18  37.49987  28.63419  8245.41  5854.84 2.46 1.92  30.8 -0.427 19.49 20.59 02a59870o0592o
59870.481071 -22.722  4.577    -3   14 o  0   1.56  37.49987  28.63419  8302.85  5933.81 2.37 1.92  33.3 -0.426 19.50 20.61 02a59870o0605o
59870.516491  20.081  0.319    34   11 o  0   3.09  37.49987  28.63419  8316.64  5817.08 2.55 2.01  29.7 -0.424 19.41 20.63 02a59870o0681o
59871.503857 -21.037  0.748   -14   10 o  0   2.46  37.49987  28.63419  1312.83  6709.09 2.35 2.16  53.8 -0.445 19.72 21.01 01a59871o0653o
59871.507253 -22.303  2.357    -4   10 o  0   2.10  37.49987  28.63419  1333.39  6748.42 2.32 2.11  54.3 -0.450 19.72 21.00 01a59871o0660o
59871.540126  20.385  0.427    26   11 o  0   1.96  37.49987  28.63419  1281.49  6672.94 2.42 2.30  55.4 -0.436 19.63 20.90 01a59871o0728o
59871.556357 -22.041  2.042    -6   11 o  0   2.03  37.49987  28.63419  1265.37  6790.81 2.40 2.26  59.3 -0.446 19.62 20.87 01a59871o0762o
59871.639820  21.065  1.714    14   23 o  0   1.11  37.49987  28.63419  1320.53  6740.56 2.46 2.42  60.9 -0.452 18.93 19.55 01a59871o0931o
59872.476137 -20.574  0.484   -21   10 o  0   2.57  37.49987  28.63419  2218.10  2848.01 2.66 2.49  50.2 -0.436 19.54 21.00 01a59872o0482o
59872.490311 -20.818  0.527   -17    9 o  0   3.08  37.49987  28.63419  2240.67  2888.22 2.48 2.28  44.1 -0.433 19.67 21.05 01a59872o0511o
59872.493564  20.001  0.330    36   12 o  0   1.77  37.49987  28.63419  2183.24  2810.20 2.60 2.46  43.2 -0.424 19.59 21.03 01a59872o0518o
59872.499357  22.062  1.771     5   10 o  0   3.11  37.49987  28.63419  2166.47  2926.27 2.38 2.28  49.1 -0.443 19.70 20.99 01a59872o0530o
59873.595180  20.698  0.776    19   15 o  0   1.73  37.49987  28.63419  8253.38  5893.93 2.99 2.25  31.2 -0.392 19.30 20.58 02a59873o0254o
59873.598363 -21.267  1.000   -11   11 o  0   1.96  37.49987  28.63419  8238.31  5853.26 2.43 2.05  31.9 -0.428 19.43 20.56 02a59873o0261o
59873.603853 -19.981  0.338   -37   12 o  0   1.67  37.49987  28.63419  8296.48  5933.48 2.40 2.08  31.8 -0.426 19.42 20.53 02a59873o0273o
59873.614039  19.965  0.375    38   14 o  0   1.55  37.49987  28.63419  8316.60  5813.77 2.40 2.10  32.2 -0.423 19.38 20.45 02a59873o0295o
59875.454574 -19.679  0.169   -49    8 o  0   3.54  37.49987  28.63419  2219.81  2847.19 2.39 2.17  45.4 -0.450 19.69 20.98 01a59875o0558o
59875.457817  22.602  2.793     3    9 o  0   2.59  37.49987  28.63419  2240.25  2886.56 2.45 2.24  46.4 -0.442 19.65 21.01 01a59875o0565o
59875.464593 -21.565  1.203    -9   10 o  0   2.30  37.49987  28.63419  2183.76  2806.92 2.42 2.16  40.0 -0.443 19.69 21.01 01a59875o0579o
59875.474652 -22.182  2.089    -5   10 o  0   2.80  37.49987  28.63419  2167.85  2923.32 2.41 2.17  41.1 -0.440 19.74 21.08 01a59875o0600o
59876.399314 -24.232 12.667    -1    9 o  0   3.13  37.49987  28.63419  8301.39  7906.43 2.46 2.36 -72.8 -0.451 19.67 20.88 01a59876o0434o
59876.402102  19.724  0.239    47   11 o  0   2.02  37.49987  28.63419  8281.57  7866.01 2.45 2.36 -78.0 -0.449 19.66 20.90 01a59876o0440o
59876.404906  19.930  0.274    39   11 o  0   2.28  37.49987  28.63419  8339.75  7943.75 2.46 2.34 -67.9 -0.455 19.67 20.92 01a59876o0446o
59876.424308  21.313  1.057    11   12 o  0   1.85  37.49987  28.63419  8359.84  7820.84 2.45 2.39  82.8 -0.450 19.68 20.99 01a59876o0482o
59879.458479 -21.106  0.791   -13   10 o  0   3.02  37.49987  28.63419  2224.47  2838.49 2.59 2.20  34.2 -0.443 19.58 20.84 01a59879o0401o
59879.461712 -17.254  0.311  -455  142 o  0   1.82  37.49987  28.63419  2245.54  2877.81 2.60 2.30  41.2 -0.452 16.75 17.76 01a59879o0408o
59880.449262 -20.230  0.356   -29   10 o  0   2.15  37.49987  28.63419  7167.97  6421.32 2.84 2.69  51.3 -0.386 19.46 20.91 01a59880o0387o
59880.459193 -19.695  0.218   -48   10 o  0   2.46  37.49987  28.63419  7189.46  6461.40 2.80 2.55  39.4 -0.377 19.49 20.85 01a59880o0407o
59880.462424  19.971  0.288    37   11 o  0   2.22  37.49987  28.63419  7130.22  6384.82 2.67 2.57  43.5 -0.391 19.50 20.81 01a59880o0414o
59880.467523  21.855  1.771     7   12 o  0   1.82  37.49987  28.63419  7112.22  6501.94 2.69 2.57  40.3 -0.385 19.53 20.80 01a59880o0425o
59881.521423  20.184  0.340    31   10 c  0   1.73  37.49987  28.63419  9209.72  2033.21 2.51 2.42 -60.7 -0.404 19.52 21.25 02a59881o0553c
59881.554107  21.033  0.766    14   11 c  0   2.12  37.49987  28.63419  9190.20  1992.25 2.40 2.25 -56.3 -0.420 19.53 21.15 02a59881o0621c
59881.556943  23.474  7.818     2   12 c  0   1.44  37.49987  28.63419  9249.99  2071.70 2.43 2.29 -59.2 -0.415 19.53 21.14 02a59881o0627c
59881.561199  22.937  4.500     2   11 c  0   2.27  37.49987  28.63419  9271.81  1954.19 2.44 2.26 -57.6 -0.418 19.51 21.11 02a59881o0636c
59882.453723 -20.323  0.402   -27   11 c  0   2.22  37.49987  28.63419  7368.47  9767.93 2.81 2.55  42.9 -0.393 19.51 21.26 02a59882o0547c
59882.459526  19.872  0.278    41   11 c  0   1.81  37.49987  28.63419  7349.71  9725.89 2.72 2.54  46.1 -0.399 19.54 21.25 02a59882o0559c
59882.463221 -20.255  0.386   -29   11 c  0   2.20  37.49987  28.63419  7407.32  9808.38 2.76 2.56  41.1 -0.398 19.51 21.26 02a59882o0567c
59882.475636  20.840  0.657    17   11 c  0   2.43  37.49987  28.63419  7426.15  9688.53 2.75 2.59  45.1 -0.395 19.51 21.24 02a59882o0593c
59883.436981  20.625  0.614    20   12 o  0   1.71  37.49987  28.63419  7158.56  6422.97 2.64 2.51  34.7 -0.383 19.45 20.63 01a59883o0539o
59883.440214  20.502  0.492    23   11 o  0   1.94  37.49987  28.63419  7179.13  6462.00 2.47 2.35  38.1 -0.400 19.52 20.62 01a59883o0546o
59883.449273  21.933  1.848     6   11 o  0   2.23  37.49987  28.63419  7122.07  6384.50 2.68 2.54  38.4 -0.379 19.47 20.66 01a59883o0564o
59883.459210 -21.661  1.443    -8   11 o  0   1.88  37.49987  28.63419  7105.21  6501.59 2.62 2.50  45.9 -0.388 19.47 20.66 01a59883o0585o
59884.430495 -21.653  1.109    -8    9 o  0   3.01  37.49987  28.63419  7158.73  6418.56 2.51 2.45  51.1 -0.401 19.61 20.90 01a59884o0441o
59884.433264  26.142 82.000     0   10 o  0   1.99  37.49987  28.63419  7179.75  6457.20 2.57 2.45  61.0 -0.402 19.60 20.92 01a59884o0447o
59884.458869  20.896  0.649    16   10 o  0   1.85  37.49987  28.63419  7126.15  6383.41 2.79 2.66  51.5 -0.367 19.50 20.92 01a59884o0499o
59884.481295 -21.803  1.296    -7    9 o  0   3.49  37.49987  28.63419  7111.09  6504.30 2.61 2.47  41.8 -0.388 19.56 20.87 01a59884o0543o
59885.426866 -20.458  0.545   -24   13 o  0   1.64  37.49987  28.63419  7370.43  9766.57 2.38 2.14  39.7 -0.433 19.34 20.33 02a59885o0525o
59885.430032 -21.396  1.212   -10   12 o  0   2.31  37.49987  28.63419  7351.11  9728.35 2.23 2.09  40.6 -0.441 19.37 20.33 02a59885o0532o
59885.435527 -19.838  0.368   -42   16 o  0   1.10  37.49987  28.63419  7408.07  9807.32 2.16 2.11  54.1 -0.451 19.39 20.35 02a59885o0544o
59885.452780 -19.703  0.286   -48   14 o  0   1.39  37.49987  28.63419  7424.40  9692.54 2.34 2.14  37.7 -0.439 19.41 20.50 02a59885o0576o
59886.316068  20.348  0.712    26   19 o  0   0.93  37.49987  28.63419  3185.25   802.69 2.25 1.84  45.2 -0.446 19.07 19.83 02a59886o0283o
59886.351806  21.263  1.640    11   19 o  0   1.29  37.49987  28.63419  3213.21   842.46 2.01 1.93  85.9 -0.475 19.16 19.93 02a59886o0356o
59886.359247  22.078  3.358     5   18 o  0   0.99  37.49987  28.63419  3161.11   761.11 2.00 1.91  80.5 -0.485 19.13 19.93 02a59886o0371o
59886.363539 -22.002  2.800    -6   16 o  0   1.76  37.49987  28.63419  3143.71   879.32 2.04 1.95 -89.2 -0.477 19.16 19.96 02a59886o0379o
59886.571325  19.404  0.207    63   13 o  0   1.91  37.49987  28.63419  1567.16   975.12 2.66 2.48  48.3 -0.420 19.45 20.79 01a59886o0351o
59887.371609 -21.389  1.691   -10   17 o  0   1.32  37.49987  28.63419  3387.37  4296.70 2.64 2.34  41.7 -0.406 19.10 19.78 01a59887o0355o
59887.400931 -19.840  0.345   -42   14 o  0   2.22  37.49987  28.63419  3445.31  4213.56 2.74 2.42  38.7 -0.392 19.07 19.80 01a59887o0415o
59895.442427  20.901  1.046    16   17 o  0   1.53  37.49987  28.63419  8841.42   563.16 2.21 2.02 -50.3 -0.483 19.25 19.88 01a59895o0550o
59895.477709 -21.900  2.828    -6   18 o  0   1.59  37.49987  28.63419  8793.64   648.41 2.30 2.09 -54.0 -0.479 19.14 19.79 01a59895o0621o
59896.422551  19.453  0.258    60   16 o  0   1.25  37.49987  28.63419  6933.13   698.51 2.24 2.20   2.2 -0.475 19.37 20.20 01a59896o0520o
59896.431338  20.140  0.359    32   12 o  0   2.59  37.49987  28.63419  6953.90   737.82 2.20 2.19  -0.2 -0.481 19.36 20.14 01a59896o0538o
59896.434108  20.354  0.498    26   13 o  0   2.22  37.49987  28.63419  6897.26   661.04 2.29 2.21 -39.7 -0.474 19.32 20.14 01a59896o0544o
59897.321890  21.211  1.172    12   14 o  0   1.98  37.49987  28.63419 10054.36  4273.83 2.27 2.22 -14.8 -0.439 19.38 20.61 02a59897o0305o
59897.323746 -22.321  2.906    -4   12 o  0   2.39  37.49987  28.63419 10073.12  4312.32 2.34 2.25 -17.2 -0.434 19.39 20.60 02a59897o0309o
59897.338551  20.259  0.384    29   11 o  0   2.57  37.49987  28.63419   168.19  4275.15 2.35 2.19  21.1 -0.394 19.32 20.53 02a59897o0340o
59897.341715 -20.535  0.553   -22   12 o  0   2.07  37.49987  28.63419   109.77  4195.72 2.14 2.03  20.5 -0.401 19.38 20.51 02a59897o0347o
59897.347141 -16.919  0.133  -620   82 o  0   9.31  37.49987  28.63419    89.84  4311.81 2.10 1.97  17.1 -0.397 19.40 20.49 02a59897o0359o
59899.428664  22.279  2.220     4   10 o  0   2.86  37.49987  28.63419  6934.74   700.43 2.28 2.19 -53.3 -0.480 19.60 20.80 01a59899o0513o
59899.431437  20.744  0.598    18   11 o  0   2.43  37.49987  28.63419  6955.07   739.58 2.25 2.17 -57.1 -0.475 19.63 20.80 01a59899o0519o
59899.437918  21.118  0.867    13   11 o  0   1.71  37.49987  28.63419  6898.82   662.58 2.33 2.27 -55.8 -0.476 19.57 20.76 01a59899o0533o
59899.448077  20.380  0.489    26   12 o  0   1.57  37.49987  28.63419  6881.99   781.98 2.35 2.29 -25.0 -0.471 19.49 20.67 01a59899o0555o
59900.410135  21.813  1.442     7   10 c  0   1.50  37.49987  28.63419  6930.74   701.56 3.00 2.95  58.5 -0.368 19.64 21.43 01a59900o0398c
59900.412914 -20.422  0.374   -25    9 c  0   1.75  37.49987  28.63419  6950.88   740.55 3.00 2.93  31.1 -0.363 19.63 21.43 01a59900o0404c
59900.426976  20.652  0.492    20   10 c  0   1.92  37.49987  28.63419  6896.34   664.94 2.95 2.90 -77.2 -0.381 19.62 21.46 01a59900o0433c
59900.432223  21.117  0.788    13   10 c  0   1.98  37.49987  28.63419  6878.15   783.07 2.92 2.87  43.7 -0.378 19.65 21.44 01a59900o0444c
59901.474248  21.073  0.856    14   12 o  0   2.17  37.49987  28.63419   602.98  8237.17 2.11 1.96 -20.0 -0.445 19.47 20.78 02a59901o0190o
59901.477411 -20.630  0.502   -20   10 o  0   4.23  37.49987  28.63419   584.57  8198.54 2.01 1.90 -26.0 -0.456 19.51 20.76 02a59901o0197o
59901.486055  19.983  0.303    37   11 o  0   2.28  37.49987  28.63419   643.13  8274.06 2.02 1.89 -24.3 -0.458 19.44 20.72 02a59901o0216o
59901.486508  17.597  0.929   332  308 o  0   0.24  37.49987  28.63419 10526.45  8295.84 2.29 2.20 -11.8 -0.457 19.49 20.75 02a59901o0217o
59901.489721  19.657  0.447    50   22 o  0   2.15  37.49987  28.63419 10506.31  8255.48 2.58 2.20 -53.5 -0.427 19.48 20.72 02a59901o0224o
59901.496057  20.560  0.591    22   13 o  0   1.96  37.49987  28.63419   665.75  8155.12 2.06 1.93 -26.3 -0.456 19.39 20.61 02a59901o0238o
59902.334437  20.744  0.676    18   12 o  0   1.50  37.49987  28.63419  9962.25  2332.20 2.06 1.83 -53.4 -0.482 19.52 20.84 02a59902o0330o
59902.336246   0.000 21.300    -0   11 o  0   2.95  37.49987  28.63419  9983.97  2371.16 2.20 1.88 -53.0 -0.467 19.55 20.87 02a59902o0334o
59902.339203 -20.318  0.462   -27   12 o  0   1.91  37.49987  28.63419  9926.05  2295.42 2.09 1.83 -51.4 -0.476 19.51 20.86 02a59902o0340o
59902.347155 -20.029  0.466   -35   16 o  0   1.19  37.49987  28.63419    38.06  2282.91 1.98 1.90 -62.3 -0.456 19.52 20.80 02a59902o0356o
59902.348964  19.477  0.273    59   16 o  0   2.33  37.49987  28.63419    58.74  2322.90 1.95 1.93 -57.2 -0.462 19.53 20.80 02a59902o0360o
59902.352826  20.867  0.765    16   12 o  0   2.38  37.49987  28.63419  9909.82  2414.02 2.11 1.92 -49.8 -0.468 19.52 20.85 02a59902o0368o
59903.438596  20.126  0.311    32   10 c  0   1.26  37.49987  28.63419  6933.56   705.64 3.01 2.90  64.8 -0.358 19.67 21.48 01a59903o0249c
59903.441883  22.707  3.250     3   10 c  0   1.65  37.49987  28.63419  6954.51   745.10 2.95 2.86  55.5 -0.357 19.62 21.47 01a59903o0256c
59903.447569  22.213  1.344     5    6 c  0   4.18  37.49987  28.63419  6900.30   668.96 2.92 2.85  62.8 -0.362 19.67 21.45 01a59903o0268c
59903.464834 -23.192  5.231    -2   10 c  0   1.58  37.49987  28.63419  6887.26   789.64 2.87 2.82  64.5 -0.373 19.64 21.35 01a59903o0304c
59904.436154 -20.419  0.347   -25    9 c  0   2.19  37.49987  28.63419  4147.90  2766.44 3.23 2.96  44.2 -0.332 19.69 21.68 01a59904o0348c
59904.439409  22.069  1.500     5    8 c  0   2.21  37.49987  28.63419  4167.58  2805.83 3.28 2.99  45.1 -0.330 19.65 21.68 01a59904o0355c
59904.444501 -21.348  0.780   -10    8 c  0   2.38  37.49987  28.63419  4111.96  2728.77 3.32 3.10  41.9 -0.333 19.62 21.68 01a59904o0366c
59904.454798  21.179  0.667    12    8 c  0   2.64  37.49987  28.63419  4095.35  2847.02 3.28 3.02  43.5 -0.328 19.64 21.65 01a59904o0388c
59906.388844  24.868 26.000     0   11 o  0   2.34  37.49987  28.63419  1414.04  4338.61 2.32 2.28  -3.8 -0.447 19.48 21.02 02a59906o0460o
59906.394363 -20.651  0.616   -20   12 o  0   1.78  37.49987  28.63419  1394.28  4299.11 2.09 2.04 -27.5 -0.458 19.62 21.03 02a59906o0472o
59906.398431 -21.575  1.254    -8   11 o  0   2.71  37.49987  28.63419  1452.90  4376.24 2.15 2.12 -12.5 -0.452 19.60 21.02 02a59906o0481o
59906.408522 -20.355  0.491   -26   13 o  0   1.83  37.49987  28.63419  1474.01  4260.75 2.53 2.37 -13.8 -0.440 19.44 20.99 02a59906o0503o
59907.374849  22.372  1.964     4    8 c  0   2.36  37.49987  28.63419  4135.51  2758.81 3.02 2.76  46.7 -0.355 19.76 21.61 01a59907o0408c
59907.387460  20.321  0.344    27    9 c  0   1.78  37.49987  28.63419  4157.34  2798.09 3.05 2.83  49.2 -0.349 19.69 21.59 01a59907o0434c
59907.390232  20.329  0.303    27    8 c  0   2.13  37.49987  28.63419  4100.40  2720.88 3.06 2.81  46.5 -0.354 19.70 21.59 01a59907o0440c
59907.408706  20.014  0.270    36   10 c  0   1.69  37.49987  28.63419  4083.71  2837.89 3.14 2.90  41.3 -0.343 19.67 21.62 01a59907o0478c
59908.362194  20.324  0.319    27    9 c  0   2.17  37.49987  28.63419  4128.98  2758.40 3.02 2.80  46.6 -0.355 19.68 21.49 01a59908o0320c
59908.365170  22.713  2.842     3    8 c  0   1.66  37.49987  28.63419  4148.87  2797.61 3.10 2.92  46.2 -0.347 19.65 21.50 01a59908o0326c
59908.398250 -20.628  0.362   -20    7 c  0   2.33  37.49987  28.63419  4098.68  2722.56 3.13 2.93  44.7 -0.350 19.63 21.51 01a59908o0394c
59909.144658 -19.594  0.334   -53   18 o  0   1.25  37.49987  28.63419  1558.56   831.45 2.93 1.94  52.8 -0.393 19.13 20.27 04a59909o0292o
59909.157384 -22.823  6.000    -3   16 o  0   2.03  37.49987  28.63419  1589.86   860.56 2.86 2.03  49.4 -0.384 19.10 20.20 04a59909o0316o
59909.157835  21.131  1.286    13   16 o  0   1.63  37.49987  28.63419  1532.51   780.71 2.52 1.95  40.1 -0.450 19.12 20.15 04a59909o0317o
59909.158285 -20.277  0.609   -28   17 o  0   2.02  37.49987  28.63419  1514.11   897.43 2.79 1.93  50.6 -0.411 19.12 20.20 04a59909o0318o
59909.158736  19.962  0.437    38   16 o  0   2.02  37.49987  28.63419  1552.58   839.17 2.72 1.87  47.0 -0.414 19.15 20.19 04a59909o0319o
59909.377678  20.528  0.541    22   12 o  0   2.06  37.49987  28.63419  1414.56  4341.97 2.07 1.97  23.2 -0.461 19.51 20.66 02a59909o0289o
59909.382230  20.427  0.603    24   15 o  0   1.57  37.49987  28.63419  1394.88  4303.82 2.04 1.96  24.1 -0.461 19.52 20.66 02a59909o0297o
59909.388560 -20.706  0.620   -19   12 o  0   3.27  37.49987  28.63419  1453.07  4381.49 2.01 1.90  24.9 -0.464 19.50 20.66 02a59909o0311o
59909.407523  20.620  0.620    20   13 o  0   2.10  37.49987  28.63419  1472.44  4258.95 1.96 1.91 -38.2 -0.466 19.52 20.69 02a59909o0352o
59910.372282  23.213 10.091     2   19 o  0   1.50  37.49987  28.63419  1394.84  4302.79 1.96 1.94  -6.5 -0.464 18.92 19.93 02a59910o0407o
59914.376287 -21.244  1.296   -12   15 o  0   1.75  37.49987  28.63419  9525.05 10223.63 2.27 1.97 -54.3 -0.464 19.42 20.44 02a59914o0431o
59914.379904 -21.587  1.767    -8   15 o  0   1.39  37.49987  28.63419  9505.67 10183.41 2.23 1.97 -54.0 -0.462 19.41 20.43 02a59914o0439o
59914.385369  19.803  0.327    44   14 o  0   2.37  37.49987  28.63419  9564.90 10263.71 2.19 1.91 -57.9 -0.453 19.48 20.44 02a59914o0451o
59914.397349 -20.921  0.740   -16   12 o  0   3.30  37.49987  28.63419  9582.40 10146.24 2.14 1.88 -61.6 -0.471 19.44 20.44 02a59914o0477o
59926.366980 -21.874  2.362    -6   15 o  0   1.60  37.49987  28.63419  6324.39  5974.69 2.54 2.05  35.1 -0.435 19.19 20.20 02a59926o0121o
59926.381198 -20.721  0.877   -19   16 o  0   1.67  37.49987  28.63419  6304.32  5933.90 2.46 1.96  33.5 -0.436 19.22 20.14 02a59926o0152o
59926.384362  20.912  1.127    16   18 o  0   1.32  37.49987  28.63419  6363.61  6013.18 2.49 2.01  33.5 -0.432 19.18 20.13 02a59926o0159o
59926.396793  19.323  0.248    68   17 o  0   1.53  37.49987  28.63419  6383.86  5896.61 2.53 2.00  34.1 -0.435 19.19 20.12 02a59926o0186o
59957.390149 -20.309  0.602   -27   16 o  0   1.36  37.49987  28.63419  1329.04  2390.31 2.13 2.01  34.0 -0.449 19.12 20.11 02a59957o0407o
59957.408500 -23.487 11.083    -2   16 o  0   1.77  37.49987  28.63419  1308.14  2350.08 2.14 2.00  31.6 -0.456 18.98 19.78 02a59957o0439o
59957.423348 -20.100  0.543   -33   18 o  0   1.26  37.49987  28.63419  1372.35  2428.22 2.16 1.91  31.3 -0.453 18.90 19.62 02a59957o0469o
59957.427669 -20.106  0.493   -33   16 o  0   2.27  37.49987  28.63419  1393.51  2310.29 1.95 1.89 -58.4 -0.489 18.91 19.58 02a59957o0477o
59958.260341  22.827  4.696     3   13 o  0   1.63  37.49987  28.63419  1326.41  2402.85 2.10 2.08 -19.7 -0.451 19.40 20.50 02a59958o0145o
59958.263508 -20.304  0.444   -28   12 o  0   1.66  37.49987  28.63419  1307.14  2363.31 2.06 2.05 -11.3 -0.456 19.41 20.51 02a59958o0152o
59958.282709 -19.965  0.364   -38   14 o  0   1.60  37.49987  28.63419  1387.39  2321.16 2.08 2.04 -67.9 -0.453 19.41 20.44 02a59958o0194o
59963.807948  20.790  2.273    18   40 c  0   0.94  37.49987  28.63419    33.78  7017.12 2.51 2.44 -37.6 -0.385 18.15 20.91 03a59964o0083c
59965.278841 -19.956  0.365   -38   14 o  0   2.63  37.49987  28.63419  4460.06  7976.70 2.49 2.21  36.0 -0.410 19.29 20.55 02a59965o0177o
59965.282463  22.449  3.345     4   13 o  0   2.57  37.49987  28.63419  4440.66  7938.31 2.39 2.09  37.1 -0.423 19.37 20.55 02a59965o0185o
59965.288350 -20.087  0.308   -34   10 o  0   4.51  37.49987  28.63419  4498.38  8014.82 2.43 2.13  37.8 -0.419 19.33 20.51 02a59965o0198o
59965.298321 -20.869  0.779   -16   13 o  0   2.49  37.49987  28.63419  4518.18  7898.14 2.51 2.21  34.5 -0.410 19.31 20.48 02a59965o0220o
59966.246284 -19.660  0.266   -50   13 o  0   1.90  37.49987  28.63419  4478.08  7984.32 2.44 2.01  35.1 -0.427 19.36 20.50 02a59966o0104o
59966.249051 -20.005  0.350   -36   13 o  0   1.66  37.49987  28.63419  4459.04  7942.62 2.44 1.92  32.5 -0.417 19.39 20.50 02a59966o0110o
59966.254477 -19.350  0.222   -66   15 o  0   1.91  37.49987  28.63419  4515.52  8021.47 2.41 1.94  31.3 -0.417 19.40 20.49 02a59966o0122o
59966.264266  22.933  5.316     2   13 o  0   1.94  37.49987  28.63419  4533.36  7904.66 2.36 2.06  33.1 -0.430 19.33 20.45 02a59966o0143o
59969.242952 -21.337  1.368   -11   14 o  0   2.43  37.49987  28.63419  4469.01  7976.67 2.75 2.24  37.5 -0.393 19.21 20.37 02a59969o0021o
59969.247027  20.338  0.547    27   14 o  0   2.08  37.49987  28.63419  4448.87  7938.89 2.58 2.12  35.7 -0.396 19.26 20.38 02a59969o0030o
59969.253838 -19.949  0.415   -38   16 o  0   1.63  37.49987  28.63419  4505.15  8017.70 2.63 2.13  37.0 -0.404 19.24 20.35 02a59969o0045o
59969.263864 -21.417  1.729   -10   17 o  0   1.24  37.49987  28.63419  4523.01  7900.76 2.56 2.12  33.8 -0.414 19.25 20.36 02a59969o0067o
59970.323077 -22.278  5.857    -4   26 o  0   1.58  37.49987  28.63419  9226.91  3964.41 2.34 2.26  15.3 -0.417 18.60 19.47 02a59970o0167o
59970.326693  19.973  0.709    37   26 o  0   1.27  37.49987  28.63419  9206.41  3926.09 2.37 2.26  11.7 -0.407 18.54 19.47 02a59970o0175o
59970.332649  23.250 15.500     2   28 o  0   1.52  37.49987  28.63419  9264.24  4003.78 2.40 2.25  13.5 -0.410 18.51 19.41 02a59970o0188o
60018.224086  14.143  1.056  7993 8441 o  0   1.32  37.49987  28.63419  7718.72  5462.58 2.70 2.04  29.6 -0.449 12.47 12.81 02a60018o0014o
60018.227249 -18.987  7.407   -92  684 o  0   1.70  37.49987  28.63419  7702.46  5422.82 2.63 2.06  28.9 -0.443 15.03 15.42 02a60018o0021o
60018.232696 -20.749  5.625   -18  102 o  0   2.31  37.49987  28.63419  7764.93  5500.20 2.48 2.08  30.5 -0.431 16.88 17.51 02a60018o0033o
60018.243160 -16.235  0.433 -1164  504 o  0   1.39  37.49987  28.63419  7791.32  5381.86 2.28 2.12  28.4 -0.450 17.01 17.65 02a60018o0056o
60021.226341  20.459  1.805    24   43 o  0   1.55  37.49987  28.63419  7725.95  5457.47 2.61 1.99  30.8 -0.408 18.02 18.35 02a60021o0015o
60021.229505 -23.087 19.182    -2   41 o  0   1.10  37.49987  28.63419  7708.63  5417.66 2.55 1.99  32.4 -0.410 18.40 18.98 02a60021o0022o
60021.234938 -15.723  0.378 -1866  704 o  0   1.49  37.49987  28.63419  7769.61  5496.67 2.36 1.97  30.2 -0.462 15.63 16.13 02a60021o0034o
60021.244910  19.889  2.344    40   94 o  0   1.36  37.49987  28.63419  7793.68  5381.11 2.29 2.01  28.0 -0.423 17.07 17.71 02a60021o0056o
60125.598914 -21.227  1.162   -12   14 o  0   1.69  37.49987  28.63419  3879.07  2652.17 2.20 1.97  32.0 -0.450 19.24 20.25 02a60125o0744o
60125.602681 -20.080  0.483   -34   16 o  0   1.14  37.49987  28.63419  3897.50  2690.98 2.41 2.18  38.2 -0.425 19.14 20.24 02a60125o0752o
60125.610553  21.433  2.012    10   20 o  0   1.24  37.49987  28.63419  3839.73  2612.45 2.25 1.99  27.3 -0.445 19.03 19.77 02a60125o0768o
60125.619655  18.879  0.380   102   39 o  0   1.50  37.49987  28.63419  3820.19  2729.08 2.24 1.92  34.8 -0.469 18.02 17.94 02a60125o0787o
60134.416674 -15.134  0.723 -3209 2321 o  0   1.28  37.49987  28.63419  2604.33  8189.10 2.52 2.10 -72.8 -0.395 13.67 13.53 04a60134o1016o
60134.433966  16.216  0.698  1184  827 o  0   0.89  37.49987  28.63419  2584.49  8152.33 2.63 2.16 -69.6 -0.415 14.96 14.92 04a60134o1053o
60134.442284 -16.046  0.878 -1386 1217 o  0   1.02  37.49987  28.63419  2639.17  8228.88 2.48 2.07 -68.3 -0.387 14.13 13.95 04a60134o1071o
60134.445402  16.059  2.981  1369 4080 o  0   0.93  37.49987  28.63419  2658.75  8112.31 2.41 2.02 -69.2 -0.406 13.25 12.95 04a60134o1077o
60139.581608  21.396  1.196    10   12 c  0   2.00  37.49987  28.63419  7140.83  1763.98 2.88 2.74 -39.7 -0.391 19.29 21.07 02a60139o0704c
60139.584795  21.371  1.417    10   14 c  0   1.61  37.49987  28.63419  7160.96  1802.48 3.01 2.87 -50.1 -0.379 19.23 21.09 02a60139o0711c
60139.605124  20.265  0.368    28   10 c  0   2.11  37.49987  28.63419  7109.88  1726.23 2.68 2.57 -52.3 -0.384 19.37 21.12 02a60139o0755c
60139.611532  20.082  0.407    34   14 c  0   1.73  37.49987  28.63419  7091.94  1842.77 2.79 2.64 -62.4 -0.384 19.29 20.97 02a60139o0769c
60141.582755  24.484 23.750     1   14 c  0   1.28  37.49987  28.63419  1234.96  8543.42 2.42 2.31 -26.9 -0.444 19.45 21.14 02a60141o0714c
60141.585935 -21.802  1.936    -7   13 c  0   1.15  37.49987  28.63419  1253.28  8582.76 2.43 2.33 -37.0 -0.444 19.43 21.13 02a60141o0721c
60141.591851  20.361  0.411    26   11 c  0   2.35  37.49987  28.63419  1191.30  8503.41 2.45 2.34 -33.9 -0.447 19.46 21.17 02a60141o0734c
60141.607898 -22.181  2.344    -5   11 c  0   2.33  37.49987  28.63419  1167.48  8622.28 2.51 2.38 -30.4 -0.441 19.35 21.14 02a60141o0769c
60141.623388  19.772  0.859    45   38 c  0   1.95  37.49987  28.63419  1210.31  8564.04 2.56 2.47 -12.3 -0.445 18.29 19.29 02a60141o0803c
60145.547887  25.804 59.000     0   10 c  0   4.04  37.49987  28.63419  9919.98  4277.86 2.65 2.48 -55.0 -0.419 19.41 21.02 02a60145o0218c
60145.551118 -20.751  0.717   -18   13 c  0   1.90  37.49987  28.63419  9942.65  4316.76 2.72 2.57 -55.0 -0.415 19.38 21.03 02a60145o0225c
60145.586395  20.481  0.535    23   12 c  0   1.38  37.49987  28.63419  9872.61  4242.83 2.61 2.49 -52.2 -0.416 19.50 21.20 02a60145o0298c
60145.602867  19.891  0.266    40   11 c  0   2.73  37.49987  28.63419  9859.75  4360.17 2.59 2.48 -48.1 -0.414 19.53 21.24 02a60145o0332c
60146.371271  16.207  1.031  1194 1231 o  0   0.75  37.49987  28.63419   653.52  8289.03 2.75 2.15 -77.6 -0.370 14.20 15.38 04a60146o0727o
60146.376282 -15.940  0.319 -1528  488 o  0   1.85  37.49987  28.63419   710.32  8365.78 2.77 2.11 -75.6 -0.369 15.88 17.02 04a60146o0738o
60146.399621 -17.812  0.265  -272   72 o  0   1.79  37.49987  28.63419   729.62  8249.70 2.94 2.40 -80.1 -0.324 17.37 18.51 04a60146o0789o
60147.581539 -21.974  1.872    -6   11 c  0   1.93  37.49987  28.63419  9827.05  2335.11 2.59 2.27 -57.2 -0.427 19.46 21.12 02a60147o0705c
60147.584746  20.950  0.723    15   11 c  0   2.83  37.49987  28.63419  9843.53  2372.72 2.55 2.28 -55.1 -0.429 19.46 21.12 02a60147o0712c
60147.591134  19.924  0.308    39   12 c  0   1.60  37.49987  28.63419  9787.35  2297.83 2.57 2.27 -55.3 -0.428 19.42 21.12 02a60147o0726c
60147.611976  20.611  0.601    21   12 c  0   1.59  37.49987  28.63419  9772.65  2417.24 2.52 2.26 -55.4 -0.426 19.46 21.08 02a60147o0769c
60149.573136 -20.022  0.321   -36   11 c  0   2.40  37.49987  28.63419  9026.68  6232.12 2.72 2.64  35.0 -0.401 19.49 21.36 02a60149o0700c
60149.576310 -21.069  0.903   -14   12 c  0   1.39  37.49987  28.63419  9046.86  6271.76 2.73 2.64  50.0 -0.402 19.52 21.37 02a60149o0707c
60149.579102  20.086  0.345    34   12 c  0   2.01  37.49987  28.63419  8987.18  6196.05 2.63 2.54  38.4 -0.404 19.55 21.37 02a60149o0713c
60149.592431 -21.688  1.467    -8   11 c  0   2.33  37.49987  28.63419  8967.92  6313.03 2.60 2.53  31.5 -0.410 19.54 21.40 02a60149o0739c
60149.625032 -19.860  0.615   -41   25 c  0   1.39  37.49987  28.63419  9020.04  6258.59 2.74 2.62  39.4 -0.395 18.75 19.87 02a60149o0809c
60151.592293  20.676  0.481    20    9 c  0   2.61  37.49987  28.63419   916.07   354.89 2.50 2.26 -73.3 -0.433 19.53 21.26 02a60151o0716c
60151.611620  20.895  0.624    16   10 c  0   2.35  37.49987  28.63419   936.71   396.94 2.53 2.29 -77.7 -0.427 19.51 21.27 02a60151o0752c
60151.615460  21.817  1.447     7   10 c  0   2.52  37.49987  28.63419   880.66   314.91 2.49 2.25 -73.7 -0.450 19.48 21.17 02a60151o0760c
60151.620666  21.564  1.644     9   14 c  0   1.60  37.49987  28.63419   863.15   434.05 2.51 2.28 -74.4 -0.435 19.27 20.74 02a60151o0771c
60153.565251  20.144  0.353    32   11 c  0   1.90  37.49987  28.63419  4116.28  4602.42 2.89 2.63  26.3 -0.388 19.37 21.23 02a60153o0680c
60153.568439  19.038  0.219    88   19 c  0   2.03  37.49987  28.63419  4135.39  4641.21 2.83 2.60  25.5 -0.391 19.36 21.26 02a60153o0687c
60153.573531  20.013  0.288    36   10 c  0   2.28  37.49987  28.63419  4077.58  4564.18 2.79 2.55  28.1 -0.392 19.44 21.28 02a60153o0698c
60153.584538  20.029  0.302    35   11 c  0   2.27  37.49987  28.63419  4059.47  4680.08 2.78 2.54  35.9 -0.392 19.43 21.29 02a60153o0719c
60155.585858  20.172  0.403    31   12 o  0   2.20  37.49987  28.63419  4978.37   722.86 1.96 1.82 -80.7 -0.474 19.52 20.80 02a60155o0726o
60155.596412  20.179  0.401    31   12 o  0   3.12  37.49987  28.63419  4997.38   764.33 1.96 1.86 -88.7 -0.464 19.54 20.83 02a60155o0744o
60155.604785  19.824  0.278    43   12 o  0   1.75  37.49987  28.63419  4943.43   685.25 2.03 1.88 -82.9 -0.469 19.51 20.84 02a60155o0762o
60155.607948 -19.709  0.157   -47    8 o  0   5.06  37.49987  28.63419  4925.95   802.59 2.01 1.91 -89.5 -0.473 19.50 20.86 02a60155o0769o
