MJD          m      dm   uJy   duJy F err chi/N     RA       Dec        x        y     maj  min   phi  apfit mag5sig Sky   Obs
59791.345498  21.021  1.789    14   25 c  0   0.93   2.47917  -5.02114 10526.98  2246.32 3.59 2.39 -22.5 -0.332 19.61 21.56 04a59791o0760c
59791.354220  21.519  1.644     9   15 c  0   1.01   2.47917  -5.02114 10494.29  2198.57 3.61 2.39 -24.0 -0.322 19.60 21.53 04a59791o0778c
59791.357854 -25.960 65.000    -0   10 c  0   1.04   2.47917  -5.02114   263.20  2247.31 3.07 2.07  50.9 -0.349 19.65 21.53 04a59791o0786c
59791.360614  24.762 21.667     0   10 c  0   1.31   2.47917  -5.02114   284.95  2283.55 3.10 2.06  49.2 -0.347 19.68 21.60 04a59791o0792c
59791.364291  21.085  0.932    13   12 c  0   1.01   2.47917  -5.02114 10478.24  2306.08 3.42 2.24 -22.8 -0.347 19.61 21.55 04a59791o0800c
59791.366997  21.371  0.931    10   10 c  0   1.16   2.47917  -5.02114   229.04  2198.32 3.05 1.97  47.0 -0.356 19.66 21.53 04a59791o0806c
59791.399513  21.110  0.838    13   11 c  0   1.02   2.47917  -5.02114   224.85  2280.68 3.47 2.20  45.5 -0.323 19.57 21.44 04a59791o0875c
59791.435169  22.620  5.000     3   16 c  0   0.82   2.47917  -5.02114   273.10  2199.89 3.10 2.01  47.9 -0.334 19.28 20.68 04a59791o0950c
59792.587146  21.445  1.030    10   10 c  0   1.24   2.47917  -5.02114  2103.82 10215.03 2.44 2.34 -33.3 -0.430 19.54 21.12 02a59792o0700c
59792.593196 -22.642  3.045    -3   10 c  0   1.15   2.47917  -5.02114  2084.27 10177.11 2.46 2.37 -34.8 -0.432 19.54 21.13 02a59792o0713c
59792.596421 -20.557  0.107   -22    2 c  0 1352.25   2.47917  -5.02114  2149.21    34.58 2.51 2.21 -72.5 -0.402 19.53 21.13 02a59792o0720c
59792.617149  21.337  0.944    11   10 c  0   1.47   2.47917  -5.02114  2139.85 10255.81 2.50 2.35 -49.5 -0.448 19.50 21.09 02a59792o0765c
59792.620848  21.273  0.987    11   11 c  0   1.50   2.47917  -5.02114  2161.24 10139.25 2.46 2.37 -51.2 -0.441 19.42 20.85 02a59792o0773c
59794.572424 -21.198  1.263   -12   15 o  0   1.10   2.47917  -5.02114 10216.46  6469.76 3.14 2.88 -62.2 -0.441 19.31 20.78 01a59794o0272o
59794.575614  20.813  0.795    17   14 o  0   1.43   2.47917  -5.02114 10238.09  6508.86 3.02 2.74 -62.1 -0.448 19.37 20.80 01a59794o0279o
59794.586226 -21.909  1.903    -6   12 o  0   1.52   2.47917  -5.02114 10178.69  6434.13 3.07 2.77 -62.5 -0.455 19.39 20.81 01a59794o0302o
59794.589871 -21.234  1.029   -12   12 o  0   1.36   2.47917  -5.02114   112.30  6697.68 2.91 2.48 -44.7 -0.446 19.38 20.80 01a59794o0310o
59794.592615  20.948  0.836    15   13 o  0   1.43   2.47917  -5.02114 10163.37  6549.93 3.06 2.90 -67.6 -0.442 19.35 20.85 01a59794o0316o
59794.593526  22.771  4.125     3   12 o  0   1.38   2.47917  -5.02114   133.71  6736.86 2.97 2.59 -44.8 -0.422 19.34 20.82 01a59794o0318o
59794.603736 -21.536  1.627    -9   14 o  0   0.87   2.47917  -5.02114    75.28  6662.03 2.98 2.50 -47.4 -0.435 19.39 20.80 01a59794o0340o
59794.614117 -21.063  1.076   -14   15 o  0   0.89   2.47917  -5.02114    60.00  6780.27 2.94 2.51 -47.1 -0.439 19.36 20.76 01a59794o0362o
59796.596938 -22.416  2.194    -4    9 c  0   1.58   2.47917  -5.02114  2407.56  5833.08 2.31 2.25  40.6 -0.427 19.67 21.33 02a59796o0361c
59796.600103 -21.326  0.852   -11    9 c  0   1.50   2.47917  -5.02114  2389.37  5794.35 2.37 2.30  24.4 -0.421 19.64 21.32 02a59796o0368c
59796.606488  21.544  0.924     9    8 c  0   2.14   2.47917  -5.02114  2451.29  5873.89 2.38 2.30  38.9 -0.425 19.63 21.32 02a59796o0382c
59796.622330  21.265  0.940    11   11 c  0   1.04   2.47917  -5.02114  2466.35  5756.68 2.39 2.31  33.5 -0.422 19.47 20.92 02a59796o0416c
59796.630780  20.684  1.370    19   26 c  0   1.03   2.47917  -5.02114  2435.30  5820.63 2.43 2.31  42.6 -0.422 18.48 19.37 02a59796o0434c
59797.079477 -21.691  1.045    -8    8 c  0   0.76   2.47917  -5.02114  4226.86  4871.39 2.27 2.11 -45.7 -0.406 19.86 21.80 03a59797o0637c
59797.082394 -21.324  0.645   -11    7 c  0   1.43   2.47917  -5.02114  4243.53  4911.15 2.29 2.13 -40.6 -0.398 19.85 21.82 03a59797o0643c
59797.088550 -21.200  0.514   -12    6 c  0   1.70   2.47917  -5.02114  4184.17  4833.85 2.26 2.11 -43.7 -0.403 19.87 21.81 03a59797o0655c
59797.100421  21.476  0.934     9    9 c  0   1.03   2.47917  -5.02114  4157.12  4951.40 2.28 2.15 -39.4 -0.397 19.78 21.72 03a59797o0679c
59799.261041 -20.057  0.695   -34   24 o  0   1.14   2.47917  -5.02114  4278.67  3836.26 3.25 3.15 -69.8 -0.401 18.55 20.03 04a59799o0593o
59799.272861  22.372  5.571     4   23 o  0   0.76   2.47917  -5.02114  4264.29  3794.93 2.80 2.75  86.2 -0.374 18.74 20.04 04a59799o0619o
59799.277934  22.506  5.524     4   20 o  0   0.63   2.47917  -5.02114  4323.75  3871.89 2.67 2.55 -81.0 -0.375 18.81 20.10 04a59799o0630o
59800.434991  18.138  0.104   202   21 o  0   1.46   2.47917  -5.02114  8152.68  4731.88 2.34 2.06  35.0 -0.417 18.86 19.46 02a59800o0425o
59800.436801  18.360  0.125   164   20 o  0   1.12   2.47917  -5.02114  8173.40  4771.16 2.22 2.04  37.9 -0.429 18.93 19.47 02a59800o0429o
59800.446740  18.185  0.098   193   19 o  0   1.24   2.47917  -5.02114  8117.25  4690.70 2.20 2.13  50.7 -0.433 18.88 19.50 02a59800o0450o
59800.462379  18.314  0.106   172   18 o  0   1.39   2.47917  -5.02114  8091.32  4808.43 2.36 2.07  35.1 -0.424 18.92 19.59 02a59800o0482o
59800.957392  17.649  0.076   316   24 o  0   1.24   2.47917  -5.02114  2247.75  1849.50 2.31 2.17 -20.9 -0.429 18.73 19.18 03a59801o0536o
59800.960726  17.805  0.083   274   23 o  0   1.35   2.47917  -5.02114  2225.97  1811.95 2.31 2.16 -49.7 -0.420 18.63 19.07 03a59801o0543o
59800.966289  17.556  0.064   345   22 o  0   1.65   2.47917  -5.02114  2281.78  1890.74 2.23 2.08 -48.8 -0.421 18.73 19.11 03a59801o0555o
59800.977277  17.694  0.070   304   21 o  0   1.30   2.47917  -5.02114  2301.92  1775.15 2.24 2.08 -48.6 -0.411 18.81 19.30 03a59801o0579o
59801.279081  17.772  0.109   283   31 o  0   1.17   2.47917  -5.02114  8015.41  9929.51 2.61 2.34 -68.5 -0.376 18.60 19.13 04a59801o0687o
59801.280883  17.682  0.116   307   36 o  0   0.80   2.47917  -5.02114  7996.18  9890.31 2.41 2.09 -67.8 -0.399 18.47 18.82 04a59801o0691o
59801.283738  17.643  0.136   318   43 o  0   1.41   2.47917  -5.02114  8056.49  9969.05 2.65 2.32 -69.2 -0.351 18.00 18.21 04a59801o0697o
59801.298106  17.467  0.149   374   56 o  0   1.27   2.47917  -5.02114  8084.83  9849.25 2.50 2.16 -69.4 -0.371 17.69 17.73 04a59801o0726o
59802.152067  18.334  0.280   168   47 o  0   1.18   2.47917  -5.02114  8014.84  9932.22 3.06 2.95   3.8 -0.253 17.84 18.21 04a59802o0419o
59802.154817  18.339  0.365   168   61 o  0   1.04   2.47917  -5.02114  7994.13  9893.08 3.07 2.89  20.9 -0.329 17.76 18.06 04a59802o0425o
59802.171595  18.340  0.266   168   44 o  0   1.07   2.47917  -5.02114  8046.94  9972.21 3.00 2.76  57.8 -0.291 18.04 18.36 04a59802o0457o
59802.458096  19.049  1.974    87  172 o  0   0.95   2.47917  -5.02114    72.55   209.51 3.19 3.10 -59.0 -0.587 16.75 17.02 01a59802o0502o
59802.487012  17.583  0.458   336  154 o  0   1.34   2.47917  -5.02114   195.32 10422.60 3.03 2.62 -53.2 -0.548 16.74 16.79 01a59802o0562o
59802.488836  18.093  0.946   210  199 o  0   1.08   2.47917  -5.02114   175.92 10384.19 3.10 2.73 -56.7 -0.547 16.66 16.72 01a59802o0566o
59802.491169  18.535  1.277   140  179 o  0   1.27   2.47917  -5.02114 10505.60 10257.54 3.59 3.29  53.3 -0.402 16.60 16.72 01a59802o0571o
59802.492078  18.273  1.286   178  229 o  0   1.21   2.47917  -5.02114   236.44 10462.18 3.25 2.88 -56.6 -0.549 16.47 16.49 01a59802o0573o
59802.492988  18.344  1.120   167  187 o  0   0.82   2.47917  -5.02114 10483.24 10216.07 3.43 3.22  64.9 -0.352 16.50 16.57 01a59802o0575o
59802.503918  16.998  0.356   577  206 o  0   0.87   2.47917  -5.02114   258.83 10343.52 3.57 3.18 -23.0 -0.432 16.59 16.76 01a59802o0599o
59808.443878  18.799  0.148   110   16 o  0   1.05   2.47917  -5.02114  6222.61  4821.30 2.33 1.83  32.7 -0.444 19.16 19.79 02a59808o0436o
59808.479121  18.604  0.116   131   15 o  0   1.26   2.47917  -5.02114  6242.01  4860.77 2.31 1.80  30.0 -0.444 19.21 19.91 02a59808o0510o
59808.486839  18.517  0.109   142   16 o  0   1.19   2.47917  -5.02114  6185.28  4781.52 2.34 1.90  25.6 -0.438 19.18 19.91 02a59808o0527o
59808.490004  18.451  0.112   151   17 o  0   1.22   2.47917  -5.02114  6165.65  4898.27 2.35 1.88  27.1 -0.441 19.19 19.91 02a59808o0534o
59810.493172  18.350  0.079   166   13 o  0   1.96   2.47917  -5.02114   456.39  6020.07 2.97 2.88 -21.9 -0.427 19.13 20.65 01a59810o0584o
59810.521433  18.350  0.091   166   15 o  0   0.84   2.47917  -5.02114   437.16  5977.37 2.81 2.62 -11.1 -0.448 19.23 20.68 01a59810o0645o
59810.543823  18.210  0.085   189   16 o  0   1.34   2.47917  -5.02114 10034.00  4490.22 3.43 3.16   5.7 -0.409 19.12 20.69 01a59810o0692o
59810.552426  18.325  0.088   170   15 o  0   1.46   2.47917  -5.02114 10018.57  4606.17 3.24 3.00  12.4 -0.416 19.19 20.68 01a59810o0710o
59811.229467  18.405  0.059   158    9 c  0   1.27   2.47917  -5.02114  8126.68  3625.00 2.40 1.93 -23.3 -0.404 19.72 21.59 04a59811o0592c
59811.257789  18.393  0.050   159    8 c  0   1.87   2.47917  -5.02114  8121.46  3583.51 2.41 1.90 -20.1 -0.392 19.76 21.62 04a59811o0652c
59811.260947  18.362  0.056   164    9 c  0   1.45   2.47917  -5.02114  8181.74  3660.38 2.44 1.90 -22.0 -0.398 19.77 21.62 04a59811o0659c
59811.266406  18.232  0.051   185    9 c  0   1.19   2.47917  -5.02114  8203.37  3545.00 2.45 1.89 -20.2 -0.394 19.78 21.58 04a59811o0670c
59812.485404  17.970  0.058   235   14 o  0   1.08   2.47917  -5.02114  4399.90  6848.09 2.58 2.23  24.6 -0.414 19.35 20.74 02a59812o0556o
59812.489035  17.922  0.058   246   14 o  0   1.21   2.47917  -5.02114  4420.14  6887.10 2.70 2.33  25.0 -0.416 19.29 20.74 02a59812o0564o
59812.494459  18.021  0.086   225   19 o  0   0.96   2.47917  -5.02114  4362.10  6809.84 3.46 3.16  25.7 -0.388 19.04 20.72 02a59812o0576o
59812.518757  18.073  0.069   214   15 o  0   1.19   2.47917  -5.02114  4339.45  6926.98 2.95 2.61  24.7 -0.395 19.19 20.73 02a59812o0628o
59813.040971  17.804  0.044   274   12 o  0   1.51   2.47917  -5.02114  6596.71  2420.52 2.13 1.98 -38.9 -0.459 19.60 20.90 03a59813o0621o
59813.044139  17.864  0.045   260   12 o  0   1.61   2.47917  -5.02114  6612.55  2460.47 2.14 1.99 -37.8 -0.452 19.57 20.86 03a59813o0628o
59813.049567  17.878  0.059   256   15 o  0   0.97   2.47917  -5.02114  6552.79  2382.62 2.17 2.01 -36.8 -0.453 19.55 20.84 03a59813o0640o
59813.082522  17.765  0.046   284   13 o  0   1.15   2.47917  -5.02114  6522.36  2503.08 2.27 2.05 -51.9 -0.435 19.50 20.83 03a59813o0711o
59814.529530  17.639  0.050   319   16 o  0   1.27   2.47917  -5.02114 10074.80  4531.14 3.23 3.04  16.1 -0.416 19.20 20.65 01a59814o0668o
59814.532757  17.756  0.061   287   18 o  0   1.15   2.47917  -5.02114 10096.11  4569.32 3.42 3.09   6.5 -0.402 19.10 20.67 01a59814o0675o
59814.561689  17.747  0.055   289   16 o  0   1.18   2.47917  -5.02114 10041.39  4492.75 3.36 3.12  13.8 -0.408 19.13 20.68 01a59814o0735o
59814.567059  17.625  0.059   324   19 o  0   1.06   2.47917  -5.02114 10024.83  4608.72 3.71 3.36   2.9 -0.379 19.02 20.63 01a59814o0746o
59815.238376  17.770  0.033   283    9 c  0   1.60   2.47917  -5.02114  8137.54  3623.28 2.48 1.97 -20.9 -0.392 19.74 21.70 04a59815o0611c
59818.464395  17.254  0.033   455   15 o  0   0.93   2.47917  -5.02114  6007.13  1767.82 2.89 2.70  29.0 -0.450 19.33 20.77 01a59818o0488o
59818.466219  17.246  0.033   459   15 o  0   1.33   2.47917  -5.02114  5986.35  1727.28 2.88 2.79  12.2 -0.451 19.30 20.77 01a59818o0492o
59818.470311  17.222  0.034   469   16 o  0   1.11   2.47917  -5.02114  6045.82  1804.54 2.97 2.82  29.7 -0.442 19.30 20.75 01a59818o0501o
59818.491987  17.295  0.033   439   14 o  0   1.31   2.47917  -5.02114  6064.75  1679.18 2.93 2.79  31.6 -0.449 19.29 20.78 01a59818o0547o
59819.160135  17.371  0.031   409   12 c  0   1.38   2.47917  -5.02114  2145.01 10238.89 3.11 2.15 -74.6 -0.361 19.67 21.47 04a59819o0438c
59819.162891  17.356  0.031   415   13 c  0   1.54   2.47917  -5.02114  2125.89 10199.66 3.04 2.08 -75.9 -0.364 19.69 21.48 04a59819o0444c
59819.165624  17.419  0.031   391   12 c  0   1.34   2.47917  -5.02114  2184.88 10277.70 3.05 2.06 -76.2 -0.373 19.71 21.52 04a59819o0450c
59819.183587  17.442  0.033   383   13 c  0   1.21   2.47917  -5.02114  2203.53 10158.06 2.99 2.00 -74.5 -0.382 19.74 21.59 04a59819o0489c
59819.223829  17.270  0.034   449   15 c  0   1.98   2.47917  -5.02114  2154.70    63.64 2.80 1.87  43.1 -0.395 19.71 21.62 04a59819o0576c
59820.520970  17.378  0.030   406   12 c  0   1.60   2.47917  -5.02114  5902.51  8067.01 2.78 2.40  36.2 -0.396 19.52 21.34 02a59820o0648c
59820.545057  17.322  0.030   428   13 c  0   1.56   2.47917  -5.02114  5884.14  8029.50 2.78 2.39  38.6 -0.397 19.54 21.31 02a59820o0697c
59820.548220  17.374  0.034   408   14 c  0   1.36   2.47917  -5.02114  5941.78  8107.14 2.77 2.40  38.8 -0.400 19.51 21.31 02a59820o0704c
59820.576526  17.390  0.032   402   13 c  0   1.43   2.47917  -5.02114  5955.65  7994.75 2.77 2.47  36.7 -0.398 19.54 21.38 02a59820o0765c
59822.459861  17.045  0.027   552   15 o  0   1.36   2.47917  -5.02114  6012.89  1762.79 2.98 2.81  31.7 -0.446 19.30 20.87 01a59822o0524o
59822.461685  17.124  0.028   513   14 o  0   1.33   2.47917  -5.02114  5991.83  1722.91 2.86 2.70  34.9 -0.460 19.34 20.87 01a59822o0528o
59822.465342  17.036  0.027   556   15 o  0   1.21   2.47917  -5.02114  6051.01  1800.00 2.90 2.73  28.2 -0.451 19.36 20.87 01a59822o0536o
59822.489773  17.077  0.029   536   16 o  0   1.37   2.47917  -5.02114  6071.49  1679.97 3.01 2.82  31.5 -0.440 19.28 20.85 01a59822o0586o
59823.063921  17.336  0.064   422   27 c  0   1.35   2.47917  -5.02114  2960.77    65.91 3.32 2.80  51.0 -0.312 18.78 20.50 04a59823o0224c
59823.064822  17.382  0.056   405   23 c  0   1.06   2.47917  -5.02114  3000.50   106.12 3.17 2.52  46.6 -0.342 18.84 20.52 04a59823o0226c
59823.065723  20.669  1.759    20   34 c  0   0.86   2.47917  -5.02114  2980.67    47.08 3.25 2.49  47.6 -0.334 18.88 20.52 04a59823o0228c
59823.075685  19.478  0.583    59   34 c  0   0.95   2.47917  -5.02114  2122.05    37.73 3.36 2.47  46.4 -0.337 19.00 20.69 04a59823o0250c
59823.111254  17.366  0.040   411   16 c  0   1.76   2.47917  -5.02114  2146.84    77.99 3.17 2.16  45.9 -0.342 19.41 21.28 04a59823o0327c
59823.164975  18.397  0.956   159  152 o  0   0.97   2.47917  -5.02114  7386.46 10509.84 3.52 2.94 -27.5 -0.399 16.64 17.46 03a59823o0239o
59823.284536  17.255  0.026   455   12 c  0   1.87   2.47917  -5.02114  8498.46   365.69 3.12 2.49 -27.2 -0.340 19.65 21.63 04a59823o0512c
59823.287689  17.418  0.030   392   12 c  0   1.56   2.47917  -5.02114  8519.24   401.99 3.04 2.41 -23.6 -0.355 19.69 21.62 04a59823o0519c
59823.294005  17.304  0.026   435   11 c  0   2.49   2.47917  -5.02114  8463.27   318.29 2.99 2.37 -23.6 -0.356 19.70 21.60 04a59823o0533c
59823.323747  17.312  0.028   432   12 c  0   1.93   2.47917  -5.02114  8452.00   413.97 3.01 2.35 -25.3 -0.353 19.64 21.45 04a59823o0598c
59824.499196  17.301  0.029   436   13 c  0   1.68   2.47917  -5.02114  5904.82  8065.61 2.97 2.50  35.8 -0.389 19.54 21.33 02a59824o0606c
59824.502674  17.388  0.029   402   12 c  0   1.45   2.47917  -5.02114  5887.98  8026.85 2.94 2.48  36.5 -0.391 19.59 21.34 02a59824o0613c
59824.537824  17.402  0.035   398   14 c  0   1.13   2.47917  -5.02114  5941.60  8107.94 2.92 2.46  36.7 -0.394 19.56 21.32 02a59824o0690c
59824.544684  17.339  0.029   421   12 c  0   1.61   2.47917  -5.02114  5968.45  7995.30 2.94 2.49  38.7 -0.386 19.57 21.34 02a59824o0705c
59824.967413  17.057  0.024   546   13 o  0   1.38   2.47917  -5.02114  4233.84  3744.37 2.45 2.37 -46.7 -0.425 19.59 21.22 03a59825o0067o
59824.969216  17.032  0.024   559   13 o  0   1.34   2.47917  -5.02114  4214.79  3704.96 2.33 2.20 -56.6 -0.430 19.63 21.22 03a59825o0071o
59824.972373  17.044  0.022   553   12 o  0   1.67   2.47917  -5.02114  4270.26  3784.00 2.24 2.09 -45.2 -0.429 19.64 21.16 03a59825o0078o
59824.977786  16.983  0.024   585   14 o  0   0.90   2.47917  -5.02114  4291.39  3669.48 2.49 2.37 -54.8 -0.430 19.50 21.10 03a59825o0090o
59826.449152  17.062  0.026   544   14 o  0   1.95   2.47917  -5.02114  6289.38  5634.22 2.92 2.69  27.6 -0.436 19.33 20.79 01a59826o0511o
59826.452338  17.049  0.025   550   14 o  0   1.79   2.47917  -5.02114  6269.41  5594.56 2.96 2.73  23.2 -0.435 19.31 20.79 01a59826o0518o
59826.455529  17.067  0.027   541   15 o  0   1.28   2.47917  -5.02114  6328.12  5671.48 3.00 2.69  26.8 -0.433 19.31 20.80 01a59826o0525o
59826.460554  17.038  0.027   556   15 o  0   1.45   2.47917  -5.02114  6346.41  5555.59 3.09 2.83  24.6 -0.416 19.28 20.78 01a59826o0536o
59827.192872  17.073  0.032   538   17 o  0   1.21   2.47917  -5.02114  2442.09  5858.49 2.11 1.84 -82.2 -0.397 19.28 20.34 04a59827o0492o
59827.194675  17.037  0.028   556   16 o  0   1.21   2.47917  -5.02114  2423.07  5819.59 2.13 1.84 -84.9 -0.400 19.29 20.35 04a59827o0496o
59827.198278  17.034  0.025   558   14 o  0   1.67   2.47917  -5.02114  2481.73  5896.66 2.09 1.77 -81.4 -0.395 19.32 20.35 04a59827o0504o
59828.914381  17.181  0.046   487   22 o  0   0.90   2.47917  -5.02114  4241.56  3740.65 2.23 2.11 -62.1 -0.431 18.96 19.58 03a59829o0436o
59828.916183  17.184  0.045   486   22 o  0   0.81   2.47917  -5.02114  4222.57  3702.08 2.27 2.17 -63.6 -0.428 18.96 19.58 03a59829o0440o
59828.919826  17.079  0.045   535   24 o  0   0.79   2.47917  -5.02114  4277.50  3781.55 2.29 2.14 -62.3 -0.432 18.94 19.60 03a59829o0448o
59828.941481  17.132  0.041   510   21 o  0   1.06   2.47917  -5.02114  4296.48  3668.51 2.19 2.01 -46.0 -0.442 19.03 19.63 03a59829o0495o
59830.387700  17.258  0.075   454   34 o  0   1.16   2.47917  -5.02114  6289.55  5644.82 3.26 2.93   8.3 -0.400 18.44 19.17 01a59830o0342o
59830.389522  17.200  0.065   479   31 o  0   1.17   2.47917  -5.02114  6268.70  5605.43 3.13 2.82  21.9 -0.429 18.51 19.17 01a59830o0346o
59830.392712  17.213  0.065   473   31 o  0   1.33   2.47917  -5.02114  6326.69  5682.22 3.19 2.92  37.5 -0.420 18.48 19.17 01a59830o0353o
59830.415843  17.148  0.075   502   38 o  0   1.00   2.47917  -5.02114  6350.65  5563.92 3.57 3.32  25.5 -0.384 18.38 19.25 01a59830o0402o
59836.538996  17.559  0.067   344   23 o  0   0.87   2.47917  -5.02114  4052.70 10122.99 2.24 2.09  51.1 -0.416 18.96 19.59 02a59836o0498o
59836.554245  17.499  0.058   363   21 o  0   1.33   2.47917  -5.02114  4035.91 10084.38 2.30 2.19  60.2 -0.418 18.86 19.57 02a59836o0529o
59836.557687  17.624  0.066   324   21 o  0   1.21   2.47917  -5.02114  4094.91 10163.40 2.21 2.12  57.4 -0.417 18.89 19.52 02a59836o0536o
59836.564571  17.643  0.062   318   20 o  0   1.29   2.47917  -5.02114  4116.67 10045.85 2.25 2.13  53.9 -0.414 18.88 19.42 02a59836o0550o
59836.997072  17.483  0.098   369   36 o  0   1.35   2.47917  -5.02114  2633.18   569.55 2.24 1.99 -48.4 -0.409 18.43 18.85 03a59837o0613o
59837.000241  17.698  0.121   302   37 o  0   1.02   2.47917  -5.02114  2649.57   608.98 2.24 2.01 -48.9 -0.392 18.40 18.90 03a59837o0620o
59837.006599  17.471  0.066   373   25 o  0   1.38   2.47917  -5.02114  2589.68   529.73 2.24 1.98 -52.9 -0.396 18.68 19.17 03a59837o0634o
59837.020364  17.514  0.054   358   19 o  0   1.64   2.47917  -5.02114  2564.34   648.54 2.21 1.97 -52.1 -0.401 18.82 19.34 03a59837o0664o
59838.386781  17.573  0.039   339   13 o  0   1.33   2.47917  -5.02114   637.70  2024.34 2.25 2.13 -49.3 -0.457 19.43 20.27 01a59838o0381o
59838.392440  17.610  0.041   328   13 o  0   1.86   2.47917  -5.02114   619.40  1985.81 2.23 2.12 -39.2 -0.456 19.42 20.24 01a59838o0393o
59838.421863  17.598  0.050   332   17 o  0   0.90   2.47917  -5.02114   674.26  2058.70 2.34 2.22 -14.1 -0.434 19.36 20.25 01a59838o0455o
59838.425095  17.658  0.039   314   12 o  0   1.43   2.47917  -5.02114   693.09  1940.79 2.31 2.20 -21.9 -0.444 19.38 20.25 01a59838o0462o
59839.234789 -16.531  0.303  -886  268 o  0   1.55   2.47917  -5.02114  6247.32  4842.94 2.64 2.38 -26.3 -0.388 15.58 16.99 04a59839o0566o
59839.270404  17.587  0.238   335   80 o  0   1.48   2.47917  -5.02114  6281.83  4850.38 2.14 1.86 -26.4 -0.411 17.00 17.80 04a59839o0644o
59839.274014  16.830  0.603   673  406 o  0   1.04   2.47917  -5.02114  6224.62  4771.13 2.16 1.93 -30.5 -0.394 15.63 16.30 04a59839o0652o
59840.455179  17.594  0.050   333   17 o  0   1.33   2.47917  -5.02114  4054.09 10116.24 2.24 2.13  38.0 -0.432 19.41 20.59 02a59840o0401o
59840.458348  17.614  0.051   327   16 o  0   1.18   2.47917  -5.02114  4035.28 10078.35 2.34 2.22  49.4 -0.420 19.36 20.59 02a59840o0408o
59840.466971  17.684  0.054   306   17 o  0   1.17   2.47917  -5.02114  4092.87 10159.65 2.26 2.16  50.8 -0.425 19.40 20.58 02a59840o0427o
59840.477385  17.601  0.045   331   15 o  0   1.56   2.47917  -5.02114  4113.95 10042.71 2.25 2.15  55.5 -0.427 19.36 20.56 02a59840o0450o
59842.444182  18.487  0.091   146   13 c  0   1.02   2.47917  -5.02114  8148.52  2469.30 2.93 2.83   4.3 -0.392 19.38 21.38 01a59842o0508c
59842.471045  18.654  0.091   125   12 c  0   1.11   2.47917  -5.02114  8172.38  2509.30 3.00 2.83  24.4 -0.386 19.42 21.43 01a59842o0564c
59842.487213  18.668  0.111   124   14 c  0   0.88   2.47917  -5.02114  8115.79  2430.96 3.10 2.91  29.9 -0.369 19.39 21.43 01a59842o0598c
59842.490046  18.532  0.096   140   14 c  0   0.83   2.47917  -5.02114  8097.48  2548.28 3.02 2.86  30.0 -0.380 19.41 21.43 01a59842o0604c
59843.240515  17.797  0.045   276   12 o  0   1.28   2.47917  -5.02114  4425.56  6856.37 2.19 1.95 -75.6 -0.404 19.43 20.88 04a59843o0465o
59843.246482  17.770  0.042   283   12 o  0   1.47   2.47917  -5.02114  4447.33  6889.92 2.23 1.93 -73.8 -0.395 19.38 20.83 04a59843o0478o
59844.401119  17.852  0.048   262   13 o  0   1.44   2.47917  -5.02114  4557.89   537.17 1.94 1.85 -85.1 -0.460 19.45 20.60 02a59844o0426o
59844.402928  17.986  0.055   232   13 o  0   1.45   2.47917  -5.02114  4577.61   576.16 1.95 1.85 -82.5 -0.458 19.47 20.59 02a59844o0430o
59844.406093  17.833  0.046   267   12 o  0   1.45   2.47917  -5.02114  4520.71   496.04 1.92 1.85  84.5 -0.457 19.43 20.57 02a59844o0437o
59844.411518  17.968  0.059   236   14 o  0   0.97   2.47917  -5.02114  4501.77   612.85 1.95 1.89  80.7 -0.459 19.44 20.56 02a59844o0449o
59846.542545 -18.317  1.743  -171  298 c  0   0.99   2.47917  -5.02114  8198.70  2520.33 3.03 2.87  36.6 -0.345 15.85 17.64 01a59846o0714c
59846.544995 -19.412  2.750   -62  172 c  0   1.37   2.47917  -5.02114  8137.09  2443.45 2.90 2.85  35.1 -0.360 16.35 18.11 01a59846o0719c
59846.549687 -18.624  1.605  -129  207 c  0   1.13   2.47917  -5.02114  8119.66  2564.43 2.88 2.82  35.0 -0.365 16.24 17.97 01a59846o0728c
59848.386894  17.933  0.053   244   13 o  0   1.57   2.47917  -5.02114  4558.31   533.65 1.99 1.84 -68.4 -0.467 19.43 20.61 02a59848o0394o
59848.388701  17.945  0.055   241   13 o  0   1.51   2.47917  -5.02114  4578.31   572.97 1.97 1.81 -70.9 -0.471 19.45 20.63 02a59848o0398o
59848.391864  18.140  0.072   202   14 o  0   1.11   2.47917  -5.02114  4520.06   493.88 2.04 1.92 -79.0 -0.455 19.44 20.63 02a59848o0405o
59848.413276  18.010  0.061   227   14 o  0   1.46   2.47917  -5.02114  4499.84   613.16 2.06 1.93 -74.4 -0.465 19.39 20.56 02a59848o0451o
59850.459412  18.898  0.120   100   12 c  0   1.23   2.47917  -5.02114  1835.88  2298.95 3.11 2.84  45.3 -0.355 19.60 21.45 01a59850o0548c
59850.462666  19.216  0.157    75   12 c  0   1.00   2.47917  -5.02114  1856.31  2338.53 3.06 2.81  48.3 -0.359 19.63 21.43 01a59850o0555c
59850.498304  18.839  0.112   106   12 c  0   1.22   2.47917  -5.02114  1802.52  2261.38 3.09 2.83  49.6 -0.354 19.59 21.37 01a59850o0629c
59850.512009  18.973  0.133    94   12 c  0   1.07   2.47917  -5.02114  1786.86  2379.77 3.15 2.89  50.6 -0.339 19.56 21.37 01a59850o0657c
59851.142293  17.885  0.056   255   14 o  0   1.15   2.47917  -5.02114  5952.50  8078.84 2.19 1.86 -65.0 -0.430 19.56 20.91 04a59851o0375o
59851.145075  17.900  0.056   251   14 o  0   1.33   2.47917  -5.02114  5934.24  8039.91 2.21 1.88 -66.2 -0.417 19.54 20.94 04a59851o0381o
59851.147819  18.121  0.072   205   15 o  0   0.98   2.47917  -5.02114  5992.46  8117.57 2.29 1.92 -64.0 -0.407 19.52 20.97 04a59851o0387o
59851.157321  17.917  0.055   247   14 o  0   1.37   2.47917  -5.02114  6018.73  7999.23 2.17 1.82 -66.1 -0.429 19.60 20.95 04a59851o0408o
59854.418843  18.749  0.107   115   12 c  0   1.06   2.47917  -5.02114  1843.07  2301.14 2.98 2.74  46.0 -0.368 19.61 21.38 01a59854o0472c
59854.421708  18.883  0.125   102   13 c  0   1.06   2.47917  -5.02114  1862.94  2340.54 2.93 2.71  41.8 -0.373 19.66 21.37 01a59854o0478c
59854.453579  18.925  0.133    98   13 c  0   1.09   2.47917  -5.02114  1810.50  2264.14 3.15 2.84  46.0 -0.354 19.58 21.36 01a59854o0546c
59854.459031  18.782  0.114   111   13 c  0   0.96   2.47917  -5.02114  1792.71  2380.61 3.17 2.86  48.5 -0.357 19.57 21.35 01a59854o0557c
59855.191094  18.303  0.078   173   14 o  0   1.56   2.47917  -5.02114  4689.14  2522.98 2.03 1.92  12.3 -0.462 19.27 20.42 04a59855o0478o
59855.218568  18.368  0.069   163   11 o  0   2.05   2.47917  -5.02114  4722.55  2536.51 1.94 1.87  -7.7 -0.455 19.31 20.47 04a59855o0538o
59855.222622  18.163  0.062   197   12 o  0   1.44   2.47917  -5.02114  4665.84  2455.84 2.04 1.88 -14.3 -0.460 19.31 20.47 04a59855o0547o
59855.228480  18.034  0.061   222   13 o  0   1.48   2.47917  -5.02114  4648.63  2567.61 1.99 1.89 -13.8 -0.460 19.32 20.48 04a59855o0560o
59856.854914  18.148  0.069   200   14 o  0   2.25   2.47917  -5.02114  2351.21  5719.47 2.30 2.09 -65.5 -0.396 19.03 19.69 03a59857o0279o
59856.857635  18.252  0.101   182   18 o  0   0.81   2.47917  -5.02114  2332.36  5681.06 2.33 2.19 -62.7 -0.403 18.98 19.69 03a59857o0285o
59856.860791  18.079  0.076   213   16 o  0   1.18   2.47917  -5.02114  2387.35  5760.41 2.41 2.23 -61.0 -0.400 18.98 19.70 03a59857o0292o
59856.866211  18.120  0.084   205   17 o  0   1.21   2.47917  -5.02114  2408.98  5645.46 2.37 2.20 -54.7 -0.398 18.98 19.73 03a59857o0304o
59858.400630  18.354  0.108   165   18 o  0   0.85   2.47917  -5.02114  7931.36  6829.29 2.43 2.35 -65.6 -0.429 19.01 19.44 01a59858o0280o
59858.403415  18.326  0.106   170   18 o  0   1.19   2.47917  -5.02114  7952.14  6868.59 2.45 2.41 -81.1 -0.427 18.98 19.45 01a59858o0286o
59858.435431  18.355  0.114   165   19 o  0   1.22   2.47917  -5.02114  7895.92  6794.31 2.54 2.47  54.8 -0.421 18.99 19.44 01a59858o0354o
59858.463711  18.226  0.107   186   20 o  0   1.46   2.47917  -5.02114  7880.53  6912.93 2.53 2.46  80.4 -0.423 18.86 19.27 01a59858o0412o
59863.219800  18.178  0.209   194   41 o  0   1.12   2.47917  -5.02114  6470.53  8673.60 2.62 2.29 -60.3 -0.358 18.07 18.05 04a59863o0535o
59864.399640  18.477  0.210   148   31 o  0   1.02   2.47917  -5.02114  2010.48  8264.39 2.13 1.88  34.1 -0.437 18.85 19.41 02a59864o0444o
59864.402811  18.328  0.186   169   32 o  0   1.05   2.47917  -5.02114  1992.68  8227.72 2.13 1.92  33.4 -0.429 18.86 19.41 02a59864o0451o
59864.408250  18.367  0.173   163   28 o  0   1.17   2.47917  -5.02114  2051.19  8303.90 2.13 1.90  35.4 -0.433 18.81 19.40 02a59864o0463o
59864.418665  18.663  0.242   124   30 o  0   1.47   2.47917  -5.02114  2072.95  8190.95 2.14 1.88  36.0 -0.422 18.83 19.39 02a59864o0486o
59866.411513  18.340  0.160   167   27 o  0   1.16   2.47917  -5.02114  4709.41   725.51 2.27 2.10  32.2 -0.482 18.68 19.13 01a59866o0412o
59866.414741  18.384  0.110   161   18 o  0   1.13   2.47917  -5.02114  4729.97   765.66 2.26 2.10  34.4 -0.485 18.91 19.56 01a59866o0419o
59866.422676  18.528  0.107   141   15 o  0   1.12   2.47917  -5.02114  4671.60   688.72 2.34 2.19  35.6 -0.472 19.19 19.95 01a59866o0436o
59866.434224  18.361  0.103   164   17 o  0   1.23   2.47917  -5.02114  4654.83   807.38 2.27 2.14  44.1 -0.473 19.00 19.63 01a59866o0461o
59868.385291  18.404  0.077   158   12 o  0   1.73   2.47917  -5.02114  8020.16  1680.80 1.99 1.92 -70.7 -0.445 19.26 20.21 02a59868o0417o
59868.388454  18.398  0.092   159   14 o  0   0.75   2.47917  -5.02114  8001.50  1640.72 1.96 1.88 -76.3 -0.457 19.30 20.21 02a59868o0424o
59868.396619  18.497  0.093   145   14 o  0   1.09   2.47917  -5.02114  8059.77  1720.02 2.02 1.95 -86.7 -0.440 19.21 20.19 02a59868o0442o
59868.406423  18.595  0.103   132   14 o  0   1.06   2.47917  -5.02114  8081.72  1605.53 2.00 1.92 -71.3 -0.449 19.24 20.18 02a59868o0463o
59870.376528  18.436  0.076   153   12 o  0   1.18   2.47917  -5.02114  4720.66   724.32 2.25 2.11  12.6 -0.487 19.47 20.50 01a59870o0339o
59870.381640  18.569  0.077   136   10 o  0   1.32   2.47917  -5.02114  4741.76   764.26 2.24 2.11  22.1 -0.489 19.47 20.52 01a59870o0349o
59870.384886  18.660  0.111   125   14 o  0   0.76   2.47917  -5.02114  4683.89   686.84 2.24 2.13  18.5 -0.491 19.49 20.53 01a59870o0356o
59870.395128  18.614  0.092   130   12 o  0   0.78   2.47917  -5.02114  4666.19   806.85 2.23 2.06  24.3 -0.490 19.53 20.59 01a59870o0378o
59871.137405  19.401  0.167    63   10 c  0   1.27   2.47917  -5.02114  6528.86   488.00 3.08 2.73 -22.3 -0.342 19.44 21.40 04a59871o0339c
59871.171338  19.444  0.173    61   10 c  0   1.38   2.47917  -5.02114  6567.42   494.65 2.87 2.55 -19.0 -0.354 19.45 21.29 04a59871o0413c
59871.179693  18.994  0.121    92   11 c  0   1.21   2.47917  -5.02114  6510.73   409.98 2.87 2.52 -16.8 -0.355 19.41 21.25 04a59871o0431c
59871.182850  19.038  0.130    88   11 c  0   1.16   2.47917  -5.02114  6491.83   525.23 3.03 2.73 -15.6 -0.346 19.36 21.25 04a59871o0438c
59872.368625  19.055  0.123    87   11 c  0   1.27   2.47917  -5.02114  8015.98  1676.91 2.50 2.31 -64.0 -0.415 19.51 21.19 02a59872o0390c
59872.372294  19.139  0.124    80   10 c  0   1.40   2.47917  -5.02114  7997.29  1638.49 2.45 2.31 -65.1 -0.414 19.55 21.20 02a59872o0398c
59872.378365  19.374  0.170    65   11 c  0   1.03   2.47917  -5.02114  8054.84  1716.30 2.45 2.29 -71.5 -0.412 19.55 21.19 02a59872o0411c
59872.413259  19.151  0.138    79   11 c  0   1.46   2.47917  -5.02114  8071.30  1600.10 2.54 2.25 -65.9 -0.420 19.52 21.17 02a59872o0487c
59872.869739  18.618  0.111   130   14 o  0   1.29   2.47917  -5.02114  4286.79  6809.60 2.81 2.54 -44.7 -0.387 19.27 20.99 03a59873o0291o
59872.872911  18.616  0.097   130   13 o  0   1.10   2.47917  -5.02114  4303.61  6849.69 2.67 2.40 -47.1 -0.383 19.43 21.11 03a59873o0298o
59872.880679  18.573  0.096   135   13 o  0   1.50   2.47917  -5.02114  4244.29  6771.80 2.97 2.68 -49.4 -0.389 19.25 21.05 03a59873o0313o
59872.890825  18.764  0.149   113   17 o  0   1.38   2.47917  -5.02114  4216.12  6887.82 3.34 3.08 -43.5 -0.415 18.95 20.87 03a59873o0335o
59874.442202  18.661  0.090   125   11 o  0   1.20   2.47917  -5.02114  2460.10  7042.24 2.48 2.34  56.4 -0.425 19.55 20.78 01a59874o0371o
59874.445437  18.651  0.091   126   11 o  0   1.19   2.47917  -5.02114  2480.86  7081.01 2.53 2.40  63.9 -0.418 19.49 20.76 01a59874o0378o
59874.450990  18.546  0.087   138   12 o  0   1.38   2.47917  -5.02114  2423.52  7004.18 2.58 2.46  63.6 -0.417 19.47 20.74 01a59874o0390o
59874.462091  18.761  0.093   114   11 o  0   1.29   2.47917  -5.02114  2405.41  7121.62 2.42 2.34  48.7 -0.426 19.48 20.65 01a59874o0414o
59875.118838  19.117  0.134    82   11 c  0   0.97   2.47917  -5.02114  4564.95   594.93 2.50 2.31  33.5 -0.397 19.60 21.51 04a59875o0295c
59875.122893  19.382  0.156    64   10 c  0   0.96   2.47917  -5.02114  4587.55   629.54 2.47 2.26  38.9 -0.397 19.62 21.49 04a59875o0304c
59875.129244  19.012  0.116    90   10 c  0   1.25   2.47917  -5.02114  4533.39   544.40 2.54 2.33  35.4 -0.396 19.61 21.49 04a59875o0318c
59875.160579  19.263  0.137    72   10 c  0   1.39   2.47917  -5.02114  4533.08   632.80 2.42 2.20  33.5 -0.397 19.62 21.40 04a59875o0386c
59876.371038  19.093  0.149    84   12 c  0   1.28   2.47917  -5.02114  7845.35  7983.06 3.01 2.61  38.3 -0.389 19.47 21.27 02a59876o0357c
59876.374203  19.045  0.144    88   13 c  0   1.12   2.47917  -5.02114  7826.23  7945.76 2.97 2.58  38.6 -0.390 19.48 21.27 02a59876o0364c
59876.379988  19.151  0.140    79   11 c  0   1.87   2.47917  -5.02114  7883.69  8023.20 2.93 2.58  39.1 -0.397 19.50 21.28 02a59876o0376c
59876.392225  19.195  0.162    76   12 c  0   1.20   2.47917  -5.02114  7906.05  7909.87 2.96 2.62  40.8 -0.391 19.51 21.29 02a59876o0403c
59876.859698  18.940  0.142    96   14 o  0   1.03   2.47917  -5.02114  4286.05  6812.71 2.41 2.11 -51.5 -0.392 19.36 20.66 03a59877o0263o
59876.863336  18.971  0.136    94   13 o  0   1.27   2.47917  -5.02114  4302.47  6852.42 2.47 2.13 -55.0 -0.389 19.34 20.67 03a59877o0271o
59876.872579  18.458  0.087   150   13 o  0   1.32   2.47917  -5.02114  4241.63  6775.93 2.73 2.32 -54.5 -0.373 19.26 20.67 03a59877o0291o
59876.882074  18.553  0.097   138   13 o  0   1.16   2.47917  -5.02114  4214.53  6892.04 2.43 2.12 -48.4 -0.390 19.36 20.68 03a59877o0312o
59878.360323  18.621  0.102   129   13 o  0   1.40   2.47917  -5.02114  2441.76  7048.88 3.23 2.81   1.4 -0.364 19.22 20.57 01a59878o0375o
59878.363099  18.627  0.110   129   14 o  0   1.17   2.47917  -5.02114  2462.27  7087.75 3.27 2.88  -2.6 -0.360 19.18 20.57 01a59878o0381o
59878.368645  18.942  0.144    96   14 o  0   1.07   2.47917  -5.02114  2404.68  7011.12 3.50 2.83  -3.0 -0.355 19.16 20.56 01a59878o0393o
59878.381265  18.597  0.114   132   15 o  0   0.98   2.47917  -5.02114  2387.87  7128.77 3.47 2.86   3.9 -0.373 19.17 20.54 01a59878o0420o
59879.117551  19.500  0.172    58   10 c  0   1.06   2.47917  -5.02114  4572.64   585.89 2.60 2.32  37.3 -0.381 19.59 21.42 04a59879o0283c
59879.120995  19.238  0.115    73    8 c  0   2.16   2.47917  -5.02114  4594.58   620.87 2.57 2.30  39.3 -0.380 19.61 21.46 04a59879o0290c
59879.127772  18.949  0.102    96   10 c  0   1.31   2.47917  -5.02114  4539.20   536.24 2.55 2.28  45.0 -0.394 19.61 21.45 04a59879o0305c
59879.162022  19.312  0.148    68   10 c  0   0.92   2.47917  -5.02114  4536.67   623.99 2.55 2.22  36.1 -0.388 19.64 21.51 04a59879o0380c
59880.396043  19.758  0.249    45   11 c  0   1.13   2.47917  -5.02114  7837.35  7984.34 2.85 2.68  42.5 -0.392 19.48 21.22 02a59880o0212c
59880.399209  19.239  0.191    73   14 c  0   0.81   2.47917  -5.02114  7818.17  7945.52 2.75 2.62  46.4 -0.397 19.50 21.22 02a59880o0219c
59880.422380  19.276  0.167    71   12 c  0   0.97   2.47917  -5.02114  7879.88  8025.72 2.73 2.55  39.1 -0.398 19.48 21.15 02a59880o0233c
59880.428704  19.521  0.213    56   12 c  0   1.09   2.47917  -5.02114  7899.06  7910.01 2.76 2.57  38.3 -0.395 19.48 21.12 02a59880o0247c
59880.791989  18.792  0.119   110   13 o  0   1.18   2.47917  -5.02114  5781.39  8009.77 2.34 2.06 -48.9 -0.407 19.41 20.58 03a59881o0110o
59880.793794  18.630  0.093   128   12 o  0   1.68   2.47917  -5.02114  5762.31  7971.08 2.55 2.18 -50.5 -0.384 19.33 20.57 03a59881o0114o
59880.796952  18.586  0.089   134   12 o  0   1.32   2.47917  -5.02114  5817.91  8049.93 2.31 2.03 -51.6 -0.410 19.44 20.61 03a59881o0121o
59880.812852  18.746  0.123   115   14 o  0   0.73   2.47917  -5.02114  5834.69  7937.00 2.32 2.08 -46.1 -0.406 19.35 20.54 03a59881o0156o
59882.340635  18.566  0.079   136   11 o  0   1.35   2.47917  -5.02114  8433.12   416.54 2.29 2.14 -41.3 -0.464 19.56 20.74 01a59882o0293o
59882.350507  18.721  0.097   118   12 o  0   0.88   2.47917  -5.02114  8454.75   456.73 2.33 2.20 -45.6 -0.454 19.55 20.80 01a59882o0314o
59882.356046  18.677  0.098   123   12 o  0   1.00   2.47917  -5.02114  8397.64   378.78 2.48 2.34 -50.8 -0.451 19.49 20.73 01a59882o0326o
59882.358822  19.207  0.171    75   13 o  0   1.18   2.47917  -5.02114  8378.25   498.02 2.44 2.31 -60.8 -0.476 19.48 20.71 01a59882o0332o
59883.100182  18.611  0.101   130   13 o  0   1.56   2.47917  -5.02114  8274.09  6692.55 2.69 2.13 -14.1 -0.405 19.20 20.51 04a59883o0246o
59883.103339  18.727  0.121   117   14 o  0   1.35   2.47917  -5.02114  8296.04  6728.57 2.67 2.16 -17.8 -0.405 19.15 20.51 04a59883o0253o
59883.108741  18.623  0.133   129   17 o  0   0.85   2.47917  -5.02114  8241.12  6644.94 2.73 2.25 -10.1 -0.411 19.11 20.53 04a59883o0265o
59883.120056  18.997  0.162    92   15 o  0   0.97   2.47917  -5.02114  8226.90  6751.06 2.66 2.13 -18.3 -0.407 19.17 20.52 04a59883o0290o
59884.372190  18.745  0.134   115   15 o  0   1.42   2.47917  -5.02114  8215.67  5564.88 2.29 1.94  42.4 -0.432 19.28 20.20 02a59884o0392o
59884.375353  18.635  0.136   128   17 o  0   1.26   2.47917  -5.02114  8196.54  5527.60 2.32 1.98  40.9 -0.424 19.29 20.20 02a59884o0399o
59884.381237  18.664  0.144   124   18 o  0   0.97   2.47917  -5.02114  8255.68  5605.86 2.29 1.95  41.3 -0.433 19.31 20.20 02a59884o0412o
59884.392278  18.749  0.137   115   16 o  0   1.32   2.47917  -5.02114  8276.32  5488.90 2.30 1.96  41.0 -0.429 19.29 20.21 02a59884o0436o
59884.854440  18.672  0.135   123   17 o  0   1.64   2.47917  -5.02114  4617.63  2444.03 2.46 2.20 -57.6 -0.405 18.77 19.58 03a59885o0239o
59884.885955 -15.999  2.263 -1447 3275 o  0   1.19   2.47917  -5.02114  4586.81  2562.97 2.47 2.19 -51.9 -0.377 14.38 14.64 03a59885o0308o
59890.464837  19.949  0.980    38   37 o  0   1.53   2.47917  -5.02114  8154.82  4826.67 3.05 2.91  68.5 -0.385 18.03 18.19 01a59890o0602o
59890.483235  21.507  4.639     9   42 o  0   0.99   2.47917  -5.02114  8170.65  4871.75 2.75 2.45 -50.7 -0.415 18.07 17.98 01a59890o0641o
59890.485924  18.170  0.251   196   49 o  0   0.74   2.47917  -5.02114  8112.81  4794.63 2.94 2.56 -54.4 -0.412 17.97 17.94 01a59890o0646o
59890.489952  18.589  0.315   133   42 o  0   1.03   2.47917  -5.02114  8092.51  4912.18 2.83 2.49 -50.8 -0.426 17.98 17.89 01a59890o0654o
59891.167054  18.531  0.579   140   81 o  0   0.78   2.47917  -5.02114  8542.69  2353.62 2.52 1.90 -23.8 -0.428 17.69 17.46 04a59891o0328o
59892.426150  19.035  0.314    88   28 o  0   0.90   2.47917  -5.02114   259.19  2038.98 2.19 2.17 -41.4 -0.470 18.49 19.03 02a59892o0396o
59892.429325  18.993  0.280    92   26 o  0   0.86   2.47917  -5.02114   239.47  1999.52 2.08 2.03 -58.9 -0.460 18.55 19.07 02a59892o0403o
59892.458035  19.442  0.567    61   34 o  0   0.84   2.47917  -5.02114   318.52  1959.36 2.27 2.07 -57.9 -0.471 18.33 19.35 02a59892o0466o
59892.875963  18.673  0.235   123   29 o  0   0.97   2.47917  -5.02114  6250.86  8712.59 2.94 2.48 -44.0 -0.378 18.52 19.17 03a59893o0290o
59892.878671  18.858  0.267   104   28 o  0   0.98   2.47917  -5.02114  6268.59  8751.80 2.89 2.45 -41.7 -0.393 18.55 19.17 03a59893o0296o
59892.889279  18.445  0.164   152   25 o  0   1.41   2.47917  -5.02114  6212.34  8672.71 2.80 2.34 -43.4 -0.394 18.55 19.13 03a59893o0316o
59892.913509  18.724  0.209   118   25 o  0   1.71   2.47917  -5.02114  6189.07  8786.15 3.09 2.57 -42.5 -0.372 18.40 19.01 03a59893o0369o
59894.312749  19.029  0.151    89   13 o  0   1.50   2.47917  -5.02114  8135.34  4799.89 2.34 2.29 -24.1 -0.431 19.24 19.92 01a59894o0284o
59894.316445  19.361  0.233    65   15 o  0   1.21   2.47917  -5.02114  8155.53  4839.11 2.38 2.33 -22.5 -0.429 19.22 19.91 01a59894o0292o
59894.322004  19.061  0.175    86   15 o  0   1.12   2.47917  -5.02114  8097.87  4762.37 2.41 2.37 -63.8 -0.426 19.18 19.90 01a59894o0304o
59894.334020  18.775  0.178   112   20 o  0   2.12   2.47917  -5.02114  8080.31  4879.99 2.46 2.40 -75.0 -0.421 19.16 19.88 01a59894o0330o
59896.362635  18.815  0.148   108   16 o  0   1.12   2.47917  -5.02114   321.37  1962.17 2.51 2.15 -54.1 -0.454 19.06 19.93 02a59896o0215o
59896.374241  18.934  0.168    97   16 o  0   1.48   2.47917  -5.02114   241.34  1999.77 2.35 2.25 -62.5 -0.440 19.01 19.90 02a59896o0239o
59896.377410  19.065  0.186    86   16 o  0   1.26   2.47917  -5.02114   300.56  2078.82 2.28 2.16 -59.9 -0.447 19.00 19.89 02a59896o0246o
59896.383774  18.869  0.153   103   16 o  0   1.11   2.47917  -5.02114   320.26  1962.56 2.35 2.13 -56.8 -0.447 19.01 19.87 02a59896o0260o
59896.385582  19.070  0.196    86   17 o  0   1.54   2.47917  -5.02114 10387.03  2062.71 2.45 2.00 -52.9 -0.466 19.08 19.95 02a59896o0264o
59896.391056  19.029  0.181    89   16 o  0   1.24   2.47917  -5.02114 10367.93  2024.16 2.38 1.97 -53.0 -0.473 19.08 19.94 02a59896o0276o
59896.402099  19.377  0.321    64   21 o  0   0.78   2.47917  -5.02114 10426.01  2102.76 2.48 2.03 -54.0 -0.452 19.04 19.90 02a59896o0300o
59896.405279  18.969  0.172    94   16 o  0   1.32   2.47917  -5.02114 10447.16  1985.55 2.32 1.85 -52.0 -0.483 19.06 19.90 02a59896o0307o
59896.831712  19.661  0.183    50    9 c  0   1.54   2.47917  -5.02114  6533.89   491.32 2.70 2.39 -54.4 -0.386 19.62 21.56 03a59897o0180c
59896.834873  19.316  0.140    68   10 c  0   1.24   2.47917  -5.02114  6551.08   532.07 2.60 2.35 -49.6 -0.390 19.66 21.57 03a59897o0187c
59896.839847  19.628  0.225    51   12 c  0   1.02   2.47917  -5.02114  6492.96   453.03 2.75 2.58 -35.4 -0.385 19.61 21.56 03a59897o0198c
59896.850702  19.539  0.168    56    9 c  0   1.47   2.47917  -5.02114  6466.78   570.37 2.78 2.44 -56.2 -0.393 19.57 21.55 03a59897o0222c
59898.341044  19.616  0.183    52   10 c  0   1.14   2.47917  -5.02114  6205.57  4901.38 3.08 2.87  43.5 -0.326 19.59 21.41 01a59898o0343c
59898.345206  19.636  0.177    51    9 c  0   1.44   2.47917  -5.02114  6227.02  4941.98 3.10 2.89  48.4 -0.329 19.55 21.40 01a59898o0352c
59898.352220  19.433  0.144    61    9 c  0   1.14   2.47917  -5.02114  6170.82  4865.93 3.01 2.82  54.9 -0.329 19.61 21.36 01a59898o0367c
59898.365717  19.421  0.158    62   10 c  0   1.15   2.47917  -5.02114  6154.04  4984.47 3.02 2.81  55.8 -0.328 19.59 21.36 01a59898o0396c
59899.079727  19.106  0.152    83   13 o  0   1.42   2.47917  -5.02114  2571.41  8905.04 2.81 2.31 -79.7 -0.370 19.36 21.39 04a59899o0175o
59899.083333  18.827  0.184   107   20 o  0   0.89   2.47917  -5.02114  2592.70  8939.61 2.78 2.29 -82.3 -0.362 18.92 20.58 04a59899o0183o
59899.088350  18.994  0.177    92   16 o  0   0.96   2.47917  -5.02114  2536.57  8858.86 2.72 2.24 -81.6 -0.365 19.11 20.79 04a59899o0194o
59899.102231  19.199  0.178    76   14 o  0   1.05   2.47917  -5.02114  2523.65  8964.96 2.74 2.10 -81.5 -0.373 19.38 21.18 04a59899o0224o
59900.334299  19.075  0.149    85   13 o  0   1.07   2.47917  -5.02114   362.95  3986.44 2.17 2.02  27.5 -0.415 19.31 20.40 02a59900o0277o
59900.337469  19.009  0.118    90   11 o  0   2.08   2.47917  -5.02114   342.85  3947.16 2.07 1.98  29.9 -0.424 19.31 20.43 02a59900o0284o
59900.339728  19.099  0.165    83   14 o  0   1.27   2.47917  -5.02114 10466.41  4006.34 2.20 2.07 -49.5 -0.452 19.33 20.50 02a59900o0289o
59900.362874  19.471  0.232    59   14 o  0   1.00   2.47917  -5.02114   405.69  4026.63 2.29 2.10  30.4 -0.422 19.22 20.39 02a59900o0296o
59900.386635  18.914  0.497    99   49 o  0   0.64   2.47917  -5.02114 10454.52  3972.68 2.22 2.07 -15.9 -0.429 19.28 20.37 02a59900o0300o
59900.389894  19.115  0.158    82   13 o  0   1.54   2.47917  -5.02114   426.86  3910.18 2.19 1.99  29.9 -0.415 19.23 20.29 02a59900o0307o
59900.391251  19.562  0.372    54   20 o  0   1.53   2.47917  -5.02114 10511.08  4050.83 2.15 2.01 -33.1 -0.454 19.33 20.38 02a59900o0310o
59900.820825  20.028  0.330    35   12 c  0   1.12   2.47917  -5.02114  6531.52   493.09 2.50 2.21 -52.8 -0.387 19.36 21.10 03a59901o0148c
59900.824443  19.297  0.221    69   15 c  0   0.84   2.47917  -5.02114  6548.40   533.33 2.55 2.20 -57.6 -0.391 19.13 20.90 03a59901o0156c
59900.829938  19.145  0.178    80   14 c  0   1.03   2.47917  -5.02114  6489.51   454.54 2.48 2.17 -58.9 -0.386 19.27 20.98 03a59901o0168c
59900.847598  19.508  0.380    57   22 c  0   1.35   2.47917  -5.02114  6459.88   572.55 2.63 2.34 -53.4 -0.377 18.63 20.35 03a59901o0207c
59902.318310  20.068  0.273    34    9 c  0   1.10   2.47917  -5.02114  6205.09  4902.47 2.90 2.74  45.2 -0.342 19.63 21.34 01a59902o0294c
59902.324062  20.035  0.281    35   10 c  0   1.33   2.47917  -5.02114  6224.83  4941.19 3.02 2.84  46.1 -0.329 19.58 21.32 01a59902o0306c
59902.359463  20.365  0.378    26   10 c  0   1.00   2.47917  -5.02114  6171.82  4867.76 2.91 2.72  53.4 -0.335 19.58 21.25 01a59902o0380c
59902.366001  19.546  0.163    55    9 c  0   1.42   2.47917  -5.02114  6152.68  4985.04 2.99 2.77  51.7 -0.333 19.54 21.24 01a59902o0393c
59903.068513  19.000  0.163    91   15 o  0   0.96   2.47917  -5.02114  2573.19  8907.37 2.96 2.33 -85.4 -0.367 19.26 20.93 04a59903o0145o
59903.071666  19.175  0.189    78   15 o  0   1.34   2.47917  -5.02114  2593.79  8943.24 2.94 2.34 -84.8 -0.366 19.22 20.90 04a59903o0152o
59903.078431  19.229  0.187    74   14 o  0   1.61   2.47917  -5.02114  2539.59  8859.07 2.91 2.39 -79.6 -0.361 19.22 20.90 04a59903o0167o
59903.096241  18.923  0.145    98   14 o  0   1.36   2.47917  -5.02114  2527.81  8960.42 2.91 2.36 -85.6 -0.352 19.19 20.82 04a59903o0206o
59904.808191  18.167  0.419   196   82 c  0   0.95   2.47917  -5.02114  4582.91   546.25 2.59 2.38 -63.0 -0.388 17.29 19.15 03a59905o0115c
59904.811353  18.542  0.280   139   39 c  0   1.10   2.47917  -5.02114  4600.41   586.09 2.57 2.35 -57.7 -0.380 17.98 19.82 03a59905o0122c
59904.818560  19.752  0.365    46   17 c  0   1.12   2.47917  -5.02114  4540.88   506.76 2.59 2.33 -61.2 -0.376 19.00 20.82 03a59905o0138c
59904.828547  17.872  0.497   258  128 c  0   1.14   2.47917  -5.02114  4516.04   624.82 2.60 2.41 -59.8 -0.393 16.81 18.61 03a59905o0160c
59906.299258  19.775  0.218    45   10 c  0   0.99   2.47917  -5.02114  4375.09  6937.83 3.17 3.09  62.3 -0.317 19.56 21.49 01a59906o0253c
59906.302087  20.071  0.262    34    9 c  0   0.92   2.47917  -5.02114  4395.67  6976.98 3.14 3.01  52.4 -0.315 19.59 21.48 01a59906o0259c
59906.307634  19.773  0.191    45    9 c  0   1.41   2.47917  -5.02114  4337.00  6900.38 3.02 2.90  51.5 -0.318 19.62 21.47 01a59906o0271c
59906.317453  19.876  0.221    41    9 c  0   1.29   2.47917  -5.02114  4319.14  7017.57 3.09 2.97  46.7 -0.319 19.61 21.46 01a59906o0292c
59907.064704  19.515  0.245    57   14 o  0   1.53   2.47917  -5.02114  2745.08  2605.79 2.76 2.48  57.6 -0.402 19.06 20.57 04a59907o0131o
59907.067869  19.596  0.241    53   13 o  0   1.35   2.47917  -5.02114  2766.23  2640.89 2.32 2.14  47.4 -0.420 19.20 20.61 04a59907o0138o
59907.072973  19.737  0.533    46   25 o  0   1.61   2.47917  -5.02114  2710.05  2559.81 2.27 2.02  55.6 -0.423 18.82 20.14 04a59907o0149o
59907.086521  19.087  0.221    84   19 o  0   1.01   2.47917  -5.02114  2694.74  2665.07 2.17 1.98  55.2 -0.439 18.51 19.76 04a59907o0179o
59908.272747  19.277  0.239    71   17 o  0   1.44   2.47917  -5.02114   115.40 10325.72 3.12 1.88 -55.5 -0.392 19.39 20.60 02a59908o0200o
59908.276364  19.168  0.198    78   16 o  0   1.41   2.47917  -5.02114    96.21 10286.27 3.13 1.84 -56.3 -0.349 19.40 20.58 02a59908o0208o
59908.287394  19.213  0.241    75   18 o  0   1.51   2.47917  -5.02114   154.70 10364.67 2.94 1.84 -56.4 -0.400 19.38 20.55 02a59908o0232o
59908.289202  19.058  0.182    86   16 o  0   1.25   2.47917  -5.02114 10431.79 10347.42 4.06 2.28 -55.8 -0.367 19.36 20.61 02a59908o0236o
59908.292819  19.160  0.214    79   17 o  0   1.21   2.47917  -5.02114 10411.44 10308.16 4.01 2.30 -56.2 -0.362 19.37 20.59 02a59908o0244o
59908.293723  18.898  0.159   100   16 o  0   1.23   2.47917  -5.02114   176.26 10247.58 2.86 1.87 -54.9 -0.390 19.31 20.53 02a59908o0246o
59908.298861  18.980  0.170    93   16 o  0   1.61   2.47917  -5.02114   179.03   108.67 3.87 2.09 -54.1 -0.485 19.32 20.52 02a59908o0257o
59908.299764  18.962  0.215    94   20 o  0   1.22   2.47917  -5.02114 10471.60 10388.29 4.15 2.30 -55.5 -0.393 19.34 20.58 02a59908o0259o
59908.301119  18.730  0.164   117   19 o  0   1.16   2.47917  -5.02114 10306.97    91.31 3.70 2.04 -56.0 -0.445 19.33 20.57 02a59908o0262o
59908.304284  18.618  0.217   130   28 o  0   1.24   2.47917  -5.02114 10288.32    52.49 3.76 2.22 -57.2 -0.492 19.23 20.55 02a59908o0269o
59908.319062  19.945  0.540    38   21 o  0   1.38   2.47917  -5.02114 10489.93 10271.94 4.00 2.58 -56.0 -0.365 19.23 20.60 02a59908o0301o
59911.045959  19.092  0.158    84   13 o  0   1.37   2.47917  -5.02114  2742.05  2609.73 2.51 2.27  43.6 -0.431 19.13 20.61 04a59911o0084o
59911.056818  19.279  0.196    70   14 o  0   1.31   2.47917  -5.02114  2767.58  2638.61 2.48 2.25  42.9 -0.439 19.16 20.64 04a59911o0108o
59911.060422  19.185  0.167    77   13 o  0   1.28   2.47917  -5.02114  2710.57  2557.51 2.56 2.31  52.1 -0.432 19.08 20.64 04a59911o0116o
59911.065851  19.643  0.282    50   14 o  0   1.31   2.47917  -5.02114  2692.68  2669.52 2.45 2.23  58.4 -0.437 19.15 20.65 04a59911o0128o
59912.789752  19.216  0.257    75   19 o  0   1.13   2.47917  -5.02114  8122.90  6734.92 2.67 2.18 -58.5 -0.381 18.87 19.67 03a59913o0068o
59912.792914  19.493  0.308    58   18 o  0   0.99   2.47917  -5.02114  8139.27  6773.80 2.67 2.17 -56.7 -0.388 18.92 19.70 03a59913o0075o
59912.798784  19.870  0.496    41   20 o  0   0.92   2.47917  -5.02114  8080.51  6695.18 2.68 2.18 -59.9 -0.382 18.87 19.73 03a59913o0088o
59912.808796  19.132  0.237    81   19 o  0   1.38   2.47917  -5.02114  8054.93  6811.87 2.68 2.23 -55.9 -0.391 18.84 19.69 03a59913o0110o
59919.095526  18.791  0.271   110   30 o  0   1.04   2.47917  -5.02114  2395.82  4985.48 2.26 2.07  88.9 -0.397 18.40 18.89 04a59919o0180o
59919.099133  20.380  0.986    26   25 o  0   0.91   2.47917  -5.02114  2414.99  5022.47 2.23 1.99  84.8 -0.406 18.40 18.86 04a59919o0188o
59919.104625 -21.204  2.206   -12   26 o  0   1.72   2.47917  -5.02114  2356.81  4943.51 2.24 2.00 -86.4 -0.397 18.41 18.82 04a59919o0200o
59919.117696  21.663  3.762     8   30 o  0   1.65   2.47917  -5.02114  2335.25  5056.89 2.26 2.10  87.4 -0.378 18.42 18.81 04a59919o0229o
59920.799696  19.937  0.604    38   23 o  0   1.21   2.47917  -5.02114  8518.28  2401.99 2.45 2.15 -55.3 -0.415 18.71 19.15 03a59921o0079o
59920.802853  19.149  0.345    80   27 o  0   0.76   2.47917  -5.02114  8535.49  2441.37 2.48 2.11 -60.3 -0.413 18.68 19.14 03a59921o0086o
59920.809784  19.389  0.363    64   23 o  0   1.16   2.47917  -5.02114  8478.55  2361.21 2.55 2.10 -61.9 -0.412 18.65 19.12 03a59921o0101o
59920.819733  19.443  0.385    61   23 o  0   1.11   2.47917  -5.02114  8456.33  2477.24 2.59 2.16 -64.5 -0.406 18.59 19.06 03a59921o0123o
59923.060354  19.965  0.641    38   24 o  0   0.86   2.47917  -5.02114 10350.60  8496.27 3.23 2.77 -15.6 -0.385 18.98 20.27 04a59923o0099o
59923.063508  21.726  3.880     7   29 o  0   1.03   2.47917  -5.02114 10370.43  8534.11 3.29 2.71 -12.5 -0.381 18.95 20.18 04a59923o0106o
59923.066661  19.136  0.278    80   22 o  0   0.94   2.47917  -5.02114   234.42  8494.77 3.28 2.67  86.8 -0.372 18.92 20.17 04a59923o0113o
59923.068918  20.287  0.991    28   28 o  0   0.98   2.47917  -5.02114 10310.84  8453.52 3.04 2.57  -8.3 -0.390 18.97 20.03 04a59923o0118o
59923.069818  20.061  0.506    34   17 o  0   1.33   2.47917  -5.02114   254.41  8532.03 3.21 2.46  85.7 -0.365 18.96 20.11 04a59923o0120o
59923.075230  19.479  0.386    59   23 o  0   1.23   2.47917  -5.02114   196.10  8452.21 3.37 2.58  84.6 -0.352 18.83 19.93 04a59923o0132o
59923.082973  20.186  1.000    31   31 o  0   1.12   2.47917  -5.02114 10291.09  8566.94 3.23 2.85 -11.0 -0.344 18.75 19.69 04a59923o0149o
59923.087929  19.526  0.462    56   26 o  0   0.93   2.47917  -5.02114   176.80  8564.88 3.32 2.61  80.9 -0.353 18.76 19.73 04a59923o0160o
59927.035981  20.354  0.634    26   17 c  0   1.34   2.47917  -5.02114 10341.85  8507.29 3.32 2.64 -11.3 -0.359 19.07 20.51 04a59927o0041c
59927.037332  19.665  0.313    49   16 c  0   1.10   2.47917  -5.02114   224.42  8510.70 3.35 2.81  78.6 -0.322 19.17 20.77 04a59927o0044c
59927.039135  20.603  0.707    21   15 c  0   1.53   2.47917  -5.02114 10361.66  8545.50 3.39 2.78 -13.5 -0.348 19.24 20.83 04a59927o0048c
59927.040937  20.229  0.533    29   16 c  0   0.95   2.47917  -5.02114   245.03  8546.16 3.24 2.66  76.2 -0.335 19.32 21.09 04a59927o0052c
59927.044540  20.299  0.557    28   15 c  0   1.34   2.47917  -5.02114 10304.68  8461.39 3.32 2.68 -13.7 -0.369 19.33 21.14 04a59927o0060c
59927.047242  20.016  0.377    36   14 c  0   1.17   2.47917  -5.02114   189.31  8462.71 3.40 2.72  74.1 -0.320 19.39 21.38 04a59927o0066c
59927.055370  20.041  0.431    35   15 c  0   1.14   2.47917  -5.02114 10286.58  8572.34 3.40 2.89 -15.2 -0.360 19.34 21.29 04a59927o0084c
59927.057218  19.790  0.274    44   12 c  0   1.10   2.47917  -5.02114   170.44  8573.15 3.59 2.82  75.3 -0.314 19.42 21.43 04a59927o0088c
59928.268760  20.058  0.288    34   10 c  0   1.38   2.47917  -5.02114  6089.83  1790.21 2.46 2.24 -73.3 -0.414 19.46 21.09 02a59928o0182c
59928.272381  21.220  0.932    12   11 c  0   1.25   2.47917  -5.02114  6071.47  1751.33 2.45 2.23 -70.5 -0.419 19.48 21.09 02a59928o0190c
59928.282478  20.494  0.468    23   11 c  0   1.11   2.47917  -5.02114  6129.14  1827.92 2.45 2.22 -69.2 -0.417 19.45 21.07 02a59928o0212c
59928.289263  19.886  0.256    40   10 c  0   0.91   2.47917  -5.02114  6150.22  1711.62 2.45 2.19 -67.4 -0.420 19.49 21.06 02a59928o0227c
59948.835137  21.049  2.462    14   34 o  0   1.43   2.47917  -5.02114  6325.64   713.07 2.83 2.66 -37.8 -0.381 18.22 18.77 03a59949o0135o
59948.839729 -21.366  3.617   -10   37 o  0   0.84   2.47917  -5.02114  6348.21   743.53 2.89 2.65 -57.2 -0.376 18.17 18.74 03a59949o0145o
59948.844718  19.694  0.837    48   40 o  0   0.92   2.47917  -5.02114  6296.35   654.53 2.95 2.75 -62.9 -0.366 18.11 18.68 03a59949o0156o
59951.042661  18.941  1.032    96   99 o  0   0.87   2.47917  -5.02114 10136.17  4598.93 3.06 2.36 -10.3 -0.368 16.99 17.24 04a59951o0042o
59951.045816 -20.686  2.814   -19   54 o  0   1.64   2.47917  -5.02114 10154.92  4638.59 3.00 2.27 -13.1 -0.356 17.45 18.10 04a59951o0049o
59951.051232 -16.028  1.017 -1409 1433 o  0   1.75   2.47917  -5.02114 10094.19  4561.36 2.83 2.47  -4.3 -0.440 17.50 17.79 04a59951o0061o
59951.062965 -17.742  1.298  -291  377 o  0   1.25   2.47917  -5.02114 10068.47  4679.87 3.03 2.35 -11.6 -0.369 15.39 15.40 04a59951o0087o
59960.207171 -21.201  5.250   -12   63 o  0   0.77   2.47917  -5.02114 10333.63  8391.54 2.32 2.19  17.8 -0.440 18.32 18.47 02a59960o0026o
59960.210333  19.945  0.619    38   24 o  0   1.24   2.47917  -5.02114 10316.03  8354.23 2.25 2.20 -34.9 -0.439 18.80 19.23 02a59960o0033o
59960.215757  20.447  0.719    24   17 o  0   0.95   2.47917  -5.02114 10377.37  8434.45 2.41 2.10 -53.4 -0.430 19.17 19.94 02a59960o0045o
59960.226606  21.128  1.072    13   14 o  0   1.32   2.47917  -5.02114 10398.56  8319.26 2.38 2.09 -53.9 -0.424 19.28 20.21 02a59960o0069o
60085.357393  19.891  0.703    40   28 o  0   1.00   2.47917  -5.02114  2370.50  3946.46 2.91 2.70  53.6 -0.348 18.57 19.91 04a60085o0888o
60099.403396  19.068  3.949    86  338 o  0   2.03   2.47917  -5.02114 10489.87 10354.09 2.29 1.79  14.3 -0.448 16.15 16.47 04a60099o0305o
60099.406146 -19.744  2.994   -46  138 o  0   1.11   2.47917  -5.02114 10471.57 10313.99 1.98 1.77   3.5 -0.711 17.25 17.50 04a60099o0311o
60101.114858 -20.126  0.743   -32   24 o  0   1.86   2.47917  -5.02114   451.82  5823.93 2.53 2.25 -54.7 -0.388 18.68 19.18 03a60101o0927o
60101.122278 -22.882  9.250    -3   24 o  0   1.45   2.47917  -5.02114   431.19  5783.80 2.65 2.36 -29.9 -0.398 18.67 19.27 03a60101o0943o
60101.125491 -21.415  2.591   -10   26 o  0   1.26   2.47917  -5.02114   488.20  5860.82 2.56 2.29 -52.6 -0.397 18.73 19.27 03a60101o0950o
60101.136742  21.316  2.069    11   22 o  0   1.84   2.47917  -5.02114   511.66  5742.43 2.55 2.32 -33.4 -0.391 18.74 19.30 03a60101o0973o
60108.407669 -20.875  1.059   -16   17 o  0   0.90   2.47917  -5.02114  4021.67  8210.51 2.07 1.75 -71.5 -0.419 19.02 19.90 04a60108o1005o
60108.419117 -23.695 14.900    -1   18 o  0   1.28   2.47917  -5.02114  4005.33  8171.33 2.10 1.80 -69.7 -0.401 19.01 19.96 04a60108o1030o
60108.421093 -20.798  0.838   -17   15 o  0   1.49   2.47917  -5.02114  4064.16  8248.64 2.06 1.75 -73.8 -0.416 19.04 20.00 04a60108o1034o
60108.426080  21.870  2.911     6   19 o  0   0.91   2.47917  -5.02114  4087.38  8130.99 2.03 1.76 -70.9 -0.402 19.05 20.03 04a60108o1045o
60108.436587 -20.731  0.932   -18   17 o  0   1.15   2.47917  -5.02114  4053.12  8189.29 2.16 1.81 -72.4 -0.408 18.92 19.83 04a60108o1066o
60111.382696  21.911  2.270     6   14 c  0   1.19   2.47917  -5.02114   103.85  8415.66 2.67 2.10 -76.9 -0.353 19.39 20.99 04a60111o0963c
60111.385467 -22.102  3.516    -5   18 c  0   0.96   2.47917  -5.02114    85.21  8376.44 2.66 2.10 -78.1 -0.358 19.42 21.00 04a60111o0969c
60111.390959 -20.724  0.696   -19   13 c  0   1.14   2.47917  -5.02114   145.06  8453.87 2.64 2.00 -71.2 -0.368 19.37 21.01 04a60111o0981c
60111.401980 -20.403  0.448   -25   11 c  0   1.32   2.47917  -5.02114   169.26  8335.25 2.69 2.01 -77.9 -0.361 19.40 21.00 04a60111o1005c
60111.405703 -22.965  6.250    -2   15 c  0   0.83   2.47917  -5.02114 10367.04  8396.27 2.59 2.31   0.4 -0.457 19.36 20.99 04a60111o1013c
60111.410794  22.562  3.706     3   13 c  0   1.52   2.47917  -5.02114 10350.69  8356.92 2.64 2.39  -4.9 -0.427 19.36 21.03 04a60111o1024c
60111.413977  23.472 10.571     2   16 c  0   1.22   2.47917  -5.02114 10410.63  8434.98 2.70 2.48 -15.3 -0.417 19.36 21.03 04a60111o1031c
60111.429496  21.266  1.062    11   12 c  0   1.21   2.47917  -5.02114 10436.51  8317.80 2.66 2.22  -5.8 -0.366 19.37 21.01 04a60111o1065c
60116.140507 -19.683  0.285   -49   14 o  0   1.41   2.47917  -5.02114  8142.71  3661.52 2.53 2.27 -21.9 -0.424 18.99 20.28 03a60116o0184o
60116.143682 -21.887  2.765    -6   18 o  0   0.85   2.47917  -5.02114  8125.35  3623.43 2.53 2.23 -18.4 -0.424 19.02 20.30 03a60116o0191o
60116.149591  20.154  0.517    32   16 o  0   1.50   2.47917  -5.02114  8182.33  3701.51 2.89 2.34  -8.9 -0.399 18.92 20.26 03a60116o0204o
60116.173095 -20.471  0.960   -24   23 o  0   0.97   2.47917  -5.02114  8211.68  3586.70 2.47 2.26 -21.9 -0.426 18.75 19.99 03a60116o0255o
60119.157254  21.580  1.865     8   16 o  0   0.82   2.47917  -5.02114  2012.48 10108.26 2.60 2.22 -36.6 -0.396 19.29 20.48 03a60119o0933o
60119.161247 -21.782  2.450    -7   17 o  0   0.99   2.47917  -5.02114  1995.74 10068.31 2.75 2.30 -27.1 -0.388 19.24 20.50 03a60119o0941o
60119.166814 -20.467  0.640   -24   15 o  0   1.02   2.47917  -5.02114  2052.40 10147.46 2.65 2.26 -39.7 -0.398 19.30 20.56 03a60119o0952o
60119.180934 -22.561  4.600    -3   16 o  0   1.14   2.47917  -5.02114  2079.31 10029.46 2.67 2.26 -31.0 -0.397 19.18 20.37 03a60119o0980o
60126.327134 -19.655  0.465   -50   23 o  0   1.06   2.47917  -5.02114  5947.64  8107.46 2.10 1.93 -25.3 -0.437 18.77 19.53 04a60126o0836o
60126.331842  20.413  0.923    25   23 o  0   0.93   2.47917  -5.02114  5928.55  8068.83 1.98 1.86 -41.3 -0.460 18.76 19.50 04a60126o0846o
60126.336830 -22.786  6.950    -3   19 o  0   2.00   2.47917  -5.02114  5986.95  8146.35 2.03 1.87 -43.9 -0.477 18.74 19.52 04a60126o0857o
60126.348450 -20.935  1.391   -15   21 o  0   1.07   2.47917  -5.02114  6006.90  8030.27 2.03 1.85 -52.1 -0.450 18.85 19.65 04a60126o0882o
60127.290283 -20.354  1.104   -26   29 o  0   1.72   2.47917  -5.02114  5952.21  8105.69 2.38 2.02 -77.1 -0.404 18.22 18.70 04a60127o0750o
60127.293373 -19.239  0.422   -73   31 o  0   0.98   2.47917  -5.02114  5932.63  8066.83 2.37 2.04 -80.6 -0.409 18.27 18.81 04a60127o0756o
60127.298868  19.777  0.872    45   39 o  0   1.01   2.47917  -5.02114  5989.88  8144.95 2.39 2.04 -76.2 -0.413 18.22 18.71 04a60127o0768o
60127.311871 -19.691  0.979   -48   47 o  0   0.73   2.47917  -5.02114  6009.12  8030.45 2.14 1.95 -70.9 -0.374 18.16 18.51 04a60127o0796o
60128.041756 -21.649  3.233    -8   26 o  0   1.29   2.47917  -5.02114  4223.47  1841.50 2.30 2.14 -30.8 -0.428 18.52 18.90 03a60128o0644o
60128.044982  20.608  1.048    21   22 o  0   1.46   2.47917  -5.02114  4204.90  1802.17 2.27 2.09 -35.1 -0.409 18.56 18.92 03a60128o0651o
60128.060297 -25.969 159.000    -0   24 o  0   1.48   2.47917  -5.02114  4262.16  1876.01 2.51 2.29 -22.1 -0.399 18.49 18.99 03a60128o0683o
60128.067165 -19.166  0.380   -78   30 o  0   0.99   2.47917  -5.02114  4283.82  1759.23 3.08 2.42  -2.4 -0.400 18.41 19.02 03a60128o0698o
60129.316326  23.534 24.000     1   34 o  0   0.91   2.47917  -5.02114  4174.45  1922.92 2.21 2.06  65.2 -0.431 18.32 18.79 04a60129o0816o
60129.322689 -19.698  0.509   -48   24 o  0   1.41   2.47917  -5.02114  4155.54  1885.69 2.20 2.02  60.0 -0.441 18.34 18.85 04a60129o0829o
60129.328123  20.602  1.287    21   27 o  0   1.66   2.47917  -5.02114  4214.89  1963.61 2.23 2.10  59.7 -0.437 18.36 18.87 04a60129o0841o
60129.338765  20.385  1.030    26   26 o  0   1.47   2.47917  -5.02114  4234.57  1846.48 2.35 2.18  53.8 -0.435 18.37 18.90 04a60129o0864o
60130.305251 -20.953  2.097   -15   32 o  0   0.84   2.47917  -5.02114  4117.99 10159.97 2.71 2.00 -77.0 -0.416 18.39 18.82 04a60130o0776o
60130.308007  21.242  2.587    12   30 o  0   1.16   2.47917  -5.02114  4098.30 10120.83 2.91 2.17 -79.7 -0.386 18.35 18.91 04a60130o0782o
60130.331068  21.502  2.561     9   23 o  0   1.71   2.47917  -5.02114  4158.22 10199.39 2.72 1.98 -80.3 -0.397 18.50 19.06 04a60130o0831o
60130.334363  20.471  0.993    24   23 o  0   1.94   2.47917  -5.02114  4178.01 10081.78 2.87 2.09 -78.0 -0.398 18.44 19.08 04a60130o0838o
60131.073412  21.936  5.781     6   35 o  0   1.20   2.47917  -5.02114  3966.79 10052.45 3.03 2.38 -19.1 -0.357 18.28 18.51 03a60131o0838o
60131.076132  20.303  1.154    28   32 o  0   1.52   2.47917  -5.02114  3947.86 10012.65 2.84 2.30 -23.3 -0.360 18.28 18.43 03a60131o0844o
60131.082500 -20.761  1.727   -18   31 o  0   1.08   2.47917  -5.02114  4004.84 10090.86 2.96 2.37 -18.5 -0.367 18.38 18.71 03a60131o0858o
60131.092616  21.076  2.459    14   33 o  0   1.15   2.47917  -5.02114  4028.19  9972.35 2.63 2.21 -32.5 -0.372 18.40 18.62 03a60131o0880o
60132.297370 -20.969  8.213   -15  122 o  0   1.12   2.47917  -5.02114  6072.66 10056.63 2.45 2.14 -75.7 -0.430 17.04 16.84 04a60132o0774o
60132.300125 -19.248  1.436   -73  104 o  0   0.86   2.47917  -5.02114  6052.74 10017.68 2.55 2.12 -75.3 -0.408 17.08 16.93 04a60132o0780o
60132.307359  18.836  1.351   106  143 o  0   0.82   2.47917  -5.02114  6110.89 10095.70 2.47 2.19 -71.9 -0.428 17.05 16.93 04a60132o0796o
60132.318261  17.930  0.236   244   58 o  0   1.31   2.47917  -5.02114  6128.52  9978.78 2.19 2.07 -60.1 -0.380 17.40 17.44 04a60132o0820o
60137.147845  22.111  2.677     5   14 o  0   1.15   2.47917  -5.02114  8586.00  2413.05 3.06 2.11  -2.1 -0.422 19.27 20.68 03a60137o0901o
60137.151501 -24.047 14.143    -1   12 o  0   1.09   2.47917  -5.02114  8604.45  2452.33 2.31 2.03 -12.6 -0.443 19.46 20.75 03a60137o0909o
60137.158358 -21.559  1.405    -9   12 o  0   0.89   2.47917  -5.02114  8547.29  2373.86 2.22 1.98 -22.8 -0.441 19.51 20.75 03a60137o0923o
60137.168400 -21.602  1.379    -8   12 o  0   1.70   2.47917  -5.02114  8524.27  2490.50 2.69 2.07  -7.2 -0.412 19.35 20.69 03a60137o0945o
60137.191937  20.015  0.708    36   25 o  0   1.12   2.47917  -5.02114  8565.25  2434.40 2.33 2.07 -24.2 -0.421 18.61 18.90 03a60137o0995o
60138.358464  22.035  2.049     6   11 o  0   1.36   2.47917  -5.02114  8056.20  1716.73 2.33 2.12 -31.6 -0.408 19.37 20.63 04a60138o0665o
60138.361663 -22.208  2.514    -5   12 o  0   1.28   2.47917  -5.02114  8038.94  1677.60 2.32 2.13 -31.1 -0.408 19.35 20.64 04a60138o0672o
60138.364827 -21.004  0.811   -14   12 o  0   1.02   2.47917  -5.02114  8098.59  1754.72 2.30 2.10 -28.4 -0.417 19.38 20.64 04a60138o0679o
60138.385327 -21.373  1.158   -10   12 o  0   1.01   2.47917  -5.02114  8131.75  1635.07 2.34 2.05 -29.3 -0.421 19.38 20.66 04a60138o0723o
60143.092805  21.408  0.930    10    9 c  0   1.16   2.47917  -5.02114  8208.99  5598.52 2.53 2.22 -53.9 -0.395 19.63 21.41 03a60143o0839c
60143.095971 -20.976  0.703   -15   10 c  0   0.92   2.47917  -5.02114  8190.82  5559.72 2.34 2.15 -53.5 -0.400 19.68 21.41 03a60143o0845c
60143.118150 -21.622  1.270    -8   10 c  0   0.98   2.47917  -5.02114  8256.54  5641.44 2.43 2.17 -41.6 -0.392 19.62 21.31 03a60143o0891c
60143.146725 -24.614 18.750    -0   10 c  0   1.00   2.47917  -5.02114  8286.89  5526.39 2.45 2.15 -48.3 -0.394 19.64 21.28 03a60143o0949c
60153.273801 -21.127  1.117   -13   14 o  0   1.05   2.47917  -5.02114  6096.81  1825.31 1.99 1.89 -30.5 -0.487 19.17 20.18 04a60153o0686o
60153.276528 -22.330  4.135    -4   18 o  0   0.90   2.47917  -5.02114  6078.30  1786.25 1.95 1.92 -44.6 -0.477 19.16 20.18 04a60153o0692o
60153.281488  22.018  2.523     6   14 o  0   1.19   2.47917  -5.02114  6137.92  1863.50 2.08 2.04  89.9 -0.464 19.17 20.23 04a60153o0703o
60156.266803 -20.291  0.673   -28   19 o  0   1.13   2.47917  -5.02114  2231.34  2016.66 2.08 1.85  55.9 -0.410 18.78 19.44 04a60156o0687o
60156.268607 -20.694  1.243   -19   24 o  0   1.02   2.47917  -5.02114  2211.85  1977.39 2.21 2.00  51.1 -0.433 18.75 19.48 04a60156o0691o
60156.289712  23.255 13.000     2   24 o  0   1.31   2.47917  -5.02114  2277.90  2053.74 1.94 1.83  61.9 -0.413 18.64 19.18 04a60156o0735o
