MJD          m      dm   uJy   duJy F err chi/N     RA       Dec        x        y     maj  min   phi  apfit mag5sig Sky   Obs
59687.940053 -20.895  1.347   -16   21 o  0   1.13 193.30083  -6.38523  6873.16  1229.52 2.55 2.05 -51.5 -0.421 18.78 19.16 03a59688o0492o
59687.943726 -20.194  0.886   -30   27 o  0   0.80 193.30083  -6.38523  6890.10  1268.97 2.59 2.03 -52.0 -0.418 18.76 19.16 03a59688o0500o
59687.949772  19.927  0.593    39   23 o  0   1.03 193.30083  -6.38523  6831.92  1191.22 2.52 2.06 -51.4 -0.415 18.80 19.15 03a59688o0513o
59687.963215 -22.565  6.654    -3   23 o  0   1.17 193.30083  -6.38523  6805.58  1308.39 2.56 2.03 -54.5 -0.421 18.74 19.12 03a59688o0535o
59688.417159 -20.292  0.992   -28   28 o  0   1.00 193.30083  -6.38523  7786.54  2904.33 2.25 2.00  41.1 -0.411 18.59 18.98 02a59688o0421o
59688.420381  21.109  1.735    13   23 o  0   1.14 193.30083  -6.38523  7767.99  2867.82 2.22 1.96  42.7 -0.422 18.48 18.89 02a59688o0428o
59688.425888  18.761  0.596   114   68 o  0   0.93 193.30083  -6.38523  7825.35  2944.84 2.18 1.94  40.8 -0.426 17.63 17.87 02a59688o0440o
59688.436452  19.681  1.372    49   67 o  0   1.25 193.30083  -6.38523  7846.21  2831.74 2.26 2.05  44.4 -0.418 17.44 17.77 02a59688o0463o
59690.415447 -20.811  0.957   -17   16 o  0   1.45 193.30083  -6.38523  8645.03  7305.94 2.82 2.74 -57.1 -0.457 19.18 20.35 01a59690o0430o
59690.419099  22.690  6.467     3   20 o  0   1.12 193.30083  -6.38523  8667.42  7345.68 2.99 2.90 -76.5 -0.431 19.11 20.33 01a59690o0438o
59690.425685   0.000 20.825     0   17 o  0   1.26 193.30083  -6.38523  8606.97  7268.44 2.77 2.76  83.7 -0.462 19.11 20.26 01a59690o0452o
59690.442309 -21.810  2.694    -7   18 o  0   1.39 193.30083  -6.38523  8592.03  7387.10 2.82 2.77  80.2 -0.454 19.04 20.10 01a59690o0488o
59691.171297 -24.730 33.000    -0   15 o  0   1.01 193.30083  -6.38523  9013.35  4984.47 2.50 2.11 -17.1 -0.419 19.22 20.50 04a59691o0400o
59691.174451  20.267  0.545    28   16 o  0   1.12 193.30083  -6.38523  9033.80  5020.83 2.51 2.06 -17.2 -0.411 19.17 20.43 04a59691o0407o
59691.179866  20.992  0.977    15   14 o  0   1.15 193.30083  -6.38523  8977.54  4938.66 2.60 2.19 -17.8 -0.402 19.13 20.38 04a59691o0419o
59691.190879  20.396  0.552    25   14 o  0   1.54 193.30083  -6.38523  8961.82  5045.72 2.54 2.06 -16.2 -0.408 19.14 20.35 04a59691o0443o
59692.409615  18.684  0.337   122   41 c  0   1.34 193.30083  -6.38523 10071.38  9615.19 2.96 2.60  32.5 -0.387 17.42 19.21 02a59692o0305c
59692.412814  18.722  0.205   118   24 c  0   1.41 193.30083  -6.38523 10051.44  9575.31 2.87 2.61  35.0 -0.385 18.69 20.49 02a59692o0312c
59692.420210  18.246  0.073   183   13 c  0   1.34 193.30083  -6.38523 10111.32  9655.89 2.89 2.60  34.2 -0.387 19.48 21.40 02a59692o0328c
59692.430021  18.201  0.120   190   23 c  0   1.16 193.30083  -6.38523 10130.38  9540.46 2.86 2.63  35.4 -0.383 19.21 21.12 02a59692o0349c
59694.385843  16.833  0.026   671   17 o  0   1.24 193.30083  -6.38523  8639.48  7305.96 2.88 2.78 -52.7 -0.451 19.33 20.77 01a59694o0360o
59694.389511  16.798  0.024   693   16 o  0   1.69 193.30083  -6.38523  8660.97  7344.95 2.90 2.80 -49.1 -0.447 19.34 20.76 01a59694o0368o
59694.395910  16.830  0.025   673   17 o  0   1.90 193.30083  -6.38523  8601.65  7268.81 2.90 2.80 -42.4 -0.448 19.32 20.74 01a59694o0382o
59694.406241  16.780  0.021   705   15 o  0   2.23 193.30083  -6.38523  8586.63  7386.23 2.88 2.81 -56.0 -0.447 19.31 20.74 01a59694o0404o
59695.140196  16.554  0.019   868   16 o  0   2.73 193.30083  -6.38523  9001.57  5004.29 2.38 2.05 -12.0 -0.420 19.29 20.62 04a59695o0409o
59695.143349  16.550  0.020   871   18 o  0   2.66 193.30083  -6.38523  9022.94  5039.83 2.47 2.04 -10.2 -0.425 19.26 20.62 04a59695o0416o
59695.149214  16.613  0.022   822   18 o  0   2.16 193.30083  -6.38523  8968.32  4956.14 2.42 1.96 -15.8 -0.432 19.27 20.61 04a59695o0429o
59695.159524  16.571  0.022   854   19 o  0   2.67 193.30083  -6.38523  8954.00  5061.17 2.43 1.98 -14.0 -0.424 19.26 20.57 04a59695o0451o
59696.387467  16.017  0.013  1424   18 c  0   4.14 193.30083  -6.38523 10071.36  9610.09 2.95 2.68  31.5 -0.378 19.46 21.37 02a59696o0345c
59696.390677  15.967  0.012  1490   19 c  0   4.78 193.30083  -6.38523 10052.60  9572.70 2.95 2.67  31.5 -0.380 19.49 21.37 02a59696o0352c
59696.422970  15.973  0.012  1482   18 c  0   3.50 193.30083  -6.38523 10104.80  9652.18 2.87 2.70  39.2 -0.377 19.45 21.32 02a59696o0421c
59696.428913  15.984  0.014  1467   20 c  0   2.18 193.30083  -6.38523 10126.05  9537.74 2.90 2.74  35.7 -0.378 19.42 21.31 02a59696o0434c
59698.390517  15.686  0.016  1930   32 o  0   1.43 193.30083  -6.38523  6709.62  7442.37 2.76 2.66 -46.3 -0.468 18.72 20.16 01a59698o0361o
59698.396040  15.730  0.017  1854   31 o  0   1.39 193.30083  -6.38523  6730.95  7481.38 2.74 2.67  46.7 -0.462 18.68 20.09 01a59698o0373o
59698.403583  15.762  0.019  1800   35 o  0   1.56 193.30083  -6.38523  6672.34  7405.41 2.68 2.67 -28.6 -0.469 18.59 19.94 01a59698o0389o
59698.406877  15.675  0.020  1950   39 o  0   1.25 193.30083  -6.38523  6656.47  7521.99 2.72 2.68  42.4 -0.464 18.44 19.84 01a59698o0396o
59699.139262  15.498  0.016  2296   38 o  0   3.19 193.30083  -6.38523  2964.39  1411.44 2.07 1.91  18.8 -0.421 18.81 20.23 04a59699o0417o
59699.142431  15.498  0.012  2295   27 o  0   6.78 193.30083  -6.38523  2986.00  1447.93 1.94 1.89   8.4 -0.439 19.26 20.70 04a59699o0424o
59699.147984  15.525  0.014  2239   32 o  0   5.20 193.30083  -6.38523  2930.48  1363.50 2.09 1.88  33.4 -0.459 19.04 20.51 04a59699o0436o
59699.160820  15.508  0.014  2275   32 o  0   4.66 193.30083  -6.38523  2918.02  1464.71 2.02 1.82  43.0 -0.435 18.72 20.17 04a59699o0462o
59700.372356  15.077  0.007  3382   23 c  0   7.22 193.30083  -6.38523  4675.84  1350.51 2.51 2.38  77.5 -0.418 19.47 21.16 02a59700o0313c
59700.375553  15.070  0.007  3406   23 c  0   5.88 193.30083  -6.38523  4658.05  1312.81 2.48 2.36  78.6 -0.418 19.46 21.13 02a59700o0320c
59700.382575  15.064  0.009  3422   31 c  0   4.37 193.30083  -6.38523  4716.63  1393.12 2.42 2.31  77.3 -0.418 18.93 20.53 02a59700o0335c
59700.392785  15.061  0.006  3434   22 c  0   7.24 193.30083  -6.38523  4737.11  1275.37 2.45 2.32  82.8 -0.419 19.53 21.18 02a59700o0357c
59700.884198  15.194  0.007  3038   21 o  0  18.22 193.30083  -6.38523  6931.88  3178.51 2.36 1.98 -50.8 -0.431 19.67 21.15 03a59701o0409o
59700.887842  15.186  0.007  3059   21 o  0  22.54 193.30083  -6.38523  6949.08  3218.86 2.36 1.97 -50.2 -0.430 19.66 21.15 03a59701o0417o
59700.893792  15.184  0.007  3064   21 o  0  19.77 193.30083  -6.38523  6890.57  3140.82 2.32 1.96 -49.4 -0.436 19.69 21.15 03a59701o0430o
59700.907110  15.188  0.007  3054   22 o  0  18.63 193.30083  -6.38523  6863.25  3257.55 2.32 1.94 -48.8 -0.439 19.66 21.11 03a59701o0459o
59703.175645  14.917  0.007  3919   27 o  0  21.68 193.30083  -6.38523  2982.02  1366.17 2.07 1.94  47.9 -0.449 19.41 20.81 04a59703o0251o
59703.179306  14.921  0.007  3906   27 o  0  19.33 193.30083  -6.38523  3002.62  1402.63 2.09 1.88  47.1 -0.445 19.41 20.75 04a59703o0259o
59703.184712  14.924  0.007  3894   26 o  0  27.93 193.30083  -6.38523  2944.57  1321.08 2.05 1.87  44.3 -0.451 19.39 20.74 04a59703o0271o
59703.196169  14.935  0.007  3853   27 o  0  23.95 193.30083  -6.38523  2927.02  1431.13 1.96 1.77  46.8 -0.459 19.33 20.60 04a59703o0296o
59704.367796  14.635  0.016  5081   79 c  0   1.29 193.30083  -6.38523  4681.17  1357.27 2.37 2.23  78.2 -0.418 18.00 19.57 02a59704o0300c
59704.371454  14.609  0.027  5205  142 c  0   1.03 193.30083  -6.38523  4662.18  1318.30 2.37 2.24  74.9 -0.417 16.81 18.31 02a59704o0308c
59704.378381  14.633  0.024  5089  121 c  0   1.51 193.30083  -6.38523  4721.14  1396.50 2.39 2.23  69.6 -0.413 17.35 18.84 02a59704o0323c
59710.315646  14.667  0.009  4934   46 o  0   3.18 193.30083  -6.38523 10401.50   922.31 3.05 2.70 -47.8 -0.515 18.27 18.85 01a59710o0180o
59710.317487  14.642  0.012  5048   63 o  0   2.28 193.30083  -6.38523 10381.65   882.87 3.11 2.70 -57.2 -0.509 18.03 18.39 01a59710o0184o
59710.320250  14.617  0.008  5167   43 o  0   4.50 193.30083  -6.38523 10442.00   959.99 3.18 2.73 -51.1 -0.475 18.50 19.18 01a59710o0190o
59710.326518  14.707  0.007  4755   34 o  0   2.72 193.30083  -6.38523 10267.79  9428.40 3.24 3.09 -29.2 -0.356 18.49 19.15 01a59710o0203o
59710.329639  14.703  0.008  4774   38 o  0   1.62 193.30083  -6.38523 10290.95  9468.07 3.23 3.15 -36.1 -0.364 18.52 19.16 01a59710o0209o
59710.330099  14.682  0.008  4867   38 o  0   2.33 193.30083  -6.38523    92.66  9746.37 3.37 2.64 -35.5 -0.477 18.60 19.30 01a59710o0210o
59710.334858  14.736  0.009  4632   42 o  0   1.12 193.30083  -6.38523 10229.33  9390.99 3.44 3.27 -33.8 -0.321 18.36 19.03 01a59710o0219o
59710.368942  14.709  0.016  4746   78 o  0   1.15 193.30083  -6.38523 10222.22  9511.53 3.23 3.04 -60.3 -0.351 17.36 17.62 01a59710o0291o
59715.130949  14.741  0.006  4610   28 o  0  21.76 193.30083  -6.38523  2838.58  7671.11 2.39 2.05 -83.3 -0.384 19.23 20.48 04a59715o0419o
59715.133656  14.737  0.006  4625   28 o  0  23.91 193.30083  -6.38523  2858.83  7707.94 2.34 1.95 -83.1 -0.396 19.33 20.64 04a59715o0425o
59715.139974  14.745  0.006  4590   28 o  0  26.61 193.30083  -6.38523  2803.17  7626.30 2.39 1.98 -83.0 -0.388 19.44 20.85 04a59715o0439o
59715.172949  14.724  0.006  4680   27 o  0  41.61 193.30083  -6.38523  2791.06  7720.85 2.35 2.01 -88.2 -0.383 19.37 20.77 04a59715o0511o
59716.394147  15.956  0.014  1505   22 o  0 434.30 193.30083  -6.38523    65.88  3313.69 2.09 1.98 -40.1 -0.434 18.69 18.98 02a59716o0353o
59716.396430  14.786  0.008  4422   34 o  0   5.12 193.30083  -6.38523 10258.50  3293.63 2.09 1.95 -46.5 -0.465 18.63 18.96 02a59716o0358o
59716.399628  14.790  0.008  4406   37 o  0   4.34 193.30083  -6.38523 10240.06  3255.48 2.02 1.88 -47.5 -0.488 18.69 18.95 02a59716o0365o
59716.409688  14.797  0.009  4377   39 o  0   3.47 193.30083  -6.38523 10298.31  3334.46 2.12 2.00 -24.0 -0.462 18.61 18.91 02a59716o0387o
59716.411058  16.216  0.021  1185   25 o  0 440.00 193.30083  -6.38523    86.33  3198.97 2.02 1.99  21.8 -0.456 18.56 18.90 02a59716o0390o
59716.416086  14.770  0.008  4490   35 o  0   6.03 193.30083  -6.38523 10320.21  3218.97 2.14 2.01 -34.7 -0.480 18.52 18.87 02a59716o0401o
59719.159067  14.904  0.007  3967   26 o  0  10.08 193.30083  -6.38523  2855.76  7647.56 2.66 2.12 -84.9 -0.362 19.04 20.09 04a59719o0374o
59719.162518  14.934  0.007  3857   27 o  0  10.22 193.30083  -6.38523  2875.58  7684.11 2.66 2.20 -84.3 -0.356 19.03 20.08 04a59719o0381o
59719.167736  14.925  0.007  3890   27 o  0   9.26 193.30083  -6.38523  2816.35  7605.16 2.67 2.14 -87.1 -0.354 19.04 20.06 04a59719o0392o
59719.178353  14.947  0.007  3811   28 o  0   7.62 193.30083  -6.38523  2796.18  7717.31 2.69 2.17 -86.2 -0.357 19.00 20.06 04a59719o0414o
59720.370842  16.915  0.051   622   32 c  0  16.83 193.30083  -6.38523    64.20  3313.72 2.35 2.26 -55.3 -0.421 19.60 21.21 02a59720o0297c
59720.376853  17.371  0.056   409   23 c  0  18.71 193.30083  -6.38523    84.62  3196.84 2.29 2.27  61.9 -0.423 19.62 21.21 02a59720o0310c
59720.381434  14.683  0.005  4860   24 c  0  21.71 193.30083  -6.38523 10258.88  3293.92 2.44 2.36 -47.3 -0.426 19.55 21.23 02a59720o0320c
59720.384654  14.716  0.005  4718   25 c  0  18.70 193.30083  -6.38523 10240.18  3255.65 2.45 2.34 -52.4 -0.427 19.59 21.23 02a59720o0327c
59720.391062  14.709  0.005  4748   25 c  0  15.52 193.30083  -6.38523 10299.68  3334.25 2.46 2.34 -49.2 -0.422 19.59 21.21 02a59720o0341c
59720.401181  14.716  0.005  4718   25 c  0  16.21 193.30083  -6.38523 10321.73  3219.51 2.50 2.36 -37.5 -0.421 19.55 21.18 02a59720o0363c
59722.320956  15.161  0.008  3131   26 o  0   3.18 193.30083  -6.38523  6732.17  1136.94 2.98 2.80 -34.9 -0.473 19.20 20.56 01a59722o0192o
59722.324641  15.159  0.008  3135   24 o  0   4.70 193.30083  -6.38523  6753.77  1176.80 2.83 2.71 -24.1 -0.478 19.25 20.55 01a59722o0200o
59722.329767  15.155  0.007  3148   24 o  0   5.61 193.30083  -6.38523  6694.15  1100.19 2.90 2.69 -40.1 -0.491 19.23 20.54 01a59722o0211o
59722.341735  15.166  0.008  3115   25 o  0   3.01 193.30083  -6.38523  6679.39  1218.98 2.99 2.80 -48.5 -0.473 19.20 20.53 01a59722o0237o
59724.312072  14.948  0.006  3810   22 c  0  12.14 193.30083  -6.38523  5689.38  9310.37 2.77 2.43  28.7 -0.402 19.59 21.25 02a59724o0165c
59724.315746  14.940  0.006  3836   23 c  0  11.21 193.30083  -6.38523  5669.95  9271.26 2.69 2.35  30.6 -0.410 19.61 21.24 02a59724o0173c
59724.325524  14.951  0.006  3799   23 c  0  11.33 193.30083  -6.38523  5728.94  9350.29 2.73 2.44  35.8 -0.409 19.56 21.19 02a59724o0194c
59724.341186  14.941  0.006  3833   23 c  0  13.08 193.30083  -6.38523  5748.80  9236.72 2.69 2.40  42.2 -0.406 19.56 21.16 02a59724o0228c
59724.834722  15.285  0.007  2794   20 o  0   9.57 193.30083  -6.38523  8921.93  5081.59 2.41 2.10 -56.0 -0.415 19.61 21.06 03a59725o0310o
59724.837516  15.269  0.007  2833   20 o  0  15.76 193.30083  -6.38523  8939.43  5120.45 2.39 2.11 -54.1 -0.415 19.60 21.07 03a59725o0316o
59724.843136  15.272  0.009  2826   24 o  0   6.61 193.30083  -6.38523  8881.37  5042.50 2.39 2.13 -48.0 -0.434 19.43 20.87 03a59725o0328o
59724.855366  15.284  0.007  2794   20 o  0  13.45 193.30083  -6.38523  8856.50  5158.91 2.40 2.13 -49.7 -0.424 19.66 21.12 03a59725o0354o
59726.307102  15.381  0.009  2557   22 o  0   4.04 193.30083  -6.38523  6733.21  1135.42 2.81 2.63 -21.2 -0.487 19.28 20.62 01a59726o0164o
59726.311258  15.421  0.010  2464   24 o  0   2.23 193.30083  -6.38523  6754.38  1174.81 3.01 2.70 -23.0 -0.470 19.25 20.63 01a59726o0173o
59726.316434  15.400  0.009  2513   22 o  0   3.85 193.30083  -6.38523  6695.50  1098.19 2.92 2.72 -33.1 -0.478 19.26 20.64 01a59726o0184o
59726.327946  15.402  0.009  2507   22 o  0   3.11 193.30083  -6.38523  6680.81  1218.15 2.79 2.61 -28.4 -0.490 19.31 20.66 01a59726o0209o
59727.096336  15.351  0.012  2628   32 o  0   6.63 193.30083  -6.38523   546.50   985.61 3.78 1.85  48.2 -0.372 18.82 20.28 04a59727o0342o
59727.099489  15.388  0.013  2540   33 o  0   5.81 193.30083  -6.38523   566.87  1023.14 3.79 1.93  49.8 -0.367 18.70 20.12 04a59727o0349o
59727.105873  15.384  0.010  2549   26 o  0  10.95 193.30083  -6.38523   508.76   939.76 3.66 1.90  48.3 -0.377 18.72 20.16 04a59727o0363o
59727.118728  15.495  0.103  2301  237 o  0   1.68 193.30083  -6.38523   493.68  1047.44 3.53 2.00  49.0 -0.372 16.46 17.83 04a59727o0391o
59728.869292  15.404  0.008  2503   21 o  0  11.21 193.30083  -6.38523  2986.56  1368.40 2.42 2.34 -62.7 -0.448 19.47 20.90 03a59729o0117o
59728.872027  15.393  0.009  2528   23 o  0   5.12 193.30083  -6.38523  3004.11  1409.10 2.39 2.32 -44.9 -0.434 19.48 20.92 03a59729o0123o
59728.877518  15.414  0.008  2479   20 o  0   7.83 193.30083  -6.38523  2947.35  1331.51 2.53 2.43 -46.0 -0.417 19.43 20.87 03a59729o0135o
59728.889512  15.407  0.008  2497   20 o  0   9.21 193.30083  -6.38523  2927.00  1448.50 2.49 2.40 -38.3 -0.418 19.44 20.92 03a59729o0161o
59730.299245  15.441  0.010  2419   25 o  0   2.40 193.30083  -6.38523  6882.13  3080.49 2.73 2.54 -38.3 -0.480 19.06 20.28 01a59730o0143o
59730.302466  15.455  0.009  2388   22 o  0   3.25 193.30083  -6.38523  6903.10  3119.35 2.70 2.55 -36.5 -0.482 19.24 20.46 01a59730o0150o
59730.315947  15.432  0.010  2439   25 o  0   2.28 193.30083  -6.38523  6844.37  3043.66 2.82 2.64 -45.8 -0.472 19.11 20.38 01a59730o0179o
59730.324236  15.433  0.010  2436   24 o  0   1.97 193.30083  -6.38523  6828.97  3161.38 2.79 2.64 -46.7 -0.471 19.19 20.45 01a59730o0197o
59732.319100  15.358  0.007  2611   20 c  0   6.09 193.30083  -6.38523  5850.67  3013.12 2.50 2.34  47.6 -0.407 19.61 21.29 02a59732o0176c
59732.323217  15.353  0.007  2623   19 c  0   7.94 193.30083  -6.38523  5831.27  2975.14 2.59 2.39  47.0 -0.405 19.59 21.29 02a59732o0185c
59732.331039  15.367  0.008  2589   19 c  0   6.32 193.30083  -6.38523  5889.19  3053.37 2.56 2.37  46.2 -0.407 19.58 21.28 02a59732o0202c
59732.347604  15.358  0.008  2610   20 c  0   5.20 193.30083  -6.38523  5911.39  2939.55 2.54 2.37  46.6 -0.407 19.56 21.24 02a59732o0238c
59734.303413  15.419  0.009  2469   22 o  0   3.01 193.30083  -6.38523  6883.41  3080.99 2.64 2.58  28.5 -0.474 19.38 20.68 01a59734o0150o
59734.308937  15.388  0.008  2540   22 o  0   3.63 193.30083  -6.38523  6903.90  3119.88 2.67 2.58  29.9 -0.474 19.36 20.66 01a59734o0162o
59734.313542  15.431  0.009  2441   21 o  0   3.76 193.30083  -6.38523  6844.00  3043.60 2.64 2.57 -37.7 -0.485 19.36 20.64 01a59734o0172o
59734.324137  15.420  0.009  2466   21 o  0   4.43 193.30083  -6.38523  6828.81  3161.71 2.66 2.59  33.2 -0.479 19.31 20.58 01a59734o0195o
59736.302880  15.395  0.008  2524   21 o  0   9.10 193.30083  -6.38523  5853.47  3013.09 2.17 1.87  37.7 -0.438 19.42 20.28 02a59736o0143o
59736.306086  15.412  0.009  2484   23 o  0   5.25 193.30083  -6.38523  5834.42  2975.35 2.21 1.91  35.8 -0.440 19.35 20.28 02a59736o0150o
59736.313410  15.405  0.009  2501   21 o  0  13.18 193.30083  -6.38523  5892.65  3051.35 2.26 1.89  39.0 -0.441 19.37 20.29 02a59736o0166o
59736.324158  15.394  0.008  2526   21 o  0   9.51 193.30083  -6.38523  5913.47  2939.08 2.21 1.90  37.1 -0.440 19.37 20.30 02a59736o0189o
59736.791675  15.383  0.009  2552   22 o  0   7.87 193.30083  -6.38523  3135.12  5224.78 2.30 2.22 -23.9 -0.443 19.30 20.47 03a59737o0241o
59736.795776  15.361  0.008  2603   22 o  0  10.47 193.30083  -6.38523  3151.32  5264.21 2.25 2.14 -17.7 -0.451 19.34 20.46 03a59737o0250o
59736.801325  15.396  0.009  2522   23 o  0   6.26 193.30083  -6.38523  3092.69  5186.73 2.35 2.20 -12.7 -0.446 19.31 20.47 03a59737o0262o
59736.815114  15.383  0.009  2551   24 o  0   2.71 193.30083  -6.38523  3065.22  5303.76 2.80 2.58   8.7 -0.424 19.15 20.47 03a59737o0292o
59738.258765  15.405  0.011  2500   26 o  0   1.84 193.30083  -6.38523  4938.93  3219.51 3.31 2.74  -7.5 -0.440 18.73 19.58 01a59738o0051o
59738.268605  15.459  0.011  2378   27 o  0   1.49 193.30083  -6.38523  4960.46  3257.93 3.50 2.92  -8.6 -0.399 18.63 19.62 01a59738o0072o
59738.271915  15.457  0.012  2383   28 o  0   1.54 193.30083  -6.38523  4902.25  3184.38 3.50 3.06 -10.4 -0.403 18.60 19.62 01a59738o0079o
59738.278017  15.453  0.011  2393   26 o  0   1.46 193.30083  -6.38523  4887.69  3302.28 3.08 2.74 -13.5 -0.440 18.78 19.62 01a59738o0092o
59742.155444  15.432  0.016  2440   39 o  0   2.58 193.30083  -6.38523   660.73  2882.53 2.66 1.95  49.5 -0.364 18.28 18.42 04a59742o0445o
59742.159147  15.437  0.017  2428   42 o  0   1.79 193.30083  -6.38523   679.27  2922.00 2.93 2.04  50.4 -0.335 18.24 18.39 04a59742o0451o
59742.165144  15.438  0.016  2425   39 o  0   1.78 193.30083  -6.38523   617.29  2844.66 3.02 2.03  48.4 -0.337 18.21 18.35 04a59742o0459o
59742.175730  15.497  0.018  2297   42 o  0   2.75 193.30083  -6.38523   593.40  2963.82 2.99 2.16  52.5 -0.342 18.09 18.21 04a59742o0477o
59742.314939  15.497  0.016  2296   36 o  0   1.14 193.30083  -6.38523  4950.55  3224.62 3.71 3.06  -4.1 -0.403 18.29 19.08 01a59742o0170o
59742.318625  15.500  0.017  2291   38 o  0   0.78 193.30083  -6.38523  4971.57  3263.44 3.32 2.88  -6.8 -0.437 18.37 19.06 01a59742o0178o
59742.324150  15.512  0.017  2265   39 o  0   1.14 193.30083  -6.38523  4911.84  3188.27 3.91 3.12  -4.3 -0.411 18.26 19.03 01a59742o0190o
59742.336261  15.513  0.017  2263   39 o  0   1.06 193.30083  -6.38523  4896.58  3305.68 3.29 2.92   5.0 -0.438 18.38 18.97 01a59742o0216o
59743.117836  15.470  0.014  2355   34 o  0   3.18 193.30083  -6.38523   669.57  2894.32 2.54 1.94  47.2 -0.381 18.45 18.69 04a59743o0388o
59743.120682  15.487  0.014  2319   33 o  0   2.16 193.30083  -6.38523   689.37  2932.70 2.48 1.96  52.7 -0.393 18.47 18.68 04a59743o0394o
59743.127842  15.501  0.014  2288   33 o  0   3.40 193.30083  -6.38523   628.34  2852.67 2.56 1.94  51.2 -0.383 18.39 18.63 04a59743o0409o
59743.138320  15.497  0.014  2298   32 o  0   3.07 193.30083  -6.38523   607.11  2968.12 2.68 1.99  49.4 -0.370 18.41 18.60 04a59743o0431o
59744.298970  15.581  0.018  2127   38 o  0   1.55 193.30083  -6.38523  1781.17  9501.87 2.46 2.31 -51.5 -0.454 18.43 18.83 02a59744o0130o
59744.304006  15.555  0.013  2178   29 o  0   2.93 193.30083  -6.38523  1761.97  9462.25 2.36 2.24 -54.7 -0.465 18.48 18.82 02a59744o0141o
59744.308125  15.538  0.017  2211   37 o  0   1.34 193.30083  -6.38523  1820.29  9540.85 2.29 2.20 -67.2 -0.455 18.43 18.80 02a59744o0150o
59744.318668  15.522  0.017  2245   38 o  0   1.52 193.30083  -6.38523  1841.73  9425.66 2.33 2.24 -54.8 -0.475 18.44 18.76 02a59744o0173o
59745.133549  15.573  0.029  2142   62 o  0   0.87 193.30083  -6.38523   371.48  7252.96 3.18 2.59  80.5 -0.330 17.87 18.13 04a59745o0411o
59745.137735  15.689  0.076  1926  147 o  0   1.45 193.30083  -6.38523   389.21  7290.90 3.20 2.68  73.7 -0.331 17.02 17.03 04a59745o0419o
59745.143823  15.715  0.071  1879  133 o  0   1.39 193.30083  -6.38523   328.77  7213.22 3.26 2.62  74.1 -0.343 16.74 16.73 04a59745o0431o
59745.156454  15.520  0.060  2249  135 o  0   0.91 193.30083  -6.38523   304.21  7330.60 3.14 2.61  76.1 -0.329 17.16 17.22 04a59745o0455o
59746.097717  15.623  0.018  2045   36 o  0   1.30 193.30083  -6.38523   372.07  7260.18 3.49 2.67  78.8 -0.374 18.56 19.36 04a59746o0239o
59746.101069  15.651  0.018  1993   36 o  0   0.78 193.30083  -6.38523   391.17  7298.18 3.45 2.72  77.1 -0.317 18.55 19.36 04a59746o0245o
59746.107492  15.625  0.017  2043   35 o  0   1.15 193.30083  -6.38523   332.38  7218.94 3.36 2.67  77.4 -0.333 18.57 19.32 04a59746o0257o
59746.120278  15.631  0.016  2030   33 o  0   1.69 193.30083  -6.38523   311.19  7332.05 3.40 2.70  80.6 -0.339 18.55 19.21 04a59746o0283o
59746.314549  15.671  0.013  1957   25 o  0   1.58 193.30083  -6.38523  4061.69  9352.76 2.87 2.76 -45.8 -0.461 18.87 19.73 01a59746o0168o
59746.317312  15.706  0.014  1894   27 o  0   1.78 193.30083  -6.38523  4082.52  9390.65 2.88 2.77 -81.5 -0.461 18.85 19.69 01a59746o0174o
59746.327454  15.661  0.014  1974   28 o  0   1.84 193.30083  -6.38523  4023.08  9314.75 2.76 2.66 -46.5 -0.476 18.70 19.45 01a59746o0196o
59746.333444  15.698  0.020  1909   37 o  0   1.28 193.30083  -6.38523  4006.62  9433.63 2.83 2.73 -81.3 -0.470 18.43 19.15 01a59746o0209o
59747.058693  15.729  0.014  1855   25 o  0   1.64 193.30083  -6.38523   306.18  7363.85 3.14 2.69  74.8 -0.355 18.89 19.97 04a59747o0020o
59750.289506  15.953  0.012  1510   18 o  0   2.48 193.30083  -6.38523  4056.87  9351.05 2.90 2.85 -82.1 -0.455 19.29 20.69 01a59750o0112o
59750.293187  15.953  0.014  1510   21 o  0   1.55 193.30083  -6.38523  4077.46  9389.98 3.24 3.17 -55.2 -0.426 19.14 20.67 01a59750o0120o
59750.299628  15.950  0.013  1513   20 o  0   2.11 193.30083  -6.38523  4017.45  9314.43 2.91 2.85 -61.8 -0.456 19.29 20.64 01a59750o0134o
59750.317655  15.943  0.012  1524   19 o  0   2.66 193.30083  -6.38523  4001.25  9433.04 2.98 2.86  68.8 -0.443 19.23 20.59 01a59750o0173o
59751.082398  15.968  0.024  1488   36 o  0   1.80 193.30083  -6.38523   391.80  7305.54 3.51 3.01  79.9 -0.313 18.12 19.73 04a59751o0313o
59751.087536  15.988  0.044  1462   65 o  0   1.08 193.30083  -6.38523   333.96  7226.34 3.11 2.65  78.8 -0.337 17.83 19.35 04a59751o0324o
59751.098176  15.977  0.032  1476   47 o  0   1.62 193.30083  -6.38523   311.85  7339.04 3.42 2.87  79.0 -0.309 18.23 19.84 04a59751o0347o
59754.252383  16.190  0.020  1213   24 o  0   1.86 193.30083  -6.38523  8970.25  4879.23 2.79 2.64 -60.4 -0.487 18.83 19.53 01a59754o0031o
59754.255605  16.107  0.017  1309   23 o  0   1.32 193.30083  -6.38523  8990.62  4916.89 2.76 2.69  22.2 -0.470 19.10 20.10 01a59754o0038o
59754.262968  16.127  0.015  1286   20 o  0   1.59 193.30083  -6.38523  8931.46  4840.03 2.74 2.63 -62.6 -0.487 19.36 20.62 01a59754o0054o
59754.279140  16.140  0.015  1271   19 o  0   1.49 193.30083  -6.38523  8916.26  4957.69 2.77 2.62 -64.1 -0.487 19.39 20.71 01a59754o0089o
59755.025329  16.155  0.034  1253   42 o  0   0.70 193.30083  -6.38523  4920.50  1270.50 2.18 2.06  14.2 -0.430 18.33 19.58 04a59755o0061o
59755.034649  16.181  0.029  1223   35 o  0   1.32 193.30083  -6.38523  4942.73  1302.32 2.07 1.99   7.0 -0.433 18.61 19.82 04a59755o0081o
59755.040988  16.136  0.023  1275   29 o  0   1.90 193.30083  -6.38523  4885.26  1219.98 2.09 1.96   7.6 -0.436 18.80 20.04 04a59755o0095o
59756.256037  16.485  0.024   925   22 c  0   1.28 193.30083  -6.38523  9855.96  5713.82 2.58 2.53  81.6 -0.423 19.08 20.11 02a59756o0026c
59756.259690  16.452  0.019   953   18 c  0   1.18 193.30083  -6.38523  9838.55  5676.36 2.74 2.60 -71.0 -0.421 19.28 20.62 02a59756o0034c
59756.269758  16.512  0.017   902   16 c  0   1.44 193.30083  -6.38523  9899.63  5756.70 2.64 2.48 -75.4 -0.427 19.51 21.08 02a59756o0056c
59756.275718  16.451  0.016   954   15 c  0   1.67 193.30083  -6.38523  9920.25  5642.35 2.70 2.48 -67.9 -0.427 19.55 21.11 02a59756o0069c
59760.256458  16.547  0.024   874   21 c  0   1.49 193.30083  -6.38523  9863.95  5718.64 2.81 2.60  22.6 -0.401 19.03 20.16 02a59760o0008c
59760.259626  16.568  0.021   857   18 c  0   1.61 193.30083  -6.38523  9844.09  5680.51 2.74 2.56  25.2 -0.402 19.23 20.51 02a59760o0015c
59760.267322  16.581  0.021   846   18 c  0   1.33 193.30083  -6.38523  9902.08  5758.68 3.14 3.02  24.2 -0.400 19.23 20.86 02a59760o0032c
59760.281883  16.591  0.020   839   17 c  0   1.16 193.30083  -6.38523  9921.41  5643.76 2.63 2.61  36.0 -0.413 19.45 20.89 02a59760o0064c
59764.743978  16.484  0.018   925   16 o  0   2.24 193.30083  -6.38523  5703.94  9201.69 2.43 2.10 -39.5 -0.415 19.35 20.38 03a59765o0123o
59764.747130  16.502  0.020   910   18 o  0   1.37 193.30083  -6.38523  5722.40  9239.64 2.67 2.23 -26.2 -0.389 19.22 20.37 03a59765o0130o
59764.753455  16.516  0.019   899   17 o  0   1.67 193.30083  -6.38523  5664.28  9160.40 2.49 2.18 -28.3 -0.403 19.28 20.35 03a59765o0144o
59764.763448  16.485  0.019   925   18 o  0   1.75 193.30083  -6.38523  5640.30  9276.79 2.75 2.26 -12.2 -0.395 19.18 20.27 03a59765o0166o
59769.021950  16.734  0.054   735   39 o  0   1.03 193.30083  -6.38523  8838.67  1041.76 3.68 2.57 -27.7 -0.345 18.20 18.77 04a59769o0161o
59769.025791  16.579  0.044   848   38 o  0   1.13 193.30083  -6.38523  8857.44  1079.53 3.53 2.52 -28.0 -0.359 18.22 18.77 04a59769o0169o
59769.032530  16.692  0.053   764   40 o  0   0.92 193.30083  -6.38523  8799.02   998.58 3.41 2.41 -26.6 -0.367 18.27 18.76 04a59769o0183o
59769.045053  16.248  0.041  1151   47 o  0   1.27 193.30083  -6.38523  8776.65  1112.72 3.45 2.31 -26.5 -0.373 18.24 18.73 04a59769o0209o
59770.252726  16.667  0.054   782   42 o  0   0.94 193.30083  -6.38523  3168.17  5293.26 2.69 2.50 -43.4 -0.505 18.53 19.01 01a59770o0029o
59770.256829  16.725  0.048   741   35 o  0   1.11 193.30083  -6.38523  3190.59  5333.15 2.55 2.50 -51.9 -0.504 18.70 19.31 01a59770o0038o
59770.266394  16.745  0.030   728   22 o  0   1.97 193.30083  -6.38523  3132.47  5258.03 2.63 2.62 -83.8 -0.483 18.73 19.43 01a59770o0059o
59770.283272  16.797  0.051   694   36 o  0   0.87 193.30083  -6.38523  3115.73  5376.47 2.77 2.63  56.1 -0.463 18.68 19.36 01a59770o0096o
59772.262566  16.677  0.033   775   26 o  0   2.04 193.30083  -6.38523  7523.10  7275.67 2.29 1.95  37.3 -0.448 18.84 19.13 02a59772o0037o
59772.269357  16.769  0.041   712   29 o  0   1.07 193.30083  -6.38523  7504.28  7236.97 2.32 2.01  36.2 -0.434 18.80 19.13 02a59772o0052o
59772.272980  16.732  0.039   737   29 o  0   0.88 193.30083  -6.38523  7563.16  7314.66 2.33 2.03  36.4 -0.436 18.81 19.11 02a59772o0060o
59772.282951  16.835  0.040   670   26 o  0   1.10 193.30083  -6.38523  7583.09  7199.16 2.45 2.05  34.4 -0.427 18.75 19.07 02a59772o0082o
59772.803338  16.801  0.047   691   33 o  0   1.15 193.30083  -6.38523   590.63  2807.80 3.07 2.62 -15.5 -0.363 18.34 18.85 03a59773o0129o
59772.806491  16.720  0.045   745   33 o  0   1.15 193.30083  -6.38523   610.00  2846.56 3.07 2.43  -9.0 -0.376 18.37 18.82 03a59773o0136o
59772.812799  16.791  0.050   697   35 o  0   0.87 193.30083  -6.38523   554.47  2768.00 2.89 2.44 -15.8 -0.381 18.40 18.80 03a59773o0150o
59772.823634  16.718  0.046   746   34 o  0   1.18 193.30083  -6.38523   535.79  2883.22 2.75 2.38 -19.4 -0.379 18.38 18.74 03a59773o0174o
59773.013858  16.559  0.040   863   35 o  0   1.27 193.30083  -6.38523  8830.82  1037.71 3.14 2.11 -29.0 -0.386 18.58 19.09 04a59773o0138o
59773.017987  16.491  0.042   920   39 o  0   1.27 193.30083  -6.38523  8850.06  1075.09 3.15 2.07 -26.2 -0.396 18.54 19.07 04a59773o0146o
59773.025773  16.506  0.042   907   38 o  0   1.33 193.30083  -6.38523  8790.92   995.09 3.18 2.09 -27.4 -0.375 18.54 19.02 04a59773o0161o
59773.040683  16.533  0.043   885   38 o  0   1.10 193.30083  -6.38523  8767.81  1109.69 2.99 2.05 -28.3 -0.405 18.48 18.92 04a59773o0189o
59774.251517  16.842  0.062   666   41 o  0   1.05 193.30083  -6.38523  3170.24  5299.95 2.91 2.84 -70.2 -0.464 18.49 19.16 01a59774o0023o
59774.255661  16.858  0.049   656   32 o  0   1.03 193.30083  -6.38523  3192.16  5336.64 2.67 2.64  76.2 -0.477 18.68 19.34 01a59774o0032o
59774.261164  16.762  0.030   717   22 o  0   2.04 193.30083  -6.38523  3132.39  5259.86 2.84 2.70 -45.3 -0.476 18.64 19.37 01a59774o0044o
59774.272118  16.863  0.063   653   41 o  0   1.01 193.30083  -6.38523  3115.68  5376.21 3.27 3.02 -47.3 -0.441 18.44 19.27 01a59774o0068o
59775.741026  16.897  0.050   633   32 o  0   1.52 193.30083  -6.38523   182.94  7153.93 2.45 2.06 -67.8 -0.391 18.72 19.80 03a59776o0112o
59775.759233  16.790  0.026   698   18 o  0   1.81 193.30083  -6.38523   201.59  7194.48 2.53 2.17 -64.9 -0.388 19.15 19.98 03a59776o0151o
59775.763222  16.835  0.027   670   18 o  0   1.76 193.30083  -6.38523   144.37  7115.61 2.50 2.12 -64.1 -0.387 19.00 19.69 03a59776o0158o
59776.253093  16.889  0.036   638   23 o  0   1.22 193.30083  -6.38523  7525.89  7280.06 2.32 1.96  36.9 -0.450 19.11 19.72 02a59776o0017o
59776.256276  16.861  0.023   654   15 o  0   1.98 193.30083  -6.38523  7508.43  7239.83 2.27 1.96  41.7 -0.451 19.31 20.10 02a59776o0024o
59776.262581  16.894  0.024   635   15 o  0   1.95 193.30083  -6.38523  7567.24  7317.37 2.24 1.98  39.2 -0.447 19.41 20.39 02a59776o0036o
59776.272558  16.866  0.024   651   15 o  0   1.86 193.30083  -6.38523  7587.35  7201.26 2.21 2.00  40.4 -0.452 19.46 20.42 02a59776o0058o
59776.717219  16.890  0.026   637   16 o  0   1.52 193.30083  -6.38523 10382.83  7395.51 2.69 2.14 -60.0 -0.394 19.15 20.04 03a59777o0062o
59776.719931  16.896  0.027   633   17 o  0   1.77 193.30083  -6.38523 10401.21  7435.04 2.70 2.16 -59.6 -0.389 19.17 20.14 03a59777o0068o
59776.722192  16.845  0.024   664   16 o  0   2.68 193.30083  -6.38523   188.78  7149.95 2.61 2.28 -66.7 -0.381 19.18 20.30 03a59777o0073o
59776.725815  16.842  0.028   665   19 o  0   1.20 193.30083  -6.38523   205.91  7189.32 2.57 2.27 -63.1 -0.381 19.27 20.33 03a59777o0081o
59776.727178  16.893  0.028   635   18 o  0   1.41 193.30083  -6.38523 10342.74  7355.10 2.67 2.18 -52.3 -0.375 19.20 20.30 03a59777o0084o
59776.735311  16.832  0.024   671   16 o  0   1.58 193.30083  -6.38523   147.50  7114.78 2.68 2.40 -38.7 -0.372 19.21 20.43 03a59777o0102o
59776.738473  16.902  0.027   630   17 o  0   1.17 193.30083  -6.38523 10320.10  7473.83 2.74 2.25 -49.1 -0.374 19.20 20.35 03a59777o0109o
59776.745275  16.874  0.025   646   16 o  0   2.11 193.30083  -6.38523   124.56  7229.63 2.60 2.27 -47.5 -0.375 19.28 20.41 03a59777o0124o
59778.294419  17.008  0.031   571   18 o  0   1.51 193.30083  -6.38523  2852.87  7729.67 2.88 2.74 -46.2 -0.452 19.08 20.32 01a59778o0111o
59778.297609  16.966  0.040   594   24 o  0   0.92 193.30083  -6.38523  2870.43  7768.41 3.38 3.09 -42.0 -0.427 18.93 20.30 01a59778o0118o
59778.303076  16.957  0.034   598   20 o  0   1.48 193.30083  -6.38523  2809.84  7692.81 3.43 3.10 -39.4 -0.420 18.94 20.27 01a59778o0130o
59778.313556  16.947  0.032   604   19 o  0   1.45 193.30083  -6.38523  2792.64  7810.41 3.07 2.82 -42.1 -0.449 19.00 20.26 01a59778o0153o
59782.974003  17.083  0.043   533   23 o  0   0.96 193.30083  -6.38523  7068.57  5028.78 2.90 2.55 -25.8 -0.381 18.75 19.89 04a59783o0059o
59782.977687  17.119  0.033   516   17 o  0   1.48 193.30083  -6.38523  7088.87  5065.40 2.81 2.38 -24.8 -0.393 18.91 20.13 04a59783o0067o
59782.983691  17.109  0.038   520   20 o  0   1.31 193.30083  -6.38523  7031.68  4984.35 2.75 2.34 -24.1 -0.397 18.99 20.31 04a59783o0080o
59782.995652  17.097  0.032   526   17 o  0   2.05 193.30083  -6.38523  7010.26  5096.89 2.70 2.30 -26.9 -0.411 19.01 20.37 04a59783o0105o
59786.963033  17.269  0.151   449   68 o  0   0.92 193.30083  -6.38523   753.39  4846.11 3.02 2.58  54.7 -0.355 17.59 17.69 04a59787o0032o
59786.965750  17.251  0.098   457   45 o  0   0.99 193.30083  -6.38523   773.69  4882.66 3.17 2.68  53.2 -0.373 17.99 18.42 04a59787o0038o
59786.973031  17.240  0.050   462   23 o  0   1.25 193.30083  -6.38523   716.82  4800.60 2.89 2.37  55.4 -0.386 18.69 19.62 04a59787o0054o
59786.983572  17.277  0.044   446   20 o  0   1.29 193.30083  -6.38523   698.74  4911.59 3.06 2.51  66.8 -0.381 18.94 20.19 04a59787o0077o
59788.711761  17.152  0.032   500   16 c  0   1.51 193.30083  -6.38523  4877.54  1255.07 2.68 2.32 -12.2 -0.377 19.21 20.42 03a59789o0018c
59788.714938  17.246  0.032   459   15 c  0   1.22 193.30083  -6.38523  4896.50  1294.25 2.44 2.27 -20.5 -0.392 19.45 20.78 03a59789o0025c
59788.720861  17.224  0.028   468   13 c  0   1.38 193.30083  -6.38523  4839.64  1215.77 2.51 2.31 -25.7 -0.384 19.51 21.09 03a59789o0038c
59788.730719  17.248  0.029   458   13 c  0   1.25 193.30083  -6.38523  4817.25  1331.41 2.51 2.38 -47.2 -0.389 19.53 21.19 03a59789o0059c
59790.962667  17.353  0.080   416   33 c  0   0.90 193.30083  -6.38523   754.62  4839.81 3.25 2.70  56.1 -0.328 18.32 19.44 04a59791o0028c
59790.965850  17.215  0.054   472   26 c  0   1.06 193.30083  -6.38523   774.99  4879.09 3.26 2.77  61.1 -0.328 18.68 20.07 04a59791o0035c
59790.971305  17.259  0.039   453   18 c  0   1.24 193.30083  -6.38523   716.73  4798.20 3.23 2.69  54.2 -0.336 19.04 20.80 04a59791o0047c
59790.981728  17.209  0.036   475   17 c  0   1.24 193.30083  -6.38523   697.63  4911.72 3.41 2.95  61.7 -0.319 19.08 21.09 04a59791o0070c
59792.706866  17.332  0.067   424   28 c  0   1.09 193.30083  -6.38523  4577.55  7528.81 2.43 2.28 -45.9 -0.362 18.58 19.18 03a59793o0020c
59792.710020  17.241  0.040   461   18 c  0   1.76 193.30083  -6.38523  4595.21  7569.10 2.42 2.22 -43.4 -0.373 18.84 19.66 03a59793o0027c
59792.715429  17.373  0.052   408   21 c  0   0.83 193.30083  -6.38523  4538.20  7490.73 2.41 2.23 -42.6 -0.375 19.01 20.07 03a59793o0039c
59792.725850  17.315  0.040   431   17 c  0   1.65 193.30083  -6.38523  4516.36  7606.36 2.39 2.21 -44.2 -0.380 18.99 20.17 03a59793o0062c
59796.715450  17.357  0.067   414   28 o  0   1.30 193.30083  -6.38523  4583.58  7533.32 2.38 2.23 -44.0 -0.440 18.55 18.81 03a59797o0042o
59796.719533  17.369  0.063   410   26 o  0   1.47 193.30083  -6.38523  4603.81  7572.14 2.35 2.20 -45.1 -0.440 18.60 18.89 03a59797o0051o
59796.726411  17.349  0.056   417   23 o  0   1.37 193.30083  -6.38523  4548.39  7492.50 2.41 2.20 -37.2 -0.433 18.74 19.15 03a59797o0066o
59796.737755  17.397  0.098   399   39 o  0   1.18 193.30083  -6.38523  4529.59  7607.36 2.81 2.43 -20.4 -0.409 18.02 18.45 03a59797o0091o
59798.987400  17.530  0.118   353   42 o  0   0.86 193.30083  -6.38523  1999.01  9459.54 3.64 2.97 -77.5 -0.330 18.28 19.28 04a59799o0004o
59802.243060  18.145  0.346   200   69 o  0   1.24 193.30083  -6.38523   552.46  3036.43 3.31 3.07 -56.8 -0.449 17.48 17.89 01a59802o0033o
59802.247162  17.484  0.154   368   57 o  0   1.38 193.30083  -6.38523   573.45  3073.35 2.98 2.76 -45.4 -0.487 17.82 18.18 01a59802o0042o
59802.254001  17.482  0.265   369   98 o  0   0.92 193.30083  -6.38523   513.03  2996.18 3.43 3.08 -52.4 -0.450 17.54 18.04 01a59802o0057o
59802.266751  17.546  0.235   348   82 o  0   0.95 193.30083  -6.38523   497.60  3113.28 3.32 2.98 -48.0 -0.465 17.76 18.20 01a59802o0085o
59804.737087  17.754  0.092   287   26 o  0   0.97 193.30083  -6.38523  8792.59  1140.88 3.76 2.72   3.9 -0.397 18.64 19.81 03a59805o0043o
59804.739875  17.786  0.165   279   46 o  0   0.99 193.30083  -6.38523  8811.12  1180.69 6.02 3.82   4.0 -0.398 18.05 19.59 03a59805o0049o
59804.745760  17.620  0.118   325   38 o  0   1.36 193.30083  -6.38523  8758.39  1101.49 5.75 3.02   2.3 -0.422 18.16 19.46 03a59805o0061o
59804.756026  17.958  0.349   238   83 o  0   1.08 193.30083  -6.38523  8739.45  1213.81 3.55 2.98   0.7 -0.404 17.44 18.18 03a59805o0083o
59806.986757  17.908  0.105   249   26 o  0   1.11 193.30083  -6.38523  3082.88  3271.19 2.64 2.49  43.0 -0.413 18.58 19.78 04a59807o0068o
59806.990815  17.884  0.096   255   25 o  0   1.01 193.30083  -6.38523  3101.21  3310.78 2.57 2.40  54.0 -0.404 18.70 19.91 04a59807o0077o
59806.998505  17.924  0.096   246   24 o  0   1.12 193.30083  -6.38523  3038.62  3235.50 2.84 2.64  50.0 -0.368 18.63 19.96 04a59807o0094o
59807.012560  17.719  0.071   297   21 o  0   1.65 193.30083  -6.38523  3010.83  3355.74 2.87 2.65  50.6 -0.370 18.62 19.79 04a59807o0125o
59928.619487 -21.201  1.415   -12   17 o  0   1.24 193.30083  -6.38523  4877.20  1245.38 2.01 1.87  47.6 -0.458 18.93 19.54 02a59928o0942o
59928.622649  21.317  1.881    11   20 o  0   0.60 193.30083  -6.38523  4896.46  1284.30 2.01 1.83  43.5 -0.459 18.91 19.53 02a59928o0949o
59928.645128 -21.086  1.519   -13   20 o  0   0.83 193.30083  -6.38523  4835.29  1204.11 2.03 1.85  48.5 -0.461 18.97 19.60 02a59928o0997o
59928.651057  20.517  0.795    23   18 o  0   1.24 193.30083  -6.38523  4816.73  1321.44 2.04 1.83  43.9 -0.448 19.01 19.60 02a59928o1010o
59945.075369  20.312  0.439    27   12 o  0   1.23 193.30083  -6.38523  3683.04  8612.92 2.40 2.05 -44.3 -0.384 19.37 20.52 03a59945o0653o
59945.078542  22.538  3.500     4   12 o  0   1.34 193.30083  -6.38523  3664.38  8575.81 2.39 2.15 -47.7 -0.386 19.33 20.52 03a59945o0660o
59945.085313  20.329  0.505    27   14 o  0   1.47 193.30083  -6.38523  3717.03  8663.52 2.50 2.14 -39.8 -0.371 19.28 20.32 03a59945o0675o
59945.093060  19.538  0.355    56   20 o  0   1.39 193.30083  -6.38523  3738.18  8556.93 2.66 2.27 -14.9 -0.365 18.94 19.72 03a59945o0692o
59947.302759 -21.783  2.443    -7   17 o  0   0.92 193.30083  -6.38523    42.32  3313.27 2.19 1.81  46.8 -0.417 19.42 20.79 04a59947o0582o
59947.311322  21.537  1.800     9   16 o  0   0.90 193.30083  -6.38523    80.96  3352.17 2.24 1.80  46.9 -0.416 19.45 20.75 04a59947o0601o
59947.316295  19.827  0.330    43   14 o  0   1.44 193.30083  -6.38523 10263.64  3282.61 2.40 2.12 -23.9 -0.403 19.37 20.71 04a59947o0612o
59947.317229  20.467  0.578    24   14 o  0   1.29 193.30083  -6.38523    97.73  3235.51 2.50 1.80  47.0 -0.394 19.45 20.83 04a59947o0614o
59947.319482  20.451  0.578    24   14 o  0   1.08 193.30083  -6.38523 10243.87  3243.77 2.53 2.03 -19.8 -0.405 19.41 20.75 04a59947o0619o
59947.324938  20.414  0.503    25   12 o  0   1.94 193.30083  -6.38523 10302.25  3321.16 2.46 2.14 -11.5 -0.387 19.42 20.65 04a59947o0631o
59947.345231  20.222  0.500    30   15 o  0   1.02 193.30083  -6.38523 10319.91  3205.23 2.53 1.90 -20.4 -0.421 19.40 20.71 04a59947o0673o
59951.347683 -15.337  5.958 -2663 15865 o  0   0.29 193.30083  -6.38523    38.65  3309.10 2.40 2.06  45.8 -0.357 13.57 13.63 04a59951o0701o
59951.355413  19.894  0.758    40   30 o  0   1.06 193.30083  -6.38523    78.00  3346.67 2.25 1.77  54.2 -0.404 18.83 19.30 04a59951o0717o
59953.058626  20.370  0.762    26   20 o  0   1.68 193.30083  -6.38523  5902.29  5185.17 2.43 2.12 -53.9 -0.407 18.69 19.22 03a59953o0611o
59953.061777  20.858  1.317    16   22 o  0   0.86 193.30083  -6.38523  5884.02  5149.43 2.23 1.96 -52.9 -0.416 18.79 19.24 03a59953o0618o
59953.081709 -19.836  0.733   -42   31 o  0   1.00 193.30083  -6.38523  5937.69  5253.41 6.89 1.91  48.7 -0.348 18.79 19.34 03a59953o0659o
59953.097822  20.712  1.089    19   20 o  0   1.35 193.30083  -6.38523  5955.06  5163.53 2.16 2.04 -65.4 -0.448 18.82 19.18 03a59953o0694o
59955.304499  20.841  1.642    17   28 o  0   1.13 193.30083  -6.38523  5720.30  9314.72 2.53 2.01 -76.5 -0.380 18.64 18.97 04a59955o0619o
59955.310179 -20.864  1.571   -16   26 o  0   1.81 193.30083  -6.38523  5701.13  9275.63 2.18 1.89 -63.9 -0.435 18.61 19.01 04a59955o0631o
59955.316067  19.816  0.628    43   27 o  0   1.07 193.30083  -6.38523  5758.48  9353.44 2.11 1.84 -60.1 -0.446 18.68 19.05 04a59955o0643o
59955.342024  21.731  3.446     7   25 o  0   1.03 193.30083  -6.38523  5778.08  9236.59 2.03 1.76 -59.9 -0.402 18.76 19.14 04a59955o0696o
59956.629529  20.176  0.642    31   20 o  0   1.33 193.30083  -6.38523   717.26  4845.46 2.22 1.95  21.7 -0.420 18.87 19.54 02a59956o0497o
59963.326738  21.675  1.716     8   13 o  0   0.83 193.30083  -6.38523  5854.77  3034.57 2.05 1.96 -30.1 -0.498 19.43 20.76 04a59963o0668o
59963.330590  20.478  0.395    23    9 o  0   2.08 193.30083  -6.38523  5834.87  2996.13 1.96 1.84 -32.5 -0.474 19.45 20.72 04a59963o0676o
59963.340237 -22.607  2.935    -3   10 o  0   1.73 193.30083  -6.38523  5896.20  3073.38 1.99 1.83 -29.8 -0.475 19.44 20.73 04a59963o0696o
59963.361497  20.973  0.850    15   13 o  0   1.17 193.30083  -6.38523  5925.84  2955.33 2.00 1.76 -29.0 -0.509 19.38 20.44 04a59963o0743o
59964.617825  21.187  1.156    12   14 o  0   1.25 193.30083  -6.38523  1679.47  9762.32 2.32 1.96 -53.6 -0.483 19.37 20.61 02a59964o0841o
59964.619654  20.802  0.913    17   16 o  0   1.19 193.30083  -6.38523  1697.52  9803.72 2.78 2.31 -58.8 -0.437 19.24 20.63 02a59964o0845o
59964.624172 -21.501  1.293    -9   12 o  0   1.53 193.30083  -6.38523  1639.89  9723.12 2.28 1.95 -51.6 -0.474 19.36 20.62 02a59964o0855o
59964.645240  20.044  0.375    35   13 o  0   1.19 193.30083  -6.38523  8951.88  1417.42 2.44 2.21 -60.7 -0.455 19.31 20.63 02a59964o0901o
59965.059187  20.306  0.278    27    8 c  0   2.11 193.30083  -6.38523  4746.02  1346.52 2.24 2.11 -54.1 -0.396 19.73 21.44 03a59965o0630c
59965.084375  19.642  0.148    50    7 c  0   1.43 193.30083  -6.38523  4730.53  1307.78 2.27 2.15 -51.6 -0.396 19.73 21.44 03a59965o0684c
59965.089780  19.770  0.213    45   10 c  0   1.15 193.30083  -6.38523  4786.84  1386.84 2.22 2.09 -50.1 -0.401 19.73 21.42 03a59965o0696c
59965.100069  19.994  0.293    36   11 c  0   0.87 193.30083  -6.38523  4808.04  1271.17 2.27 2.11 -38.6 -0.398 19.70 21.37 03a59965o0718c
59968.541598  20.867  0.770    16   13 o  0   1.13 193.30083  -6.38523  2019.71  9410.66 1.93 1.87 -19.5 -0.469 19.45 20.65 02a59968o0746o
59968.543405  21.100  0.968    13   13 o  0   1.01 193.30083  -6.38523  2041.87  9449.98 2.03 1.86 -40.8 -0.486 19.47 20.65 02a59968o0750o
59968.549732  21.823  1.662     7   11 o  0   1.66 193.30083  -6.38523  1983.32  9371.44 1.99 1.87 -15.5 -0.471 19.46 20.66 02a59968o0764o
59968.569710  22.227  2.617     5   12 o  0   0.88 193.30083  -6.38523  1960.34  9488.47 1.97 1.75 -30.3 -0.504 19.55 20.80 02a59968o0808o
59969.028494  20.255  0.337    29   10 c  0   1.31 193.30083  -6.38523  9890.89  7735.08 2.72 2.35 -56.0 -0.385 19.58 21.35 03a59969o0521c
59969.031681  19.993  0.313    36   11 c  0   1.10 193.30083  -6.38523  9871.01  7696.83 2.80 2.34 -53.0 -0.390 19.56 21.37 03a59969o0528c
59969.054384  19.925  0.266    39   10 c  0   1.16 193.30083  -6.38523  9927.12  7776.68 2.63 2.23 -55.9 -0.391 19.68 21.40 03a59969o0576c
59969.069504  22.324  2.321     4   10 c  0   1.05 193.30083  -6.38523  9945.01  7661.59 2.66 2.35 -61.1 -0.390 19.65 21.43 03a59969o0609c
59971.304661  20.604  0.725    21   15 o  0   0.80 193.30083  -6.38523  1826.42  9532.66 2.31 1.73 -73.8 -0.455 19.45 20.68 04a59971o0624o
59971.306463  19.718  0.298    47   14 o  0   1.27 193.30083  -6.38523  1807.24  9493.27 2.39 1.79 -73.3 -0.435 19.42 20.72 04a59971o0628o
59971.309637  21.266  1.228    11   14 o  0   1.05 193.30083  -6.38523  1866.72  9571.25 2.36 1.78 -71.1 -0.454 19.41 20.63 04a59971o0635o
59971.319450  20.131  0.436    32   14 o  0   1.14 193.30083  -6.38523  1890.94  9453.29 2.30 1.75 -74.7 -0.453 19.45 20.65 04a59971o0656o
59975.325438  21.282  1.187    11   13 o  0   1.58 193.30083  -6.38523  1839.63  9527.59 2.38 1.80 -72.2 -0.467 19.39 20.73 04a59975o0600o
59975.329513  22.874  4.421     3   11 o  0   1.82 193.30083  -6.38523  1822.19  9488.36 2.55 1.84 -75.1 -0.426 19.40 20.76 04a59975o0609o
59975.336722  19.989  0.367    37   14 o  0   1.38 193.30083  -6.38523  1885.30  9565.03 2.47 1.87 -75.8 -0.454 19.38 20.84 04a59975o0625o
59975.368825  20.874  0.879    16   14 o  0   1.03 193.30083  -6.38523  8764.08  1182.03 2.46 2.11 -27.0 -0.431 19.34 20.55 04a59975o0686o
59976.989300  19.812  0.554    43   24 o  0   0.76 193.30083  -6.38523    65.09  3161.47 2.59 2.29 -76.4 -0.353 18.87 19.71 03a59977o0490o
59977.011164 -20.920  0.884   -16   14 o  0   1.33 193.30083  -6.38523    49.10  3119.93 2.46 2.17 -74.8 -0.366 19.13 20.04 03a59977o0536o
59977.012967  20.914  1.010    16   16 o  0   1.38 193.30083  -6.38523   106.85  3199.65 2.56 2.27 -74.7 -0.356 19.11 20.09 03a59977o0540o
59977.014784  20.346  0.638    26   17 o  0   1.19 193.30083  -6.38523 10265.57  3378.72 2.42 2.12 -54.7 -0.374 19.14 20.07 03a59977o0544o
59977.016586  21.652  1.814     8   14 o  0   1.40 193.30083  -6.38523 10246.82  3340.02 2.30 2.19 -41.1 -0.394 19.10 20.10 03a59977o0548o
59977.018388  21.335  1.373    11   15 o  0   1.40 193.30083  -6.38523   128.06  3083.88 2.57 2.37 -68.8 -0.372 19.12 20.25 03a59977o0552o
59977.019739  19.980  0.379    37   14 o  0   1.43 193.30083  -6.38523 10303.52  3418.68 2.50 2.18 -53.6 -0.357 19.13 20.23 03a59977o0555o
59977.025146  23.959 15.000     1   14 o  0   1.27 193.30083  -6.38523 10326.16  3303.15 2.42 2.16 -48.6 -0.365 19.24 20.37 03a59977o0567o
59979.249678  20.341  1.059    26   28 o  0   0.97 193.30083  -6.38523  3557.09  5548.50 2.31 2.08 -60.7 -0.424 18.48 19.03 04a59979o0196o
59979.251480  20.053  0.706    35   24 o  0   0.98 193.30083  -6.38523  3537.36  5509.95 2.16 1.97 -83.0 -0.427 18.54 19.05 04a59979o0200o
59979.267183 -21.775  3.296    -7   23 o  0   1.11 193.30083  -6.38523  3594.47  5588.45 2.22 2.00 -69.2 -0.428 18.57 19.15 04a59979o0234o
59979.286480 -20.172  0.458   -31   14 o  0   1.81 193.30083  -6.38523  3618.68  5473.05 2.07 1.86 -73.5 -0.438 18.76 19.27 04a59979o0275o
59989.083318  20.613  0.614    21   13 o  0   1.17 193.30083  -6.38523  4971.88  1269.14 2.14 1.95 -54.1 -0.419 19.32 20.37 03a59989o0700o
59989.086942  21.930  2.035     6   12 o  0   0.86 193.30083  -6.38523  4990.15  1308.67 2.13 1.91 -46.4 -0.432 19.34 20.37 03a59989o0708o
59989.115794  20.274  0.527    28   15 o  0   0.77 193.30083  -6.38523  4934.84  1230.80 2.14 1.94 -45.1 -0.421 19.31 20.27 03a59989o0771o
59989.135595 -20.246  1.158   -29   34 o  0   1.20 193.30083  -6.38523  4915.03  1348.42 2.19 1.95 -47.1 -0.424 18.29 18.23 03a59989o0814o
59990.294160  22.036  3.371     6   19 o  0   1.21 193.30083  -6.38523  9892.56  5721.22 2.28 2.02  -5.8 -0.443 19.22 20.33 04a59990o0598o
59990.295962  20.688  0.838    19   16 o  0   1.28 193.30083  -6.38523  9872.97  5682.73 2.21 1.96  -3.4 -0.463 19.24 20.34 04a59990o0602o
59990.299120  21.416  1.591    10   16 o  0   1.37 193.30083  -6.38523  9934.98  5759.43 2.34 2.06  -3.6 -0.448 19.22 20.30 04a59990o0609o
59990.324293  20.723  0.863    19   16 o  0   1.30 193.30083  -6.38523  9969.44  5643.09 2.38 2.12  -6.6 -0.422 19.24 20.32 04a59990o0663o
59994.287952  20.083  0.343    34   12 c  0   1.14 193.30083  -6.38523  8572.22  1171.92 2.70 2.27 -12.5 -0.380 19.57 21.33 04a59994o0612c
59994.310428  19.717  0.229    47   11 c  0   1.37 193.30083  -6.38523  8568.70  1129.54 2.72 2.32 -14.2 -0.376 19.62 21.43 04a59994o0659c
59994.312231  20.866  0.590    16   10 c  0   1.51 193.30083  -6.38523  8626.95  1207.96 2.74 2.23 -15.6 -0.370 19.63 21.44 04a59994o0663c
59994.321256  20.709  0.538    19   10 c  0   1.43 193.30083  -6.38523  8654.06  1089.07 2.79 2.28 -14.9 -0.365 19.59 21.45 04a59994o0683c
59997.030162 -22.404  3.057    -4   12 o  0   1.29 193.30083  -6.38523  5878.78  3014.24 2.12 2.00 -50.8 -0.449 19.45 20.64 03a59997o0604o
59997.031975  21.096  0.917    13   12 o  0   1.01 193.30083  -6.38523  5861.28  2975.33 2.10 1.95 -48.6 -0.446 19.50 20.64 03a59997o0608o
59997.035134  21.587  1.368     8   12 o  0   1.07 193.30083  -6.38523  5917.51  3054.17 2.09 1.96 -44.7 -0.456 19.45 20.61 03a59997o0615o
59997.040563  20.807  0.600    17   10 o  0   1.29 193.30083  -6.38523  5940.43  2937.77 2.05 1.94 -34.1 -0.462 19.49 20.63 03a59997o0627o
59998.271814  20.226  0.409    30   12 c  0   1.00 193.30083  -6.38523  8564.09  1172.12 2.82 2.39 -13.7 -0.359 19.52 21.32 04a59998o0582c
59998.273617  21.043  0.583    14    8 c  0   2.17 193.30083  -6.38523  8546.60  1132.95 2.80 2.32 -10.7 -0.357 19.52 21.33 04a59998o0586c
59998.277222  20.784  0.514    18    9 c  0   1.92 193.30083  -6.38523  8606.02  1210.47 2.77 2.26 -13.8 -0.370 19.52 21.32 04a59998o0594c
59998.299901  20.523  0.518    22   12 c  0   1.10 193.30083  -6.38523  8647.91  1088.20 2.80 2.29 -15.3 -0.363 19.53 21.34 04a59998o0643c
60000.539245  19.941  0.271    38   10 c  0   0.99 193.30083  -6.38523  1943.38  3184.56 2.51 2.37  35.6 -0.410 19.51 21.37 02a60000o0516c
60000.547190  20.852  0.660    17   11 c  0   1.32 193.30083  -6.38523  1922.80  3142.03 2.60 2.45  40.4 -0.405 19.52 21.37 02a60000o0532c
60000.550356  21.970  1.737     6   10 c  0   1.22 193.30083  -6.38523  1981.57  3223.11 2.57 2.41  37.0 -0.405 19.51 21.37 02a60000o0539c
60000.561171  22.293  2.207     4   10 c  0   1.35 193.30083  -6.38523  2001.68  3105.97 2.54 2.38  41.1 -0.410 19.51 21.37 02a60000o0560c
60002.316849  21.106  0.787    13   10 c  0   1.48 193.30083  -6.38523  3098.32  3329.36 2.06 1.96  42.8 -0.400 19.62 21.40 04a60002o0673c
60002.322357  20.077  0.280    34   10 c  0   1.08 193.30083  -6.38523  3121.32  3362.41 2.04 1.92  48.5 -0.397 19.64 21.41 04a60002o0685c
60002.325115  20.592  0.402    21    8 c  0   1.44 193.30083  -6.38523  3064.37  3282.28 2.06 1.92  47.9 -0.402 19.65 21.44 04a60002o0691c
60002.358853  21.920  1.404     6    9 c  0   1.69 193.30083  -6.38523  3059.35  3370.76 2.11 2.03  39.5 -0.393 19.62 21.55 04a60002o0765c
60004.991852  20.249  1.169    29   34 o  0   0.98 193.30083  -6.38523  1678.39  9391.53 2.55 2.24 -52.9 -0.420 18.88 20.17 03a60005o0542o
60004.995007  18.913  0.453    99   45 o  0   1.14 193.30083  -6.38523  1660.02  9352.21 2.57 2.23 -47.2 -0.412 17.90 19.18 03a60005o0549o
60004.998617 -20.324  1.714   -27   46 o  0   0.94 193.30083  -6.38523  1717.09  9430.96 2.44 2.14 -52.0 -0.413 18.16 19.44 03a60005o0557o
60005.004054  20.059  0.761    34   26 o  0   1.06 193.30083  -6.38523  1741.31  9314.03 2.46 2.13 -50.7 -0.410 18.64 19.93 03a60005o0569o
60006.200739  19.614  0.350    52   18 o  0   0.82 193.30083  -6.38523  7543.23  7283.64 2.07 1.79 -11.8 -0.430 19.01 19.79 04a60006o0462o
60006.202992 -20.633  0.793   -20   16 o  0   1.43 193.30083  -6.38523  7523.45  7244.56 2.06 1.84 -12.9 -0.429 19.04 19.81 04a60006o0467o
60006.206149  20.783  0.752    18   13 o  0   2.49 193.30083  -6.38523  7582.90  7322.26 2.02 1.82 -12.1 -0.441 19.04 19.81 04a60006o0474o
60006.216200 -21.889  2.444    -6   16 o  0   1.10 193.30083  -6.38523  7604.67  7207.06 2.03 1.78 -10.2 -0.441 19.01 19.86 04a60006o0494o
60009.183495  19.739  0.642    46   30 o  0   1.49 193.30083  -6.38523  2355.00   996.80 2.01 1.90  34.8 -0.449 18.31 18.41 04a60009o0417o
60009.190317  19.633  0.689    51   35 o  0   0.79 193.30083  -6.38523  2337.61   958.87 1.97 1.89   9.8 -0.449 18.34 18.50 04a60009o0431o
60009.193942 -19.873  0.748   -41   31 o  0   1.22 193.30083  -6.38523  2396.70  1037.55 2.15 1.96 -17.4 -0.423 18.31 18.56 04a60009o0439o
60009.199836 -22.447  8.643    -4   33 o  0   1.34 193.30083  -6.38523  2416.98   919.50 2.27 1.98 -28.0 -0.380 18.30 18.54 04a60009o0452o
60016.976327 -21.457  1.275   -10   12 o  0   1.36 193.30083  -6.38523  9806.91  5786.32 2.31 2.01 -58.0 -0.394 19.32 20.33 03a60017o0531o
60017.001749  20.612  0.591    21   12 o  0   1.44 193.30083  -6.38523  9796.13  5747.62 2.29 2.00 -52.3 -0.393 19.31 20.30 03a60017o0586o
60017.004937  19.644  0.258    50   13 o  0   1.32 193.30083  -6.38523  9853.20  5826.80 2.29 2.00 -51.8 -0.395 19.29 20.28 03a60017o0593o
60017.031675 -22.093  2.605    -5   14 o  0   1.61 193.30083  -6.38523   682.01  4842.38 2.37 2.02 -64.3 -0.399 19.24 20.20 03a60017o0651o
60018.102677 -21.275  1.211   -11   14 o  0   1.65 193.30083  -6.38523   744.34  4767.06 2.54 2.18 -68.3 -0.388 19.06 20.03 03a60018o0760o
60018.107633  19.977  0.396    37   15 o  0   1.55 193.30083  -6.38523   763.56  4806.55 2.42 2.09 -69.7 -0.391 19.13 20.01 03a60018o0768o
60018.111332  19.694  0.356    48   17 o  0   1.21 193.30083  -6.38523   707.47  4728.14 2.47 2.12 -68.8 -0.391 19.10 19.98 03a60018o0773o
60018.224038  20.634  0.677    20   14 o  0   1.56 193.30083  -6.38523  1743.17  7582.18 2.31 1.85 -81.4 -0.409 19.24 20.31 04a60018o0524o
60018.225869  22.080  2.463     5   13 o  0   1.77 193.30083  -6.38523  1724.96  7543.42 2.31 1.85 -81.1 -0.404 19.21 20.30 04a60018o0528o
60018.229025  26.083 103.000     0   14 o  0   1.09 193.30083  -6.38523  1785.54  7620.76 2.30 1.89 -83.6 -0.425 19.23 20.31 04a60018o0535o
60018.250682 -20.856  0.961   -16   16 o  0   0.96 193.30083  -6.38523  8857.64  3127.39 2.58 2.07 -20.0 -0.386 19.22 20.32 04a60018o0582o
60020.502021 -18.606  0.740  -131   97 o  0   1.68 193.30083  -6.38523  5882.22  8785.60 2.59 2.04  39.7 -0.427 17.12 18.39 02a60020o0610o
60020.505370  20.196  1.326    30   40 o  0   1.26 193.30083  -6.38523  5863.36  8746.80 2.58 2.03  41.4 -0.421 17.57 18.85 02a60020o0617o
60020.511600  20.552  1.561    22   34 o  0   1.60 193.30083  -6.38523  5920.99  8825.25 2.61 2.04  37.8 -0.418 18.32 19.61 02a60020o0630o
60020.544662  20.547  0.611    22   13 o  0   1.34 193.30083  -6.38523  5941.48  8705.74 2.52 2.00  40.8 -0.423 19.33 20.55 02a60020o0701o
60020.909336  20.640  0.491    20   10 c  0   1.85 193.30083  -6.38523  9805.47  5782.65 2.52 2.12 -59.5 -0.378 19.53 21.36 03a60021o0394c
60020.911591  21.631  1.750     8   14 c  0   1.56 193.30083  -6.38523  9786.59  5744.17 2.61 2.24 -58.1 -0.377 19.14 21.01 03a60021o0399c
60020.914756  21.161  1.145    12   14 c  0   1.27 193.30083  -6.38523  9843.83  5822.80 2.49 2.12 -57.3 -0.382 19.10 20.92 03a60021o0406c
60020.948145  20.829  0.471    17    8 c  0   1.63 193.30083  -6.38523  9869.08  5707.90 2.56 2.29 -55.9 -0.375 19.72 21.65 03a60021o0479c
60022.208966  20.596  0.517    21   11 o  0   1.76 193.30083  -6.38523  1739.20  7583.46 2.45 1.96 -80.3 -0.392 19.40 20.93 04a60022o0486o
60022.211672  21.037  0.758    14   11 o  0   1.52 193.30083  -6.38523  1721.97  7544.30 2.41 1.97 -77.9 -0.399 19.40 20.93 04a60022o0492o
60022.214828  21.055  0.828    14   11 o  0   0.79 193.30083  -6.38523  1782.53  7621.92 2.55 2.00 -82.6 -0.381 19.45 20.97 04a60022o0499o
60022.220239  23.967 11.143     1   10 o  0   1.61 193.30083  -6.38523  1805.98  7504.30 2.35 1.91 -80.4 -0.409 19.47 20.96 04a60022o0511o
60025.010319  20.346  0.425    26   11 c  0   1.31 193.30083  -6.38523  1946.89  9341.78 2.70 2.39 -42.6 -0.392 19.62 21.37 03a60025o0619c
60025.013475  20.992  0.802    15   12 c  0   0.98 193.30083  -6.38523  1964.74  9382.02 2.73 2.40 -39.8 -0.392 19.58 21.36 03a60025o0626c
60025.021744  20.705  0.496    19    9 c  0   1.43 193.30083  -6.38523  1907.51  9302.97 2.70 2.39 -42.1 -0.393 19.63 21.36 03a60025o0644c
60025.053883  21.196  0.952    12   12 c  0   1.03 193.30083  -6.38523  1890.06  9423.37 2.58 2.24 -42.8 -0.397 19.65 21.28 03a60025o0714c
60026.151343 -23.866 15.444    -1   16 o  0   0.69 193.30083  -6.38523  1991.11  3232.79 2.07 1.84  55.7 -0.426 19.27 20.49 04a60026o0367o
60026.153180 -21.977  2.500    -6   15 o  0   0.94 193.30083  -6.38523  1971.18  3194.06 2.03 1.83  60.9 -0.435 19.29 20.48 04a60026o0371o
60026.180676 -20.434  0.557   -24   14 o  0   1.25 193.30083  -6.38523  2037.78  3269.21 2.16 1.92  61.2 -0.420 19.29 20.54 04a60026o0429o
60026.186611 -20.513  0.535   -23   12 o  0   1.44 193.30083  -6.38523  2059.73  3152.21 2.12 1.91  64.4 -0.432 19.31 20.56 04a60026o0442o
60028.426529  22.673  5.478     3   17 o  0   1.07 193.30083  -6.38523  6791.52   416.58 1.99 1.75 -68.2 -0.475 19.08 20.22 02a60028o0446o
60028.461995 -21.693  2.458    -8   19 o  0   0.75 193.30083  -6.38523  3714.78  8609.36 2.33 2.05  29.2 -0.421 19.19 20.45 02a60028o0514o
60028.465556 -21.010  0.980   -14   14 o  0   1.02 193.30083  -6.38523  3772.48  8687.11 2.37 2.05  29.4 -0.418 19.36 20.67 02a60028o0521o
60028.490511 -21.503  1.265    -9   12 o  0   1.42 193.30083  -6.38523  3789.44  8565.76 2.35 1.97  36.1 -0.418 19.36 20.67 02a60028o0573o
60030.181373  21.123  0.901    13   12 o  0   1.11 193.30083  -6.38523  2006.23  3231.30 2.09 1.84  55.2 -0.430 19.41 20.83 04a60030o0444o
60030.183198  20.504  0.426    23   10 o  0   2.13 193.30083  -6.38523  1986.91  3192.43 2.02 1.83  65.1 -0.433 19.42 20.83 04a60030o0448o
60030.188648  20.377  0.470    26   12 o  0   0.86 193.30083  -6.38523  2050.01  3269.07 1.99 1.82  65.3 -0.418 19.44 20.85 04a60030o0460o
60030.207329  21.505  1.281     9   12 o  0   1.37 193.30083  -6.38523  8560.74  7494.46 2.33 2.05 -20.0 -0.431 19.43 20.91 04a60030o0500o
60032.896914  22.025  5.412     6   30 o  0   1.71 193.30083  -6.38523  7444.10  7287.40 2.50 2.24 -52.6 -0.423 18.09 19.30 03a60033o0365o
60032.898781 -19.044  0.785   -88   69 o  0   1.13 193.30083  -6.38523  7426.78  7248.99 2.47 2.22 -49.9 -0.419 17.49 18.52 03a60033o0369o
60032.913936 -22.508  3.423    -4   12 o  0   0.95 193.30083  -6.38523  7485.93  7326.34 2.43 2.16 -46.5 -0.423 19.36 20.68 03a60033o0401o
60032.917784  24.914 32.000     0   13 o  0   0.96 193.30083  -6.38523  7508.62  7210.84 2.31 2.14 -47.0 -0.426 19.40 20.73 03a60033o0409o
60034.102483  20.152  0.549    32   17 o  0   1.37 193.30083  -6.38523  3920.46  3136.41 2.04 1.91  60.6 -0.445 18.93 19.79 04a60034o0285o
60034.105262  20.507  0.779    23   18 o  0   0.88 193.30083  -6.38523  3900.55  3097.60 2.05 1.90  55.9 -0.430 18.92 19.80 04a60034o0291o
60034.108984  23.320  8.733     2   15 o  0   1.24 193.30083  -6.38523  3959.93  3175.19 1.98 1.86  62.9 -0.455 18.96 19.81 04a60034o0299o
60034.143104 -21.648  2.028    -8   16 o  0   1.00 193.30083  -6.38523  3982.19  3061.21 1.98 1.89  66.8 -0.435 19.05 20.03 04a60034o0372o
60034.844477  21.833  2.440     7   16 o  0   1.26 193.30083  -6.38523  7441.43  7287.73 2.43 2.07 -49.0 -0.420 19.12 19.93 03a60035o0277o
60034.879995  20.991  0.966    15   14 o  0   1.62 193.30083  -6.38523  7418.87  7247.64 2.37 1.99 -49.5 -0.414 19.25 20.14 03a60035o0353o
60034.883221 -22.619  5.080    -3   16 o  0   0.99 193.30083  -6.38523  7473.56  7326.00 2.44 2.04 -49.4 -0.415 19.18 20.16 03a60035o0360o
60034.898479  21.961  2.739     6   16 o  0   1.09 193.30083  -6.38523  7494.83  7210.47 2.36 2.08 -53.3 -0.424 19.26 20.21 03a60035o0393o
60036.203899  20.308  0.606    27   17 o  0   1.63 193.30083  -6.38523  6691.39  7495.37 1.96 1.76 -28.0 -0.409 18.88 19.55 04a60036o0367o
60036.209008  20.386  0.668    26   17 o  0   1.79 193.30083  -6.38523  6714.62  7528.57 2.04 1.81 -36.6 -0.404 18.87 19.57 04a60036o0377o
60036.234029  19.691  0.423    48   20 o  0   1.44 193.30083  -6.38523  6672.15  7425.19 2.10 1.89 -27.7 -0.398 18.80 19.56 04a60036o0430o
60036.237254  21.292  1.876    11   21 o  0   0.95 193.30083  -6.38523  6653.31  7538.42 2.15 1.98 -53.4 -0.427 18.73 19.56 04a60036o0436o
60043.966578  20.385  0.863    26   22 o  0   1.61 193.30083  -6.38523   634.64   881.85 3.55 2.98  87.9 -0.326 18.64 19.61 03a60044o0537o
60043.969862  20.630  0.987    20   20 o  0   1.05 193.30083  -6.38523   653.66   921.24 2.44 2.07 -56.4 -0.426 18.91 19.59 03a60044o0544o
60043.975138  19.460  0.497    60   30 o  0   1.07 193.30083  -6.38523   595.95   841.09 4.23 3.59  84.9 -0.240 18.45 19.58 03a60044o0555o
60043.985022  20.805  0.969    17   17 o  0   1.49 193.30083  -6.38523   574.94   959.76 2.41 2.06 -58.6 -0.433 18.92 19.55 03a60044o0576o
60045.226637 -21.195  2.045   -12   25 o  0   1.27 193.30083  -6.38523   568.99   970.14 2.58 1.70  39.3 -0.496 19.10 20.02 04a60045o0559o
60045.230309  20.831  1.267    17   21 o  0   1.47 193.30083  -6.38523   590.63  1006.36 2.54 1.74  42.1 -0.504 19.09 20.01 04a60045o0567o
60045.235908  19.716  0.397    47   19 o  0   1.32 193.30083  -6.38523   532.45   923.49 2.72 1.76  43.9 -0.477 19.06 20.01 04a60045o0579o
60045.263784  23.381 11.600     2   19 o  0   1.51 193.30083  -6.38523   522.93  1021.86 2.94 1.81  43.6 -0.450 19.00 19.96 04a60045o0638o
60048.218798  23.059  6.000     2   13 o  0   1.14 193.30083  -6.38523   681.20  2921.31 2.47 1.90  48.2 -0.415 19.30 20.66 04a60048o0514o
60048.221991  21.575  1.468     8   12 o  0   1.75 193.30083  -6.38523   701.98  2957.85 2.40 1.95  48.8 -0.426 19.28 20.63 04a60048o0521o
60048.228429 -21.593  1.492    -8   12 o  0   1.60 193.30083  -6.38523   644.20  2874.88 2.48 1.91  48.2 -0.412 19.29 20.60 04a60048o0535o
60048.251316  22.703  4.182     3   13 o  0   1.72 193.30083  -6.38523   630.33  2976.78 2.50 1.90  47.6 -0.403 19.22 20.53 04a60048o0585o
60049.918969  22.000  1.860     6   11 o  0   1.38 193.30083  -6.38523 10496.83  7425.02 2.51 2.07 -56.1 -0.397 19.59 21.04 03a60050o0453o
60049.922294  20.551  0.429    22    9 o  0   1.73 193.30083  -6.38523 10515.57  7465.01 2.54 1.98 -53.5 -0.397 19.62 21.04 03a60050o0460o
60049.927435 -20.726  0.612   -19   11 o  0   0.93 193.30083  -6.38523 10458.03  7386.43 2.51 2.12 -55.2 -0.381 19.61 21.05 03a60050o0471o
60049.937451 -21.601  1.238    -8   10 o  0   1.54 193.30083  -6.38523 10435.95  7503.84 2.51 2.07 -53.2 -0.397 19.59 21.02 03a60050o0492o
60049.937920  21.798  1.755     7   12 o  0   0.96 193.30083  -6.38523   300.46  7181.14 2.46 2.07 -59.8 -0.398 19.57 20.98 03a60050o0493o
60049.940743 -24.037 11.857    -1   10 o  0   1.13 193.30083  -6.38523   319.87  7220.59 2.41 2.04 -58.9 -0.402 19.61 20.99 03a60050o0499o
60049.973097  23.345  6.786     2   11 o  0   1.48 193.30083  -6.38523   263.77  7145.01 2.33 1.98 -59.5 -0.407 19.60 20.82 03a60050o0567o
60050.001707  21.515  1.421     9   13 o  0   1.13 193.30083  -6.38523   246.49  7262.95 2.32 2.00 -62.3 -0.387 19.52 20.68 03a60050o0627o
60051.174025  20.587  0.526    21   11 c  0   1.02 193.30083  -6.38523   365.82  7329.59 2.62 2.21  82.3 -0.362 19.48 21.25 04a60051o0467c
60051.177313  20.373  0.442    26   11 c  0   0.97 193.30083  -6.38523   387.26  7364.26 2.60 2.14  80.5 -0.366 19.50 21.27 04a60051o0474c
60051.209602  22.991  4.533     2   10 c  0   1.09 193.30083  -6.38523   345.75  7252.18 2.67 2.15  78.0 -0.359 19.52 21.31 04a60051o0543c
60051.216942  21.101  0.932    13   12 c  0   0.96 193.30083  -6.38523   327.40  7363.14 2.60 2.14  72.9 -0.369 19.54 21.29 04a60051o0559c
60052.918699 -21.287  0.828   -11    9 o  0   1.50 193.30083  -6.38523  4987.19  1279.36 2.08 1.91 -36.7 -0.433 19.29 20.67 03a60053o0450o
60052.928089  21.302  0.792    11    9 o  0   1.57 193.30083  -6.38523  4949.24  1241.00 2.08 1.90 -36.7 -0.436 19.62 21.03 03a60053o0469o
60052.938744 -21.236  2.065   -12   24 o  0   1.24 193.30083  -6.38523  4927.15  1357.88 2.14 1.95 -42.1 -0.439 18.85 20.24 03a60053o0491o
60054.161551  20.215  0.301    30    9 c  0   1.33 193.30083  -6.38523  4769.20  7590.85 2.27 1.95 -71.3 -0.378 19.55 21.48 04a60054o0448c
60054.165621  20.848  0.540    17    9 c  0   1.04 193.30083  -6.38523  4791.10  7625.20 2.32 2.04 -70.2 -0.377 19.52 21.47 04a60054o0457c
60054.200586  20.678  0.547    19   11 c  0   1.36 193.30083  -6.38523  4750.09  7512.81 2.34 1.99 -69.1 -0.382 19.49 21.44 04a60054o0532c
60054.206947  20.357  0.398    26   10 c  0   1.39 193.30083  -6.38523  4732.29  7625.73 2.35 2.01 -72.0 -0.380 19.49 21.43 04a60054o0546c
60057.153273  20.639  0.663    20   13 c  0   0.95 193.30083  -6.38523  8835.09  1096.60 3.21 2.43 -23.9 -0.333 19.42 21.37 04a60057o0375c
60057.156442  21.134  0.967    13   12 c  0   1.21 193.30083  -6.38523  8856.55  1132.63 3.14 2.40 -22.5 -0.343 19.42 21.34 04a60057o0382c
60057.162433  20.788  0.716    18   13 c  0   1.17 193.30083  -6.38523  8802.56  1048.61 3.20 2.42 -25.3 -0.334 19.42 21.32 04a60057o0395c
60057.173778  20.382  0.521    26   13 c  0   1.25 193.30083  -6.38523  8787.21  1156.30 3.10 2.43 -22.3 -0.348 19.40 21.29 04a60057o0420c
60063.180150  20.978  1.152    15   17 o  0   1.07 193.30083  -6.38523  2090.27  9408.68 2.69 1.94 -78.7 -0.384 19.05 20.10 04a60063o0498o
60063.183799 -20.556  0.764   -22   17 o  0   1.26 193.30083  -6.38523  2111.28  9444.89 2.66 1.94 -74.6 -0.388 19.06 20.12 04a60063o0506o
60063.207561  20.306  0.678    27   19 o  0   1.25 193.30083  -6.38523  2060.67  9351.55 2.71 2.02 -77.8 -0.371 19.05 20.19 04a60063o0556o
60063.214164 -22.764  6.000    -3   17 o  0   1.01 193.30083  -6.38523  2040.44  9465.14 2.78 2.03 -76.0 -0.370 19.03 20.21 04a60063o0570o
60064.816851  21.108  1.504    13   20 o  0   0.95 193.30083  -6.38523  7435.25  7283.79 2.18 2.01 -53.7 -0.444 19.04 19.64 03a60065o0260o
60064.819798 -21.289  2.216   -11   25 o  0   0.88 193.30083  -6.38523  7416.16  7244.90 2.25 2.10 -28.5 -0.473 18.84 19.49 03a60065o0266o
60064.829030 -20.717  0.859   -19   16 o  0   1.41 193.30083  -6.38523  7472.11  7323.43 2.29 2.02 -52.6 -0.424 18.92 19.46 03a60065o0286o
60064.836439  22.506  5.129     4   18 o  0   1.13 193.30083  -6.38523  7494.80  7208.05 2.24 1.99 -48.2 -0.435 18.98 19.49 03a60065o0302o
60070.198697 -20.263  1.702   -28   48 o  0   1.33 193.30083  -6.38523  8668.97  7336.88 2.49 2.17 -28.4 -0.406 17.94 17.91 04a60070o0537o
60070.201912  19.566  0.823    54   45 o  0   1.09 193.30083  -6.38523  8688.12  7374.70 2.43 2.09 -11.8 -0.388 17.88 17.85 04a60070o0544o
60070.234069  20.303  2.246    28   62 o  0   0.93 193.30083  -6.38523  8624.93  7290.75 2.37 2.08 -14.9 -0.393 17.82 17.70 04a60070o0612o
60070.262581  22.006 10.235     6   59 o  0   1.31 193.30083  -6.38523  8594.14  7409.22 2.44 2.17 -17.1 -0.388 17.69 17.56 04a60070o0672o
60070.908603 -19.790  0.612   -44   27 o  0   0.75 193.30083  -6.38523  8553.21  7471.93 2.53 2.08 -48.8 -0.398 18.63 18.99 03a60071o0477o
60070.912246 -20.291  0.986   -28   27 o  0   1.01 193.30083  -6.38523  8572.49  7512.32 2.51 2.10 -45.3 -0.398 18.60 18.98 03a60071o0485o
60070.917699  21.818  3.736     7   25 o  0   0.91 193.30083  -6.38523  8516.21  7433.53 2.43 2.07 -47.0 -0.403 18.59 18.95 03a60071o0497o
60070.931914 -20.549  1.242   -22   27 o  0   1.20 193.30083  -6.38523  8495.80  7548.69 2.62 2.13 -49.3 -0.385 18.49 18.81 03a60071o0528o
60072.143470 -21.431  2.085   -10   20 o  0   1.26 193.30083  -6.38523  6717.95  7461.98 2.27 1.99 -36.1 -0.392 18.74 19.45 04a60072o0416o
60072.146252  19.867  0.523    41   22 o  0   1.28 193.30083  -6.38523  6737.83  7499.02 2.22 1.99 -43.4 -0.399 18.74 19.39 04a60072o0422o
60072.154057 -24.121 26.833    -1   22 o  0   1.10 193.30083  -6.38523  6682.88  7415.13 2.17 1.95 -33.3 -0.390 18.78 19.44 04a60072o0439o
60072.164549 -21.968  3.634    -6   22 o  0   1.50 193.30083  -6.38523  6666.40  7524.44 2.35 2.02 -42.3 -0.413 18.73 19.41 04a60072o0462o
60073.193578 -21.617  2.246    -8   18 o  0   1.87 193.30083  -6.38523  6728.01  7423.07 2.10 1.86 -48.8 -0.397 18.86 19.59 04a60073o0526o
60073.196762  21.927  3.404     6   21 o  0   1.04 193.30083  -6.38523  6746.54  7461.31 2.04 1.86 -34.0 -0.407 18.88 19.57 04a60073o0533o
60073.202285  20.277  0.820    28   23 o  0   1.09 193.30083  -6.38523  6688.74  7382.29 2.08 1.84 -47.3 -0.403 18.82 19.54 04a60073o0545o
60073.212061 -20.552  0.914   -22   20 o  0   1.77 193.30083  -6.38523  6668.54  7495.99 2.30 2.01 -55.9 -0.389 18.73 19.46 04a60073o0566o
60073.880569  21.254  1.418    11   16 o  0   1.72 193.30083  -6.38523 10077.02  9657.94 2.86 2.26 -40.0 -0.423 19.11 20.06 03a60074o0415o
60073.884367  20.023  0.643    36   23 o  0   0.71 193.30083  -6.38523 10096.95  9698.76 2.84 2.12 -48.4 -0.461 19.17 20.06 03a60074o0423o
60073.890294 -21.881  2.487    -6   16 o  0   2.11 193.30083  -6.38523 10039.70  9619.01 2.80 2.15 -47.5 -0.442 19.06 19.92 03a60074o0436o
60073.911939  19.702  0.408    48   20 o  0   1.36 193.30083  -6.38523 10019.07  9738.29 2.87 2.24 -47.0 -0.447 19.05 19.99 03a60074o0483o
60075.115263 -19.308  0.454   -69   31 o  0   0.92 193.30083  -6.38523 10226.10  9538.43 2.94 2.45  10.3 -0.417 18.98 20.19 04a60075o0372o
60075.118439 -19.780  0.716   -44   32 o  0   1.11 193.30083  -6.38523 10247.75  9575.00 2.83 2.35  11.3 -0.437 19.00 20.12 04a60075o0379o
60075.121617  21.729  3.486     7   26 o  0   0.97 193.30083  -6.38523   115.97  9555.60 2.83 2.27 -85.4 -0.387 19.00 20.13 04a60075o0386o
60075.124376 -20.850  1.661   -17   28 o  0   1.25 193.30083  -6.38523 10191.46  9490.86 2.68 2.38  14.7 -0.449 18.98 20.09 04a60075o0392o
60075.127561 -20.790  1.200   -18   21 o  0   1.16 193.30083  -6.38523   139.90  9587.75 2.92 2.22 -78.6 -0.380 19.01 20.05 04a60075o0399o
60075.130783  17.327  0.096   426   41 o  0  26.23 193.30083  -6.38523    83.00  9507.96 2.92 2.15 -87.5 -0.388 18.85 19.84 04a60075o0406o
60075.134427 -19.886  0.851   -40   34 o  0   1.65 193.30083  -6.38523 10176.60  9601.62 2.77 2.28   3.5 -0.465 18.86 19.86 04a60075o0414o
60075.141424  19.836  0.695    42   29 o  0   2.01 193.30083  -6.38523    67.34  9616.14 2.89 2.20 -86.5 -0.376 18.93 19.97 04a60075o0429o
60078.221126  24.613 28.667     0   15 o  0   1.27 193.30083  -6.38523  6899.25  1126.34 2.34 2.15 -36.8 -0.460 19.15 20.51 04a60078o0048o
60078.224348  21.649  2.067     8   16 o  0   0.99 193.30083  -6.38523  6918.27  1166.02 2.36 2.16 -32.5 -0.458 19.16 20.48 04a60078o0055o
60078.232145 -20.518  0.618   -22   14 o  0   1.62 193.30083  -6.38523  6857.39  1090.38 2.44 2.18 -36.3 -0.439 19.10 20.40 04a60078o0072o
60078.242246 -21.034  1.235   -14   17 o  0   1.04 193.30083  -6.38523  6834.17  1208.61 2.39 2.10 -24.8 -0.442 19.03 20.30 04a60078o0094o
60082.837139  20.412  0.390    25   10 c  0   1.52 193.30083  -6.38523  5062.19  3227.11 2.78 2.52 -52.0 -0.393 19.59 21.68 03a60083o0331c
60082.840861  21.335  0.864    11    9 c  0   1.88 193.30083  -6.38523  5080.78  3266.75 2.69 2.44 -50.6 -0.400 19.61 21.66 03a60083o0339c
60082.846851  20.609  0.461    21   10 c  0   1.26 193.30083  -6.38523  5024.83  3188.94 2.70 2.46 -51.6 -0.394 19.61 21.66 03a60083o0352c
60082.881768 -20.427  0.591   -24   14 c  0   1.33 193.30083  -6.38523  5002.56  3307.71 2.55 2.35 -55.4 -0.401 19.03 21.03 03a60083o0426c
60084.098536 -19.183  0.450   -77   35 o  0   1.10 193.30083  -6.38523  4012.78  9317.65 2.44 1.86 -75.5 -0.422 18.22 19.48 04a60084o0197o
60084.101256 -19.517  1.213   -57   69 o  0   1.52 193.30083  -6.38523  4033.78  9354.16 2.55 1.89 -76.4 -0.399 17.25 18.48 04a60084o0203o
60084.106687  18.270  0.633   179  113 o  0   1.08 193.30083  -6.38523  3978.18  9271.59 2.64 1.92 -77.7 -0.378 16.75 17.99 04a60084o0215o
60084.116843 -18.494  0.708  -145  103 o  0   1.17 193.30083  -6.38523  3962.14  9379.83 2.58 1.93 -76.1 -0.402 16.96 18.17 04a60084o0237o
60088.839465  20.402  0.577    25   14 c  0   0.81 193.30083  -6.38523  3046.94  1339.33 2.64 2.40 -10.8 -0.372 19.24 21.05 03a60089o0330c
60088.842663  19.965  0.372    38   14 c  0   0.96 193.30083  -6.38523  3065.17  1379.12 2.75 2.44  -6.8 -0.370 19.28 21.18 03a60089o0337c
60088.848672 -23.543  8.625    -1   12 c  0   1.16 193.30083  -6.38523  3009.26  1300.90 2.53 2.38 -28.4 -0.378 19.35 21.15 03a60089o0350c
60088.860177  20.547  0.454    22   10 c  0   1.14 193.30083  -6.38523  2989.20  1418.42 2.53 2.34 -19.6 -0.379 19.58 21.38 03a60089o0375c
60091.826027  19.756  0.332    45   15 o  0   1.41 193.30083  -6.38523  2763.15  7619.10 3.14 2.33 -10.3 -0.393 18.99 20.12 03a60092o0283o
60091.829364  20.977  1.350    15   20 o  0   0.82 193.30083  -6.38523  2780.93  7658.38 3.25 2.32  -7.6 -0.382 18.97 20.13 03a60092o0290o
60091.835472  20.563  0.686    22   15 o  0   1.38 193.30083  -6.38523  2725.61  7581.19 2.73 2.32 -18.1 -0.370 19.08 20.14 03a60092o0303o
60091.846558  21.681  2.319     8   18 o  0   1.23 193.30083  -6.38523  2703.07  7697.17 2.88 2.31 -15.0 -0.379 19.02 20.06 03a60092o0327o
60100.840129 -18.424  0.837  -155  130 o  0   1.40 193.30083  -6.38523 10506.45  7445.51 2.74 2.22 -45.1 -0.372 17.17 17.11 03a60101o0344o
60100.845285 -18.272  0.553  -178   99 o  0   1.32 193.30083  -6.38523   308.69  7198.62 2.83 2.46 -29.9 -0.314 17.02 17.10 03a60101o0355o
60100.848535 -20.804  2.261   -17   39 o  0   0.98 193.30083  -6.38523   327.17  7238.04 2.77 2.41 -36.3 -0.372 18.29 18.85 03a60101o0362o
60100.854884 -22.394 35.909    -4  144 o  0   2.11 193.30083  -6.38523 10527.07  7485.80 2.82 2.25 -40.1 -0.392 17.01 17.12 03a60101o0375o
60100.855334 -19.260  1.629   -72  117 o  0   2.00 193.30083  -6.38523   271.95  7160.51 2.69 2.41 -37.0 -0.391 17.02 16.99 03a60101o0376o
60100.857625  21.730 15.625     7  115 o  0   2.03 193.30083  -6.38523 10469.05  7405.76 2.84 2.25 -40.3 -0.378 17.72 17.94 03a60101o0381o
60108.058970  20.914  0.629    16   10 c  0   1.37 193.30083  -6.38523  7094.55  5033.30 2.51 2.04 -21.1 -0.404 19.38 21.44 04a60108o0261c
60108.061769  20.887  0.745    16   12 c  0   0.84 193.30083  -6.38523  7113.78  5069.77 2.46 2.01 -20.2 -0.406 19.37 21.44 04a60108o0267c
60108.072511 -22.132  2.000    -5   10 c  0   1.22 193.30083  -6.38523  7056.85  4985.95 2.48 2.07 -19.8 -0.390 19.39 21.43 04a60108o0290c
60108.088706 -23.396  6.909    -2   11 c  0   1.18 193.30083  -6.38523  7039.23  5094.02 2.33 1.96 -20.6 -0.407 19.41 21.42 04a60108o0325c
60111.053468  21.254  1.028    11   12 c  0   1.01 193.30083  -6.38523   772.43  4851.23 2.57 2.08  58.4 -0.380 19.37 21.34 04a60111o0252c
60111.057181  21.347  1.108    10   12 c  0   1.29 193.30083  -6.38523   793.12  4887.02 2.58 2.10  57.7 -0.376 19.38 21.33 04a60111o0260c
60111.062152  22.160  2.625     5   13 c  0   0.99 193.30083  -6.38523   735.43  4806.37 2.51 2.04  56.3 -0.386 19.40 21.32 04a60111o0271c
60111.086062  20.756  0.739    18   13 c  0   0.62 193.30083  -6.38523   721.85  4909.87 2.49 2.03  59.2 -0.374 19.35 21.23 04a60111o0322c
60118.762137 -22.600  6.000    -3   20 o  0   1.11 193.30083  -6.38523  8923.41  3134.84 4.13 2.70  -2.4 -0.410 18.83 20.34 03a60119o0161o
60118.766235  21.082  1.784    13   24 o  0   1.00 193.30083  -6.38523  8941.54  3174.53 4.94 2.59   0.7 -0.417 18.69 20.31 03a60119o0169o
60118.772934  21.412  2.133    10   21 o  0   1.16 193.30083  -6.38523  8885.02  3095.24 4.47 2.78  -4.6 -0.379 18.77 20.34 03a60119o0182o
60118.791892  21.397  2.556    10   26 o  0   1.16 193.30083  -6.38523  8862.42  3211.05 4.39 2.68  -7.2 -0.438 18.69 20.26 03a60119o0219o
60126.062939  21.039  1.981    14   28 o  0   1.23 193.30083  -6.38523  5162.70  5099.99 2.11 1.96 -41.6 -0.421 18.53 19.06 04a60126o0264o
60126.068834  19.815  0.588    43   25 o  0   1.20 193.30083  -6.38523  5180.65  5137.58 2.10 1.94 -41.2 -0.420 18.52 19.04 04a60126o0277o
60126.081081  21.426  2.577    10   25 o  0   1.55 193.30083  -6.38523  5121.41  5059.12 2.09 1.94 -37.9 -0.449 18.43 18.81 04a60126o0304o
60126.094876  19.815  0.815    43   35 o  0   0.92 193.30083  -6.38523  5097.05  5175.41 2.09 1.98 -38.7 -0.417 18.12 18.40 04a60126o0334o
60127.086052  19.434  0.668    61   41 o  0   1.36 193.30083  -6.38523  5165.55  5093.54 2.26 2.10 -61.9 -0.399 17.92 18.29 04a60127o0317o
60127.088757  20.473  2.036    24   48 o  0   0.80 193.30083  -6.38523  5182.93  5132.21 2.23 2.07 -52.4 -0.396 17.95 18.29 04a60127o0323o
60127.103364  20.950  2.429    15   37 o  0   1.00 193.30083  -6.38523  5119.94  5057.05 2.26 2.07 -54.0 -0.384 18.14 18.54 04a60127o0355o
60127.113885  21.237  3.803    12   44 o  0   1.12 193.30083  -6.38523  5095.32  5175.64 2.19 2.07 -62.8 -0.399 17.92 18.25 04a60127o0378o
60127.772709  20.806  1.459    17   25 o  0   1.49 193.30083  -6.38523  6921.91  1242.96 2.68 2.53 -32.1 -0.408 18.56 19.19 03a60128o0076o
60127.782472  19.641  0.481    50   24 o  0   1.19 193.30083  -6.38523  6941.29  1284.52 2.96 2.29  -9.0 -0.397 18.54 19.18 03a60128o0097o
60127.787482  22.041  5.071     6   28 o  0   1.17 193.30083  -6.38523  6884.31  1203.45 3.24 2.38  -3.2 -0.402 18.48 19.16 03a60128o0108o
60127.792070  20.742  1.416    18   26 o  0   1.22 193.30083  -6.38523  6862.05  1318.89 3.05 2.33 -10.9 -0.401 18.51 19.15 03a60128o0118o
60129.015927  20.919  2.123    16   33 o  0   0.91 193.30083  -6.38523  6892.89  1143.31 2.92 2.56 -20.5 -0.373 18.41 19.19 04a60129o0165o
60129.032726 -20.821  1.451   -17   25 o  0   1.47 193.30083  -6.38523  6915.10  1173.82 2.71 2.37 -22.5 -0.390 18.47 19.15 04a60129o0202o
60129.035901  20.406  1.056    25   26 o  0   1.37 193.30083  -6.38523  6856.98  1094.62 2.85 2.49 -20.7 -0.364 18.41 19.20 04a60129o0209o
60129.049532  21.185  2.297    12   28 o  0   1.15 193.30083  -6.38523  6837.08  1207.09 2.77 2.38 -19.4 -0.375 18.42 19.12 04a60129o0239o
60130.106369  19.437  0.534    61   33 o  0   0.73 193.30083  -6.38523  6979.25  3069.59 2.48 2.16 -24.1 -0.383 18.31 18.97 04a60130o0359o
60130.110112 -20.594  1.416   -21   30 o  0   1.09 193.30083  -6.38523  6996.56  3109.43 2.47 2.21 -22.6 -0.380 18.31 18.93 04a60130o0367o
60130.115576  20.832  1.743    17   29 o  0   1.25 193.30083  -6.38523  6935.75  3034.25 2.46 2.20 -24.4 -0.380 18.30 18.92 04a60130o0379o
60130.125301  19.883  0.784    40   32 o  0   1.26 193.30083  -6.38523  6908.71  3154.27 2.42 2.15 -20.9 -0.378 18.21 18.88 04a60130o0400o
60130.770510  20.828  0.977    17   16 o  0   0.87 193.30083  -6.38523  6972.86  3182.99 2.37 2.03 -54.0 -0.436 19.15 20.09 03a60131o0187o
60130.776988  21.027  1.252    14   18 o  0   1.13 193.30083  -6.38523  6991.53  3222.49 2.28 2.04 -51.2 -0.445 19.04 19.89 03a60131o0201o
60130.779775 -19.932  0.403   -39   16 o  0   1.34 193.30083  -6.38523  6934.96  3143.50 2.27 2.00 -56.4 -0.449 19.09 19.88 03a60131o0207o
60130.800787  21.280  1.761    11   20 o  0   0.90 193.30083  -6.38523  6914.85  3256.07 2.24 1.98 -54.2 -0.440 18.98 19.68 03a60131o0253o
60132.033225 -18.153  1.078  -199  214 o  0   1.69 193.30083  -6.38523  5057.14  3171.98 2.28 2.21 -23.6 -0.396 16.11 17.29 04a60132o0201o
60132.036851 -17.854  0.832  -262  218 o  0   1.01 193.30083  -6.38523  5076.47  3209.30 2.39 2.35 -32.4 -0.385 16.35 17.60 04a60132o0209o
60132.044124  17.607  0.647   329  213 o  0   1.79 193.30083  -6.38523  5017.42  3130.18 2.25 2.15 -21.4 -0.399 16.14 17.35 04a60132o0225o
60132.054087 -19.745  2.860   -46  131 o  0   1.08 193.30083  -6.38523  4997.00  3244.26 2.19 2.15 -31.2 -0.437 16.94 18.13 04a60132o0247o
60136.705474 -24.631 21.250    -0   11 c  0   1.26 193.30083  -6.38523  8951.10  5071.29 2.50 2.13 -54.6 -0.377 19.43 20.76 03a60137o0041c
60136.709113 -23.231  3.533    -2    6 c  0   3.06 193.30083  -6.38523  8968.73  5111.03 2.45 2.09 -55.9 -0.386 19.57 21.07 03a60137o0049c
60136.714602  21.951  1.312     6    8 c  0   1.96 193.30083  -6.38523  8912.64  5032.82 2.44 2.11 -54.1 -0.390 19.63 21.26 03a60137o0061c
60136.734346  21.139  0.765    13   10 c  0   1.09 193.30083  -6.38523  8889.33  5148.86 2.50 2.11 -56.5 -0.393 19.68 21.38 03a60137o0104c
60140.987669 -21.058  1.060   -14   14 o  0   1.36 193.30083  -6.38523  3225.11  5211.27 2.34 2.14 -85.6 -0.413 19.20 20.75 04a60141o0094o
60140.991273 -20.787  0.664   -18   12 o  0   2.03 193.30083  -6.38523  3244.94  5247.81 2.29 2.05 -86.7 -0.420 19.26 20.83 04a60141o0102o
60140.997280  23.019  7.062     2   16 o  0   0.90 193.30083  -6.38523  3187.54  5167.37 2.38 2.18 -86.2 -0.408 19.23 20.88 04a60141o0115o
60141.017953  21.043  0.910    14   13 o  0   1.29 193.30083  -6.38523  3170.70  5275.56 2.35 2.16 -85.7 -0.405 19.26 20.82 04a60141o0160o
60142.716792  20.553  0.525    22   12 c  0   1.58 193.30083  -6.38523  2724.06  7620.04 2.94 2.46 -11.0 -0.394 19.38 21.08 03a60143o0060c
60142.725247  21.503  1.193     9   11 c  0   1.29 193.30083  -6.38523  2686.62  7580.04 2.67 2.41 -31.6 -0.375 19.47 21.17 03a60143o0078c
60142.739244  20.907  0.780    16   12 c  0   1.06 193.30083  -6.38523  2663.57  7697.09 2.98 2.59 -26.6 -0.369 19.40 21.25 03a60143o0108c
60143.982858 -19.058  1.429   -86  124 o  0   1.21 193.30083  -6.38523   556.33   939.87 3.41 1.96  42.5 -0.442 17.00 18.32 04a60144o0074o
60143.985563  18.158  0.502   198  100 o  0   0.90 193.30083  -6.38523   576.40   977.17 3.43 1.97  43.8 -0.430 17.50 18.84 04a60144o0080o
60143.992803  16.483  0.394   926  365 o  0   1.11 193.30083  -6.38523   517.49   894.87 3.02 2.02  39.7 -0.459 15.91 17.34 04a60144o0096o
60144.003385 -17.686  3.258  -306  997 o  0   1.05 193.30083  -6.38523   499.44  1006.95 3.40 2.00  44.2 -0.428 15.09 16.42 04a60144o0119o
60145.708611  21.581  1.806     8   15 c  0   1.29 193.30083  -6.38523  5781.01  9243.51 3.37 2.93 -23.9 -0.358 19.08 20.69 03a60146o0035c
60145.715901  19.692  0.399    48   19 c  0   1.15 193.30083  -6.38523  5799.14  9282.28 3.50 2.86 -14.2 -0.395 18.92 20.77 03a60146o0051c
60145.719162 -21.948  2.148    -6   13 c  0   1.26 193.30083  -6.38523  5742.65  9201.69 3.31 2.79 -20.2 -0.365 19.26 21.07 03a60146o0058c
60145.729774  21.516  1.378     9   12 c  0   0.92 193.30083  -6.38523  5721.99  9316.62 3.07 2.67 -30.1 -0.363 19.34 21.14 03a60146o0081c
60153.004276 -20.061  0.661   -34   23 o  0   1.15 193.30083  -6.38523  4941.39  1224.09 2.15 2.07 -31.4 -0.401 18.72 19.36 04a60153o0101o
60153.007484  22.554  6.875     4   24 o  0   1.46 193.30083  -6.38523  4959.80  1262.61 2.15 2.08 -11.8 -0.404 18.63 19.23 04a60153o0108o
60153.017924  20.227  0.689    30   20 o  0   1.52 193.30083  -6.38523  4897.92  1184.41 2.10 2.02 -41.2 -0.401 18.73 19.32 04a60153o0131o
60153.025175 -21.074  1.867   -14   25 o  0   1.40 193.30083  -6.38523  4876.51  1302.05 2.10 2.00 -34.8 -0.405 18.69 19.31 04a60153o0147o
60155.974277 -17.369  0.561  -410  230 o  0   1.15 193.30083  -6.38523  8862.88  1064.82 2.78 2.25 -34.3 -0.406 17.02 17.57 04a60156o0054o
60155.981078  19.719  0.705    47   33 o  0   1.35 193.30083  -6.38523  8802.77   984.71 2.99 2.22 -29.8 -0.369 18.67 19.27 04a60156o0069o
