MJD          m      dm   uJy   duJy F err chi/N     RA       Dec        x        y     maj  min   phi  apfit mag5sig Sky   Obs
59805.240850 -19.324  0.455   -68   31 o  0   1.27  30.52000 -28.59138   335.84  4899.36 2.52 1.99  56.2 -0.368 18.40 18.63 04a59805o0582o
59805.244103 -21.827  4.390    -7   30 o  0   1.16  30.52000 -28.59138   317.11  4860.15 2.26 1.95  57.4 -0.372 18.46 18.61 04a59805o0589o
59805.250042 -19.585  0.636   -53   34 o  0   0.76  30.52000 -28.59138   375.46  4938.48 2.62 2.09  58.0 -0.369 18.39 18.65 04a59805o0601o
59805.259683 -21.256  2.500   -11   28 o  0   1.26  30.52000 -28.59138   397.07  4821.49 2.54 1.98  56.6 -0.367 18.49 18.74 04a59805o0622o
59805.260133 -20.298  1.209   -28   33 o  0   0.86  30.52000 -28.59138 10231.23  4884.18 2.74 1.95 -18.3 -0.406 18.52 18.83 04a59805o0623o
59805.266238 -20.268  1.211   -28   34 o  0   0.86  30.52000 -28.59138 10214.06  4846.56 2.24 1.89  77.4 -0.463 18.51 18.75 04a59805o0635o
59805.273209  22.184  5.657     5   28 o  0   1.43  30.52000 -28.59138 10274.21  4922.18 2.72 1.94 -19.0 -0.412 18.57 18.98 04a59805o0649o
59805.283403  20.233  0.764    29   22 o  0   1.96  30.52000 -28.59138 10295.43  4806.59 2.57 1.91 -18.2 -0.427 18.62 18.97 04a59805o0671o
59807.098770  20.351  1.825    26   48 o  0   1.31  30.52000 -28.59138  5184.90  7123.83 2.49 2.38 -19.2 -0.430 17.97 18.37 03a59807o0743o
59807.104544  22.384 13.158     4   53 o  0   1.00  30.52000 -28.59138  5165.19  7085.36 2.54 2.39  -2.2 -0.429 17.89 18.01 03a59807o0752o
59807.109268  20.420  1.423    25   35 o  0   0.90  30.52000 -28.59138  5220.00  7164.74 2.50 2.37 -14.7 -0.424 18.39 18.85 03a59807o0760o
59807.114683 -19.419  0.688   -62   43 o  0   0.97  30.52000 -28.59138  5239.25  7050.15 2.82 2.43  -3.4 -0.400 18.11 18.46 03a59807o0769o
59808.024445 -20.324  0.738   -27   20 o  0   0.94  30.52000 -28.59138  6178.83  3178.94 2.36 2.18  32.5 -0.497 19.05 19.89 03a59808o0603o
59808.028630 -20.510  0.855   -23   19 o  0   0.86  30.52000 -28.59138  6160.09  3140.46 2.38 2.23  39.3 -0.509 19.05 19.89 03a59808o0609o
59808.042053 -21.085  1.102   -13   15 o  0   1.41  30.52000 -28.59138  6212.47  3222.63 2.22 2.12 -54.1 -0.475 19.12 19.94 03a59808o0632o
59808.047355 -22.064  3.262    -5   18 o  0   1.18  30.52000 -28.59138  6231.42  3108.46 2.26 2.17 -50.7 -0.480 19.05 19.80 03a59808o0641o
59809.303122 -21.694  1.893    -8   14 o  0   0.89  30.52000 -28.59138  1361.54  8799.21 2.71 2.07 -87.9 -0.359 19.37 20.49 04a59809o0713o
59809.306211 -21.322  1.367   -11   15 o  0   1.03  30.52000 -28.59138  1343.33  8760.25 2.73 2.05 -88.9 -0.351 19.35 20.53 04a59809o0719o
59809.311672  22.795  4.864     3   14 o  0   1.00  30.52000 -28.59138  1403.81  8839.27 2.63 1.95 -87.9 -0.372 19.39 20.60 04a59809o0731o
59809.338426 -22.942  4.833    -2   12 o  0   1.12  30.52000 -28.59138  1450.29  8718.68 2.66 2.09 -89.1 -0.358 19.36 20.60 04a59809o0781o
59812.061882 -22.341  2.185    -4    9 o  0   1.82  30.52000 -28.59138  6168.40  3187.36 2.80 2.35 -50.3 -0.398 19.30 20.92 03a59812o0761o
59812.084289  24.314 12.714     1    9 o  0   0.98  30.52000 -28.59138  6147.48  3150.57 2.10 1.84 -49.1 -0.449 19.60 20.91 03a59812o0804o
59812.086687  22.772  3.952     3   11 o  0   1.04  30.52000 -28.59138  6201.74  3229.97 2.69 2.14 -54.4 -0.388 19.37 20.88 03a59812o0809o
59812.089841 -22.032  2.704    -6   15 o  0   1.14  30.52000 -28.59138  6222.99  3114.90 2.96 2.54  36.7 -0.404 19.04 20.72 03a59812o0816o
59813.247217  20.224  0.302    30    9 c  0   1.16  30.52000 -28.59138  1330.68  8801.06 2.70 2.20 -85.4 -0.349 19.80 21.93 04a59813o0533c
59813.260330  20.268  0.297    28    8 c  0   1.00  30.52000 -28.59138  1315.90  8760.93 2.74 2.06 -80.8 -0.364 19.82 21.89 04a59813o0560c
59813.266972  19.723  0.177    47    8 c  0   1.29  30.52000 -28.59138  1376.88  8839.80 2.78 2.13 -82.2 -0.363 19.83 21.90 04a59813o0573c
59813.268783  20.181  0.233    31    7 c  0   1.75  30.52000 -28.59138  1398.13  8722.68 2.80 2.12 -84.1 -0.365 19.82 21.91 04a59813o0577c
59814.315923  18.533  0.063   140    9 c  0   1.62  30.52000 -28.59138  1375.10  8794.71 2.79 2.12 -81.5 -0.362 19.85 22.00 04a59814o0756c
59814.317726  18.442  0.066   152   10 c  0   0.81  30.52000 -28.59138  1357.72  8755.16 2.71 2.10 -78.1 -0.365 19.88 22.03 04a59814o0760c
59814.320878  18.638  0.067   127    8 c  0   1.38  30.52000 -28.59138  1418.25  8834.21 2.75 2.04 -82.4 -0.365 19.87 22.04 04a59814o0767c
59814.346222  18.415  0.062   156   10 c  0   1.07  30.52000 -28.59138  1465.41  8717.36 2.63 2.03 -81.9 -0.369 19.90 21.96 04a59814o0818c
59814.424553  18.637  0.103   127   13 c  0   1.47  30.52000 -28.59138  9332.73  1807.66 2.92 2.19 -26.6 -0.359 19.35 20.54 04a59814o0977c
59815.037715  18.565  0.092   136   12 o  0   1.09  30.52000 -28.59138  6161.43  3179.80 2.84 2.32 -10.8 -0.413 19.39 21.12 03a59815o0654o
59815.039522  18.476  0.071   148   10 o  0   1.36  30.52000 -28.59138  6142.32  3140.87 2.70 2.20  -4.5 -0.421 19.42 21.13 03a59815o0658o
59815.043147  18.580  0.090   134   12 o  0   0.98  30.52000 -28.59138  6196.66  3219.40 2.69 2.27  -5.2 -0.414 19.46 21.12 03a59815o0666o
59815.067638  18.450  0.081   151   12 o  0   1.01  30.52000 -28.59138  6216.08  3108.72 2.23 2.07 -46.7 -0.459 19.56 21.16 03a59815o0715o
59818.279874  17.759  0.031   286    9 c  0   1.20  30.52000 -28.59138  4437.97  5241.37 2.15 1.99 -82.2 -0.383 19.79 21.95 04a59818o0661c
59818.281676  17.738  0.029   292    8 c  0   1.66  30.52000 -28.59138  4419.16  5202.71 2.20 2.00 -73.4 -0.381 19.77 21.96 04a59818o0665c
59818.287283  17.732  0.032   293    9 c  0   1.43  30.52000 -28.59138  4481.07  5280.83 2.25 2.04 -82.9 -0.379 19.76 21.97 04a59818o0676c
59818.292655  17.665  0.029   312    9 c  0   1.65  30.52000 -28.59138  4502.34  5165.78 2.19 2.00 -81.2 -0.378 19.78 21.97 04a59818o0687c
59819.007437  17.818  0.037   271   10 o  0   1.65  30.52000 -28.59138  2345.01  3257.12 2.16 1.96 -61.9 -0.441 19.70 21.15 03a59819o0612o
59819.009690  17.870  0.042   258   11 o  0   1.52  30.52000 -28.59138  2325.84  3218.65 2.22 2.06 -61.6 -0.432 19.66 21.14 03a59819o0617o
59819.012848  17.890  0.044   254   11 o  0   1.31  30.52000 -28.59138  2381.78  3298.93 2.15 1.97 -62.4 -0.447 19.68 21.14 03a59819o0624o
59819.018040  17.860  0.043   260   11 o  0   1.07  30.52000 -28.59138  2403.20  3184.03 2.18 2.01 -58.0 -0.441 19.68 21.14 03a59819o0635o
59824.002440  17.802  0.048   275   13 o  0   0.94  30.52000 -28.59138  7224.86  8989.38 2.67 2.25 -41.5 -0.402 19.49 21.15 03a59824o0506o
59824.006190  17.757  0.048   287   14 o  0   0.98  30.52000 -28.59138  7207.73  8949.19 2.77 2.36 -42.6 -0.404 19.42 21.14 03a59824o0513o
59824.009793  17.751  0.048   288   14 o  0   1.08  30.52000 -28.59138  7263.55  9029.97 2.83 2.35 -41.5 -0.404 19.43 21.14 03a59824o0521o
59824.020856  17.736  0.045   292   13 o  0   1.17  30.52000 -28.59138  7285.09  8914.26 2.67 2.32 -42.7 -0.405 19.50 21.17 03a59824o0544o
59826.197796  17.625  0.042   324   14 o  0   1.11  30.52000 -28.59138  3864.80   876.38 2.18 1.94  48.8 -0.431 19.36 20.65 04a59826o0488o
59826.200050  17.745  0.041   290   12 o  0   2.56  30.52000 -28.59138  3845.95   836.88 2.19 1.93  49.8 -0.434 19.37 20.68 04a59826o0493o
59826.203234  17.744  0.047   290   14 o  0   1.13  30.52000 -28.59138  3903.33   916.26 2.14 1.91  49.8 -0.431 19.41 20.69 04a59826o0500o
59826.213007  17.629  0.050   322   16 o  0   0.93  30.52000 -28.59138  3924.01   798.99 2.30 2.10  51.0 -0.430 19.33 20.68 04a59826o0519o
59828.078510  17.638  0.040   320   13 o  0   1.13  30.52000 -28.59138  3237.78  1536.05 2.16 1.96 -51.1 -0.424 19.61 20.92 03a59828o0218o
59828.081492  17.761  0.041   286   12 o  0   1.33  30.52000 -28.59138  3178.27  1457.58 2.13 1.95 -50.4 -0.425 19.62 20.98 03a59828o0224o
59828.115903  17.633  0.039   321   12 o  0   0.99  30.52000 -28.59138  3149.31  1580.03 2.15 1.93 -52.9 -0.424 19.69 21.14 03a59828o0297o
59830.974688  17.525  0.073   355   26 o  0   1.09  30.52000 -28.59138  7235.32  8990.86 2.60 2.13 -41.9 -0.395 18.69 19.03 03a59831o0552o
59830.976950  17.739  0.094   291   27 o  0   1.16  30.52000 -28.59138  7215.68  8952.77 2.58 2.09 -41.7 -0.407 18.71 19.04 03a59831o0557o
59830.988333  17.695  0.089   303   27 o  0   0.71  30.52000 -28.59138  7269.41  9030.34 2.66 2.18 -43.0 -0.397 18.69 19.06 03a59831o0580o
59830.993119  17.810  0.091   273   25 o  0   0.96  30.52000 -28.59138  7291.26  8914.32 2.65 2.13 -40.5 -0.401 18.76 19.10 03a59831o0589o
59831.904477  17.577  0.116   338   39 o  0   0.94  30.52000 -28.59138   262.53  4719.69 2.52 2.17 -66.3 -0.370 18.16 17.98 03a59832o0398o
59831.907636  17.482  0.117   369   43 o  0   0.96  30.52000 -28.59138   243.46  4680.07 2.51 2.14 -68.1 -0.383 18.17 18.00 03a59832o0405o
59831.911242  17.692  0.137   304   42 o  0   1.07  30.52000 -28.59138   300.53  4759.61 2.47 2.09 -67.1 -0.373 18.20 18.02 03a59832o0413o
59831.913500  17.585  0.113   336   38 o  0   0.88  30.52000 -28.59138 10131.23  4944.43 2.41 1.97 -53.3 -0.363 18.22 18.11 03a59832o0418o
59831.916670  17.625  0.114   324   37 o  0   1.00  30.52000 -28.59138 10113.01  4905.73 2.53 2.08 -52.3 -0.337 18.17 18.13 03a59832o0425o
59831.924859  17.402  0.111   397   44 o  0   1.02  30.52000 -28.59138   324.19  4641.20 2.50 2.22 -67.4 -0.381 18.18 18.08 03a59832o0443o
59831.925309  17.731  0.113   293   33 o  0   1.35  30.52000 -28.59138 10170.90  4982.95 2.55 2.11 -52.9 -0.343 18.20 18.17 03a59832o0444o
59831.933339  17.639  0.097   319   31 o  0   1.86  30.52000 -28.59138 10193.96  4865.10 2.52 2.20 -49.6 -0.351 18.22 18.23 03a59832o0458o
59834.181293  17.727  0.120   294   35 o  0   0.89  30.52000 -28.59138  5771.22   781.92 2.06 1.97 -72.5 -0.441 18.43 18.53 04a59834o0459o
59834.184479  17.614  0.083   327   27 o  0   1.13  30.52000 -28.59138  5749.96   743.48 2.11 1.99 -26.8 -0.416 18.43 18.60 04a59834o0466o
59834.189963  17.670  0.096   310   30 o  0   0.96  30.52000 -28.59138  5809.24   821.43 2.08 2.02 -30.3 -0.425 18.46 18.63 04a59834o0478o
59834.195459  17.862  0.090   260   23 o  0   1.57  30.52000 -28.59138  5828.94   704.00 2.01 1.96 -32.8 -0.446 18.48 18.66 04a59834o0490o
59834.956699  17.614  0.100   327   33 o  0   0.82  30.52000 -28.59138   261.37  4712.45 2.42 2.00 -67.3 -0.372 18.50 18.63 03a59835o0516o
59834.958507  17.825  0.127   269   34 o  0   0.86  30.52000 -28.59138   242.65  4673.25 2.41 2.02 -67.0 -0.375 18.49 18.64 03a59835o0520o
59834.961753  17.747  0.112   289   32 o  0   0.99  30.52000 -28.59138   300.00  4752.72 2.42 2.02 -65.4 -0.387 18.46 18.65 03a59835o0527o
59834.965356  17.716  0.094   298   28 o  0   1.13  30.52000 -28.59138 10133.29  4949.88 2.37 1.91 -51.9 -0.381 18.49 18.63 03a59835o0535o
59834.969351  17.631  0.096   322   31 o  0   1.49  30.52000 -28.59138   316.24  4640.27 2.38 1.99 -68.9 -0.383 18.48 18.62 03a59835o0542o
59834.997762  17.517  0.074   357   26 o  0   0.93  30.52000 -28.59138 10108.69  4914.64 2.42 1.98 -53.3 -0.351 18.47 18.69 03a59835o0600o
59835.001206  17.670  0.092   310   29 o  0   1.33  30.52000 -28.59138 10162.63  4994.47 2.35 2.05 -53.5 -0.365 18.52 18.69 03a59835o0606o
59835.004633  17.737  0.092   292   27 o  0   1.18  30.52000 -28.59138 10183.49  4878.49 2.31 2.01 -49.5 -0.386 18.49 18.57 03a59835o0613o
59836.004796  17.626  0.070   323   22 o  0   1.15  30.52000 -28.59138 10121.55  4955.59 2.30 2.02 -49.5 -0.373 18.81 19.19 03a59836o0624o
59836.007116  17.883  0.085   255   22 o  0   1.27  30.52000 -28.59138 10102.69  4917.81 2.26 2.04 -39.9 -0.379 18.79 19.21 03a59836o0629o
59836.010304  17.542  0.066   349   23 o  0   0.87  30.52000 -28.59138 10158.18  4996.44 2.29 2.06 -33.7 -0.374 18.79 19.23 03a59836o0636o
59836.015724  17.566  0.070   342   24 o  0   0.75  30.52000 -28.59138 10178.78  4881.15 2.21 1.94 -45.8 -0.386 18.82 19.24 03a59836o0648o
59836.046096  17.664  0.063   312   20 o  0   1.26  30.52000 -28.59138 10184.17  5789.02 2.24 1.95 -49.1 -0.364 18.83 19.14 03a59836o0714o
59836.070511  17.498  0.065   364   24 o  0   0.87  30.52000 -28.59138 10198.96  5836.13 2.23 2.03 -48.6 -0.400 18.76 19.11 03a59836o0763o
59836.074619  17.618  0.067   326   22 o  0   1.36  30.52000 -28.59138 10139.65  5755.89 2.23 1.99 -49.9 -0.376 18.82 19.10 03a59836o0772o
59836.102384  17.715  0.072   298   21 o  0   1.23  30.52000 -28.59138 10113.61  5875.01 2.35 1.94 -53.6 -0.358 18.77 19.08 03a59836o0830o
59842.903340  17.783  0.043   280   12 o  0   1.21  30.52000 -28.59138  1160.44  8634.98 2.71 2.32 -47.1 -0.389 19.61 21.17 03a59843o0179o
59842.908512  17.851  0.046   263   12 o  0   1.26  30.52000 -28.59138  1141.44  8594.40 2.78 2.37 -45.9 -0.388 19.61 21.20 03a59843o0190o
59842.911215  17.701  0.044   302   13 o  0   1.03  30.52000 -28.59138  1198.15  8672.52 2.75 2.32 -47.3 -0.395 19.65 21.24 03a59843o0196o
59842.922125  17.817  0.046   271   12 o  0   1.42  30.52000 -28.59138  1220.23  8554.62 3.02 2.55 -29.6 -0.368 19.54 21.27 03a59843o0219o
59845.208918  17.550  0.044   347   15 o  0   1.53  30.52000 -28.59138  9431.76  8886.70 2.43 2.28 -65.8 -0.438 19.56 21.07 04a59845o0491o
59845.211620  17.593  0.056   333   18 o  0   0.78  30.52000 -28.59138  9413.27  8848.32 2.38 2.29 -25.1 -0.437 19.58 21.06 04a59845o0497o
59845.216740  17.682  0.044   307   14 o  0   2.00  30.52000 -28.59138  9476.42  8925.52 2.29 2.23  59.6 -0.458 19.61 21.09 04a59845o0508o
59845.223847  17.688  0.044   305   14 o  0   1.80  30.52000 -28.59138  9500.46  8808.53 2.28 2.25 -22.2 -0.449 19.60 21.09 04a59845o0521o
59845.977394  18.138  0.049   202   10 c  0   0.82  30.52000 -28.59138  1140.81  8631.50 2.64 2.36 -43.1 -0.381 19.84 21.90 03a59846o0357c
59846.003173  18.225  0.050   186    9 c  0   1.22  30.52000 -28.59138  1113.19  8594.38 2.59 2.29 -47.8 -0.387 19.86 21.91 03a59846o0409c
59846.039500  18.197  0.068   191   13 c  0   1.04  30.52000 -28.59138  9258.13  1838.68 2.52 2.36  18.2 -0.412 19.54 21.57 03a59846o0446c
59846.053180  18.153  0.065   199   13 c  0   1.26  30.52000 -28.59138  9227.16  1955.28 2.43 2.25 -44.0 -0.402 19.28 21.23 03a59846o0471c
59846.281319  17.797  0.044   276   12 o  0   1.31  30.52000 -28.59138  1273.60  1738.00 2.67 2.00  48.5 -0.422 19.46 20.99 04a59846o0558o
59846.284308  17.648  0.037   317   12 o  0   1.48  30.52000 -28.59138  1293.45  1773.23 2.97 2.10  48.1 -0.396 19.39 21.06 04a59846o0564o
59846.300531  17.880  0.057   256   15 o  0   1.05  30.52000 -28.59138  1236.70  1678.96 2.81 2.12  46.0 -0.408 19.41 20.95 04a59846o0594o
59846.308654  17.835  0.050   267   13 o  0   0.92  30.52000 -28.59138  1217.86  1787.40 2.69 2.07  46.6 -0.408 19.40 20.96 04a59846o0608o
59849.319918  18.024  0.115   224   26 o  0   2.50  30.52000 -28.59138  2534.46  7488.26 2.22 1.71 -84.4 -0.402 18.83 20.15 04a59849o0743o
59849.324587  18.151  0.287   199   57 o  0   1.22  30.52000 -28.59138  2552.56  7523.33 2.28 1.79 -85.0 -0.385 17.41 18.68 04a59849o0753o
59849.329579  17.929  0.043   244   10 o  0   2.78  30.52000 -28.59138  2494.76  7442.67 2.13 1.72 -85.3 -0.396 19.47 20.80 04a59849o0764o
59849.366455  17.752  0.035   288   10 o  0   2.54  30.52000 -28.59138  2470.08  7538.38 2.23 1.71 -85.3 -0.396 19.52 20.84 04a59849o0835o
59850.198991  17.890  0.124   253   31 o  0   1.38  30.52000 -28.59138  8145.05  3091.02 2.43 2.08 -24.7 -0.413 18.11 19.61 04a59850o0263o
59850.201693  17.946  0.138   241   33 o  0   1.23  30.52000 -28.59138  8128.49  3052.22 2.44 2.06 -28.3 -0.405 18.16 19.68 04a59850o0269o
59850.204397  18.014  0.141   226   32 o  0   1.27  30.52000 -28.59138  8187.56  3129.50 2.33 1.86 -26.2 -0.419 18.40 19.85 04a59850o0275o
59850.227695  19.477  1.789    59  105 o  0   1.08  30.52000 -28.59138  8227.88  3009.87 3.10 2.56 -25.4 -0.373 17.00 18.78 04a59850o0319o
59850.945889  18.370  0.055   163    9 c  0   1.26  30.52000 -28.59138  4306.02  5156.57 2.39 2.17 -55.8 -0.382 19.74 21.75 03a59851o0473c
59850.949050  18.161  0.055   198   11 c  0   2.47  30.52000 -28.59138  4286.25  5117.53 2.34 2.21 -57.0 -0.385 19.41 21.40 03a59851o0480c
59850.952205  18.434  0.077   154   12 c  0   1.69  30.52000 -28.59138  4341.75  5196.74 2.33 2.16 -48.4 -0.387 19.14 21.07 03a59851o0487c
59850.957467  18.254  0.047   181    8 c  0   2.19  30.52000 -28.59138  4363.99  5081.41 2.34 2.15 -54.1 -0.388 19.74 21.73 03a59851o0498c
59853.186619  17.890  0.043   254   11 o  0   1.64  30.52000 -28.59138  8139.70  3086.52 2.42 2.04 -23.7 -0.402 19.62 21.29 04a59853o0441o
59853.189321  17.984  0.045   232   11 o  0   1.44  30.52000 -28.59138  8121.77  3048.84 2.26 1.90 -23.6 -0.419 19.68 21.30 04a59853o0447o
59853.193177  17.808  0.041   274   11 o  0   0.98  30.52000 -28.59138  8182.03  3126.36 2.29 1.85 -22.8 -0.422 19.65 21.25 04a59853o0455o
59853.220578  17.974  0.042   234   10 o  0   1.52  30.52000 -28.59138  8225.09  3007.90 2.44 1.99 -18.4 -0.405 19.63 21.28 04a59853o0508o
59854.292691  17.941  0.047   242   11 o  0   1.07  30.52000 -28.59138  2534.72  7497.82 2.12 1.71 -81.7 -0.425 19.60 20.90 04a59854o0674o
59854.311243  17.924  0.047   246   12 o  0   1.28  30.52000 -28.59138  2554.29  7522.11 2.39 1.73 -83.0 -0.398 19.58 20.93 04a59854o0712o
59854.314833  17.986  0.046   232   11 o  0   1.94  30.52000 -28.59138  2495.86  7442.71 2.32 1.73 -80.7 -0.397 19.58 20.91 04a59854o0718o
59854.345103  17.904  0.046   250   12 o  0   1.13  30.52000 -28.59138  2471.35  7541.17 2.32 1.76 -82.9 -0.390 19.58 20.97 04a59854o0778o
59854.942433  18.035  0.048   222   10 o  0   1.59  30.52000 -28.59138  4307.64  5152.48 2.27 2.06 -59.9 -0.415 19.53 20.86 03a59855o0467o
59854.944733  18.068  0.058   215   13 o  0   1.16  30.52000 -28.59138  4289.21  5114.60 2.29 2.06 -61.0 -0.411 19.54 20.88 03a59855o0472o
59854.947886  17.922  0.053   246   13 o  0   1.00  30.52000 -28.59138  4344.78  5194.29 2.24 2.02 -55.1 -0.408 19.57 20.90 03a59855o0479o
59854.953328  17.891  0.046   253   12 o  0   1.40  30.52000 -28.59138  4365.98  5080.33 2.20 1.97 -58.3 -0.410 19.60 20.89 03a59855o0491o
59855.890604  17.909  0.317   249   79 o  0   1.33  30.52000 -28.59138  3892.33   781.60 2.30 2.11 -53.6 -0.406 17.27 17.52 03a59856o0342o
59855.903936  17.832  0.109   267   29 o  0   1.55  30.52000 -28.59138  3875.83   739.47 2.50 2.35 -51.2 -0.391 16.82 18.26 03a59856o0370o
59855.907095  18.567  0.684   136   93 o  0   1.78  30.52000 -28.59138  3929.53   821.72 2.44 2.25 -52.5 -0.385 17.24 18.10 03a59856o0377o
59855.912060  18.568  0.899   136  122 o  0   1.07  30.52000 -28.59138  3950.50   706.92 2.38 2.17 -49.1 -0.375 17.43 18.21 03a59856o0388o
59858.156026  18.008  0.108   227   24 o  0   1.12  30.52000 -28.59138  7280.11  7032.60 2.55 2.46 -14.8 -0.395 18.66 19.50 04a59858o0355o
59858.159184  18.012  0.093   226   21 o  0   1.44  30.52000 -28.59138  7340.80  7109.14 2.54 2.35 -58.8 -0.392 18.71 19.48 04a59858o0362o
59858.164500  17.984  0.081   232   19 o  0   1.64  30.52000 -28.59138  7362.70  6992.56 2.13 2.00 -53.9 -0.430 18.87 19.53 04a59858o0372o
59858.897666 -17.761  1.989  -286  568 o  0   1.01  30.52000 -28.59138  3886.81   782.22 2.53 2.33 -46.8 -0.437 15.36 14.89 03a59859o0345o
59858.907883 -16.596  0.851  -835  710 o  0   0.97  30.52000 -28.59138  3872.78   738.98 2.56 2.44 -21.0 -0.454 15.19 14.80 03a59859o0365o
59858.909694  16.886  0.756   639  483 o  0   0.88  30.52000 -28.59138  3926.79   820.68 2.56 2.38 -56.2 -0.413 15.39 14.98 03a59859o0369o
59858.935278  18.767  1.244   113  140 o  0   1.56  30.52000 -28.59138  3940.98   708.91 2.32 2.13 -53.1 -0.383 16.59 16.19 03a59859o0379o
59859.919127  17.878  0.119   256   30 o  0   1.07  30.52000 -28.59138  3878.49   783.57 2.36 2.18 -46.8 -0.374 18.32 18.71 03a59860o0404o
59859.920929  17.926  0.106   245   26 o  0   1.20  30.52000 -28.59138  3859.76   744.37 2.34 2.20 -50.3 -0.381 18.48 18.86 03a59860o0408o
59859.924109  17.970  0.168   235   40 o  0   1.03  30.52000 -28.59138  3915.33   824.81 2.35 2.18 -36.1 -0.385 18.12 18.20 03a59860o0415o
59859.929522  17.879  0.132   256   34 o  0   1.13  30.52000 -28.59138  3935.28   709.61 2.31 2.14 -51.4 -0.367 18.34 18.57 03a59860o0427o
59861.141048  17.794  0.132   277   36 o  0   0.99  30.52000 -28.59138  7293.20  7065.25 2.25 2.07 -50.3 -0.412 18.20 18.26 04a59861o0355o
59862.235204  18.193  0.203   192   39 o  0   1.17  30.52000 -28.59138  3396.99  3560.72 2.11 1.96  66.0 -0.411 18.00 17.94 04a59862o0538o
59862.238184  18.421  0.284   155   44 o  0   0.88  30.52000 -28.59138  3416.57  3597.03 2.14 2.03  73.8 -0.408 17.99 18.09 04a59862o0544o
59862.243657  17.774  0.135   282   38 o  0   0.95  30.52000 -28.59138  3359.73  3513.91 2.12 2.01  63.9 -0.398 18.01 18.09 04a59862o0553o
59862.278783  18.116  0.172   206   35 o  0   1.41  30.52000 -28.59138  3342.14  3600.61 2.26 2.15  58.6 -0.401 17.97 18.10 04a59862o0628o
59862.386661  17.872  0.209   258   54 o  0   1.32  30.52000 -28.59138  3345.51  3494.76 2.13 2.02  73.5 -0.406 17.64 17.52 04a59862o0846o
59865.224937  18.214  0.081   188   15 o  0   1.03  30.52000 -28.59138  4328.42  5487.28 1.92 1.75 -81.1 -0.406 19.00 19.66 04a59865o0538o
59865.227958  18.067  0.072   215   16 o  0   1.00  30.52000 -28.59138  4347.94  5523.23 1.96 1.77 -76.3 -0.395 18.98 19.64 04a59865o0544o
59865.236867  18.104  0.070   208   15 o  0   1.52  30.52000 -28.59138  4291.64  5438.72 1.99 1.81 -71.1 -0.403 18.93 19.61 04a59865o0563o
59865.380869  18.250  0.127   182   23 o  0   1.20  30.52000 -28.59138  4239.94  5481.08 1.97 1.76 -77.8 -0.413 18.49 18.77 04a59865o0630o
59866.153078  18.096  0.068   210   14 o  0   1.21  30.52000 -28.59138  6353.90  5139.51 1.98 1.76 -47.7 -0.427 19.16 20.13 04a59866o0373o
59866.175064  18.081  0.075   212   16 o  0   0.71  30.52000 -28.59138  6353.50  5097.89 1.98 1.82 -41.3 -0.423 19.18 20.10 04a59866o0416o
59866.180459  18.150  0.064   200   13 o  0   1.73  30.52000 -28.59138  6414.39  5176.45 1.86 1.72 -45.0 -0.442 19.18 20.07 04a59866o0427o
59866.182261  18.093  0.075   210   16 o  0   0.77  30.52000 -28.59138  6434.48  5060.80 1.89 1.73 -43.2 -0.442 19.19 20.07 04a59866o0431o
59866.899054  18.064  0.095   216   20 o  0   1.10  30.52000 -28.59138  5777.09   731.97 3.20 2.94 -25.5 -0.384 18.74 20.43 03a59867o0355o
59866.901316  18.220  0.345   187   64 o  0   1.01  30.52000 -28.59138  5758.66   692.93 3.47 3.28 -48.2 -0.377 17.25 19.03 03a59867o0360o
59866.904091  18.303  0.583   173  101 o  0   1.37  30.52000 -28.59138  5812.67   773.02 3.01 2.77 -56.5 -0.394 16.28 17.80 03a59867o0366o
59869.132738  18.673  0.072   123    9 c  0   1.18  30.52000 -28.59138  6347.33  5137.90 2.18 2.03 -39.3 -0.392 19.69 21.69 04a59869o0318c
59869.134989  18.744  0.090   115   10 c  0   0.77  30.52000 -28.59138  6329.00  5100.05 2.17 1.98 -37.0 -0.394 19.69 21.67 04a59869o0323c
59869.138158  18.632  0.076   128   10 c  0   0.87  30.52000 -28.59138  6388.53  5177.37 2.21 2.01 -41.7 -0.391 19.67 21.72 04a59869o0330c
59869.143571  18.720  0.075   118    9 c  0   1.23  30.52000 -28.59138  6411.66  5061.13 2.21 2.02 -44.2 -0.392 19.70 21.76 04a59869o0342c
59870.214465  18.833  0.076   106    8 c  0   1.04  30.52000 -28.59138  4330.52  5485.85 2.14 2.07 -74.6 -0.375 19.70 21.81 04a59870o0507c
59870.218147  18.665  0.061   124    8 c  0   1.35  30.52000 -28.59138  4350.80  5522.06 2.16 2.03 -70.6 -0.382 19.70 21.80 04a59870o0515c
59870.223568  18.529  0.064   141    9 c  0   1.08  30.52000 -28.59138  4294.68  5438.26 2.32 2.10 -76.6 -0.373 19.67 21.79 04a59870o0527c
59870.234406  18.636  0.076   128   10 c  0   0.63  30.52000 -28.59138  4276.45  5544.50 2.25 2.04 -79.8 -0.379 19.72 21.78 04a59870o0549c
59871.110182  18.121  0.096   205   20 o  0   0.97  30.52000 -28.59138  4641.77  9760.62 2.65 2.16 -29.3 -0.381 19.01 19.93 03a59871o0301o
59871.112956  18.255  0.097   181   18 o  0   1.54  30.52000 -28.59138  4663.15  9800.92 2.52 2.09 -35.2 -0.384 18.99 19.78 03a59871o0307o
59871.117268  18.154  0.106   199   21 o  0   1.12  30.52000 -28.59138  4609.13  9720.56 2.48 2.09 -33.5 -0.381 18.77 19.35 03a59871o0316o
59871.119174  18.220  0.156   187   29 o  0   1.00  30.52000 -28.59138  4587.83  9836.44 2.45 2.06 -34.1 -0.388 18.64 19.08 03a59871o0320o
59871.872501  18.279  0.072   177   13 o  0   1.10  30.52000 -28.59138  9200.33  8903.52 2.44 2.15 -50.3 -0.420 19.45 20.84 03a59872o0251o
59871.875202  18.077  0.067   214   14 o  0   1.26  30.52000 -28.59138  9178.71  8866.80 2.70 2.13 -46.0 -0.425 19.46 20.83 03a59872o0257o
59871.880626  18.408  0.075   157   12 o  0   1.18  30.52000 -28.59138  9233.01  8945.57 2.67 2.14 -48.7 -0.424 19.45 20.82 03a59872o0268o
59873.204607  18.787  0.078   111    9 c  0   0.97  30.52000 -28.59138  2391.67  5603.81 2.14 1.84  85.5 -0.380 19.77 21.73 04a59873o0478c
59873.208212  18.650  0.086   126   11 c  0   0.76  30.52000 -28.59138  2411.85  5637.81 2.11 1.85 -89.4 -0.380 19.80 21.70 04a59873o0486c
59873.216034  18.644  0.067   127    8 c  0   0.99  30.52000 -28.59138  2355.46  5552.24 2.12 1.89  81.4 -0.381 19.76 21.73 04a59873o0503c
59873.226908  18.615  0.061   130    8 c  0   1.53  30.52000 -28.59138  2336.80  5659.59 2.11 1.86  82.5 -0.383 19.79 21.66 04a59873o0526c
59874.131774  18.673  0.071   123    9 c  0   1.54  30.52000 -28.59138  8285.80  5020.37 2.48 1.99 -27.4 -0.431 19.71 21.77 04a59874o0309c
59874.137185  18.631  0.076   128   10 c  0   1.10  30.52000 -28.59138  8269.56  4981.94 2.51 2.07 -25.9 -0.402 19.74 21.81 04a59874o0320c
59874.138987  18.679  0.070   123    9 c  0   1.45  30.52000 -28.59138  8329.15  5058.03 2.38 1.93 -18.0 -0.424 19.77 21.81 04a59874o0324c
59874.144389  18.770  0.092   113   10 c  0   0.86  30.52000 -28.59138  8351.59  4941.78 2.34 1.92 -23.5 -0.431 19.81 21.81 04a59874o0336c
59874.865511  18.480  0.107   147   16 o  0   1.04  30.52000 -28.59138  9202.72  8908.08 3.03 2.48 -43.7 -0.403 19.22 20.89 03a59875o0273o
59874.868749  18.344  0.106   167   18 o  0   1.14  30.52000 -28.59138  9185.89  8866.39 2.86 2.40 -31.7 -0.385 19.15 20.77 03a59875o0280o
59874.902461  18.199  0.071   191   14 o  0   1.06  30.52000 -28.59138  9234.04  8949.46 2.77 2.26 -45.6 -0.410 19.42 21.06 03a59875o0346o
59874.907519  18.177  0.080   195   16 o  0   1.27  30.52000 -28.59138  9253.46  8834.31 2.89 2.30 -46.6 -0.411 19.20 20.83 03a59875o0357o
59875.956452  18.237  0.062   184   11 o  0   1.40  30.52000 -28.59138  1234.04  1577.32 2.36 2.13 -58.0 -0.400 19.43 20.74 03a59876o0468o
59875.959524  18.182  0.066   194   13 o  0   0.90  30.52000 -28.59138  1252.12  1616.99 2.36 2.07 -58.9 -0.409 19.46 20.77 03a59876o0474o
59875.966376  18.224  0.062   186   12 o  0   1.09  30.52000 -28.59138  1191.23  1538.79 2.32 2.05 -60.6 -0.421 19.48 20.73 03a59876o0488o
59875.976690  18.209  0.068   189   13 o  0   0.93  30.52000 -28.59138  1165.47  1656.85 2.39 2.05 -69.4 -0.411 19.45 20.69 03a59876o0509o
59877.137839  18.939  0.101    96   10 c  0   0.99  30.52000 -28.59138  8295.44  5017.84 2.69 2.23 -20.8 -0.391 19.63 21.66 04a59877o0319c
59877.141837  18.703  0.079   120   10 c  0   1.78  30.52000 -28.59138  8277.94  4980.61 2.77 2.35 -23.2 -0.391 19.55 21.65 04a59877o0327c
59877.145894  18.710  0.080   119   10 c  0   1.10  30.52000 -28.59138  8339.47  5057.78 2.71 2.24 -26.4 -0.391 19.60 21.67 04a59877o0336c
59877.171022  18.813  0.078   108    8 c  0   1.37  30.52000 -28.59138  8384.02  4939.03 2.49 1.98 -20.5 -0.417 19.72 21.65 04a59877o0386c
59878.198876  18.874  0.084   102    9 c  0   0.96  30.52000 -28.59138  2398.57  5598.21 2.41 2.19  79.5 -0.366 19.65 21.67 04a59878o0459c
59878.202028  18.673  0.083   123   10 c  0   0.96  30.52000 -28.59138  2418.96  5632.46 2.57 2.35  81.8 -0.358 19.56 21.66 04a59878o0466c
59878.207434  18.807  0.085   109    9 c  0   1.30  30.52000 -28.59138  2361.79  5551.02 2.52 2.31  81.0 -0.364 19.61 21.62 04a59878o0478c
59878.218670  18.890  0.091   101    9 c  0   1.04  30.52000 -28.59138  2341.75  5657.05 2.65 2.43  86.8 -0.355 19.54 21.63 04a59878o0502c
59878.871718  18.083  0.059   212   13 o  0   1.22  30.52000 -28.59138  9193.18  8907.90 2.75 2.19 -49.0 -0.423 19.53 20.99 03a59879o0176o
59878.874422  18.090  0.066   211   14 o  0   0.81  30.52000 -28.59138  9173.83  8869.09 2.75 2.16 -48.2 -0.427 19.58 21.00 03a59879o0182o
59878.971313  18.235  0.065   185   12 o  0   1.00  30.52000 -28.59138  1190.65  1542.20 2.27 1.93 -64.1 -0.419 19.56 20.89 03a59879o0237o
59878.984754  18.191  0.057   192   11 o  0   1.13  30.52000 -28.59138  1166.75  1661.36 2.24 1.94 -67.0 -0.417 19.56 20.81 03a59879o0263o
59879.862841  18.231  0.074   185   14 o  0   1.06  30.52000 -28.59138  8071.82  3092.41 2.82 2.38 -59.1 -0.417 19.31 20.79 03a59880o0262o
59879.864683  18.066  0.068   216   15 o  0   1.15  30.52000 -28.59138  8053.71  3053.80 2.89 2.41 -56.4 -0.409 19.25 20.80 03a59880o0266o
59879.868286  18.225  0.061   186   11 o  0   1.40  30.52000 -28.59138  8108.33  3132.21 2.69 2.36 -55.3 -0.413 19.32 20.83 03a59880o0274o
59879.873353  18.061  0.070   217   15 o  0   0.66  30.52000 -28.59138  8131.59  3016.79 2.70 2.31 -55.9 -0.412 19.34 20.84 03a59880o0285o
59881.179092  18.930  0.084    97    8 c  0   1.40  30.52000 -28.59138  5230.54  1521.97 2.27 2.19  25.5 -0.396 19.70 21.73 04a59881o0406c
59881.190587  18.861  0.087   104    9 c  0   1.17  30.52000 -28.59138  5253.01  1549.45 2.19 2.09 -19.8 -0.403 19.75 21.77 04a59881o0429c
59881.193740  19.006  0.088    91    8 c  0   1.63  30.52000 -28.59138  5194.85  1468.22 2.24 2.09   9.8 -0.404 19.76 21.78 04a59881o0436c
59881.198971  18.871  0.090   103    9 c  0   0.96  30.52000 -28.59138  5174.26  1580.23 2.23 2.08   4.5 -0.399 19.77 21.79 04a59881o0447c
59882.116303  18.315  0.074   171   13 o  0   1.15  30.52000 -28.59138  5475.32  9106.47 2.75 2.15 -83.4 -0.397 19.36 20.75 04a59882o0274o
59882.118104  18.180  0.064   194   12 o  0   1.81  30.52000 -28.59138  5456.55  9067.53 2.74 2.21 -82.1 -0.394 19.36 20.78 04a59882o0278o
59882.122159  18.443  0.098   152   15 o  0   0.81  30.52000 -28.59138  5519.70  9145.63 2.80 2.16 -85.0 -0.385 19.36 20.81 04a59882o0287o
59882.129066  18.297  0.074   174   13 o  0   1.17  30.52000 -28.59138  5543.61  9030.45 2.79 2.12 -81.0 -0.388 19.38 20.78 04a59882o0302o
59882.883986  18.054  0.241   218   52 o  0   1.15  30.52000 -28.59138  8066.41  3094.85 2.67 2.46 -51.6 -0.429 17.83 18.99 03a59883o0288o
59882.885797  18.300  0.133   174   23 o  0   1.49  30.52000 -28.59138  8048.70  3056.77 2.62 2.40 -66.7 -0.431 18.63 19.87 03a59883o0292o
59882.888952  18.200  0.160   190   30 o  0   1.22  30.52000 -28.59138  8103.47  3134.92 2.68 2.47 -59.8 -0.436 18.43 19.70 03a59883o0299o
59882.894361  17.502  1.650   362  598 o  0   1.05  30.52000 -28.59138  8125.52  3018.86 2.73 2.44 -58.8 -0.417 15.13 16.24 03a59883o0311o
59883.923698  18.269  0.085   179   15 o  0   1.11  30.52000 -28.59138  2363.52  7397.43 3.08 2.89 -47.6 -0.372 19.12 20.65 03a59884o0391o
59883.926734  18.358  0.091   165   15 o  0   1.27  30.52000 -28.59138  2380.18  7436.10 2.97 2.80 -51.7 -0.375 19.17 20.66 03a59884o0397o
59883.957960  18.185  0.080   193   16 o  0   1.03  30.52000 -28.59138  2314.39  7363.04 3.11 2.86 -49.0 -0.387 19.12 20.66 03a59884o0462o
59883.964290  18.253  0.074   182   13 o  0   1.66  30.52000 -28.59138  2289.20  7479.31 3.26 2.95 -50.6 -0.381 19.10 20.68 03a59884o0476o
59885.093429  18.126  0.086   204   18 o  0   1.51  30.52000 -28.59138  5461.66  9109.91 2.96 2.41 -85.5 -0.363 18.97 20.04 04a59885o0210o
59885.097926  18.198  0.094   191   18 o  0   1.11  30.52000 -28.59138  5445.09  9070.63 2.86 2.21 -79.8 -0.396 19.02 20.06 04a59885o0219o
59885.103166  18.162  0.082   197   16 o  0   1.13  30.52000 -28.59138  5507.24  9147.10 2.70 2.04 -78.2 -0.390 19.12 20.09 04a59885o0229o
59885.126750  18.305  0.088   173   15 o  0   1.47  30.52000 -28.59138  5546.99  9029.92 2.74 2.16 -77.5 -0.379 19.09 20.10 04a59885o0271o
59886.163946  18.184  0.079   193   15 o  0   1.16  30.52000 -28.59138  5230.55  1519.54 2.10 2.07 -13.5 -0.419 19.09 20.07 04a59886o0202o
59886.168250  18.268  0.083   179   15 o  0   1.32  30.52000 -28.59138  5251.96  1553.95 2.16 2.06   7.1 -0.429 19.09 20.07 04a59886o0211o
59886.200289  18.287  0.088   176   15 o  0   1.84  30.52000 -28.59138  5197.81  1445.83 2.10 2.07  -2.8 -0.444 19.04 19.96 04a59886o0275o
59886.208454  18.216  0.098   188   18 o  0   1.11  30.52000 -28.59138  5176.25  1555.32 2.00 1.95  66.1 -0.447 19.04 19.77 04a59886o0290o
59887.847555  18.245  0.132   183   24 o  0   1.47  30.52000 -28.59138  7157.06  7073.62 2.65 2.27 -49.4 -0.396 18.44 18.86 03a59888o0226o
59889.153435  18.374  0.198   162   32 o  0   0.78  30.52000 -28.59138  6367.32  7332.23 2.20 1.92 -58.3 -0.408 18.58 18.88 04a59889o0334o
59889.156587  18.705  0.209   120   25 o  0   1.24  30.52000 -28.59138  6386.77  7367.77 2.16 1.92 -65.5 -0.428 18.54 18.88 04a59889o0341o
59889.165395  18.171  0.210   196   41 o  0   1.02  30.52000 -28.59138  6331.24  7281.12 2.22 2.04 -62.6 -0.399 18.10 18.17 04a59889o0358o
59889.174700  18.161  0.138   197   27 o  0   0.95  30.52000 -28.59138  6313.01  7387.32 2.17 1.93 -69.1 -0.413 18.55 18.89 04a59889o0375o
59890.187169  17.691  0.270   305   82 o  0   1.31  30.52000 -28.59138  6369.55  7296.04 2.30 1.95 -69.0 -0.390 17.12 17.25 04a59890o0099o
59890.189871  18.314  0.202   172   35 o  0   0.83  30.52000 -28.59138  6389.24  7331.99 2.32 1.98 -66.7 -0.398 18.27 18.55 04a59890o0105o
59890.225420  17.789  0.276   278   77 o  0   1.43  30.52000 -28.59138  6329.02  7230.65 2.23 1.88 -67.3 -0.415 17.42 17.07 04a59890o0178o
59890.904134  18.582  0.202   134   27 o  0   1.29  30.52000 -28.59138  3313.09  3453.55 2.34 2.13 -57.1 -0.422 18.50 18.74 03a59891o0348o
59890.906837  18.770  0.232   113   26 o  0   1.47  30.52000 -28.59138  3329.80  3492.76 2.47 2.23 -58.4 -0.427 18.48 18.76 03a59891o0354o
59890.943506  18.472  0.182   148   27 o  0   1.09  30.52000 -28.59138  3265.59  3421.23 2.37 2.12 -57.2 -0.394 18.50 18.77 03a59891o0428o
59890.971886  18.213  0.156   188   29 o  0   1.08  30.52000 -28.59138  3237.85  3540.66 2.46 2.11 -49.4 -0.400 18.42 18.72 03a59891o0487o
59891.939465  19.101  1.544    83  128 o  0   1.68  30.52000 -28.59138  3265.09  3420.27 2.50 2.21 -64.0 -0.394 16.62 16.29 03a59892o0422o
59891.949622 -17.908  0.514  -249  128 o  0   1.94  30.52000 -28.59138  3237.55  3536.30 2.46 2.17 -59.4 -0.408 16.45 16.19 03a59892o0444o
59893.166107  18.467  0.132   149   20 o  0   1.54  30.52000 -28.59138  6371.09  7309.22 2.64 2.41 -68.3 -0.406 18.71 19.53 04a59893o0074o
59893.193176  18.409  0.124   157   20 o  0   1.12  30.52000 -28.59138  6391.72  7324.15 2.37 2.06 -71.1 -0.405 18.84 19.51 04a59893o0125o
59893.196476  18.517  0.149   142   21 o  0   1.26  30.52000 -28.59138  6334.27  7243.41 2.51 2.25 -62.8 -0.398 18.71 19.46 04a59893o0132o
59893.201532  18.362  0.131   164   22 o  0   1.27  30.52000 -28.59138  6314.21  7355.69 2.45 2.17 -71.7 -0.394 18.77 19.46 04a59893o0143o
59894.174380  18.580  0.287   134   38 o  0   0.91  30.52000 -28.59138  6374.71  7299.06 2.61 2.33 -67.9 -0.372 18.14 18.68 04a59894o0387o
59894.177083  18.576  0.251   135   34 o  0   1.06  30.52000 -28.59138  6394.19  7335.88 2.62 2.33 -67.7 -0.376 18.14 18.72 04a59894o0393o
59894.186062  18.542  0.267   139   37 o  0   0.96  30.52000 -28.59138  6336.59  7251.75 2.51 2.23 -67.8 -0.388 18.10 18.58 04a59894o0408o
59894.196638  17.835  0.426   267  114 o  0   1.06  30.52000 -28.59138  6315.49  7359.71 2.66 2.39 -72.0 -0.376 16.89 17.11 04a59894o0431o
59894.915012  18.290  0.075   175   13 o  0   1.18  30.52000 -28.59138  3305.75  3458.62 2.46 2.07 -54.4 -0.399 19.20 20.17 03a59895o0369o
59894.918553  18.370  0.103   163   17 o  0   0.77  30.52000 -28.59138  3322.43  3497.90 2.30 1.95 -62.3 -0.413 19.19 20.11 03a59895o0376o
59894.923525  18.378  0.092   162   15 o  0   1.40  30.52000 -28.59138  3263.83  3419.68 2.20 1.93 -56.1 -0.426 19.24 20.12 03a59895o0387o
59894.935874  18.547  0.110   138   15 o  0   1.18  30.52000 -28.59138  3237.45  3536.87 2.32 2.04 -58.4 -0.412 19.16 20.05 03a59895o0412o
59895.835631  18.319  0.135   171   23 o  0   1.20  30.52000 -28.59138  6233.35  5088.61 2.55 2.23 -53.8 -0.422 18.77 20.16 03a59896o0166o
59895.836983  18.527  0.164   141   23 o  0   1.04  30.52000 -28.59138  6215.17  5050.80 2.54 2.22 -54.0 -0.420 18.85 20.23 03a59896o0169o
59895.839789  18.357  0.097   165   16 o  0   0.67  30.52000 -28.59138  6271.77  5128.76 2.54 2.24 -53.5 -0.420 19.23 20.68 03a59896o0175o
59895.844789  18.373  0.073   162   12 o  0   1.40  30.52000 -28.59138  6294.77  5013.43 2.67 2.27 -53.0 -0.418 19.36 20.87 03a59896o0186o
59897.163551  18.452  0.079   151   12 o  0   1.38  30.52000 -28.59138  9529.40  3766.20 2.88 2.24 -23.0 -0.385 19.40 20.91 04a59897o0356o
59897.167023  18.200  0.081   190   15 o  0   0.99  30.52000 -28.59138  9547.99  3801.97 2.80 2.10 -19.6 -0.408 19.49 20.91 04a59897o0363o
59897.173313  18.416  0.085   156   13 o  0   1.03  30.52000 -28.59138  9488.52  3718.21 2.78 2.06 -21.7 -0.404 19.42 20.82 04a59897o0376o
59897.183290  18.318  0.083   171   14 o  0   1.27  30.52000 -28.59138  9466.43  3826.27 2.75 2.09 -19.5 -0.403 19.34 20.63 04a59897o0398o
59898.147636  18.142  0.074   201   15 o  0   1.45  30.52000 -28.59138  9524.07  3776.70 2.69 2.01 -21.3 -0.411 19.50 20.76 04a59898o0315o
59898.150793  18.067  0.074   215   16 o  0   1.32  30.52000 -28.59138  9543.39  3812.47 2.39 1.86 -23.5 -0.465 19.52 20.79 04a59898o0322o
59898.180732  18.468  0.105   149   16 o  0   1.23  30.52000 -28.59138  9483.34  3711.28 2.27 1.79 -27.4 -0.480 19.56 20.79 04a59898o0381o
59898.188300  18.175  0.099   195   19 o  0   0.72  30.52000 -28.59138  9462.58  3819.85 1.86 1.70 -72.7 -0.515 19.32 20.41 04a59898o0397o
59898.884018  19.081  0.094    85    8 c  0   1.23  30.52000 -28.59138  4198.52  5402.21 2.72 2.45 -57.3 -0.379 19.73 21.86 03a59899o0277c
59898.907507  19.440  0.151    61    9 c  0   0.65  30.52000 -28.59138  4211.70  5447.17 2.71 2.38 -48.9 -0.378 19.74 21.86 03a59899o0325c
59898.935342  19.166  0.100    78    8 c  0   1.63  30.52000 -28.59138  4150.64  5372.32 2.62 2.35 -43.0 -0.377 19.77 21.83 03a59899o0385c
59898.937646  18.923  0.091    98    9 c  0   1.26  30.52000 -28.59138  4125.87  5486.06 2.57 2.36 -49.9 -0.375 19.76 21.85 03a59899o0390c
59899.910478  19.241  0.121    73    9 c  0   1.11  30.52000 -28.59138  4191.75  5407.60 2.74 2.45 -58.1 -0.371 19.71 21.76 03a59900o0341c
59899.913191  19.097  0.087    83    7 c  0   1.61  30.52000 -28.59138  4208.87  5446.53 2.71 2.43 -49.6 -0.371 19.69 21.76 03a59900o0347c
59899.918295  19.472  0.138    59    8 c  0   1.26  30.52000 -28.59138  4151.68  5367.85 2.52 2.29 -44.1 -0.387 19.76 21.75 03a59900o0358c
59899.929212  19.076  0.109    85    9 c  0   1.16  30.52000 -28.59138  4125.18  5483.62 2.77 2.43 -50.4 -0.369 19.68 21.74 03a59900o0382c
59901.148237  18.278  0.080   177   14 o  0   1.32  30.52000 -28.59138  9525.90  3767.82 2.73 1.96 -20.7 -0.409 19.49 20.89 04a59901o0309o
59901.151962  18.264  0.079   180   14 o  0   1.49  30.52000 -28.59138  9546.97  3803.31 2.72 1.93 -21.0 -0.420 19.51 20.90 04a59901o0316o
59901.157368  18.298  0.095   174   16 o  0   1.18  30.52000 -28.59138  9488.18  3719.86 2.70 1.93 -20.0 -0.415 19.51 20.89 04a59901o0328o
59901.168423  18.317  0.110   171   19 o  0   0.79  30.52000 -28.59138  9465.20  3827.79 2.60 1.97 -19.1 -0.444 19.50 20.88 04a59901o0352o
59902.166829  18.447  0.079   152   12 o  0   2.44  30.52000 -28.59138  9531.34  3752.08 2.02 1.80 -50.5 -0.504 19.53 20.82 04a59902o0253o
59902.169705  18.344  0.081   167   14 o  0   2.08  30.52000 -28.59138  9549.83  3788.90 2.59 1.94 -24.2 -0.442 19.52 20.83 04a59902o0259o
59902.175231  18.141  0.089   201   18 o  0   0.79  30.52000 -28.59138  9492.16  3707.54 2.46 1.92 -24.1 -0.461 19.48 20.80 04a59902o0271o
59902.189482  18.298  0.086   174   15 o  0   1.13  30.52000 -28.59138  9468.54  3813.97 2.50 1.87 -25.6 -0.450 19.46 20.79 04a59902o0302o
59902.903920  19.095  0.111    84    9 c  0   1.06  30.52000 -28.59138  4191.03  5408.89 2.66 2.50 -50.9 -0.377 19.75 21.92 03a59903o0328c
59902.907985  18.943  0.085    96    8 c  0   1.51  30.52000 -28.59138  4208.02  5447.63 2.84 2.57 -55.0 -0.369 19.73 21.92 03a59903o0337c
59902.913849  19.285  0.125    70    9 c  0   0.72  30.52000 -28.59138  4150.31  5369.64 2.62 2.36 -49.7 -0.376 19.76 21.93 03a59903o0350c
59902.925602  19.530  0.159    56    9 c  0   1.07  30.52000 -28.59138  4124.41  5484.84 2.75 2.40 -54.8 -0.375 19.77 21.94 03a59903o0375c
59903.877930  19.579  0.145    54    8 c  0   1.02  30.52000 -28.59138  2263.19  5470.78 2.38 2.18 -57.8 -0.403 19.87 21.82 03a59904o0267c
59903.911526  19.324  0.116    68    8 c  0   1.25  30.52000 -28.59138  2269.53  5513.99 2.46 2.20 -49.6 -0.396 19.79 21.76 03a59904o0337c
59903.914725  19.246  0.115    73    8 c  0   0.93  30.52000 -28.59138  2212.44  5435.69 2.48 2.21 -59.7 -0.399 19.80 21.73 03a59904o0344c
59903.920211  19.336  0.134    67    9 c  0   1.19  30.52000 -28.59138  2188.09  5551.07 2.43 2.21 -54.6 -0.401 19.79 21.73 03a59904o0356c
59905.152948  18.395  0.136   159   22 o  0   1.34  30.52000 -28.59138 10515.10  7659.02 2.57 2.40  -0.8 -0.416 19.50 20.98 04a59905o0324o
59905.162241  18.516  0.098   142   14 o  0   1.55  30.52000 -28.59138 10476.35  7612.64 2.41 2.31  80.3 -0.422 19.57 21.01 04a59905o0344o
59905.164042  18.642  0.090   127   11 o  0   1.22  30.52000 -28.59138   607.50  7628.88 2.72 2.03 -87.0 -0.376 19.54 21.02 04a59905o0348o
59905.166817  18.537  0.083   140   12 o  0   1.08  30.52000 -28.59138   625.75  7665.28 2.74 2.04  88.7 -0.376 19.50 21.03 04a59905o0354o
59905.172227  18.515  0.078   143   11 o  0   1.13  30.52000 -28.59138   567.15  7583.99 2.58 2.07 -89.8 -0.384 19.52 20.99 04a59905o0366o
59905.173128  18.365  0.118   164   19 o  0   1.14  30.52000 -28.59138 10454.29  7721.12 2.66 2.26  -6.6 -0.455 19.49 20.98 04a59905o0368o
59905.186134  18.743  0.100   116   12 o  0   1.08  30.52000 -28.59138   546.80  7692.12 2.68 2.04  89.9 -0.376 19.52 20.98 04a59905o0396o
59906.106459  18.336  0.132   168   22 o  0   1.10  30.52000 -28.59138 10506.63  7696.16 2.96 2.61 -12.3 -0.393 19.32 20.74 04a59906o0219o
59906.110492  18.021  0.141   225   32 o  0   1.33  30.52000 -28.59138 10527.94  7732.24 2.91 2.62 -16.7 -0.413 19.35 20.77 04a59906o0225o
59906.116882  18.580  0.146   134   20 o  0   0.84  30.52000 -28.59138 10470.73  7645.70 2.84 2.56 -11.9 -0.406 19.37 20.78 04a59906o0239o
59906.118686  18.629  0.097   128   12 o  0   1.16  30.52000 -28.59138   596.65  7671.48 2.70 2.09  81.0 -0.387 19.44 20.78 04a59906o0243o
59906.149460  17.991  0.094   231   22 o  0   1.44  30.52000 -28.59138 10454.21  7736.78 2.71 2.43 -10.1 -0.435 19.44 20.72 04a59906o0308o
59906.151958  18.665  0.105   124   13 o  0   1.08  30.52000 -28.59138   622.75  7676.71 2.61 2.06 -85.1 -0.381 19.38 20.73 04a59906o0312o
59906.155112  18.807  0.133   109   14 o  0   0.94  30.52000 -28.59138   564.10  7596.90 2.54 2.06 -82.7 -0.379 19.41 20.74 04a59906o0319o
59906.160516  18.691  0.120   121   14 o  0   0.96  30.52000 -28.59138   543.20  7709.14 2.58 2.04 -86.5 -0.386 19.43 20.72 04a59906o0331o
59906.858713  19.404  0.134    63    8 c  0   1.00  30.52000 -28.59138  2270.76  5469.28 2.66 2.36 -33.7 -0.396 19.83 21.99 03a59907o0208c
59906.862059  19.060  0.090    86    8 c  0   1.54  30.52000 -28.59138  2287.71  5509.64 2.61 2.30 -37.2 -0.399 19.84 22.00 03a59907o0214c
59906.893181  19.452  0.123    60    7 c  0   1.43  30.52000 -28.59138  2223.22  5437.16 2.66 2.40 -53.5 -0.394 19.79 22.02 03a59907o0279c
59906.899054  19.286  0.120    70    8 c  0   1.09  30.52000 -28.59138  2196.59  5552.81 2.76 2.48 -52.8 -0.400 19.75 21.99 03a59907o0292c
59907.896897  19.352  0.127    66    8 c  0   1.24  30.52000 -28.59138  2257.93  5475.77 2.62 2.39 -50.6 -0.395 19.81 21.99 03a59908o0306c
59907.906832  19.552  0.123    55    7 c  0   1.70  30.52000 -28.59138  2216.27  5437.75 2.62 2.31 -51.7 -0.395 19.81 21.98 03a59908o0328c
59907.919368  19.197  0.108    76    8 c  0   1.94  30.52000 -28.59138  2190.01  5553.23 2.64 2.38 -48.2 -0.399 19.63 21.80 03a59908o0355c
59909.098477  18.268  0.117   179   21 o  0   1.26  30.52000 -28.59138 10507.03  7693.36 2.59 2.46 -41.7 -0.464 19.43 20.94 04a59909o0198o
59909.102532  18.210  0.151   189   28 o  0   1.23  30.52000 -28.59138 10527.70  7729.37 2.89 2.56  -8.9 -0.399 19.42 20.92 04a59909o0207o
59909.108089  18.500  0.122   144   18 o  0   0.94  30.52000 -28.59138 10469.75  7646.19 2.80 2.47 -18.9 -0.419 19.38 20.87 04a59909o0219o
59909.110480  18.569  0.099   136   14 o  0   1.28  30.52000 -28.59138   597.05  7669.83 2.78 2.22  83.8 -0.364 19.39 20.84 04a59909o0224o
59909.115650  18.591  0.096   133   13 o  0   1.28  30.52000 -28.59138   616.63  7703.88 2.74 2.26  84.2 -0.366 19.43 20.91 04a59909o0233o
59909.138633  18.356  0.097   165   16 o  0   1.26  30.52000 -28.59138 10456.74  7737.42 2.81 2.44  -7.4 -0.415 19.48 20.92 04a59909o0280o
59909.147091  18.631  0.099   128   13 o  0   0.95  30.52000 -28.59138   566.24  7602.12 2.41 1.91 -71.1 -0.405 19.46 20.87 04a59909o0296o
59909.166559  18.600  0.078   132   10 o  0   2.09  30.52000 -28.59138   545.90  7703.72 2.52 1.98 -86.8 -0.361 19.45 20.87 04a59909o0336o
59910.132724  18.525  0.166   141   24 o  0   0.99  30.52000 -28.59138 10515.88  7661.98 2.75 2.46 -15.4 -0.421 19.48 20.93 04a59910o0274o
59910.141557  18.318  0.110   171   19 o  0   1.02  30.52000 -28.59138 10475.44  7615.98 2.88 2.48 -15.3 -0.414 19.45 20.92 04a59910o0292o
59910.145657  18.767  0.131   113   15 o  0   0.78  30.52000 -28.59138   606.08  7631.97 2.74 2.10 -87.0 -0.379 19.46 20.90 04a59910o0301o
59910.148880  18.704  0.104   120   12 o  0   0.99  30.52000 -28.59138   624.29  7667.78 2.74 2.11  88.6 -0.373 19.42 20.90 04a59910o0308o
59910.151583  18.330  0.090   169   15 o  0   1.55  30.52000 -28.59138 10453.38  7725.67 2.82 2.38  -7.7 -0.431 19.43 20.90 04a59910o0314o
59910.154741  18.863  0.126   104   13 o  0   0.96  30.52000 -28.59138   567.28  7585.31 2.67 2.13 -88.8 -0.371 19.44 20.91 04a59910o0321o
59910.164571  18.802  0.111   110   12 o  0   1.06  30.52000 -28.59138   544.75  7697.19 2.60 2.03  84.2 -0.371 19.45 20.89 04a59910o0342o
59910.881238  19.554  0.139    55    8 c  0   1.08  30.52000 -28.59138  2258.01  5478.11 2.38 2.19 -54.7 -0.403 19.86 21.88 03a59911o0255c
59910.884404  19.744  0.178    46    8 c  0   1.07  30.52000 -28.59138  2274.37  5517.06 2.55 2.33 -53.2 -0.391 19.81 21.91 03a59911o0262c
59910.889856  19.344  0.112    66    8 c  0   1.37  30.52000 -28.59138  2216.65  5439.72 2.48 2.26 -56.5 -0.396 19.88 21.95 03a59911o0274c
59910.899784  19.367  0.134    65    9 c  0   1.26  30.52000 -28.59138  2190.73  5556.48 2.65 2.46 -55.0 -0.397 19.79 21.98 03a59911o0296c
59911.846659  18.681  0.371   122   45 o  0   1.18  30.52000 -28.59138  5188.96  1469.96 2.16 1.97 -51.2 -0.427 18.41 19.65 03a59912o0206o
59911.855281  18.517  0.292   142   42 o  0   1.03  30.52000 -28.59138  5204.95  1510.44 2.19 1.97 -56.8 -0.415 17.89 18.74 03a59912o0225o
59911.858056 -18.593  0.649  -133   86 o  0   1.39  30.52000 -28.59138  5147.34  1431.75 2.24 2.04 -51.8 -0.414 17.77 18.77 03a59912o0231o
59911.891202  18.685  0.108   122   13 o  0   1.55  30.52000 -28.59138  5115.02  1552.80 2.20 1.97 -52.2 -0.427 19.08 20.31 03a59912o0302o
59913.135159  19.035  0.184    88   16 o  0   1.46  30.52000 -28.59138  1076.85 10065.41 3.44 2.44 -78.8 -0.359 19.19 20.48 04a59913o0275o
59913.138763  18.990  0.200    92   18 o  0   0.91  30.52000 -28.59138  1095.84 10101.68 3.57 2.48 -76.8 -0.362 19.13 20.49 04a59913o0283o
59913.145583  18.876  0.182   102   19 o  0   0.79  30.52000 -28.59138  1036.93 10019.09 3.43 2.50 -81.3 -0.351 19.16 20.49 04a59913o0298o
59913.156227  18.703  0.126   120   15 o  0   1.51  30.52000 -28.59138  1017.62 10129.38 3.47 2.35 -82.0 -0.355 19.20 20.51 04a59913o0321o
59914.120350  19.155  0.255    79   20 o  0   0.99  30.52000 -28.59138  1073.86 10077.57 3.34 2.46 -78.9 -0.350 19.02 20.11 04a59914o0232o
59914.147110  18.933  0.204    97   20 o  0   1.12  30.52000 -28.59138  1092.16 10092.91 3.28 2.39 -80.9 -0.352 19.07 20.20 04a59914o0281o
59914.149873  18.804  0.186   109   20 o  0   0.83  30.52000 -28.59138  1034.41 10012.53 3.38 2.27 -78.6 -0.368 19.10 20.20 04a59914o0287o
59914.157780  19.108  0.261    82   22 o  0   0.98  30.52000 -28.59138  1013.00 10124.96 3.34 2.26 -82.7 -0.351 19.11 20.20 04a59914o0303o
59914.779055  19.627  0.416    51   21 o  0   1.06  30.52000 -28.59138  5231.04  9021.88 2.82 2.36 -43.6 -0.349 18.80 19.42 03a59915o0042o
59914.781307  19.063  0.230    86   20 o  0   1.46  30.52000 -28.59138  5211.92  8982.89 2.85 2.36 -42.0 -0.349 18.82 19.50 03a59915o0047o
59914.786405  19.018  0.228    90   20 o  0   1.07  30.52000 -28.59138  5266.95  9062.05 2.83 2.40 -37.9 -0.348 18.85 19.58 03a59915o0058o
59914.791812  18.857  0.185   104   19 o  0   1.11  30.52000 -28.59138  5288.45  8945.42 2.74 2.32 -45.2 -0.373 18.89 19.63 03a59915o0070o
59915.872732  18.806  0.198   109   22 o  0   1.31  30.52000 -28.59138  5187.03  1476.04 2.49 2.18 -50.9 -0.448 18.77 19.49 03a59916o0243o
59915.875968  19.083  0.224    84   19 o  0   1.09  30.52000 -28.59138  5204.30  1516.45 2.44 2.14 -50.7 -0.429 18.90 19.72 03a59916o0250o
59915.881389  18.658  0.148   125   18 o  0   0.97  30.52000 -28.59138  5145.38  1436.47 2.38 2.13 -50.4 -0.427 18.91 19.71 03a59916o0262o
59915.892704  19.192  0.301    76   23 o  0   1.07  30.52000 -28.59138  5121.04  1554.28 2.52 2.23 -48.4 -0.420 18.80 19.52 03a59916o0286o
59917.087053  20.022  0.826    36   29 o  0   1.06  30.52000 -28.59138  1064.98 10104.15 3.47 2.49 -81.2 -0.333 18.59 19.27 04a59917o0164o
59917.099859  18.590  0.214   133   28 o  0   0.99  30.52000 -28.59138  1085.53 10126.76 3.44 2.24 -79.0 -0.352 18.58 19.09 04a59917o0191o
59917.103019  19.204  0.408    76   31 o  0   1.19  30.52000 -28.59138  1028.07 10047.42 3.32 2.43 -78.7 -0.339 18.54 19.10 04a59917o0198o
59917.108317  18.627  0.238   129   31 o  0   1.29  30.52000 -28.59138  1009.32 10160.87 3.40 2.50 -80.0 -0.342 18.51 19.06 04a59917o0209o
59918.138234  18.988  0.316    92   29 o  0   1.24  30.52000 -28.59138  1069.96 10049.95 3.25 2.07 -77.9 -0.358 18.59 18.94 04a59918o0276o
59918.141473  19.231  0.445    74   33 o  0   0.92  30.52000 -28.59138  1089.51 10087.45 3.24 2.12 -78.7 -0.348 18.61 19.05 04a59918o0283o
59918.146926  18.731  0.293   117   34 o  0   0.77  30.52000 -28.59138  1030.86 10005.85 3.15 2.11 -77.1 -0.363 18.55 18.87 04a59918o0295o
59918.168871  19.051  0.372    87   32 o  0   1.29  30.52000 -28.59138  1006.86 10111.33 3.23 2.12 -79.6 -0.348 18.50 18.84 04a59918o0342o
59918.873378  15.454  0.940  2391 2246 o  0   1.12  30.52000 -28.59138  5181.65  1481.80 2.80 2.63 -53.5 -0.387 13.73 13.24 03a59919o0233o
59918.876620  15.503  0.793  2284 1812 o  0   1.09  30.52000 -28.59138  5198.62  1520.48 2.63 2.47 -51.4 -0.417 14.12 13.63 03a59919o0240o
59918.882992  14.069  0.670  8560 5736 o  0   1.09  30.52000 -28.59138  5140.77  1441.89 2.60 2.33 -56.3 -0.422 12.70 12.09 03a59919o0254o
59918.892814 -18.426  5.747  -155  890 o  0   0.84  30.52000 -28.59138  5114.71  1556.74 2.60 2.38 -50.0 -0.413 14.76 14.52 03a59919o0275o
59919.835942  18.878  0.221   102   22 o  0   1.22  30.52000 -28.59138  6180.84  7299.49 2.53 2.17 -48.6 -0.401 18.73 19.20 03a59920o0157o
59919.839189  19.052  0.230    87   20 o  0   1.47  30.52000 -28.59138  6197.04  7338.93 2.55 2.18 -49.7 -0.389 18.70 19.20 03a59920o0164o
59919.844632  19.073  0.307    85   26 o  0   1.11  30.52000 -28.59138  6139.98  7260.63 2.52 2.15 -51.6 -0.387 18.73 19.19 03a59920o0176o
59919.856019  18.968  0.266    94   25 o  0   0.77  30.52000 -28.59138  6113.65  7377.53 2.40 2.10 -52.6 -0.403 18.72 19.16 03a59920o0199o
59921.114024  19.499  0.446    58   26 o  0   0.83  30.52000 -28.59138  7300.19  3333.70 2.31 2.02 -28.8 -0.413 18.57 19.10 04a59921o0220o
59921.117204  19.713  0.522    47   25 o  0   1.33  30.52000 -28.59138  7319.27  3370.48 2.44 2.04 -32.9 -0.388 18.48 19.08 04a59921o0227o
59921.122616  19.540  0.390    56   22 o  0   1.20  30.52000 -28.59138  7259.97  3288.85 2.35 1.91 -29.4 -0.408 18.50 19.02 04a59921o0239o
59921.133950  19.210  0.319    75   24 o  0   1.07  30.52000 -28.59138  7238.96  3395.90 2.30 1.87 -26.8 -0.413 18.52 19.00 04a59921o0264o
59922.082739 -22.667 11.167    -3   35 o  0   1.51  30.52000 -28.59138  7292.66  3356.66 2.57 2.12 -18.3 -0.389 18.13 18.63 04a59922o0146o
59922.085973  19.553  0.724    55   40 o  0   1.25  30.52000 -28.59138  7313.33  3393.43 2.66 2.17 -20.4 -0.399 17.92 18.38 04a59922o0153o
59922.091856  19.513  0.397    57   23 o  0   1.21  30.52000 -28.59138  7252.88  3312.51 2.67 2.16 -20.1 -0.396 18.56 19.32 04a59922o0166o
59922.103259  19.129  0.234    81   19 o  0   1.11  30.52000 -28.59138  7234.10  3418.35 2.50 2.08 -20.1 -0.395 18.74 19.53 04a59922o0190o
59922.835310  19.491  0.244    58   14 o  0   1.61  30.52000 -28.59138  6172.90  7302.39 2.56 2.18 -46.6 -0.388 19.04 19.91 03a59923o0153o
59922.838462  19.062  0.201    86   17 o  0   1.01  30.52000 -28.59138  6190.20  7341.96 2.69 2.25 -47.6 -0.377 19.01 19.87 03a59923o0160o
59922.847899  19.800  0.371    44   16 o  0   1.17  30.52000 -28.59138  6131.82  7264.10 2.62 2.23 -50.4 -0.385 18.99 19.82 03a59923o0180o
59922.859891  19.269  0.230    71   16 o  0   1.42  30.52000 -28.59138  6105.53  7378.94 2.72 2.24 -47.9 -0.376 18.91 19.76 03a59923o0206o
59925.077754  19.825  0.266    43   11 o  0   1.28  30.52000 -28.59138  7292.88  3355.50 2.67 2.25 -22.2 -0.410 19.30 21.08 04a59925o0133o
59925.080907  20.276  0.470    28   13 o  0   0.95  30.52000 -28.59138  7313.41  3389.89 2.90 2.39 -26.2 -0.382 19.25 21.07 04a59925o0140o
59925.088426  19.610  0.226    52   12 o  0   1.14  30.52000 -28.59138  7253.64  3308.14 2.65 2.24 -25.0 -0.413 19.30 21.06 04a59925o0155o
59925.098945  19.363  0.194    65   13 o  0   1.11  30.52000 -28.59138  7233.38  3415.01 2.56 2.09 -18.8 -0.410 19.33 20.96 04a59925o0178o
59926.113063  19.445  0.172    61   10 o  0   1.52  30.52000 -28.59138  7299.21  3326.01 2.40 2.01 -25.5 -0.404 19.40 20.90 04a59926o0210o
59926.116282  19.609  0.209    52   11 o  0   1.03  30.52000 -28.59138  7317.97  3362.78 2.33 1.99 -28.9 -0.414 19.45 20.90 04a59926o0217o
59926.121723  19.538  0.194    56   11 o  0   1.20  30.52000 -28.59138  7257.63  3281.19 2.29 1.90 -26.9 -0.439 19.37 20.90 04a59926o0229o
59926.133583  19.587  0.244    53   13 o  0   0.95  30.52000 -28.59138  7233.98  3390.23 2.34 1.96 -25.6 -0.407 19.39 20.86 04a59926o0255o
59926.898411  20.126  0.350    32   11 o  0   1.04  30.52000 -28.59138  6168.51  7305.74 2.56 2.11 -45.4 -0.409 19.48 20.90 03a59927o0227o
59926.901591  19.543  0.212    55   12 o  0   0.95  30.52000 -28.59138  6187.20  7345.10 2.65 2.12 -43.9 -0.397 19.45 20.85 03a59927o0234o
59926.907941  19.929  0.286    39   11 o  0   1.04  30.52000 -28.59138  6133.30  7266.12 2.47 2.06 -43.3 -0.411 19.43 20.70 03a59927o0248o
59926.919891  19.451  0.213    60   13 o  0   1.04  30.52000 -28.59138  6108.89  7377.94 2.54 2.04 -43.9 -0.400 19.31 20.49 03a59927o0274o
59927.824826  19.912  0.333    39   13 o  0   0.92  30.52000 -28.59138  9408.21  3858.29 2.48 2.08 -57.4 -0.440 19.37 20.77 03a59928o0123o
59927.828018  19.874  0.215    41    9 o  0   1.95  30.52000 -28.59138  9426.04  3897.32 2.47 2.06 -60.7 -0.389 19.48 20.84 03a59928o0130o
59927.833888  19.468  0.166    59   10 o  0   1.22  30.52000 -28.59138  9366.72  3817.32 2.51 2.01 -63.6 -0.388 19.48 20.86 03a59928o0143o
59927.843665  20.985  0.575    15    8 o  0   1.89  30.52000 -28.59138  9340.11  3932.86 2.37 2.01 -61.8 -0.405 19.55 20.90 03a59928o0164o
59929.096176  20.569  0.470    22   10 c  0   0.69  30.52000 -28.59138  7209.57  1388.86 2.80 2.31 -26.2 -0.379 19.64 21.85 04a59929o0171c
59929.099826  20.699  0.485    19    9 c  0   0.88  30.52000 -28.59138  7228.46  1424.91 2.62 2.18 -27.3 -0.385 19.70 21.87 04a59929o0179c
59929.105313  22.742  2.300     3    7 c  0   1.94  30.52000 -28.59138  7169.78  1342.68 2.62 2.19 -25.9 -0.390 19.69 21.86 04a59929o0191c
59929.115453 -21.158  0.593   -12    7 c  0   1.68  30.52000 -28.59138  7147.96  1451.95 2.60 2.20 -25.3 -0.390 19.67 21.85 04a59929o0213c
59930.098925  20.389  0.321    25    8 c  0   1.46  30.52000 -28.59138  7209.34  1383.37 2.71 2.36 -24.2 -0.376 19.57 21.67 04a59930o0051c
59930.102089  20.566  0.437    22    9 c  0   1.26  30.52000 -28.59138  7229.31  1420.35 2.81 2.35 -23.0 -0.387 19.57 21.66 04a59930o0058c
59930.108226  21.890  1.421     6    9 c  0   1.22  30.52000 -28.59138  7170.42  1337.53 2.77 2.37 -28.8 -0.372 19.56 21.67 04a59930o0071c
59930.118613  23.417  5.600     2    9 c  0   1.08  30.52000 -28.59138  7148.16  1447.97 2.59 2.27 -24.3 -0.397 19.56 21.67 04a59930o0093c
59931.917150  20.076  0.278    34    9 o  0   1.23  30.52000 -28.59138  9399.37  3854.01 2.37 2.03 -63.3 -0.408 19.59 21.17 03a59932o0093o
59931.920868  20.194  0.306    30    9 o  0   1.31  30.52000 -28.59138  9419.74  3893.48 2.33 1.99 -61.5 -0.408 19.62 21.19 03a59932o0101o
59931.940181  20.219  0.243    30    7 o  0   2.23  30.52000 -28.59138  9364.04  3805.95 2.40 1.93 -63.1 -0.399 19.53 21.05 03a59932o0142o
59931.946632  20.368  0.373    26   10 o  0   1.44  30.52000 -28.59138  9344.12  3920.21 2.17 1.89 -55.3 -0.424 19.59 21.08 03a59932o0156o
59934.085234 -23.402  4.182    -2    7 c  0   2.08  30.52000 -28.59138  7209.44  1387.47 2.61 2.16 -27.5 -0.387 19.70 21.85 04a59934o0143c
59934.088888  20.804  0.550    17   10 c  0   0.95  30.52000 -28.59138  7228.86  1424.74 2.74 2.26 -25.9 -0.374 19.66 21.82 04a59934o0151c
59934.096143  20.536  0.416    22    9 c  0   1.10  30.52000 -28.59138  7168.88  1341.20 2.63 2.13 -26.6 -0.390 19.67 21.80 04a59934o0167c
59934.106193  20.834  0.500    17    8 c  0   1.53  30.52000 -28.59138  7146.90  1451.12 2.61 2.12 -24.9 -0.392 19.66 21.76 04a59934o0189c
59934.863373  22.077  2.000     5   11 o  0   1.18  30.52000 -28.59138  5198.65  9727.72 2.75 2.40 -40.5 -0.389 19.50 21.10 03a59935o0202o
59934.866554  19.715  0.235    47   11 o  0   1.20  30.52000 -28.59138  5216.95  9758.33 2.87 2.45 -44.7 -0.377 19.50 21.08 03a59935o0209o
59934.872054  19.995  0.314    36   12 o  0   0.98  30.52000 -28.59138  5165.52  9664.53 2.93 2.58 -44.4 -0.379 19.49 21.15 03a59935o0221o
59934.882660  20.579  0.564    21   12 o  0   0.91  30.52000 -28.59138  5152.14  9753.97 2.90 2.51 -40.9 -0.374 19.49 21.15 03a59935o0244o
59935.823398  20.841  0.584    17   10 o  0   1.20  30.52000 -28.59138  3771.63  3517.05 2.34 1.99 -68.3 -0.408 19.52 21.08 03a59936o0112o
59935.826158  20.139  0.297    32   10 o  0   1.56  30.52000 -28.59138  3788.99  3548.19 2.36 2.00 -67.2 -0.401 19.52 21.07 03a59936o0118o
59935.833930  19.788  0.240    44   11 o  0   0.81  30.52000 -28.59138  3732.46  3448.81 2.27 1.96 -67.2 -0.412 19.64 21.11 03a59936o0135o
59935.844932  19.781  0.213    44   10 o  0   1.28  30.52000 -28.59138  3712.13  3534.32 2.25 1.96 -68.5 -0.416 19.59 21.11 03a59936o0158o
59937.090655  20.825  0.541    17    9 c  0   1.25  30.52000 -28.59138  8193.95  5268.47 2.84 2.39 -24.3 -0.398 19.55 21.84 04a59937o0150c
59937.237788  21.614  1.407     8   12 c  0   0.83  30.52000 -28.59138  8141.38  5300.58 2.42 2.05 -29.1 -0.392 19.30 21.02 04a59937o0157c
59938.058124  20.710  0.505    19   10 c  0   1.07  30.52000 -28.59138  8195.35  5284.30 3.04 2.64 -26.9 -0.394 19.48 21.95 04a59938o0079c
59938.061363  21.007  0.662    14   10 c  0   1.23  30.52000 -28.59138  8214.48  5319.11 3.08 2.79 -26.8 -0.392 19.52 21.97 04a59938o0086c
59938.066874  22.093  1.571     5    8 c  0   1.07  30.52000 -28.59138  8155.99  5235.39 2.94 2.51 -23.3 -0.381 19.61 22.01 04a59938o0098c
59938.077025  22.023  1.344     6    8 c  0   1.30  30.52000 -28.59138  8133.03  5343.23 2.86 2.35 -20.5 -0.404 19.62 21.95 04a59938o0120c
59938.817974  20.257  0.419    29   12 o  0   0.88  30.52000 -28.59138  3776.21  3509.09 2.49 2.18 -65.9 -0.414 19.46 20.94 03a59939o0100o
59938.821147  20.731  0.613    18   11 o  0   0.90  30.52000 -28.59138  3793.87  3538.80 2.46 2.12 -69.5 -0.415 19.46 20.95 03a59939o0107o
59938.826686  20.313  0.435    27   12 o  0   0.97  30.52000 -28.59138  3738.84  3445.23 2.57 2.23 -67.3 -0.409 19.43 21.00 03a59939o0119o
59938.836776  20.042  0.290    35   10 o  0   1.14  30.52000 -28.59138  3717.99  3533.48 2.57 2.20 -67.4 -0.401 19.45 21.03 03a59939o0141o
59939.845565  19.705  0.263    48   12 o  0   0.76  30.52000 -28.59138  3784.36  3431.67 2.18 1.95 -65.3 -0.439 19.58 20.97 03a59940o0159o
59939.848730  20.080  0.313    34   11 o  0   1.09  30.52000 -28.59138  3800.35  3460.00 2.23 1.93 -61.1 -0.428 19.55 20.94 03a59940o0166o
59939.854141  20.164  0.350    31   11 o  0   1.26  30.52000 -28.59138  3746.88  3367.29 2.23 1.93 -65.3 -0.428 19.56 20.92 03a59940o0178o
59939.864374  19.915  0.266    39   10 o  0   1.15  30.52000 -28.59138  3731.30  3456.53 2.40 2.03 -67.9 -0.396 19.47 20.92 03a59940o0200o
59941.049340  19.731  0.364    46   17 o  0   1.11  30.52000 -28.59138  8192.51  5288.96 2.70 2.32 -31.9 -0.409 19.04 20.29 04a59941o0059o
59941.052944  20.759  0.811    18   15 o  0   1.00  30.52000 -28.59138  8212.26  5324.96 2.64 2.24 -28.5 -0.414 19.16 20.48 04a59941o0067o
59941.059116  19.543  0.246    55   14 o  0   1.05  30.52000 -28.59138  8153.91  5241.03 2.62 2.32 -32.1 -0.413 19.17 20.61 04a59941o0080o
59941.069297  19.912  0.322    39   13 o  0   1.25  30.52000 -28.59138  8132.87  5348.52 2.54 2.15 -23.4 -0.433 19.24 20.69 04a59941o0102o
59942.078357  20.559  0.731    22   16 o  0   1.19  30.52000 -28.59138  8195.60  5265.03 2.70 2.37 -37.1 -0.439 19.05 20.40 04a59942o0116o
59942.081510 -21.042  0.912   -14   13 o  0   1.29  30.52000 -28.59138  8211.62  5300.84 2.52 2.18 -25.6 -0.426 19.11 20.41 04a59942o0123o
59942.088781  21.203  1.277    12   15 o  0   1.03  30.52000 -28.59138  8154.62  5220.55 2.48 2.04 -21.7 -0.431 19.14 20.33 04a59942o0139o
59942.098838  19.627  0.362    51   18 o  0   0.71  30.52000 -28.59138  8132.58  5331.38 2.43 2.06 -26.6 -0.441 19.12 20.33 04a59942o0161o
59942.863166  19.826  0.317    43   14 o  0   1.50  30.52000 -28.59138  3799.13  3362.89 2.58 2.21 -60.2 -0.407 19.09 20.15 03a59943o0198o
59942.866840  19.911  0.373    39   15 o  0   1.44  30.52000 -28.59138  3820.31  3391.83 2.51 2.19 -60.3 -0.422 19.14 20.16 03a59943o0206o
59942.872749  19.917  0.377    39   15 o  0   1.31  30.52000 -28.59138  3770.31  3300.20 2.79 2.44 -62.9 -0.399 19.00 20.16 03a59943o0219o
59942.893689  21.353  1.482    10   16 o  0   1.29  30.52000 -28.59138  3768.83  3365.87 2.89 2.51 -61.2 -0.391 18.93 20.14 03a59943o0265o
59943.816989  20.148  0.506    32   16 o  0   0.99  30.52000 -28.59138  4207.50  5895.86 2.48 2.11 -59.1 -0.383 19.02 19.78 03a59944o0095o
59943.820205  20.002  0.541    36   20 o  0   0.78  30.52000 -28.59138  4226.41  5925.62 2.65 2.28 -61.7 -0.377 18.91 19.79 03a59944o0102o
59943.825630 -21.350  1.688   -10   18 o  0   0.92  30.52000 -28.59138  4172.75  5832.86 2.52 2.15 -60.1 -0.385 19.00 19.79 03a59944o0114o
59943.835714  19.814  0.420    43   18 o  0   0.84  30.52000 -28.59138  4154.70  5921.60 2.54 2.17 -57.3 -0.380 18.99 19.86 03a59944o0135o
59945.071257  20.706  1.337    19   25 o  0   1.15  30.52000 -28.59138  8694.36  9640.19 3.18 2.92 -83.1 -0.311 18.61 19.52 04a59945o0106o
59945.074443  19.942  0.621    38   24 o  0   1.18  30.52000 -28.59138  8712.76  9678.02 3.14 2.93 -89.9 -0.319 18.62 19.54 04a59945o0113o
59945.080757  19.472  0.381    59   22 o  0   1.23  30.52000 -28.59138  8653.17  9594.31 3.22 2.96 -77.2 -0.300 18.61 19.57 04a59945o0127o
59945.099948  20.075  0.743    34   25 o  0   1.13  30.52000 -28.59138  8631.82  9706.72 3.15 2.85 -82.7 -0.320 18.63 19.54 04a59945o0169o
59946.049546  20.027  0.772    35   27 o  0   0.91  30.52000 -28.59138  8689.18  9653.15 2.93 2.80 -63.6 -0.349 18.67 19.48 04a59946o0058o
59946.052700  19.115  0.307    82   25 o  0   1.23  30.52000 -28.59138  8708.33  9690.53 3.04 2.83 -85.7 -0.337 18.70 19.53 04a59946o0065o
59946.058137  20.703  1.467    19   28 o  0   0.84  30.52000 -28.59138  8649.99  9606.75 2.94 2.77 -84.4 -0.350 18.74 19.59 04a59946o0077o
59946.068424  19.164  0.319    78   25 o  0   1.07  30.52000 -28.59138  8631.27  9716.77 2.80 2.46 -82.4 -0.373 18.78 19.58 04a59946o0099o
59946.817183  21.302  1.644    11   18 o  0   1.20  30.52000 -28.59138  4202.16  5874.14 2.62 2.27 -59.4 -0.379 18.88 19.69 03a59947o0096o
59946.820382  20.542  0.863    22   19 o  0   1.21  30.52000 -28.59138  4221.14  5905.22 2.65 2.26 -60.0 -0.379 18.86 19.67 03a59947o0103o
59946.825473  20.343  0.762    26   20 o  0   1.05  30.52000 -28.59138  4169.36  5813.44 2.70 2.38 -49.6 -0.367 18.82 19.64 03a59947o0114o
59946.839609  20.913  1.206    16   19 o  0   1.17  30.52000 -28.59138  4151.91  5893.09 2.63 2.23 -53.2 -0.369 18.84 19.65 03a59947o0145o
59947.818414 -21.099  1.493   -13   20 o  0   1.53  30.52000 -28.59138  4208.72  5862.80 2.90 2.44 -53.0 -0.372 18.71 19.55 03a59948o0099o
59947.822489  19.344  0.343    66   23 o  0   1.21  30.52000 -28.59138  4228.94  5891.49 2.82 2.42 -52.8 -0.377 18.72 19.56 03a59948o0108o
59947.827898  19.893  0.543    40   22 o  0   1.05  30.52000 -28.59138  4175.23  5797.90 2.90 2.37 -56.5 -0.378 18.75 19.58 03a59948o0120o
59947.845003  20.148  0.761    32   24 o  0   1.30  30.52000 -28.59138  4162.85  5869.88 2.85 2.40 -47.5 -0.377 18.69 19.46 03a59948o0157o
59950.055498  19.483  0.480    58   28 o  0   0.84  30.52000 -28.59138  8688.23  9641.90 3.04 2.78 -71.9 -0.342 18.62 19.41 04a59950o0070o
59950.058200  20.484  1.262    23   29 o  0   0.90  30.52000 -28.59138  8705.98  9679.62 3.04 2.90 -78.7 -0.331 18.58 19.37 04a59950o0076o
59950.063606  20.229  0.965    29   28 o  0   1.06  30.52000 -28.59138  8647.85  9597.08 3.00 2.76 -78.3 -0.335 18.65 19.42 04a59950o0088o
59950.077089   0.000 20.344    -0   26 o  0   1.27  30.52000 -28.59138  8627.44  9707.07 3.01 2.77 -82.5 -0.333 18.50 19.20 04a59950o0116o
59950.818458  20.534  0.907    22   20 o  0   0.88  30.52000 -28.59138  4218.24  5844.83 2.51 2.16 -52.1 -0.387 18.88 19.50 03a59951o0099o
59950.821631  19.867  0.463    41   19 o  0   1.48  30.52000 -28.59138  4236.98  5874.80 2.46 2.09 -54.1 -0.391 18.86 19.51 03a59951o0106o
59950.827104  20.255  0.683    29   20 o  0   0.87  30.52000 -28.59138  4184.60  5782.36 2.45 2.07 -53.5 -0.387 18.87 19.47 03a59951o0118o
59950.839525  23.773 18.750     1   21 o  0   1.12  30.52000 -28.59138  4170.57  5866.07 2.57 2.16 -52.0 -0.384 18.77 19.42 03a59951o0145o
59951.804357  19.889  0.441    40   18 o  0   1.22  30.52000 -28.59138  3092.85  9341.79 2.86 2.44 -49.9 -0.360 18.97 19.80 03a59952o0068o
59951.810881  19.752  0.422    46   19 o  0   0.80  30.52000 -28.59138  3112.63  9362.73 2.64 2.31 -53.3 -0.378 18.99 19.79 03a59952o0082o
59951.814034  19.473  0.293    59   17 o  0   1.43  30.52000 -28.59138  3059.53  9275.58 2.72 2.36 -48.9 -0.366 18.99 19.77 03a59952o0089o
59951.839824  21.134  1.281    13   16 o  0   1.46  30.52000 -28.59138  3050.77  9324.39 2.60 2.21 -56.1 -0.373 18.92 19.58 03a59952o0144o
59953.075778  19.712  0.338    47   16 o  0   1.02  30.52000 -28.59138  1429.33  3609.78 2.43 2.05  53.8 -0.414 19.11 20.27 04a59953o0115o
59953.078479  20.465  0.585    24   14 o  0   1.24  30.52000 -28.59138  1445.88  3646.39 2.45 2.06  58.5 -0.400 19.05 20.22 04a59953o0121o
59953.084480  20.656  0.965    20   19 o  0   0.83  30.52000 -28.59138  1386.62  3568.30 2.44 2.04  52.8 -0.408 19.02 20.07 04a59953o0134o
59953.094071  20.834  1.008    17   17 o  0   0.91  30.52000 -28.59138  1362.36  3681.81 2.37 1.95  54.4 -0.403 18.98 19.91 04a59953o0155o
59954.040632 -21.297  1.714   -11   19 o  0   1.67  30.52000 -28.59138  1428.87  3629.11 2.63 2.25  55.1 -0.400 18.74 19.66 04a59954o0037o
59954.043841 -24.985 49.000    -0   18 o  0   1.12  30.52000 -28.59138  1449.31  3665.89 2.80 2.47  52.3 -0.397 18.86 20.02 04a59954o0044o
59954.048881 -21.288  1.536   -11   17 o  0   1.20  30.52000 -28.59138  1389.64  3585.41 2.94 2.51  46.7 -0.400 18.96 20.38 04a59954o0055o
59954.058449  20.392  0.557    25   14 o  0   0.99  30.52000 -28.59138  1365.85  3693.96 2.76 2.30  57.5 -0.406 19.16 20.56 04a59954o0076o
59954.793724  20.529  0.630    22   14 o  0   1.09  30.52000 -28.59138  3087.14  9348.88 2.70 2.31 -48.0 -0.375 19.32 20.56 03a59955o0042o
59954.796952  20.336  0.535    27   14 o  0   0.96  30.52000 -28.59138  3105.24  9379.40 2.74 2.30 -51.1 -0.382 19.32 20.64 03a59955o0049o
59954.803771  19.759  0.522    45   24 o  0   0.82  30.52000 -28.59138  3053.19  9281.71 2.68 2.25 -51.4 -0.382 18.88 20.18 03a59955o0064o
59954.813840  20.748  0.707    18   13 o  0   2.01  30.52000 -28.59138  3036.02  9371.77 2.83 2.39 -52.3 -0.376 19.16 20.59 03a59955o0085o
59955.853723  20.520  1.037    22   23 o  0   0.89  30.52000 -28.59138  3128.02  9190.55 2.55 2.18 -48.0 -0.385 18.46 19.83 03a59956o0177o
59955.856967  19.510  0.248    57   14 o  0   1.28  30.52000 -28.59138  3148.12  9221.40 2.50 2.13 -48.0 -0.391 19.38 20.81 03a59956o0184o
59955.862973 -19.361  0.976   -65   64 o  0   0.90  30.52000 -28.59138  3101.38  9129.75 2.61 2.24 -46.7 -0.382 17.05 18.34 03a59956o0197o
59957.041276  21.995  6.625     6   38 o  0   1.12  30.52000 -28.59138  1428.91  3618.85 2.94 2.47 -29.5 -0.471 18.17 18.86 04a59957o0040o
59957.044903 -23.457 19.800    -2   30 o  0   1.27  30.52000 -28.59138  1448.80  3654.54 3.40 2.91 -51.1 -0.384 18.38 19.57 04a59957o0048o
59957.050193  22.392  5.133     4   21 o  0   1.17  30.52000 -28.59138  1389.31  3574.69 3.21 2.59 -38.7 -0.432 18.77 20.25 04a59957o0059o
59957.061585  19.789  0.329    44   14 o  0   1.66  30.52000 -28.59138  1367.43  3686.57 2.70 2.27 -25.9 -0.493 19.11 20.82 04a59957o0084o
59958.072606  19.850  0.314    42   13 o  0   1.18  30.52000 -28.59138  1425.44  3601.26 2.91 2.37  63.1 -0.395 19.26 20.96 04a59958o0109o
59958.075310  21.037  0.986    14   14 o  0   1.17  30.52000 -28.59138  1443.01  3638.23 2.91 2.49  64.8 -0.377 19.26 20.95 04a59958o0115o
59958.082798  20.347  0.500    26   13 o  0   1.23  30.52000 -28.59138  1379.52  3559.45 2.95 2.51  61.5 -0.373 19.23 20.96 04a59958o0131o
59958.094642  20.408  0.519    25   13 o  0   1.04  30.52000 -28.59138  1357.18  3673.40 2.87 2.39  64.2 -0.378 19.24 20.94 04a59958o0157o
59958.849762  20.893  0.626    16   10 c  0   1.01  30.52000 -28.59138  3128.15  9177.11 2.84 2.44 -39.5 -0.375 19.61 21.62 03a59959o0169c
59958.852530  21.011  0.707    14   10 c  0   0.92  30.52000 -28.59138  3151.31  9212.28 2.79 2.46 -43.6 -0.372 19.64 21.62 03a59959o0175c
59958.868019  22.620  3.526     3   12 c  0   0.78  30.52000 -28.59138  3115.80  9100.98 2.73 2.39 -40.7 -0.371 19.60 21.51 03a59959o0209c
59958.878956 -21.931  2.250    -6   14 c  0   1.18  30.52000 -28.59138  3107.96  9193.67 2.78 2.47 -48.8 -0.371 19.47 21.51 03a59959o0233c
59959.787158 -20.784  0.935   -18   16 c  0   1.52  30.52000 -28.59138  2132.43  7386.87 3.00 2.67 -57.2 -0.368 18.94 20.04 03a59960o0033c
59959.790309 -21.345  1.424   -10   15 c  0   1.02  30.52000 -28.59138  2150.38  7416.24 2.87 2.58 -53.7 -0.365 19.23 20.58 03a59960o0040c
59959.797996 -20.910  0.591   -16    9 c  0   1.00  30.52000 -28.59138  2096.65  7316.59 2.85 2.57 -52.6 -0.376 19.51 21.35 03a59960o0057c
59959.807861  21.434  1.038    10   10 c  0   0.93  30.52000 -28.59138  2080.91  7407.22 2.92 2.58 -50.4 -0.378 19.57 21.59 03a59960o0078c
59961.085509  19.733  0.275    46   13 o  0   1.11  30.52000 -28.59138  2966.63  9876.88 2.97 1.97 -80.2 -0.387 19.40 20.87 04a59961o0138o
59961.088731  20.293  0.517    28   14 o  0   1.28  30.52000 -28.59138  2984.17  9915.30 3.16 2.29 -83.0 -0.361 19.30 20.85 04a59961o0145o
59961.095701 -22.285  3.000    -4   13 o  0   1.15  30.52000 -28.59138  2924.02  9836.68 3.17 2.06 -81.5 -0.385 19.32 20.88 04a59961o0160o
59961.109382  21.137  0.870    13   11 o  0   1.95  30.52000 -28.59138  2898.64  9954.84 3.03 1.97 -81.7 -0.385 19.34 20.83 04a59961o0190o
59962.037511  19.100  0.383    83   32 o  0   1.01  30.52000 -28.59138  2978.57  9894.65 2.88 2.22 -74.7 -0.395 18.57 20.18 04a59962o0035o
59962.040667  19.799  0.587    44   26 o  0   1.23  30.52000 -28.59138  2996.31  9932.49 3.00 2.23 -69.3 -0.383 18.75 20.66 04a59962o0042o
59962.047874  19.459  0.363    60   22 o  0   1.05  30.52000 -28.59138  2936.75  9851.52 2.69 2.06 -67.7 -0.415 18.84 21.07 04a59962o0058o
59962.061423  20.748  1.964    18   36 o  0   1.13  30.52000 -28.59138  2912.60  9963.76 3.02 2.39 -79.3 -0.435 18.27 20.72 04a59962o0088o
59962.792088 -19.425  0.660   -62   41 c  0   0.85  30.52000 -28.59138  2132.24  7345.17 2.48 2.18 -48.2 -0.385 17.79 18.98 03a59963o0045c
59962.797783  21.584  1.063     8    9 c  0   1.18  30.52000 -28.59138  2152.44  7367.77 2.49 2.18 -53.2 -0.388 19.68 21.34 03a59963o0057c
59962.800981  21.761  1.173     7    8 c  0   1.50  30.52000 -28.59138  2099.09  7281.39 2.51 2.17 -48.2 -0.393 19.70 21.44 03a59963o0064c
59963.831689  21.739  1.294     7   10 c  0   1.17  30.52000 -28.59138  2170.20  7244.80 2.56 2.25 -38.1 -0.388 19.72 21.55 03a59964o0136c
59963.834861  22.209  1.727     5    8 c  0   1.69  30.52000 -28.59138  2190.32  7275.00 2.55 2.27 -43.3 -0.390 19.70 21.55 03a59964o0143c
59963.855949 -21.410  1.015   -10   10 c  0   0.73  30.52000 -28.59138  2157.86  7148.71 2.60 2.31 -46.6 -0.389 19.63 21.49 03a59964o0189c
59965.034923 -22.515 11.944    -4   43 o  0   1.05  30.52000 -28.59138  2977.70  9887.76 3.26 2.27 -76.6 -0.393 18.05 18.42 04a59965o0030o
59965.038077 -20.795  1.562   -18   27 o  0   1.23  30.52000 -28.59138  2996.49  9925.01 3.21 2.20 -79.2 -0.354 18.47 19.18 04a59965o0037o
59965.045299  21.599  2.122     8   18 o  0   0.81  30.52000 -28.59138  2938.40  9843.33 3.33 2.29 -83.2 -0.381 19.03 20.43 04a59965o0053o
59965.057582  20.720  0.723    19   14 o  0   1.10  30.52000 -28.59138  2915.57  9956.23 3.24 2.15 -82.7 -0.379 19.37 21.09 04a59965o0080o
59969.052287  24.311 20.250     1   14 o  0   1.43  30.52000 -28.59138  5335.93  3378.11 2.44 2.25 -30.9 -0.494 19.22 20.63 04a59969o0071o
59969.055494  19.585  0.240    53   13 o  0   1.03  30.52000 -28.59138  5353.44  3415.27 2.28 2.16 -45.0 -0.430 19.25 20.76 04a59969o0078o
59969.060918  20.325  0.539    27   14 o  0   0.92  30.52000 -28.59138  5292.83  3336.24 2.28 2.12 -40.3 -0.443 19.25 20.73 04a59969o0090o
59969.070992  20.444  0.623    24   15 o  0   1.07  30.52000 -28.59138  5270.70  3451.74 2.30 2.05 -20.7 -0.508 19.25 20.68 04a59969o0112o
59970.032393  19.692  0.701    48   34 o  0   2.09  30.52000 -28.59138  5339.95  3384.70 2.41 2.30 -51.9 -0.454 17.97 18.32 04a59970o0028o
59970.035543  20.968  2.126    15   32 o  0   0.83  30.52000 -28.59138  5357.11  3421.02 2.41 2.29 -38.7 -0.433 18.38 19.04 04a59970o0035o
59970.048346  19.213  0.205    75   15 o  0   1.51  30.52000 -28.59138  5293.93  3338.65 2.26 2.13 -43.9 -0.439 19.05 20.39 04a59970o0063o
59970.057599  21.633  1.741     8   14 o  0   1.12  30.52000 -28.59138  5270.14  3452.17 2.28 2.13 -40.5 -0.431 19.13 20.55 04a59970o0083o
59971.803697  19.814  0.311    43   13 o  0   1.06  30.52000 -28.59138  8099.37  5341.56 2.53 2.19 -52.2 -0.392 19.11 20.14 03a59972o0079o
59971.807321  19.640  0.312    51   16 o  0   0.74  30.52000 -28.59138  8117.20  5379.84 2.56 2.25 -52.7 -0.387 19.14 20.24 03a59972o0087o
59971.813644  19.724  0.309    47   14 o  0   1.08  30.52000 -28.59138  8060.93  5298.78 2.46 2.19 -38.1 -0.400 19.12 20.14 03a59972o0101o
59971.824119  20.791  0.954    18   17 o  0   0.95  30.52000 -28.59138  8036.39  5411.08 2.75 2.33 -45.2 -0.368 19.00 20.11 03a59972o0124o
59974.044643  20.297  0.839    28   23 o  0   0.98  30.52000 -28.59138  5332.38  3375.87 2.66 2.49 -52.4 -0.435 18.64 19.68 04a59974o0059o
59974.047797 -21.896  3.243    -6   20 o  0   1.08  30.52000 -28.59138  5350.56  3414.30 2.50 2.35 -55.6 -0.435 18.73 19.77 04a59974o0066o
59974.066069  20.297  0.876    28   24 o  0   0.92  30.52000 -28.59138  5284.94  3335.68 2.48 2.38 -48.7 -0.428 18.77 19.79 04a59974o0106o
59974.073339 -20.725  1.062   -19   20 o  0   1.18  30.52000 -28.59138  5260.86  3450.53 2.46 2.35 -33.2 -0.406 18.70 19.80 04a59974o0122o
59974.786736  20.235  0.686    29   20 o  0   1.16  30.52000 -28.59138  8101.37  5342.72 2.44 2.06 -56.8 -0.393 18.82 19.42 03a59975o0045o
59974.790360 -21.232  1.522   -12   18 o  0   1.10  30.52000 -28.59138  8120.56  5382.83 2.44 2.03 -57.7 -0.401 18.93 19.70 03a59975o0053o
59974.796686  22.396  4.194     4   17 o  0   1.05  30.52000 -28.59138  8064.17  5303.23 2.35 2.04 -56.4 -0.415 19.04 19.85 03a59975o0067o
59974.807576  21.389  1.836    10   18 o  0   0.94  30.52000 -28.59138  8042.78  5417.43 2.48 2.12 -56.0 -0.402 18.99 19.83 03a59975o0091o
59977.036229  18.494  0.271   145   39 o  0   1.15  30.52000 -28.59138  4442.74  7336.81 2.79 2.37 -69.9 -0.437 18.27 18.91 04a59977o0044o
59977.039844  20.284  0.958    28   27 o  0   0.79  30.52000 -28.59138  4459.69  7375.58 2.70 2.17 -76.0 -0.414 18.49 19.29 04a59977o0052o
59977.045248  19.938  0.661    38   25 o  0   0.94  30.52000 -28.59138  4399.79  7297.03 2.73 2.25 -75.1 -0.419 18.64 19.55 04a59977o0064o
59977.057429  22.091  4.455     5   24 o  0   0.91  30.52000 -28.59138  4374.41  7412.77 2.64 2.10 -78.4 -0.415 18.73 19.61 04a59977o0091o
59979.778347  20.274  1.586    28   45 o  0   1.15  30.52000 -28.59138  8491.56  9721.84 3.25 2.70 -37.4 -0.368 18.00 18.27 03a59980o0033o
59979.781500 -19.735  0.912   -46   42 o  0   0.83  30.52000 -28.59138  8509.46  9760.56 3.55 3.06 -36.9 -0.365 18.18 18.73 03a59980o0040o
59979.787378  19.750  0.751    46   34 o  0   0.87  30.52000 -28.59138  8454.65  9679.03 3.49 2.96 -38.1 -0.371 18.38 19.13 03a59980o0053o
59979.800527 -19.625  0.556   -51   28 o  0   0.84  30.52000 -28.59138  8433.94  9792.73 3.12 2.53 -43.3 -0.411 18.54 19.24 03a59980o0082o
59982.032935  21.235  2.922    12   34 o  0   1.10  30.52000 -28.59138  4435.26  7333.80 2.59 2.25 -61.5 -0.418 18.27 18.91 04a59982o0043o
59982.036551  22.012  4.750     6   27 o  0   0.89  30.52000 -28.59138  4452.44  7373.30 2.55 2.28 -53.4 -0.383 18.49 19.28 04a59982o0051o
59982.041958  19.686  0.502    48   24 o  0   1.42  30.52000 -28.59138  4391.23  7294.86 2.60 2.24 -72.5 -0.432 18.56 19.45 04a59982o0063o
59982.053367 -20.283  0.955   -28   27 o  0   1.07  30.52000 -28.59138  4368.07  7413.33 2.35 2.13 -63.1 -0.392 18.56 19.29 04a59982o0088o
59982.800936  19.857  1.870    41   78 o  0   0.99  30.52000 -28.59138  8440.50  9797.51 2.85 2.35 -43.7 -0.408 17.74 18.60 03a59983o0087o
59989.775397 -20.516  1.134   -23   26 o  0   1.18  30.52000 -28.59138  1394.62  3548.30 2.40 2.02 -67.0 -0.385 18.61 19.02 03a59990o0042o
59989.778551  20.248  0.640    29   18 o  0   1.21  30.52000 -28.59138  1413.46  3587.44 2.47 2.11 -71.6 -0.382 18.85 19.58 03a59990o0049o
59989.788548  22.007  2.000     6   11 o  0   1.32  30.52000 -28.59138  1353.84  3507.11 2.39 2.09 -71.1 -0.404 19.30 20.49 03a59990o0071o
59989.797320 -22.683  4.300    -3   13 o  0   1.19  30.52000 -28.59138  1335.99  3625.15 2.50 2.25 -68.3 -0.396 19.30 20.65 03a59990o0090o
59991.021818  22.088  7.217     5   38 c  0   1.12  30.52000 -28.59138  8257.74  7174.83 3.04 2.59 -49.7 -0.366 18.18 19.08 04a59991o0032c
59991.024972 -24.296 40.000    -1   28 c  0   0.78  30.52000 -28.59138  8275.02  7213.70 3.04 2.56 -47.8 -0.376 18.57 19.73 04a59991o0039c
59991.033110  22.085  2.583     5   14 c  0   1.33  30.52000 -28.59138  8210.26  7135.02 2.92 2.47 -46.6 -0.393 19.12 20.77 04a59991o0057c
59991.044410  20.954  1.000    15   15 c  0   1.03  30.52000 -28.59138  8185.02  7253.09 2.95 2.45 -45.6 -0.397 19.23 21.05 04a59991o0082c
59997.763838  18.947  0.907    96   87 o  0   0.89  30.52000 -28.59138  2802.02  9857.33 2.92 2.53 -40.8 -0.360 17.52 17.19 03a59998o0032o
59997.766993 -22.526 12.714    -4   45 o  0   1.47  30.52000 -28.59138  2819.49  9896.28 2.76 2.35 -40.7 -0.371 18.02 18.05 03a59998o0039o
59997.776017 -20.482  0.778   -23   18 o  0   1.41  30.52000 -28.59138  2766.04  9816.63 2.73 2.33 -35.7 -0.386 18.97 19.80 03a59998o0059o
59997.785990  21.842  2.361     7   16 o  0   1.00  30.52000 -28.59138  2745.15  9933.44 2.77 2.42 -38.1 -0.390 19.22 20.38 03a59998o0081o
60007.027447  19.777  0.624    45   28 o  0   0.95  30.52000 -28.59138   402.84  5654.79 2.67 2.28  58.3 -0.357 18.49 19.25 04a60007o0058o
60007.030651  20.477  1.380    23   32 o  0   0.66  30.52000 -28.59138   420.27  5694.75 2.56 2.18  65.2 -0.373 18.53 19.27 04a60007o0065o
60007.040648 -19.458  0.431   -60   26 o  0   1.36  30.52000 -28.59138   354.83  5623.32 2.61 2.20  57.2 -0.354 18.51 19.21 04a60007o0087o
60007.046099  20.244  1.006    29   29 o  0   1.06  30.52000 -28.59138   331.65  5744.08 2.62 2.11  59.2 -0.361 18.50 19.15 04a60007o0099o
60106.426353  18.380  1.736   162  280 o  0   0.99  30.52000 -28.59138  5373.27  7196.18 2.89 2.49 -77.3 -0.363 16.01 16.60 04a60106o0767o
60106.429654  18.008  1.672   228  380 o  0   1.65  30.52000 -28.59138  5354.19  7157.72 2.62 2.25 -78.9 -0.373 15.50 15.89 04a60106o0774o
60106.432548  18.471  4.600   148  683 o  0   0.82  30.52000 -28.59138  5412.64  7236.37 2.60 2.25 -77.1 -0.368 14.98 15.37 04a60106o0780o
60106.435334 -18.483  2.189  -147  321 o  0   1.45  30.52000 -28.59138  5432.49  7120.12 2.67 2.30 -76.3 -0.370 15.76 16.16 04a60106o0786o
60106.446626 -17.301  1.482  -436  646 o  0   0.70  30.52000 -28.59138  5395.53  7180.99 2.52 2.13 -78.7 -0.374 15.36 15.18 04a60106o0810o
60109.415781 -20.190  0.383   -30   12 o  0   1.56  30.52000 -28.59138  6243.51  3231.37 1.91 1.81 -35.4 -0.457 19.12 20.18 04a60109o0945o
60109.418612 -21.527  1.663    -9   15 o  0   1.50  30.52000 -28.59138  6224.13  3192.61 1.85 1.76 -35.9 -0.472 19.17 20.16 04a60109o0951o
60109.423729  20.523  0.704    22   16 o  0   1.07  30.52000 -28.59138  6283.09  3269.05 1.85 1.73 -27.8 -0.471 19.18 20.16 04a60109o0962o
60109.436264 -21.584  2.569    -8   22 o  0   0.84  30.52000 -28.59138  6301.87  3155.96 1.90 1.83 -39.0 -0.464 18.99 19.76 04a60109o0987o
60109.449499  18.385  0.490   161   79 o  0   1.36  30.52000 -28.59138  6267.69  3216.87 2.01 1.88 -52.3 -0.482 17.22 16.93 04a60109o1013o
60112.435471 -22.655  3.667    -3   12 c  0   1.36  30.52000 -28.59138  7461.57  9031.05 2.70 2.07 -73.0 -0.398 19.37 21.02 04a60112o1035c
60112.438219  21.452  1.379    10   13 c  0   1.30  30.52000 -28.59138  7442.15  8992.93 2.58 2.04 -71.5 -0.402 19.26 20.71 04a60112o1041c
60112.439587  25.051 37.500     0   13 c  0   1.67  30.52000 -28.59138  7502.12  9070.81 2.66 2.09 -73.2 -0.397 19.16 20.52 04a60112o1044c
60112.440983  20.404  0.662    25   17 c  0   0.94  30.52000 -28.59138  7521.58  8953.61 2.63 2.07 -69.6 -0.397 19.03 20.29 04a60112o1047c
60126.112313 -20.639  1.079   -20   22 o  0   0.84  30.52000 -28.59138  8134.86  3142.96 2.49 2.36 -31.6 -0.442 18.84 19.71 03a60126o0544o
60126.115125  21.297  1.625    11   18 o  0   1.39  30.52000 -28.59138  8116.70  3103.74 2.45 2.29 -32.4 -0.439 18.90 19.75 03a60126o0550o
60126.120742  20.331  0.715    27   19 o  0   0.83  30.52000 -28.59138  8173.66  3180.19 2.44 2.29 -37.3 -0.435 18.96 19.82 03a60126o0562o
60126.131119 -20.417  0.563   -25   14 o  0   1.30  30.52000 -28.59138  8197.17  3062.88 2.34 2.23 -33.1 -0.450 19.12 20.02 03a60126o0584o
60127.348248  20.988  1.851    15   27 o  0   1.06  30.52000 -28.59138  8156.21  3106.96 2.25 2.04 -30.8 -0.395 18.38 18.86 04a60127o0874o
60127.355209  20.069  0.808    34   28 o  0   1.23  30.52000 -28.59138  8136.21  3069.92 2.33 2.03 -28.1 -0.387 18.41 18.95 04a60127o0889o
60127.359434  20.181  0.920    31   28 o  0   1.25  30.52000 -28.59138  8193.38  3147.30 2.36 1.99 -27.3 -0.377 18.27 18.78 04a60127o0898o
60127.372808 -22.740  8.167    -3   24 o  0   1.38  30.52000 -28.59138  8212.25  3033.22 2.41 2.21 -32.6 -0.385 18.43 19.06 04a60127o0927o
60130.325488  20.638  1.500    20   30 o  0   0.91  30.52000 -28.59138  6375.29  5158.31 2.35 2.20 -46.6 -0.372 18.29 18.98 04a60130o0820o
60130.338531  19.986  0.933    37   34 o  0   0.51  30.52000 -28.59138  6352.53  5122.34 2.26 2.13 -58.9 -0.395 18.49 19.12 04a60130o0847o
60130.341703  19.074  0.457    85   39 o  0   1.01  30.52000 -28.59138  6410.11  5199.69 2.24 2.16 -43.6 -0.378 18.11 18.71 04a60130o0854o
60130.347257  21.050  1.817    14   25 o  0   1.39  30.52000 -28.59138  6427.91  5084.99 2.23 2.10 -55.0 -0.404 18.53 19.19 04a60130o0866o
60132.135867  20.730  1.698    18   32 o  0   1.19  30.52000 -28.59138  8240.74  5070.27 2.86 2.50 -17.5 -0.410 18.28 18.86 03a60132o0895o
60132.143386 -19.741  0.636   -46   29 o  0   1.10  30.52000 -28.59138  8222.46  5032.71 2.80 2.43 -14.2 -0.408 18.40 18.99 03a60132o0909o
60132.146310 -20.676  1.361   -20   26 o  0   1.15  30.52000 -28.59138  8278.96  5110.86 2.65 2.37 -20.6 -0.397 18.49 19.09 03a60132o0915o
60132.153933  20.151  0.908    32   29 o  0   1.06  30.52000 -28.59138  8301.80  4995.13 2.81 2.56 -20.1 -0.394 18.45 19.11 03a60132o0931o
60133.388583  20.248  0.716    29   21 o  0   1.20  30.52000 -28.59138  8309.47  5051.50 2.29 2.03 -19.8 -0.415 18.83 19.55 04a60133o0713o
60133.391307  21.183  1.352    12   16 o  0   1.59  30.52000 -28.59138  8290.34  5013.61 2.26 2.01 -19.5 -0.418 18.85 19.58 04a60133o0719o
60133.397075 -20.711  1.088   -19   20 o  0   0.86  30.52000 -28.59138  8350.45  5090.65 2.35 2.15 -29.6 -0.401 18.81 19.57 04a60133o0731o
60133.412048  20.025  0.582    36   21 o  0   0.90  30.52000 -28.59138  8375.25  4975.98 2.28 1.99 -19.5 -0.411 18.92 19.73 04a60133o0759o
60136.361171 -20.596  1.011   -21   21 o  0   1.21  30.52000 -28.59138  4332.15  3337.78 2.86 2.76  61.0 -0.397 18.79 20.34 04a60136o0692o
60136.364420  19.879  0.819    41   33 o  0   1.14  30.52000 -28.59138  4313.08  3299.32 3.60 3.41  68.8 -0.653 18.44 20.19 04a60136o0699o
60136.370399  22.499  5.235     4   19 o  0   1.08  30.52000 -28.59138  4371.96  3377.93 2.71 2.60  78.8 -0.398 18.86 20.38 04a60136o0712o
60136.380332 -20.922  1.397   -16   22 o  0   0.99  30.52000 -28.59138  4393.05  3262.88 2.69 2.58  55.0 -0.400 18.84 20.36 04a60136o0731o
60138.105349 -20.840  0.756   -17   13 o  0   0.89  30.52000 -28.59138  1071.33  6692.57 2.42 2.12 -58.2 -0.426 19.49 20.75 03a60138o0852o
60138.110564  20.692  0.682    19   13 o  0   1.23  30.52000 -28.59138  1128.53  6771.75 2.38 2.09 -59.7 -0.415 19.49 20.75 03a60138o0863o
60138.122884  20.915  0.908    16   14 o  0   0.92  30.52000 -28.59138  1150.48  6655.44 3.10 2.32  -5.4 -0.376 19.31 20.77 03a60138o0887o
60139.339809  22.782  6.769     3   19 o  0   1.03  30.52000 -28.59138  1184.52  6879.88 2.56 2.44  65.8 -0.350 19.04 20.48 04a60139o0841o
60139.342594 -20.563  0.547   -22   12 o  0   1.83  30.52000 -28.59138  1165.08  6841.63 2.44 2.16 -87.5 -0.384 19.31 20.65 04a60139o0847o
60139.357919 -22.019  2.209    -6   12 o  0   1.44  30.52000 -28.59138  1226.31  6920.42 2.20 2.05 -61.9 -0.444 19.34 20.71 04a60139o0876o
60139.361204  20.955  0.679    15   10 o  0   1.49  30.52000 -28.59138  1246.86  6805.18 2.10 1.99 -52.1 -0.472 19.33 20.62 04a60139o0883o
60141.103779  21.738  1.176     7    9 c  0   1.40  30.52000 -28.59138   193.16  2814.45 2.47 2.31 -42.7 -0.380 19.62 21.51 03a60141o0731c
60141.112258  21.826  1.196     7    8 c  0   1.30  30.52000 -28.59138   231.52  2854.36 2.41 2.26 -50.0 -0.387 19.68 21.51 03a60141o0747c
60141.121461  22.765  2.895     3    8 c  0   1.20  30.52000 -28.59138 10116.28  3088.02 2.62 2.36 -46.6 -0.368 19.59 21.49 03a60141o0765c
60141.122362  22.808  3.250     3    9 c  0   1.14  30.52000 -28.59138   256.85  2734.56 2.49 2.32 -46.5 -0.376 19.66 21.56 03a60141o0767c
60141.127114  21.925  2.185     6   14 c  0   1.10  30.52000 -28.59138 10138.34  2973.92 2.98 2.48 -13.8 -0.377 19.24 21.27 03a60141o0777c
60147.099152  20.621  0.621    20   13 c  0   0.80  30.52000 -28.59138  3354.17  9139.55 2.76 2.44 -32.0 -0.378 19.50 21.57 03a60147o0798c
60147.106956 -21.867  1.857    -6   12 c  0   0.98  30.52000 -28.59138  3338.23  9097.71 3.22 2.49 -13.2 -0.368 19.40 21.58 03a60147o0809c
60147.109213  25.474 50.000     0   12 c  0   1.11  30.52000 -28.59138  3394.99  9177.08 3.01 2.43 -16.5 -0.394 19.38 21.49 03a60147o0814c
60147.119243 -22.967  5.077    -2   12 c  0   0.81  30.52000 -28.59138  3419.39  9062.54 2.63 2.34 -33.3 -0.372 19.54 21.54 03a60147o0833c
60148.350410 -21.783  1.754    -7   12 o  0   0.66  30.52000 -28.59138  2489.89  5312.67 1.95 1.82 -86.3 -0.441 19.51 20.85 04a60148o0624o
60148.357161  21.687  1.530     8   12 o  0   1.02  30.52000 -28.59138  2549.18  5391.42 2.11 1.96  88.1 -0.416 19.44 20.86 04a60148o0636o
60148.370798 -21.136  0.944   -13   12 o  0   0.68  30.52000 -28.59138  2575.94  5275.93 1.96 1.81 -87.9 -0.438 19.46 20.82 04a60148o0662o
60150.093966 -22.325  2.226    -4   10 c  0   1.18  30.52000 -28.59138  2049.00   853.16 2.45 2.34 -28.9 -0.396 19.64 21.39 03a60150o0796c
60150.098167 -21.948  1.543    -6    9 c  0   1.22  30.52000 -28.59138  2028.61   814.22 3.11 2.39  -0.4 -0.369 19.46 21.41 03a60150o0803c
60150.102023  22.073  1.853     5   10 c  0   1.15  30.52000 -28.59138  2085.94   893.84 2.86 2.36  -1.1 -0.378 19.52 21.44 03a60150o0809c
60150.107550 -21.282  0.785   -11    9 c  0   1.32  30.52000 -28.59138  2108.20   775.78 2.97 2.50  -2.9 -0.367 19.50 21.46 03a60150o0821c
60151.328625 -22.531  3.467    -4   12 o  0   0.77  30.52000 -28.59138  1988.89   975.35 2.13 1.76  44.7 -0.464 19.42 20.78 04a60151o0431o
60151.331864 -21.119  0.931   -13   12 o  0   1.07  30.52000 -28.59138  1970.95   935.55 2.31 1.90  42.8 -0.454 19.34 20.83 04a60151o0438o
60151.338446 -21.378  1.178   -10   12 o  0   1.09  30.52000 -28.59138  2030.73  1015.39 1.97 1.80  45.8 -0.464 19.42 20.72 04a60151o0452o
60151.349429  21.867  1.517     6   10 o  0   1.63  30.52000 -28.59138  2053.41   898.22 1.95 1.75  51.3 -0.472 19.45 20.76 04a60151o0473o
60154.305972 -21.161  1.333   -12   17 o  0   1.25  30.52000 -28.59138  7685.72   687.51 2.12 1.96 -46.5 -0.462 19.10 19.98 04a60154o0739o
60154.322026 -20.738  0.817   -18   15 o  0   1.14  30.52000 -28.59138  7672.78   648.40 2.27 2.04  69.2 -0.466 19.01 20.07 04a60154o0773o
60154.325763 -21.386  1.548   -10   16 o  0   1.14  30.52000 -28.59138  7730.29   727.12 2.27 2.10 -33.3 -0.446 19.11 20.12 04a60154o0781o
