MJD          m      dm   uJy   duJy F err chi/N     RA       Dec        x        y     maj  min   phi  apfit mag5sig Sky   Obs
59737.993554 -22.756  3.200    -3    9 o  0   1.74 268.25467 -76.86036  3695.36  9577.48 2.37 2.30 -73.7 -0.427 19.49 20.99 03a59738o0617o
59737.997526 -22.216  2.242    -5   11 o  0   1.36 268.25467 -76.86036  3709.95  9614.66 2.39 2.31 -63.0 -0.415 19.51 21.01 03a59738o0625o
59738.003354 -20.897  0.591   -16    9 o  0   1.45 268.25467 -76.86036  3663.33  9541.63 2.38 2.32 -89.8 -0.427 19.54 21.04 03a59738o0636o
59738.030027 -25.986 66.000    -0   10 o  0   1.67 268.25467 -76.86036  3647.86  9660.21 2.38 2.35  80.5 -0.425 19.53 21.09 03a59738o0690o
59740.158299 -20.949  1.699   -15   26 o  0   1.37 268.25467 -76.86036  5821.40  3394.78 2.04 1.76 -17.7 -0.425 18.40 19.11 04a59740o0039o
59740.176084 -18.227  0.461  -186   86 o  0   1.32 268.25467 -76.86036  5822.51  3363.99 2.15 1.84 -15.2 -0.414 17.37 18.04 04a59740o0077o
59740.178791 -19.447  1.208   -60   73 o  0   0.61 268.25467 -76.86036  5878.38  3440.74 2.09 1.77 -15.1 -0.420 17.47 17.78 04a59740o0083o
59740.181944 -18.798  0.820  -110   90 o  0   1.17 268.25467 -76.86036  5898.43  3325.49 2.10 1.79 -15.1 -0.409 17.45 17.99 04a59740o0090o
59744.320717  15.746  0.152  1827  277 o  0   1.15 268.25467 -76.86036  4851.91  7306.33 2.47 2.08 -74.6 -0.388 16.07 15.60 04a59744o0763o
59745.969605  15.637  0.020  2020   40 o  0   1.61 268.25467 -76.86036  5453.54  1826.31 3.01 2.47  26.4 -0.475 18.39 18.74 03a59746o0219o
59745.972791  15.560  0.020  2167   43 o  0   1.72 268.25467 -76.86036  5474.80  1865.22 3.34 2.77  29.1 -0.459 18.26 18.75 03a59746o0226o
59745.998477  15.598  0.020  2094   42 o  0   1.20 268.25467 -76.86036  5417.06  1789.97 3.06 2.61  32.7 -0.466 18.36 18.74 03a59746o0274o
59746.005542  15.594  0.023  2102   48 o  0   1.17 268.25467 -76.86036  5390.77  1902.32 3.16 2.70  33.0 -0.472 18.35 18.75 03a59746o0288o
59748.216864  15.552  0.129  2184  282 o  0   1.01 268.25467 -76.86036  4746.89  1477.91 2.09 2.02  -3.5 -0.434 15.89 15.77 04a59748o0540o
59748.219565  15.600  0.145  2089  303 o  0   0.93 268.25467 -76.86036  4766.29  1514.24 2.20 2.10  15.8 -0.438 16.06 15.86 04a59748o0546o
59748.225222  15.664  0.114  1970  225 o  0   0.77 268.25467 -76.86036  4691.41  1434.75 2.05 1.91  17.6 -0.424 16.17 16.08 04a59748o0557o
59755.201583  16.932  0.082   612   50 c  0   1.96 268.25467 -76.86036  3162.11  5636.39 2.70 2.44  87.2 -0.348 17.49 19.30 04a59755o0398c
59755.204689  16.876  0.092   645   59 c  0   0.93 268.25467 -76.86036  7731.28  5007.90 2.66 2.20 -20.4 -0.395 17.71 19.44 04a59755o0404c
59755.209784  16.863  0.083   653   54 c  0   1.32 268.25467 -76.86036  3118.23  5597.30 2.37 2.04 -87.5 -0.364 17.59 19.28 04a59755o0415c
59755.220192  16.865  0.071   651   46 c  0   1.44 268.25467 -76.86036  3089.29  5708.18 2.52 2.23 -88.3 -0.354 17.75 19.50 04a59755o0436c
59756.174606  17.128  0.082   511   42 c  0   1.06 268.25467 -76.86036  7529.45  7666.84 3.74 3.54 -62.4 -0.320 18.10 20.32 04a59756o0352c
59756.179704  17.034  0.059   558   33 c  0   1.36 268.25467 -76.86036  3338.93  3051.86 3.11 2.91  72.2 -0.327 18.24 20.35 04a59756o0362c
59756.189987  16.955  0.056   600   34 c  0   1.14 268.25467 -76.86036  7481.20  7613.03 3.36 3.09 -54.5 -0.329 18.41 20.56 04a59756o0383c
59756.192729  17.028  0.045   561   25 c  0   1.40 268.25467 -76.86036  7464.11  7724.88 3.28 2.97 -55.8 -0.326 18.60 20.70 04a59756o0389c
59756.949940  17.248  0.026   458   12 c  0   1.84 268.25467 -76.86036  6941.87  3565.81 2.48 2.41   5.4 -0.419 19.77 21.84 03a59757o0575c
59756.953582  17.171  0.023   492   12 c  0   2.75 268.25467 -76.86036  6961.63  3606.06 2.43 2.39   5.6 -0.423 19.78 21.87 03a59757o0583c
59756.958627  17.242  0.024   460   11 c  0   3.81 268.25467 -76.86036  6903.09  3523.12 2.49 2.37  -5.4 -0.424 19.79 21.88 03a59757o0594c
59756.972153  17.212  0.022   473   10 c  0   6.35 268.25467 -76.86036  6880.24  3635.07 2.54 2.41  34.2 -0.435 19.74 21.91 03a59757o0618c
59757.951338  17.375  0.028   408   11 c  0   3.24 268.25467 -76.86036  7379.03  5827.07 2.49 2.41  61.2 -0.413 19.73 21.76 03a59758o0576c
59757.954559  17.397  0.029   399   12 c  0   2.76 268.25467 -76.86036  7397.24  5867.33 2.70 2.50  52.3 -0.426 19.65 21.76 03a59758o0583c
59757.959568  17.447  0.031   381   12 c  0   3.03 268.25467 -76.86036  7342.52  5783.97 2.63 2.46  56.3 -0.419 19.68 21.75 03a59758o0594c
59757.969140  17.480  0.030   370   11 c  0   2.88 268.25467 -76.86036  7321.73  5896.52 2.70 2.49  55.7 -0.419 19.61 21.75 03a59758o0615c
59758.240322  17.642  0.037   319   12 c  0   2.43 268.25467 -76.86036  3963.66  9620.35 3.17 2.43 -78.9 -0.356 19.65 21.67 04a59758o0424c
59758.244903  17.591  0.035   334   12 c  0   2.68 268.25467 -76.86036  3976.73  9655.80 3.09 2.44 -83.4 -0.366 19.61 21.60 04a59758o0434c
59758.250711  17.379  0.031   406   13 c  0   2.11 268.25467 -76.86036  3922.58  9577.75 3.00 2.42 -81.6 -0.366 19.60 21.59 04a59758o0446c
59758.261988  17.473  0.033   372   12 c  0   1.69 268.25467 -76.86036  3898.46  9690.35 3.00 2.27 -78.0 -0.364 19.68 21.56 04a59758o0470c
59759.239739  17.615  0.033   326   11 c  0   4.60 268.25467 -76.86036  6930.22  5358.33 2.25 1.97 -34.1 -0.400 19.74 21.73 04a59759o0581c
59759.242597  17.809  0.041   273   11 c  0   3.24 268.25467 -76.86036  6947.44  5396.15 2.30 2.02 -29.2 -0.396 19.69 21.71 04a59759o0587c
59759.289227  17.578  0.029   338   10 c  0   6.69 268.25467 -76.86036  6854.78  5297.90 2.17 1.94 -35.0 -0.407 19.71 21.67 04a59759o0600c
59759.296612  17.639  0.032   319   10 c  0   3.19 268.25467 -76.86036  6829.88  5411.57 2.18 1.94 -33.1 -0.410 19.69 21.63 04a59759o0616c
59760.211529  18.169  0.051   196   10 c  0   4.00 268.25467 -76.86036  4954.44  7264.42 2.41 1.93 -74.2 -0.386 19.71 21.67 04a59760o0559c
59760.214470  18.023  0.048   224   11 c  0   2.04 268.25467 -76.86036  4969.12  7301.36 2.44 1.92 -73.7 -0.382 19.72 21.66 04a59760o0565c
59760.220349  18.591  0.073   133   10 c  0   3.73 268.25467 -76.86036  4911.68  7220.74 2.41 1.98 -73.8 -0.381 19.67 21.66 04a59760o0578c
59760.231215  18.168  0.058   196   11 c  0   1.59 268.25467 -76.86036  4885.10  7331.65 2.49 2.04 -70.8 -0.377 19.66 21.62 04a59760o0602c
59761.177125  18.484  0.062   147    9 c  0   1.88 268.25467 -76.86036  4751.98  1482.92 2.47 2.30  -9.5 -0.380 19.58 21.86 04a59761o0486c
59761.182473  18.183  0.049   194    9 c  0   3.58 268.25467 -76.86036  4775.24  1518.34 2.41 2.17  12.5 -0.396 19.64 21.87 04a59761o0496c
59761.185893  18.799  0.091   110   10 c  0   3.12 268.25467 -76.86036  4699.59  1438.54 2.37 2.24  14.0 -0.378 19.57 21.86 04a59761o0503c
59761.195916  18.409  0.057   157    9 c  0   3.51 268.25467 -76.86036  4671.05  1550.85 2.30 2.13  19.1 -0.409 19.67 21.84 04a59761o0523c
59762.150143  19.037  0.109    88   10 c  0   2.33 268.25467 -76.86036  7886.05  1893.87 2.87 2.20 -21.0 -0.389 19.45 21.48 04a59762o0328c
59762.154023  19.300  0.169    69   12 c  0   1.23 268.25467 -76.86036  3101.96  8847.33 3.27 2.83  79.9 -0.315 19.38 21.62 04a59762o0335c
59762.160975  19.224  0.161    74   12 c  0   1.31 268.25467 -76.86036  3178.10  8934.25 3.16 2.72  82.7 -0.326 19.40 21.60 04a59762o0349c
59762.170995  18.951  0.119    96   11 c  0   1.43 268.25467 -76.86036  7802.07  1952.30 2.91 2.32 -18.5 -0.354 19.48 21.44 04a59762o0369c
59763.115510  22.075  1.862     5   10 c  0   1.44 268.25467 -76.86036  3080.29  8869.59 2.99 2.59  84.1 -0.345 19.49 21.90 04a59763o0375c
59763.116862  20.936  0.690    15   11 c  0   1.32 268.25467 -76.86036  3058.70  8830.00 3.24 2.85  82.3 -0.325 19.42 21.74 04a59763o0378c
59763.144137 -19.974  0.219   -37    8 c  0   2.50 268.25467 -76.86036  7840.90  1851.63 2.76 2.10 -21.3 -0.377 19.61 21.60 04a59763o0436c
59763.151015  21.701  1.204     8    9 c  0   3.57 268.25467 -76.86036  7811.79  1961.38 2.72 2.05 -19.3 -0.382 19.59 21.60 04a59763o0451c
59764.189398 -19.908  0.241   -40   10 c  0   1.93 268.25467 -76.86036  7324.92  9474.42 2.98 2.67 -65.4 -0.318 19.61 21.65 04a59764o0349c
59764.216378 -19.605  0.182   -52   10 c  0   1.84 268.25467 -76.86036  7322.50  9499.81 2.93 2.62 -62.9 -0.322 19.62 21.63 04a59764o0406c
59764.219081 -19.762  0.219   -45   10 c  0   1.63 268.25467 -76.86036  7268.38  9414.86 2.86 2.70 -69.0 -0.321 19.62 21.63 04a59764o0412c
59764.247279 -18.883  0.106  -102   11 c  0   1.29 268.25467 -76.86036  7235.57  9522.36 2.94 2.70 -76.3 -0.319 19.55 21.53 04a59764o0472c
59765.194873 -18.777  0.078  -112    9 c  0   2.11 268.25467 -76.86036  7317.12  9469.03 2.91 2.52 -78.6 -0.343 19.61 21.58 04a59765o0390c
59765.198027 -18.597  0.076  -132   10 c  0   1.64 268.25467 -76.86036  7332.89  9507.49 2.92 2.44 -74.4 -0.337 19.65 21.56 04a59765o0397c
59765.203907 -18.834  0.089  -106   10 c  0   2.13 268.25467 -76.86036  7276.90  9422.07 2.88 2.54 -75.2 -0.341 19.62 21.59 04a59765o0409c
59765.213911 -18.594  0.068  -132    9 c  0   1.55 268.25467 -76.86036  7252.94  9533.22 2.83 2.51 -73.7 -0.336 19.59 21.55 04a59765o0430c
59765.930460  16.335  0.015  1062   16 o  0   2.64 268.25467 -76.86036  9008.29  3737.17 2.19 2.08 -43.1 -0.433 19.57 20.93 03a59766o0411o
59765.933162  16.337  0.015  1060   16 o  0   1.93 268.25467 -76.86036  9028.70  3778.74 2.33 2.03 -52.7 -0.411 19.52 20.92 03a59766o0417o
59765.938159  16.340  0.016  1057   17 o  0   2.70 268.25467 -76.86036  8969.15  3690.59 2.16 2.12 -19.8 -0.440 19.54 20.89 03a59766o0428o
59765.948991  16.315  0.014  1081   15 o  0   4.19 268.25467 -76.86036  8945.93  3800.97 2.19 2.06  34.6 -0.463 19.53 20.83 03a59766o0452o
59765.971569  16.320  0.014  1076   15 o  0   3.40 268.25467 -76.86036   252.37  3692.69 2.19 1.94 -57.9 -0.409 19.61 20.87 03a59766o0501o
59765.974269  16.363  0.015  1035   16 o  0   4.58 268.25467 -76.86036   272.67  3728.61 2.15 1.90 -54.8 -0.417 19.58 20.87 03a59766o0507o
59765.979868  16.353  0.015  1045   16 o  0   2.96 268.25467 -76.86036   212.25  3661.21 2.14 1.87 -60.2 -0.411 19.57 20.83 03a59766o0518o
59765.989877  16.316  0.014  1081   15 o  0   3.38 268.25467 -76.86036   189.41  3779.67 2.14 1.95 -56.1 -0.440 19.54 20.82 03a59766o0540o
59766.323304 -18.140  0.028  -201    6 c  0   6.15 268.25467 -76.86036  4965.91  3554.89 2.06 1.97  -4.8 -0.381 19.49 21.32 04a59766o0445c
59766.328641 -18.106  0.040  -208    8 c  0   2.34 268.25467 -76.86036  4982.26  3591.56 2.15 2.04 -15.0 -0.374 19.44 21.41 04a59766o0456c
59766.331517 -18.188  0.047  -193    9 c  0   2.50 268.25467 -76.86036  4918.28  3515.19 2.12 2.01 -16.8 -0.374 19.47 21.31 04a59766o0462c
59766.343158 -17.990  0.034  -231    8 c  0   3.35 268.25467 -76.86036  4890.86  3632.49 2.14 2.01 -10.9 -0.381 19.42 21.32 04a59766o0486c
59767.291909 -17.723  0.025  -296    8 c  0   2.32 268.25467 -76.86036  9599.17  4095.28 2.67 2.10 -25.8 -0.397 19.59 21.52 04a59767o0723c
59767.295356 -17.547  0.010  -348    4 c  0   3.38 268.25467 -76.86036  9617.64  4136.79 2.73 2.12 -24.3 -0.388 19.60 21.52 04a59767o0730c
59767.301492 -17.743  0.022  -290    6 c  0   4.41 268.25467 -76.86036  9553.18  4048.31 2.64 2.06 -24.5 -0.408 19.63 21.48 04a59767o0743c
59767.308471 -17.715  0.020  -298    6 c  0   6.59 268.25467 -76.86036   859.06  4128.30 2.34 2.00  44.4 -0.390 19.63 21.57 04a59767o0757c
59767.313770 -17.839  0.032  -266    8 c  0   3.18 268.25467 -76.86036   873.94  4164.14 2.35 2.00  46.5 -0.389 19.63 21.58 04a59767o0768c
59767.314702 -17.749  0.024  -289    7 c  0   2.79 268.25467 -76.86036  9523.93  4158.28 2.70 2.15 -25.0 -0.392 19.59 21.53 04a59767o0770c
59767.317834 -17.685  0.029  -306    9 c  0   2.23 268.25467 -76.86036   809.35  4095.35 2.47 2.11  46.2 -0.379 19.57 21.62 04a59767o0776c
59767.328949 -17.635  0.014  -321    4 c  0   4.44 268.25467 -76.86036   781.18  4215.94 2.49 2.05  45.4 -0.384 19.61 21.59 04a59767o0799c
59773.948791  17.124  0.072   513   37 o  0   1.19 268.25467 -76.86036  4701.48  7207.96 2.42 2.33 -83.7 -0.430 18.24 18.30 03a59774o0495o
59773.951988  17.079  0.075   535   40 o  0   1.08 268.25467 -76.86036  4717.96  7245.29 2.38 2.27 -66.3 -0.420 18.28 18.30 03a59774o0502o
59773.969472  16.974  0.066   589   39 o  0   1.03 268.25467 -76.86036  4668.32  7168.92 2.49 2.38 -69.6 -0.413 18.24 18.29 03a59774o0539o
59773.974461  17.211  0.091   474   43 o  0   0.78 268.25467 -76.86036  4648.70  7282.81 2.56 2.39 -52.7 -0.400 18.22 18.30 03a59774o0550o
59777.879962  17.383  0.046   404   19 o  0   1.29 268.25467 -76.86036  4580.47  1409.75 2.42 2.31 -44.1 -0.404 18.94 19.80 03a59778o0398o
59777.883208  17.372  0.043   408   17 o  0   1.84 268.25467 -76.86036  4602.83  1448.71 2.38 2.24 -44.3 -0.409 18.97 19.83 03a59778o0405o
59777.913221  17.388  0.061   403   24 o  0   0.63 268.25467 -76.86036  4545.12  1374.11 2.40 2.22 -42.9 -0.403 18.86 19.61 03a59778o0468o
59777.918204  17.344  0.051   419   22 o  0   0.97 268.25467 -76.86036  4518.85  1489.24 2.27 2.13 -47.5 -0.417 18.89 19.60 03a59778o0479o
59780.159407  17.486  0.043   368   16 o  0   1.07 268.25467 -76.86036  7305.62  9466.18 2.78 2.34 -74.7 -0.382 19.55 21.22 04a59780o0176o
59780.162577  17.505  0.035   362   13 o  0   1.68 268.25467 -76.86036  7319.36  9504.99 2.55 2.16 -67.5 -0.401 19.63 21.24 04a59780o0183o
59780.168544  17.470  0.035   373   13 o  0   1.76 268.25467 -76.86036  7264.95  9420.27 2.62 2.28 -81.5 -0.382 19.63 21.21 04a59780o0196o
59780.179543  17.562  0.036   343   12 o  0   2.13 268.25467 -76.86036  7240.91  9530.04 2.70 2.29 -79.9 -0.375 19.58 21.16 04a59780o0220o
59781.945658  17.336  0.107   422   45 o  0   1.02 268.25467 -76.86036  4524.23  1490.13 2.27 2.15 -34.3 -0.420 18.02 19.32 03a59782o0428o
59782.089098  17.608  0.076   329   25 o  0   0.91 268.25467 -76.86036  4579.72  1439.30 2.42 2.30 -19.7 -0.430 18.73 19.75 03a59782o0677o
59782.106497  17.606  0.049   329   16 o  0   1.80 268.25467 -76.86036  4501.42  1357.60 2.57 2.41 -14.2 -0.421 19.08 20.26 03a59782o0710o
59782.108480  17.583  0.056   336   19 o  0   1.05 268.25467 -76.86036  4478.12  1479.56 2.61 2.44 -20.0 -0.415 19.06 20.26 03a59782o0714o
59784.172279  17.744  0.054   290   16 o  0   1.23 268.25467 -76.86036  7292.27  9456.04 3.14 2.83 -76.8 -0.314 19.27 20.96 04a59784o0460o
59784.175471  17.669  0.050   311   16 o  0   1.03 268.25467 -76.86036  7305.89  9495.19 2.87 2.54 -79.3 -0.337 19.37 20.97 04a59784o0467o
59784.181025  17.683  0.046   307   14 o  0   1.81 268.25467 -76.86036  7252.06  9410.72 2.74 2.47 -74.2 -0.347 19.39 20.85 04a59784o0479o
59784.192504  17.703  0.047   301   14 o  0   1.37 268.25467 -76.86036  7226.88  9522.08 2.73 2.41 -76.0 -0.349 19.37 20.86 04a59784o0504o
59785.832812 -16.639  0.002  -802    2 c  0   8.67 268.25467 -76.86036  9284.04  6022.68 2.33 2.21 -51.3 -0.390 19.84 21.89 03a59786o0292c
59785.836069 -16.749  0.002  -725    2 c  0   9.11 268.25467 -76.86036  9302.79  6064.98 2.41 2.34  16.4 -0.395 19.82 21.89 03a59786o0299c
59785.842962 -16.702  0.002  -757    2 c  0   7.27 268.25467 -76.86036  9247.54  5977.16 2.34 2.31   2.1 -0.394 19.82 21.92 03a59786o0313c
59785.854641 -16.819  0.002  -680    2 c  0  22.98 268.25467 -76.86036  9227.47  6091.87 2.31 2.20 -49.2 -0.389 19.84 21.88 03a59786o0335c
59785.876340 -16.758  0.002  -719    2 c  0   8.74 268.25467 -76.86036   997.88  5806.77 2.39 2.16 -49.3 -0.421 19.82 21.85 03a59786o0377c
59785.879280 -16.735  0.002  -734    2 c  0   7.85 268.25467 -76.86036  1015.88  5842.51 2.32 2.15 -45.3 -0.423 19.82 21.86 03a59786o0383c
59785.885531 -16.639  0.002  -802    2 c  0   2.71 268.25467 -76.86036  9394.53  4738.10 2.51 2.42  -7.5 -0.394 19.77 21.84 03a59786o0395c
59785.895338 -16.832  0.002  -672    2 c  0  21.14 268.25467 -76.86036   940.71  5892.17 2.40 2.20 -45.9 -0.417 19.79 21.82 03a59786o0413c
59788.149507  17.767  0.051   284   14 o  0   1.55 268.25467 -76.86036  3121.80  9302.21 3.05 2.19 -80.7 -0.371 19.33 20.87 04a59788o0152o
59788.152687  17.779  0.051   281   14 o  0   1.57 268.25467 -76.86036  3136.01  9337.88 3.16 2.42 -79.9 -0.361 19.29 20.88 04a59788o0159o
59788.158615  17.809  0.059   273   16 o  0   0.98 268.25467 -76.86036  3082.39  9261.61 3.14 2.34 -80.4 -0.363 19.28 20.95 04a59788o0172o
59788.169477  17.790  0.059   278   16 o  0   1.24 268.25467 -76.86036  3055.70  9374.09 3.52 2.85  89.8 -0.321 19.19 20.92 04a59788o0196o
59796.102923  17.892  0.056   253   14 o  0   0.85 268.25467 -76.86036  5065.69  3603.48 2.03 1.87 -25.3 -0.405 19.23 20.54 04a59796o0327o
59796.129756  18.177  0.066   195   13 o  0   1.30 268.25467 -76.86036  5062.53  3626.89 2.01 1.88 -19.4 -0.412 19.23 20.47 04a59796o0384o
59796.132986  18.074  0.070   214   15 o  0   1.14 268.25467 -76.86036  4996.66  3547.87 1.98 1.88 -19.2 -0.406 19.22 20.45 04a59796o0391o
59796.139803  17.937  0.054   243   13 o  0   1.23 268.25467 -76.86036  4969.41  3660.68 1.87 1.78 -25.3 -0.405 19.25 20.50 04a59796o0406o
59797.890477  18.437  0.128   153   20 o  0   1.35 268.25467 -76.86036  7704.20  1896.98 2.78 2.61 -52.5 -0.401 18.74 19.76 03a59798o0383o
59797.893634  17.939  0.102   242   25 o  0   0.89 268.25467 -76.86036  7725.66  1937.25 2.97 2.84 -59.8 -0.394 18.70 19.76 03a59798o0390o
59797.899422  18.177  0.103   195   20 o  0   1.54 268.25467 -76.86036  7660.26  1849.84 3.05 2.88 -58.7 -0.394 18.64 19.76 03a59798o0401o
59797.910126  18.017  0.106   226   24 o  0   1.54 268.25467 -76.86036  7633.08  1959.57 2.97 2.78 -59.9 -0.407 18.70 19.74 03a59798o0424o
59800.128679  17.966  0.087   236   20 o  0   1.26 268.25467 -76.86036  5034.44  3584.69 2.08 1.95  -6.3 -0.413 18.61 19.23 04a59800o0378o
59800.131386  18.277  0.145   178   26 o  0   0.89 268.25467 -76.86036  5051.89  3621.12 2.03 1.97 -25.3 -0.412 18.59 19.25 04a59800o0384o
59800.137729  18.268  0.114   179   20 o  0   2.17 268.25467 -76.86036  4985.00  3540.77 2.05 1.94 -20.0 -0.407 18.60 19.24 04a59800o0398o
59800.147504  18.225  0.124   186   23 o  0   1.24 268.25467 -76.86036  4957.06  3653.51 2.04 1.97 -20.7 -0.399 18.61 19.26 04a59800o0418o
59801.881430  17.450  0.707   380  269 o  0   1.12 268.25467 -76.86036  4833.54  5382.96 2.53 2.42 -86.6 -0.394 16.19 15.83 03a59802o0147o
59801.885229  18.846  1.092   105  115 o  0   0.95 268.25467 -76.86036  4851.54  5421.17 2.50 2.37 -77.0 -0.395 17.16 16.95 03a59802o0155o
59801.892137 -16.871  0.984  -648  638 o  0   0.80 268.25467 -76.86036  4796.62  5343.77 2.57 2.43 -85.5 -0.371 15.30 15.00 03a59802o0169o
59801.905183  18.025  0.782   224  175 o  0   1.28 268.25467 -76.86036  4775.64  5458.12 2.36 2.20 -71.1 -0.415 16.35 16.18 03a59802o0195o
59804.061750  18.115  0.121   206   25 o  0   1.33 268.25467 -76.86036  5735.00  7672.91 2.48 2.07 -74.8 -0.380 18.54 19.18 04a59804o0234o
59804.066816  17.983  0.091   233   21 o  0   1.80 268.25467 -76.86036  5748.40  7708.44 2.51 2.12 -75.5 -0.371 18.54 19.17 04a59804o0245o
59804.070735  18.162  0.122   197   24 o  0   1.28 268.25467 -76.86036  5692.56  7628.02 2.58 2.22 -81.9 -0.362 18.50 19.19 04a59804o0253o
59804.081008  18.316  0.160   171   27 o  0   1.10 268.25467 -76.86036  5665.67  7737.64 2.56 2.17 -70.9 -0.369 18.59 19.16 04a59804o0275o
59812.076444 -16.665  0.002  -784    2 c  0  19.14 268.25467 -76.86036  9652.76  4127.90 2.99 2.01 -20.2 -0.411 19.47 21.45 04a59812o0157c
59812.080554 -16.747  0.003  -727    2 c  0   9.97 268.25467 -76.86036  9669.24  4168.08 2.89 2.06 -15.0 -0.397 19.48 21.43 04a59812o0166c
59812.091947 -16.827  0.003  -675    2 c  0  22.56 268.25467 -76.86036  9599.16  4075.21 2.81 1.95 -18.3 -0.423 19.59 21.51 04a59812o0190c
59812.097387 -16.553  0.004  -869    3 c  0   3.05 268.25467 -76.86036  9573.90  4185.76 2.80 2.07 -15.9 -0.400 19.15 21.00 04a59812o0202c
59812.102806 -16.550  0.004  -871    3 c  0   2.49 268.25467 -76.86036   912.91  4152.69 2.43 2.03  55.6 -0.379 18.98 20.84 04a59812o0214c
59812.106012 -16.742  0.003  -730    2 c  0   3.29 268.25467 -76.86036   930.24  4186.00 2.57 2.06  55.5 -0.374 19.32 21.31 04a59812o0221c
59812.111481 -16.730  0.003  -738    2 c  0  15.64 268.25467 -76.86036   864.93  4116.61 2.48 2.05  53.0 -0.373 19.46 21.42 04a59812o0233c
59812.122367 -16.717  0.003  -747    2 c  0   3.99 268.25467 -76.86036   834.39  4232.28 2.56 2.09  56.5 -0.372 19.37 21.36 04a59812o0257c
59813.888190  18.371  0.070   163   11 o  0   1.65 268.25467 -76.86036  7016.59  9472.41 2.56 2.13 -43.4 -0.424 19.40 20.83 03a59814o0381o
59813.891399  18.398  0.096   159   15 o  0   1.20 268.25467 -76.86036  7033.12  9509.44 2.68 2.17 -40.7 -0.417 19.38 20.83 03a59814o0388o
59813.897738  18.543  0.090   139   13 o  0   0.99 268.25467 -76.86036  6986.03  9423.89 2.75 2.19 -40.8 -0.415 19.52 20.97 03a59814o0402o
59813.932995  18.787  0.184   111   20 o  0   1.07 268.25467 -76.86036  6976.81  9531.84 2.73 2.22 -40.2 -0.407 19.09 20.52 03a59814o0478o
59816.131872 -16.553  0.038  -869   33 c  0   1.64 268.25467 -76.86036  9602.65  4100.79 2.75 2.01 -19.6 -0.413 18.39 20.36 04a59816o0367c
59816.135054 -16.664  0.003  -784    2 c  0  10.85 268.25467 -76.86036  9620.53  4141.88 2.86 2.05 -19.4 -0.409 19.22 21.23 04a59816o0374c
59816.141171 -16.602  0.039  -830   32 c  0   1.39 268.25467 -76.86036  9555.56  4052.23 2.79 2.04 -21.3 -0.396 17.70 19.52 04a59816o0387c
59816.149339 -16.159  0.037 -1249   46 c  0   1.19 268.25467 -76.86036   868.26  4132.08 2.32 1.97  45.6 -0.378 18.63 20.62 04a59816o0405c
59816.151631 -16.333  0.062 -1063   66 c  0   1.59 268.25467 -76.86036  9528.12  4161.76 2.74 2.04 -20.7 -0.412 18.35 20.13 04a59816o0410c
59816.152981 -16.748  0.102  -726   74 c  0   1.83 268.25467 -76.86036   885.14  4166.32 2.34 2.00  42.9 -0.378 18.44 20.38 04a59816o0413c
59816.159796 -16.705  0.029  -755   22 c  0   1.72 268.25467 -76.86036   818.81  4097.92 2.26 1.91  43.0 -0.387 18.11 19.91 04a59816o0428c
59816.169591 -16.708  0.002  -753    2 c  0  32.21 268.25467 -76.86036   790.98  4216.63 2.30 1.95  48.8 -0.395 19.67 21.73 04a59816o0449c
59820.050787 -16.611  0.002  -823    2 c  0   2.57 268.25467 -76.86036  3164.39  7453.09 2.63 2.06 -84.4 -0.375 19.56 21.51 04a59820o0193c
59820.053943 -16.595  0.003  -836    2 c  0   1.88 268.25467 -76.86036  3179.02  7488.84 2.66 2.14 -83.2 -0.371 19.57 21.50 04a59820o0200c
59820.059369 -16.623  0.002  -814    2 c  0  13.42 268.25467 -76.86036  3121.89  7412.94 2.56 2.01 -81.8 -0.381 19.61 21.52 04a59820o0212c
59820.072956 -16.561  0.002  -862    2 c  0   3.62 268.25467 -76.86036  3094.07  7524.49 2.61 2.04 -78.2 -0.371 19.62 21.55 04a59820o0242c
59821.849612  18.761  0.182   114   21 o  0   0.92 268.25467 -76.86036 10347.95  9841.74 4.17 3.55 -43.7 -0.418 19.04 21.17 03a59822o0267o
59821.852581  18.601  0.148   132   20 o  0   0.93 268.25467 -76.86036 10364.82  9882.87 4.02 3.38 -44.5 -0.399 19.08 21.16 03a59822o0273o
59821.859236  18.802  0.179   109   20 o  0   1.06 268.25467 -76.86036 10316.32  9789.11 4.23 3.85 -50.9 -0.399 18.91 21.07 03a59822o0279o
59821.870839  18.771  0.138   113   16 o  0   1.49 268.25467 -76.86036 10302.22  9896.43 3.66 3.20 -47.3 -0.395 19.07 21.00 03a59822o0302o
59821.889775  19.769  0.525    45   24 o  0   0.95 268.25467 -76.86036  2834.83  9204.82 5.02 4.58 -50.3 -0.346 18.77 21.01 03a59822o0340o
59821.892717  18.739  0.219   116   25 o  0   1.20 268.25467 -76.86036  2852.08  9241.25 5.59 5.21 -52.7 -0.370 18.53 20.94 03a59822o0346o
59821.898582  19.236  0.268    73   20 o  0   1.34 268.25467 -76.86036  2804.88  9165.77 4.61 4.20 -48.4 -0.334 18.86 20.99 03a59822o0358o
59821.908565  19.449  0.423    60   26 o  0   1.19 268.25467 -76.86036  2787.82  9283.38 5.97 5.35 -50.1 -0.342 18.43 20.93 03a59822o0378o
59824.137912  18.724  0.120   118   14 o  0   1.13 268.25467 -76.86036  3099.04  7420.83 2.31 1.94 -86.4 -0.392 19.31 20.64 04a59824o0219o
59824.140633  18.728  0.102   117   12 o  0   1.38 268.25467 -76.86036  3117.67  7457.30 2.21 1.79 -86.6 -0.399 19.37 20.65 04a59824o0225o
59824.146421  18.611  0.097   130   13 o  0   1.66 268.25467 -76.86036  3059.74  7383.60 2.28 1.86 -83.9 -0.392 19.34 20.65 04a59824o0237o
59824.152405  18.630  0.097   128   12 o  0   0.93 268.25467 -76.86036  3037.62  7501.00 2.30 1.84 -83.5 -0.395 19.32 20.77 04a59824o0250o
59825.779723  18.547  0.107   138   15 o  0   1.61 268.25467 -76.86036  4875.19  3553.28 2.39 2.16 -45.8 -0.457 19.16 20.31 03a59826o0145o
59828.037946  18.727  0.197   117   23 o  0   0.61 268.25467 -76.86036  2457.33  1707.98 2.44 1.98  41.9 -0.420 18.77 19.55 04a59828o0150o
59828.041104  19.384  0.810    64   52 o  0   0.47 268.25467 -76.86036  2476.36  1742.80 2.37 1.91  40.6 -0.434 18.78 19.54 04a59828o0157o
59828.048325  18.836  0.241   106   26 o  0   0.97 268.25467 -76.86036  2401.26  1669.34 2.37 1.89  43.2 -0.430 18.82 19.57 04a59828o0173o
59828.082119  19.381  0.247    64   16 o  0   2.58 268.25467 -76.86036  2351.73  1774.40 2.65 2.13  47.6 -0.396 18.70 19.57 04a59828o0246o
59829.848724  19.072  0.300    85   26 o  0   1.49 268.25467 -76.86036  4876.53  3548.71 2.40 2.18 -55.4 -0.430 18.56 18.99 03a59830o0290o
59829.851966  18.686  0.209   122   26 o  0   1.16 268.25467 -76.86036  4895.96  3586.41 2.31 2.08 -54.8 -0.423 18.62 19.00 03a59830o0297o
59829.865803  18.429  0.194   154   30 o  0   0.82 268.25467 -76.86036  4834.84  3507.07 2.33 2.04 -56.1 -0.425 18.60 18.97 03a59830o0326o
59829.874744  19.456  0.436    60   26 o  0   0.95 268.25467 -76.86036  4810.40  3620.53 2.37 2.12 -57.1 -0.419 18.57 18.95 03a59830o0345o
59832.139162  19.171  0.522    78   41 o  0   0.67 268.25467 -76.86036  2361.26  1679.07 2.40 2.02  48.6 -0.425 18.31 18.59 04a59832o0380o
59832.142869  18.975  0.377    93   35 o  0   1.12 268.25467 -76.86036  2379.73  1716.34 2.51 2.13  51.2 -0.399 18.21 18.57 04a59832o0388o
59832.148863  18.976  0.389    93   36 o  0   1.05 268.25467 -76.86036  2307.84  1644.87 2.35 1.95  47.2 -0.415 18.28 18.55 04a59832o0401o
59832.159513  18.660  0.285   125   36 o  0   0.91 268.25467 -76.86036  2277.31  1765.28 2.40 1.97  49.1 -0.408 18.26 18.53 04a59832o0424o
59840.067543  19.304  0.269    69   19 o  0   1.08 268.25467 -76.86036  9994.92  2029.71 3.74 2.80 -30.6 -0.338 18.98 20.90 04a59840o0037o
59840.071168  20.670  1.000    20   20 o  0   0.75 268.25467 -76.86036 10014.22  2069.94 3.99 3.01 -25.5 -0.321 18.97 20.84 04a59840o0045o
59840.076638  19.297  0.237    69   16 o  0   1.14 268.25467 -76.86036  9944.75  1977.20 3.43 2.95 -24.2 -0.335 19.11 20.83 04a59840o0057o
59840.097220  20.146  0.533    32   17 o  0   0.83 268.25467 -76.86036  9907.50  2086.41 3.51 2.55 -25.8 -0.359 19.12 20.71 04a59840o0101o
59841.748917 -16.576  0.003  -851    2 c  0   3.02 268.25467 -76.86036  9485.00  4212.74 2.77 2.26 -59.7 -0.401 19.52 21.31 03a59842o0062c
59841.752103 -16.609  0.003  -825    2 c  0  11.33 268.25467 -76.86036  9503.28  4254.84 2.70 2.19 -60.6 -0.408 19.55 21.34 03a59842o0069c
59841.757578 -16.563  0.002  -861    2 c  0  19.18 268.25467 -76.86036  9445.16  4163.81 2.71 2.22 -60.7 -0.403 19.54 21.36 03a59842o0081c
59841.768468 -16.507  0.002  -906    2 c  0   9.72 268.25467 -76.86036  9421.52  4273.71 2.68 2.20 -60.1 -0.398 19.57 21.41 03a59842o0104c
59841.775799 -16.635  0.003  -805    2 c  0   3.35 268.25467 -76.86036   737.51  4011.11 2.66 2.45 -54.7 -0.399 19.59 21.45 03a59842o0120c
59841.778966 -16.527  0.002  -890    2 c  0   4.21 268.25467 -76.86036   756.65  4046.67 2.63 2.41 -56.0 -0.406 19.60 21.50 03a59842o0127c
59841.785815 -16.642  0.002  -800    2 c  0   8.03 268.25467 -76.86036   697.93  3977.68 2.69 2.48 -61.4 -0.400 19.60 21.49 03a59842o0142c
59841.795807 -16.650  0.003  -794    2 c  0  11.35 268.25467 -76.86036   675.20  4096.81 2.66 2.47 -58.3 -0.397 19.57 21.51 03a59842o0164c
59844.020139  19.061  0.150    86   13 o  0   1.39 268.25467 -76.86036  2959.33  3782.47 2.30 2.09  64.5 -0.416 19.19 20.55 04a59844o0111o
59844.022868  19.308  0.198    69   14 o  0   1.14 268.25467 -76.86036  2977.90  3817.31 2.23 2.06  65.4 -0.415 19.21 20.56 04a59844o0117o
59844.027827  19.041  0.150    88   13 o  0   1.34 268.25467 -76.86036  2910.74  3743.71 2.24 2.03  61.1 -0.422 19.23 20.60 04a59844o0128o
59844.038881  19.334  0.216    67   14 o  0   0.76 268.25467 -76.86036  2881.06  3857.65 2.16 1.93  69.6 -0.421 19.24 20.57 04a59844o0152o
59851.989636  19.322  0.312    68   21 o  0   1.52 268.25467 -76.86036  5610.21  9479.90 3.17 2.41 -71.0 -0.387 18.75 19.86 04a59852o0036o
59851.993258  19.026  0.260    89   23 o  0   0.83 268.25467 -76.86036  5624.30  9517.40 2.94 2.33 -76.5 -0.379 18.93 20.12 04a59852o0044o
59852.004050  18.829  0.192   107   20 o  0   0.99 268.25467 -76.86036  5565.82  9434.57 3.03 2.37 -73.5 -0.398 19.08 20.69 04a59852o0067o
59852.009004  20.109  0.473    33   16 o  0   1.28 268.25467 -76.86036  5545.56  9548.81 2.97 2.48 -72.7 -0.376 19.10 20.50 04a59852o0078o
59853.749545  18.868  0.148   103   15 o  0   1.36 268.25467 -76.86036  2893.63  7360.92 2.48 2.18 -52.8 -0.379 19.13 20.07 03a59854o0051o
59853.765827  19.715  0.330    47   16 o  0   1.31 268.25467 -76.86036  2911.80  7399.04 2.47 2.19 -58.5 -0.382 19.18 20.21 03a59854o0086o
59853.768993  19.936  0.441    38   17 o  0   1.01 268.25467 -76.86036  2861.51  7323.71 2.44 2.16 -57.7 -0.380 19.17 20.18 03a59854o0093o
59853.775354  19.751  0.337    46   15 o  0   1.07 268.25467 -76.86036  2841.00  7440.72 2.51 2.20 -58.2 -0.380 19.13 20.16 03a59854o0107o
59855.991779  19.178  0.517    77   40 o  0   0.92 268.25467 -76.86036  5602.35  9471.07 3.58 3.01 -74.6 -0.331 18.15 18.91 04a59856o0017o
59855.994977  19.320  0.500    68   34 o  0   1.18 268.25467 -76.86036  5617.28  9510.09 3.56 3.00 -77.8 -0.338 18.27 19.19 04a59856o0024o
59856.000416  19.536  0.540    56   30 o  0   1.04 268.25467 -76.86036  5561.67  9429.32 3.42 3.09 -75.2 -0.330 18.39 19.40 04a59856o0036o
59856.010854  19.986  0.818    37   30 o  0   0.84 268.25467 -76.86036  5539.27  9542.67 3.54 3.14 -87.7 -0.324 18.45 19.46 04a59856o0059o
59857.740651 -24.223 182.000    -1  135 o  0   1.24 268.25467 -76.86036  2321.18  1613.65 2.43 2.16 -65.0 -0.401 16.82 16.63 03a59858o0019o
59857.744281  18.896  0.452   100   45 o  0   1.12 268.25467 -76.86036  2341.35  1649.45 2.39 2.12 -67.6 -0.402 17.99 18.10 03a59858o0027o
59857.749733  24.532 136.000     1   76 o  0   1.19 268.25467 -76.86036  2275.15  1576.61 2.38 2.12 -61.9 -0.406 17.35 17.33 03a59858o0039o
59857.762806  18.874  0.170   102   17 o  0   1.44 268.25467 -76.86036  2247.99  1696.16 2.35 2.14 -70.4 -0.405 18.78 19.37 03a59858o0067o
59860.008135  19.488  0.740    58   43 o  0   0.69 268.25467 -76.86036  3071.06  5590.36 2.57 2.32 -88.0 -0.397 17.86 18.45 04a59860o0070o
59860.011745 -19.887  1.381   -40   56 o  0   0.98 268.25467 -76.86036  3088.41  5626.42 2.53 2.29  88.8 -0.398 17.97 18.84 04a59860o0078o
59860.021724  21.176  3.176    12   39 o  0   0.96 268.25467 -76.86036  3023.74  5551.41 2.51 2.30 -88.1 -0.386 18.00 18.55 04a59860o0099o
59860.027649 -20.322  0.983   -27   26 o  0   1.36 268.25467 -76.86036  3000.64  5668.35 2.48 2.24 -87.4 -0.373 18.25 18.78 04a59860o0112o
59861.814709  18.857  0.887   104   92 o  0   1.08 268.25467 -76.86036  2300.91  1617.31 2.97 2.70 -71.5 -0.388 17.13 17.18 03a59862o0182o
59861.817945  18.206  0.473   190   90 o  0   0.82 268.25467 -76.86036  2321.62  1654.08 2.93 2.64 -69.2 -0.395 17.33 17.37 03a59862o0189o
59861.823506 -18.466  0.557  -149   83 o  0   0.62 268.25467 -76.86036  2253.71  1581.23 2.90 2.62 -70.5 -0.382 17.37 17.33 03a59862o0201o
59861.841422  19.676  1.821    49   89 o  0   0.80 268.25467 -76.86036  2223.32  1701.24 2.94 2.68 -66.8 -0.378 17.26 17.19 03a59862o0240o
59864.080933  20.061  0.676    34   23 o  0   1.64 268.25467 -76.86036  3017.83  5585.52 2.74 2.50  81.8 -0.370 18.38 19.33 04a59864o0224o
59864.084591  20.165  0.680    31   21 o  0   1.08 268.25467 -76.86036  3034.85  5622.93 2.38 2.14  81.5 -0.391 18.54 19.30 04a59864o0232o
59864.090109  19.105  0.300    83   25 o  0   0.85 268.25467 -76.86036  2975.25  5551.57 2.28 2.03  84.8 -0.384 18.54 19.25 04a59864o0244o
59864.104405  20.512  0.981    23   22 o  0   1.97 268.25467 -76.86036  2952.41  5672.63 2.45 2.15  82.9 -0.366 18.46 19.19 04a59864o0275o
59865.745789  19.457  0.312    60   19 o  0   1.55 268.25467 -76.86036    57.17  1993.90 2.73 2.41 -89.6 -0.383 18.83 19.74 03a59866o0029o
59865.749882  19.580  0.289    54   16 o  0   1.91 268.25467 -76.86036    77.86  2028.87 2.82 2.43 -84.9 -0.384 18.94 20.07 03a59866o0038o
59869.740727 -20.037  2.314   -35   81 o  0   1.46 268.25467 -76.86036  9907.78  2140.08 2.43 2.08 -62.4 -0.396 16.97 17.06 03a59870o0013o
59869.743934  19.794  1.454    44   64 o  0   1.42 268.25467 -76.86036  9927.46  2179.58 2.69 2.24 -63.3 -0.367 17.29 17.63 03a59870o0020o
59869.746192 -20.547  2.311   -22   51 o  0   1.18 268.25467 -76.86036    60.40  1995.34 2.66 2.39 -83.7 -0.357 17.82 18.39 03a59870o0025o
59869.749463  19.970  1.647    37   62 o  0   1.27 268.25467 -76.86036    81.60  2033.30 2.66 2.34 -88.5 -0.378 17.83 18.70 03a59870o0032o
59869.750390  20.218  1.575    30   47 o  0   1.01 268.25467 -76.86036  9861.14  2081.06 2.72 2.29 -70.7 -0.379 17.89 18.76 03a59870o0034o
59869.773213  19.358  0.199    66   13 o  0   1.65 268.25467 -76.86036  9827.50  2178.73 2.64 2.21 -65.1 -0.396 19.13 20.41 03a59870o0083o
59877.758172  23.961 56.500     1   53 o  0   1.28 268.25467 -76.86036  2788.26  3709.43 2.77 2.52 -72.2 -0.408 17.56 18.46 03a59878o0040o
59877.761122  19.361  0.554    65   36 o  0   1.31 268.25467 -76.86036  2807.01  3745.01 3.00 2.71 -73.0 -0.384 18.06 19.25 03a59878o0046o
59877.779866  19.664  0.761    50   38 o  0   1.07 268.25467 -76.86036  2745.63  3672.03 2.84 2.52 -72.4 -0.409 18.27 19.59 03a59878o0086o
59877.786458  20.550  1.976    22   43 o  0   0.98 268.25467 -76.86036  2721.63  3784.42 2.90 2.60 -72.4 -0.411 18.10 19.44 03a59878o0100o
59972.355530 -22.572  3.545    -3   12 o  0   1.41 268.25467 -76.86036  5739.85  5174.97 1.95 1.75 -58.4 -0.433 19.29 20.52 04a59972o0711o
59972.359998  20.774  0.716    18   13 o  0   1.32 268.25467 -76.86036  5719.88  5140.72 1.93 1.75 -63.7 -0.425 19.24 20.41 04a59972o0720o
59972.371785  19.661  0.414    50   20 o  0   1.12 268.25467 -76.86036  5776.33  5217.31 1.96 1.76 -56.9 -0.432 18.68 19.36 04a59972o0744o
59972.376584  19.966  0.967    38   36 o  0   0.95 268.25467 -76.86036  5794.79  5106.63 1.99 1.84 -59.9 -0.442 18.12 18.38 04a59972o0754o
59978.086654  20.139  0.487    32   16 o  0   1.09 268.25467 -76.86036  6006.97  9135.82 3.09 2.54 -36.7 -0.382 19.07 20.45 03a59978o0690o
59978.089882 -20.238  0.556   -29   16 o  0   0.94 268.25467 -76.86036  5982.99  9097.95 2.76 2.29 -39.2 -0.385 19.19 20.45 03a59978o0697o
59978.105949  20.988  1.102    15   16 o  0   0.93 268.25467 -76.86036  6044.10  9180.13 2.72 2.25 -37.0 -0.386 19.20 20.40 03a59978o0731o
59978.114890 -20.123  0.638   -32   21 o  0   1.29 268.25467 -76.86036  6063.66  9064.09 2.79 2.33 -33.6 -0.376 18.80 19.69 03a59978o0750o
59980.342551  19.593  0.618    53   33 o  0   0.71 268.25467 -76.86036  3383.03  1182.97 2.15 1.87  35.3 -0.444 18.43 18.87 04a59980o0692o
59980.345783 -20.636  1.537   -20   31 o  0   0.89 268.25467 -76.86036  3366.81  1144.76 2.13 1.86  44.6 -0.431 18.49 18.89 04a59980o0699o
59980.362607 -20.344  1.430   -26   38 o  0   1.09 268.25467 -76.86036  3422.72  1227.03 2.31 2.23   6.7 -0.480 18.35 18.98 04a59980o0734o
59980.373642  21.678  4.102     8   32 o  0   0.85 268.25467 -76.86036  3440.54  1118.48 2.16 1.95  38.3 -0.454 18.42 18.92 04a59980o0758o
59987.089603  21.575  2.071     8   18 o  0   1.52 268.25467 -76.86036  8471.62   336.53 2.47 2.24 -42.8 -0.409 18.82 19.69 03a59987o0713o
59987.104987 -19.941  0.506   -38   19 o  0   1.10 268.25467 -76.86036  8495.14   280.68 2.44 2.24 -32.4 -0.425 18.83 19.72 03a59987o0745o
59987.122130 -22.164  3.917    -5   19 o  0   1.02 268.25467 -76.86036  8589.39   362.07 2.32 2.10 -45.5 -0.429 18.90 19.67 03a59987o0782o
59987.129177  20.260  0.902    29   26 o  0   1.26 268.25467 -76.86036  8630.91   228.87 2.28 2.07 -43.1 -0.439 18.72 19.30 03a59987o0797o
59988.360424 -19.599  0.650   -52   34 o  0   0.78 268.25467 -76.86036    52.51   967.12 2.62 1.61  34.5 -0.507 19.00 19.87 04a59988o0694o
59988.366849 -19.887  0.436   -40   18 o  0   1.47 268.25467 -76.86036  7590.78  1286.62 2.17 2.10 -37.5 -0.413 18.99 19.81 04a59988o0708o
59988.376488  20.198  1.061    30   32 o  0   0.98 268.25467 -76.86036    43.74   932.94 2.53 1.61  36.6 -0.519 18.97 19.81 04a59988o0728o
59988.376945  21.804  2.680     7   18 o  0   1.50 268.25467 -76.86036  7577.03  1255.03 2.19 2.01 -27.5 -0.424 18.92 19.79 04a59988o0729o
59988.378795  23.402 12.200     2   19 o  0   1.02 268.25467 -76.86036  7628.95  1325.78 2.26 2.21 -15.0 -0.426 18.89 19.66 04a59988o0733o
59988.388531 -20.051  1.016   -35   35 o  0   0.77 268.25467 -76.86036   103.54  1025.83 2.46 1.69  36.0 -0.529 18.64 19.24 04a59988o0753o
59988.389908  20.772  1.643    18   29 o  0   1.27 268.25467 -76.86036  7649.24  1212.04 2.27 2.05 -32.2 -0.419 18.43 18.92 04a59988o0756o
59988.392245 -22.697 13.300    -3   40 o  0   1.18 268.25467 -76.86036   120.26   912.37 2.86 1.69  39.1 -0.479 18.33 18.62 04a59988o0761o
59996.370517 -16.510  0.002  -904    2 c  0  11.54 268.25467 -76.86036  5776.37  7046.75 2.39 1.94 -70.2 -0.391 19.36 21.07 04a59996o0640c
59996.378334 -16.536  0.002  -882    2 c  0  62.13 268.25467 -76.86036  5758.38  7013.16 2.46 1.95 -64.8 -0.399 19.36 21.04 04a59996o0656c
59996.382392 -16.576  0.002  -850    2 c  0  13.88 268.25467 -76.86036  5819.77  7097.66 2.33 1.94 -65.4 -0.398 19.36 21.03 04a59996o0665c
59996.392269 -16.409  0.014  -992   14 c  0   2.12 268.25467 -76.86036  5845.85  6979.32 2.58 2.05 -66.0 -0.384 18.82 19.85 04a59996o0685c
60003.113780 -20.621  0.829   -20   17 o  0   0.94 268.25467 -76.86036  4854.32   714.60 2.56 2.51 -44.1 -0.379 19.04 20.28 03a60003o0773o
60003.126793 -20.237  0.566   -29   16 o  0   1.47 268.25467 -76.86036  4866.27   684.98 2.80 2.69 -82.8 -0.366 18.95 20.21 03a60003o0800o
60003.139848  20.917  1.542    16   24 o  0   1.38 268.25467 -76.86036  4952.92   775.46 2.51 2.49  23.0 -0.385 18.50 19.06 03a60003o0827o
60003.144027 -20.612  2.371   -21   49 o  0   0.96 268.25467 -76.86036  4981.14   671.93 2.62 2.51 -63.7 -0.362 17.95 18.10 03a60003o0836o
60004.340545 -16.607  0.002  -827    2 c  0  18.99 268.25467 -76.86036  5030.70  3000.87 2.42 2.38  73.2 -0.418 19.44 21.29 04a60004o0681c
60004.343750 -16.631  0.002  -808    2 c  0  18.43 268.25467 -76.86036  5013.75  2964.58 2.08 2.07  14.3 -0.408 19.54 21.32 04a60004o0688c
60004.349293 -16.464  0.002  -943    2 c  0  10.11 268.25467 -76.86036  5070.33  3044.71 2.26 2.25  16.0 -0.408 19.48 21.34 04a60004o0700c
60004.359377 -16.642  0.002  -800    2 c  0  44.74 268.25467 -76.86036  5090.95  2936.22 2.16 2.08  17.5 -0.414 19.57 21.37 04a60004o0722c
60008.372481 -22.254  6.474    -5   30 o  0   0.99 268.25467 -76.86036  5051.43  3025.40 2.04 1.92  -3.1 -0.477 18.52 19.63 04a60008o0717o
60008.376565  20.447  1.552    24   37 o  0   1.69 268.25467 -76.86036  5036.48  2988.90 2.06 1.95   3.4 -0.501 18.00 19.16 04a60008o0726o
60008.395138  20.761  2.120    18   38 o  0   0.89 268.25467 -76.86036  5102.73  3076.38 2.05 1.91 -12.8 -0.502 18.43 19.29 04a60008o0765o
60008.403845  18.294  1.023   175  179 o  0   1.49 268.25467 -76.86036  5125.29  2964.58 2.09 1.92 -23.7 -0.510 16.48 16.28 04a60008o0784o
60008.405648  19.560  1.479    54   80 o  0   0.78 268.25467 -76.86036  5092.98  3024.55 2.14 2.03 -28.1 -0.507 17.48 17.31 04a60008o0788o
60012.335608  19.703  0.577    48   28 o  0   0.66 268.25467 -76.86036  1145.85  6613.38 2.21 1.86 -86.5 -0.378 18.63 19.08 04a60012o0710o
60012.338182 -21.975  3.347    -6   20 o  0   1.32 268.25467 -76.86036  1126.85  6572.08 2.25 1.89 -82.3 -0.373 18.60 19.04 04a60012o0715o
60012.348045 -22.318  5.243    -4   22 o  0   1.08 268.25467 -76.86036  1194.31  6661.91 2.23 1.83 -87.5 -0.379 18.64 19.11 04a60012o0736o
60012.350239  21.610  3.855     8   32 o  0   0.84 268.25467 -76.86036  9899.21  6397.77 2.42 2.02  -9.5 -0.438 18.58 19.05 04a60012o0740o
60012.352536  20.458  1.152    24   27 o  0   1.26 268.25467 -76.86036  9879.66  6360.55 2.35 1.97 -12.3 -0.441 18.58 19.05 04a60012o0745o
60012.354244 -20.018  0.627   -36   22 o  0   1.38 268.25467 -76.86036  1216.85  6551.05 2.26 1.92 -83.3 -0.376 18.61 19.12 04a60012o0748o
60012.362202  19.735  0.536    46   25 o  0   1.42 268.25467 -76.86036  9945.63  6432.91 2.26 1.91 -12.6 -0.468 18.61 19.09 04a60012o0765o
60012.387705  19.990  0.892    37   33 o  0   0.78 268.25467 -76.86036  9976.47  6328.69 2.45 2.03 -13.8 -0.437 18.61 19.14 04a60012o0819o
60016.354225  23.663 16.000     1   20 o  0   0.85 268.25467 -76.86036  1161.04  6626.45 2.40 1.97  78.0 -0.365 18.84 19.59 04a60016o0749o
60016.368444  21.977  3.043     6   18 o  0   1.12 268.25467 -76.86036  1151.18  6590.87 2.28 1.91  81.2 -0.372 18.85 19.60 04a60016o0779o
60016.372073  21.206  1.253    12   15 o  0   1.80 268.25467 -76.86036  1216.11  6679.17 2.33 1.91  80.5 -0.370 18.83 19.61 04a60016o0787o
60016.382328  21.197  1.904    12   23 o  0   1.01 268.25467 -76.86036  9917.79  6423.26 2.34 1.87  -7.0 -0.466 18.85 19.59 04a60016o0808o
60016.383688 -23.988 19.750    -1   18 o  0   1.26 268.25467 -76.86036  1245.20  6571.08 2.14 1.83  84.5 -0.376 18.88 19.63 04a60016o0811o
60016.386423  21.096  1.548    13   20 o  0   1.46 268.25467 -76.86036  9898.01  6394.03 2.48 1.96  -5.0 -0.444 18.87 19.60 04a60016o0817o
60016.398874 -19.720  0.552   -47   26 o  0   1.19 268.25467 -76.86036  9969.57  6465.17 2.52 1.99  -9.7 -0.433 18.83 19.51 04a60016o0843o
60016.406779 -20.285  1.191   -28   33 o  0   1.20 268.25467 -76.86036  9992.87  6351.83 2.63 1.94  -5.9 -0.432 18.39 18.75 04a60016o0860o
60020.372753 -23.024  5.000    -2   11 o  0   1.58 268.25467 -76.86036  7616.48  3189.31 2.23 1.83 -18.3 -0.428 19.23 20.50 04a60020o0839o
60020.376846 -21.420  1.385   -10   14 o  0   0.93 268.25467 -76.86036  7601.30  3155.23 2.20 1.89 -22.4 -0.423 19.31 20.49 04a60020o0848o
60020.398144  22.711  4.750     3   14 o  0   1.50 268.25467 -76.86036  7672.06  3237.41 2.23 1.84 -22.3 -0.424 19.22 20.31 04a60020o0893o
60020.405728 -20.706  0.980   -19   19 o  0   0.93 268.25467 -76.86036  7694.27  3124.12 2.30 1.84 -19.2 -0.405 18.87 19.58 04a60020o0908o
60023.114740 -16.505  0.003  -908    2 c  0   2.05 268.25467 -76.86036  7628.09  1351.54 2.61 2.38 -60.6 -0.396 19.49 21.25 03a60023o0817c
60024.367335  21.282  1.072    11   12 o  0   1.20 268.25467 -76.86036  7618.19  3194.36 2.25 1.91 -17.7 -0.422 19.37 20.67 04a60024o0757o
60024.371438 -20.069  0.335   -34   11 o  0   1.16 268.25467 -76.86036  7603.71  3160.08 2.27 1.86 -19.0 -0.426 19.30 20.67 04a60024o0766o
60024.378229 -21.690  2.020    -8   16 o  0   0.79 268.25467 -76.86036  7662.51  3235.06 2.25 2.09 -20.9 -0.455 19.30 20.64 04a60024o0781o
60024.397190 -21.587  1.600    -8   14 o  0   1.35 268.25467 -76.86036  7693.97  3126.45 2.28 2.12 -16.4 -0.423 19.30 20.64 04a60024o0822o
60028.380287 -20.082  0.431   -34   14 o  0   1.09 268.25467 -76.86036  8457.48  8928.43 2.38 2.09 -28.1 -0.437 19.26 20.57 04a60028o0677o
60028.386941 -21.994  2.455    -6   14 o  0   1.07 268.25467 -76.86036  8439.58  8895.99 2.18 1.91 -22.4 -0.447 19.31 20.59 04a60028o0691o
60028.401894 -23.002  5.824    -2   13 o  0   1.99 268.25467 -76.86036  8521.55  8973.28 2.17 1.96 -17.5 -0.450 19.29 20.49 04a60028o0721o
60028.406314  22.911  6.900     2   17 o  0   1.05 268.25467 -76.86036  8545.55  8854.88 2.15 1.87 -12.5 -0.419 19.11 20.14 04a60028o0730o
60031.114292 -16.498  0.002  -914    2 c  0   4.73 268.25467 -76.86036  5613.60  7021.47 2.44 2.16 -50.9 -0.388 19.62 21.34 03a60031o0789c
60031.117642 -16.613  0.002  -822    2 c  0  20.04 268.25467 -76.86036  5594.06  6982.71 2.44 2.18 -54.3 -0.389 19.58 21.38 03a60031o0796c
60031.139858 -16.489  0.002  -922    2 c  0   5.97 268.25467 -76.86036  5658.73  7057.34 2.50 2.24 -54.1 -0.389 19.58 21.41 03a60031o0841c
60031.150435 -16.480  0.002  -929    2 c  0   3.89 268.25467 -76.86036  5683.61  6942.58 2.51 2.27 -59.1 -0.385 19.44 21.11 03a60031o0862c
60032.378263 -21.361  1.568   -10   16 o  0   0.86 268.25467 -76.86036  8464.39  8935.36 2.25 1.97 -28.6 -0.451 19.33 20.68 04a60032o0849o
60032.391218 -20.946  0.813   -15   12 o  0   1.72 268.25467 -76.86036  8452.00  8906.01 2.20 1.96 -29.6 -0.447 19.32 20.68 04a60032o0873o
60032.394062  20.457  0.586    24   14 o  0   1.13 268.25467 -76.86036  8522.09  8976.24 2.20 2.04 -14.2 -0.445 19.33 20.67 04a60032o0879o
60032.400364 -22.050  2.974    -6   16 o  0   1.00 268.25467 -76.86036  8546.96  8859.77 2.27 2.08 -25.5 -0.427 19.26 20.54 04a60032o0892o
60035.319349  23.318  8.727     2   15 o  0   1.42 268.25467 -76.86036   818.97  8725.13 2.62 2.05 -83.1 -0.376 19.25 20.57 04a60035o0739o
60035.336368 -19.648  0.279   -50   14 o  0   1.20 268.25467 -76.86036   810.44  8690.45 2.55 1.96 -86.2 -0.381 19.23 20.45 04a60035o0775o
60035.355048  20.103  0.403    33   13 o  0   1.60 268.25467 -76.86036   895.42  8788.67 2.63 1.98 -88.1 -0.378 19.25 20.41 04a60035o0814o
60035.359921  23.263  8.286     2   15 o  0   0.80 268.25467 -76.86036   919.92  8676.95 2.36 1.86 -75.5 -0.393 19.24 20.38 04a60035o0824o
60037.087237 -20.350  0.482   -26   13 o  0   1.21 268.25467 -76.86036  5015.15  2964.19 2.19 1.99 -49.6 -0.434 19.16 20.13 03a60037o0641o
60037.090052 -19.737  0.298   -46   14 o  0   0.91 268.25467 -76.86036  4999.88  2924.05 2.12 1.96 -48.8 -0.442 19.24 20.21 03a60037o0647o
60037.111557  20.640  0.855    20   17 o  0   1.21 268.25467 -76.86036  5058.61  2997.96 2.21 2.00 -54.3 -0.424 19.04 19.90 03a60037o0692o
60037.117556  22.799  5.364     3   15 o  0   1.56 268.25467 -76.86036  5079.79  2884.84 2.27 2.03 -55.2 -0.418 19.05 19.94 03a60037o0705o
60040.095890  20.920  1.606    16   25 o  0   0.96 268.25467 -76.86036  6791.39  1014.89 2.17 2.02 -46.9 -0.431 18.66 18.94 03a60040o0662o
60040.131033 -21.387  2.582   -10   26 o  0   0.82 268.25467 -76.86036  6839.68  1051.93 2.11 1.93 -44.1 -0.456 18.71 19.00 03a60040o0734o
60041.330118  22.273  6.517     4   29 o  0   1.41 268.25467 -76.86036  6787.70  1036.48 2.44 2.17  -9.6 -0.396 18.49 19.00 04a60041o0750o
60041.333013 -20.392  1.142   -25   29 o  0   1.14 268.25467 -76.86036  6773.30  1000.39 2.38 2.16 -12.3 -0.395 18.53 19.01 04a60041o0756o
60046.060961 -19.615  0.668   -52   35 o  0   1.82 268.25467 -76.86036  1488.07  6862.58 2.46 2.13 -60.2 -0.401 18.08 18.47 03a60046o0721o
60046.078010 -20.903  2.932   -16   46 o  0   1.07 268.25467 -76.86036  1472.00  6814.28 2.41 2.10 -62.0 -0.411 17.96 18.48 03a60046o0755o
60046.096687  21.908  4.316     6   27 o  0   1.14 268.25467 -76.86036  1536.32  6897.09 2.43 2.10 -65.2 -0.395 18.50 19.30 03a60046o0793o
60046.098669 -21.474  2.203    -9   21 o  0   1.09 268.25467 -76.86036  1559.53  6784.73 2.48 2.16 -67.1 -0.407 18.86 19.55 03a60046o0797o
60046.139208 -15.472  5.610 -2350 13184 o  0   0.96 268.25467 -76.86036 10250.44  6836.56 2.54 2.09 -50.3 -0.574 12.44 12.12 03a60046o0879o
60046.149791  19.612  0.785    52   41 o  0   1.63 268.25467 -76.86036 10232.98  6801.52 2.49 2.08 -52.8 -0.375 18.14 18.64 03a60046o0899o
60046.151747 -21.749  4.244    -7   31 o  0   0.89 268.25467 -76.86036 10295.84  6869.52 2.43 2.05 -50.6 -0.369 18.45 18.96 03a60046o0903o
60046.158728  19.417  0.571    62   36 o  0   0.96 268.25467 -76.86036 10319.37  6749.78 2.55 2.12 -52.2 -0.372 18.35 18.80 03a60046o0917o
60046.163258 -17.501  1.705  -363  619 o  0   1.44 268.25467 -76.86036  9077.67  3766.94 2.23 2.12 -58.6 -0.440 14.65 14.34 03a60046o0926o
60046.167136 -16.812  1.322  -684  905 o  0   1.10 268.25467 -76.86036   326.36  3702.07 2.59 2.15 -67.5 -0.396 14.60 14.16 03a60046o0934o
60047.328720  20.961  1.016    15   15 o  0   1.69 268.25467 -76.86036  1711.84  7109.09 2.25 1.84  87.5 -0.379 19.00 19.97 04a60047o0745o
60047.347668 -21.085  1.101   -13   15 o  0   1.36 268.25467 -76.86036  1709.54  7077.39 2.23 1.89 -87.7 -0.376 18.98 19.92 04a60047o0784o
60047.349064 -21.108  1.905   -13   25 o  0   0.94 268.25467 -76.86036 10453.43  6745.28 2.50 2.22  -2.0 -0.461 18.92 19.89 04a60047o0787o
60047.349552  21.270  1.430    11   16 o  0   1.59 268.25467 -76.86036  1773.88  7164.66 2.30 1.96  88.9 -0.379 18.96 19.92 04a60047o0788o
60047.358717 -21.382  1.725   -10   18 o  0   1.13 268.25467 -76.86036  1803.12  7054.60 2.26 1.93 -88.6 -0.379 18.98 19.94 04a60047o0806o
60047.359642 -20.767  1.243   -18   22 o  0   1.13 268.25467 -76.86036 10442.02  6716.93 2.66 2.11  -3.1 -0.433 18.98 19.90 04a60047o0808o
60047.375250  20.693  1.568    19   30 o  0   1.35 268.25467 -76.86036 10519.93  6788.40 2.60 2.12  -4.3 -0.452 18.94 19.87 04a60047o0840o
60049.135830 -23.029  6.118    -2   14 o  0   1.29 268.25467 -76.86036  4780.18  7205.24 2.33 2.14 -48.4 -0.419 19.24 20.29 03a60049o0877o
60049.160867 -20.100  0.520   -33   17 o  0   0.95 268.25467 -76.86036  4793.04  7247.55 2.14 1.94 -39.6 -0.429 19.11 19.82 03a60049o0926o
60049.163528  22.450  5.061     4   19 o  0   1.09 268.25467 -76.86036  4741.30  7168.26 2.20 2.00 -42.9 -0.420 18.92 19.45 03a60049o0931o
60049.168195 -19.748  0.707   -46   32 o  0   1.12 268.25467 -76.86036  4719.44  7285.28 2.25 2.06 -44.3 -0.417 18.37 18.36 03a60049o0940o
60052.043513  22.103  2.488     5   13 o  0   1.04 268.25467 -76.86036  1185.56  4576.69 2.34 2.08 -66.4 -0.414 19.41 20.62 03a60052o0674o
60052.045462 -21.653  1.578    -8   12 o  0   1.22 268.25467 -76.86036  1168.24  4534.27 2.31 2.04 -64.4 -0.412 19.42 20.63 03a60052o0678o
60052.078635 -23.379  8.077    -2   13 o  0   1.18 268.25467 -76.86036  1232.04  4610.72 2.30 2.05 -70.6 -0.419 19.42 20.64 03a60052o0742o
60052.085023 -20.708  0.602   -19   11 o  0   1.35 268.25467 -76.86036  1254.42  4498.80 2.47 2.22 -73.1 -0.410 19.33 20.60 03a60052o0754o
60052.118200  20.222  0.432    30   13 o  0   0.93 268.25467 -76.86036  9483.63  4732.32 2.40 2.06 -59.1 -0.395 19.28 20.35 03a60052o0820o
60052.121627  21.266  1.043    11   12 o  0   1.27 268.25467 -76.86036  9465.96  4698.94 2.38 2.03 -59.4 -0.394 19.28 20.33 03a60052o0827o
60052.149279  22.820  6.250     3   17 o  0   0.80 268.25467 -76.86036  1050.61  5757.17 2.43 2.11 -62.7 -0.417 19.29 20.33 03a60052o0883o
60052.168720  23.465 24.800     2   37 o  0   0.91 268.25467 -76.86036  1024.73  5875.80 2.53 2.24 -64.9 -0.416 18.33 18.44 03a60052o0921o
60053.316750 -16.501  0.002  -911    2 c  0   6.01 268.25467 -76.86036  1334.87  4834.41 2.42 2.08  57.2 -0.368 19.37 21.10 04a60053o0742c
60053.341022 -16.478  0.011  -931   10 c  0   2.59 268.25467 -76.86036  9593.99  6001.37 2.69 2.34 -33.8 -0.383 19.37 21.00 04a60053o0793c
60053.343811 -16.481  0.008  -928    7 c  0   1.70 268.25467 -76.86036  9534.72  5913.09 2.71 2.25 -28.4 -0.387 19.36 20.98 04a60053o0799c
60053.389698 -16.456  0.003  -950    3 c  0   3.26 268.25467 -76.86036  9483.08  5998.94 2.66 2.19 -22.8 -0.399 19.40 21.02 04a60053o0823c
60053.417688 -16.557  0.003  -865    2 c  0  13.75 268.25467 -76.86036  9503.65  5931.00 2.64 2.27 -21.6 -0.399 19.19 20.53 04a60053o0880c
60061.023996  21.716  2.286     8   17 o  0   0.62 268.25467 -76.86036   114.70   736.44 2.39 2.02 -69.5 -0.451 19.45 20.72 03a60061o0650o
60061.026004 -21.566  1.594    -9   14 o  0   1.05 268.25467 -76.86036    98.97   693.49 2.40 2.04 -72.3 -0.442 19.45 20.68 03a60061o0654o
60061.061416  22.437  5.611     4   22 o  0   1.31 268.25467 -76.86036   162.25   773.44 2.37 1.97 -74.0 -0.449 18.96 20.11 03a60061o0723o
60061.079825  21.505  5.643     9   51 o  0   1.65 268.25467 -76.86036 10363.28  9934.46 2.71 2.16 -50.4 -0.464 17.88 18.98 03a60061o0759o
60061.119813 -23.194  7.462    -2   14 o  0   0.92 268.25467 -76.86036  2901.48  9189.52 2.59 2.19 -44.1 -0.388 19.33 20.51 03a60061o0836o
60061.146902 -21.389  1.576   -10   16 o  0   1.13 268.25467 -76.86036  2912.81  9231.94 2.54 2.24 -42.0 -0.380 19.14 20.30 03a60061o0889o
60061.152227  21.366  4.077    10   42 o  0   1.11 268.25467 -76.86036  2862.90  9155.99 2.59 2.30 -45.6 -0.377 18.34 19.43 03a60061o0899o
60061.155599 -21.061  1.324   -14   18 o  0   1.32 268.25467 -76.86036  2841.60  9273.91 2.47 2.21 -46.5 -0.385 18.97 20.03 03a60061o0905o
60064.022520 -21.686  1.826    -8   14 o  0   1.11 268.25467 -76.86036  5014.60  2957.27 2.61 2.45 -54.2 -0.412 19.26 20.73 03a60064o0684o
60064.024143 -20.557  0.587   -22   13 o  0   1.14 268.25467 -76.86036  4998.71  2918.14 2.62 2.53 -56.6 -0.413 19.22 20.70 03a60064o0687o
60064.027408 -21.529  1.691    -9   15 o  0   0.67 268.25467 -76.86036  5051.06  2997.42 2.57 2.42 -41.9 -0.408 19.26 20.69 03a60064o0694o
60064.032566 -20.710  0.701   -19   13 o  0   1.22 268.25467 -76.86036  5074.72  2880.43 2.57 2.41 -40.0 -0.415 19.26 20.68 03a60064o0705o
60065.341593 -16.507  0.002  -906    2 c  0  14.13 268.25467 -76.86036  5757.54  7643.66 2.62 2.03 -73.5 -0.388 19.37 21.12 04a60065o0373c
60065.346729 -16.512  0.002  -902    2 c  0   5.31 268.25467 -76.86036  5771.77  7678.95 2.55 2.01 -74.4 -0.397 19.38 21.13 04a60065o0384c
60065.350842 -16.651  0.003  -793    2 c  0   6.28 268.25467 -76.86036  5714.98  7598.25 2.50 1.92 -74.1 -0.398 19.42 21.10 04a60065o0393c
60065.362808 -16.422  0.002  -980    2 c  0   4.40 268.25467 -76.86036  5690.78  7706.71 2.60 2.07 -71.7 -0.388 19.39 21.10 04a60065o0418c
60067.019971 -21.473  2.057    -9   19 o  0   1.24 268.25467 -76.86036   996.33  6373.51 2.44 2.09 -62.9 -0.415 18.95 19.62 03a60067o0689o
60067.021803 -20.961  1.556   -15   23 o  0   0.58 268.25467 -76.86036   977.40  6331.34 2.49 2.11 -61.8 -0.419 18.93 19.63 03a60067o0693o
60067.024603 -20.168  0.536   -31   17 o  0   1.83 268.25467 -76.86036  1037.38  6420.49 2.43 2.04 -59.5 -0.414 18.97 19.63 03a60067o0699o
60067.057089 -20.688  0.806   -19   16 o  0   1.23 268.25467 -76.86036  9533.61  4298.52 2.19 1.93 -52.9 -0.402 19.02 19.67 03a60067o0764o
60067.105910 -25.040 48.000    -0   17 o  0   1.09 268.25467 -76.86036   847.51  3997.79 2.28 1.97 -59.1 -0.410 19.09 19.93 03a60067o0864o
60067.141222  20.933  0.938    15   14 o  0   1.76 268.25467 -76.86036   860.50  4036.98 2.31 2.01 -64.1 -0.400 19.21 20.10 03a60067o0939o
60067.160471 -21.431  1.684   -10   16 o  0   0.94 268.25467 -76.86036   798.37  3971.43 2.31 2.05 -67.7 -0.397 19.20 20.15 03a60067o0978o
60067.165081 -21.104  1.159   -13   15 o  0   1.26 268.25467 -76.86036   773.55  4088.33 2.32 2.05 -64.0 -0.398 19.18 20.05 03a60067o0987o
60070.038236 -18.544  1.079  -139  150 o  0   1.19 268.25467 -76.86036  8172.50  8936.13 2.72 2.10 -45.1 -0.404 16.54 16.18 03a60070o0734o
60070.055590 -21.072  2.062   -14   28 o  0   1.41 268.25467 -76.86036  8150.59  8899.65 2.63 2.05 -45.7 -0.402 18.44 18.59 03a60070o0771o
60070.059778 -19.968  1.378   -37   52 o  0   1.07 268.25467 -76.86036  8218.38  8970.05 2.60 2.07 -46.2 -0.400 18.10 18.33 03a60070o0780o
60070.073671  20.662  1.370    20   27 o  0   1.52 268.25467 -76.86036  8243.36  8852.25 2.57 2.04 -46.7 -0.401 18.43 18.59 03a60070o0809o
60071.355639 -20.970  2.130   -15   32 o  0   0.77 268.25467 -76.86036  2498.07  1696.47 2.18 1.90  37.9 -0.416 18.37 18.77 04a60071o0771o
60071.358964  21.838  4.362     7   29 o  0   1.19 268.25467 -76.86036  2516.13  1730.32 2.27 2.00  44.6 -0.419 18.35 18.77 04a60071o0778o
60071.394106 -20.691  1.363   -19   26 o  0   1.47 268.25467 -76.86036  2423.24  1643.48 2.12 1.94  46.2 -0.426 18.36 18.79 04a60071o0851o
60071.408520 -20.979  2.025   -15   30 o  0   1.45 268.25467 -76.86036  2387.14  1756.60 2.11 1.77  51.6 -0.451 18.44 18.82 04a60071o0878o
60073.046469  18.780  0.538   112   60 o  0   1.64 268.25467 -76.86036 10054.56  2184.09 2.39 2.11 -58.8 -0.389 17.59 17.64 03a60073o0727o
60073.049690  20.348  1.881    26   50 o  0   0.85 268.25467 -76.86036 10074.32  2227.64 2.27 2.05 -57.3 -0.394 17.98 17.99 03a60073o0734o
60073.055740 -20.779  1.687   -18   30 o  0   0.76 268.25467 -76.86036 10008.41  2136.39 2.35 2.06 -58.9 -0.394 18.47 18.89 03a60073o0747o
60073.066263 -20.730  1.617   -18   30 o  0   1.24 268.25467 -76.86036 10425.79  8541.50 2.72 2.13 -51.8 -0.401 18.45 18.86 03a60073o0769o
60073.068102 -22.722 15.294    -3   45 o  0   0.86 268.25467 -76.86036 10403.28  8507.80 2.75 2.11 -50.6 -0.403 18.23 18.65 03a60073o0773o
60073.071295  20.139  1.025    32   33 o  0   1.01 268.25467 -76.86036 10470.01  8574.72 2.72 2.11 -52.3 -0.414 18.40 18.77 03a60073o0780o
60073.091045 -20.429  0.888   -24   22 o  0   1.52 268.25467 -76.86036  9974.49  2253.48 2.22 2.03 -47.7 -0.407 18.67 19.07 03a60073o0819o
60073.095789  21.649  3.206     8   26 o  0   1.23 268.25467 -76.86036   120.19  2057.40 2.36 1.94 -59.8 -0.382 18.75 19.07 03a60073o0828o
60077.253118 -21.278  1.395   -11   16 o  0   1.66 268.25467 -76.86036  5131.27  1210.68 2.25 2.07  20.5 -0.433 19.08 20.23 04a60077o0640o
60077.277341  20.648  1.062    20   21 o  0   1.02 268.25467 -76.86036  5137.11  1182.96 2.20 2.02  21.6 -0.431 18.90 19.89 04a60077o0691o
60077.278693  22.849  6.765     3   18 o  0   1.14 268.25467 -76.86036  5187.91  1261.69 2.23 2.09  16.2 -0.431 18.96 19.99 04a60077o0694o
60077.281421  22.187  3.781     5   18 o  0   1.50 268.25467 -76.86036  5207.04  1145.99 2.27 2.08  28.3 -0.437 19.03 20.09 04a60077o0700o
60083.277207 -18.589  1.139  -133  152 o  0   1.08 268.25467 -76.86036  7548.09  7639.11 2.36 2.06 -67.5 -0.418 16.69 17.82 04a60083o0585o
60083.280414 -18.567  0.524  -136   71 o  0   1.90 268.25467 -76.86036  7563.56  7677.23 2.26 2.01 -55.9 -0.390 17.17 18.23 04a60083o0592o
60083.285963  20.628  2.449    20   50 o  0   0.88 268.25467 -76.86036  7506.73  7591.23 2.34 2.06 -61.8 -0.419 17.92 19.01 04a60083o0604o
60083.321289 -21.070 10.444   -14  142 o  0   1.28 268.25467 -76.86036  7468.34  7685.73 2.24 2.00 -61.7 -0.423 16.46 17.50 04a60083o0678o
60085.078625 -16.501  0.002  -911    2 c  0   2.58 268.25467 -76.86036  7046.05  3582.64 2.37 2.23 -52.2 -0.405 19.57 21.28 03a60085o0686c
60085.081929 -16.485  0.002  -925    2 c  0   4.90 268.25467 -76.86036  7064.08  3619.55 2.48 2.30 -56.2 -0.401 19.52 21.25 03a60085o0693c
60085.094923 -16.447  0.002  -958    2 c  0   4.25 268.25467 -76.86036  7000.73  3538.71 2.31 2.16 -49.3 -0.403 19.59 21.22 03a60085o0720c
60085.111794 -16.548  0.002  -872    2 c  0   6.71 268.25467 -76.86036  6973.81  3653.32 2.43 2.24 -53.6 -0.398 19.52 21.19 03a60085o0754c
60088.041000 -16.522  0.003  -894    2 c  0   3.02 268.25467 -76.86036  7496.71  5889.28 2.58 2.48 -63.8 -0.408 19.58 21.50 03a60088o0740c
60088.069565 -16.558  0.003  -865    3 c  0   1.75 268.25467 -76.86036  7436.56  5810.98 2.33 2.17 -59.4 -0.412 19.31 21.04 03a60088o0800c
60088.094459 -16.546  0.003  -874    3 c  0   2.06 268.25467 -76.86036  7409.43  5925.10 2.41 2.26 -60.5 -0.407 19.20 20.92 03a60088o0852c
60089.256944  19.874  0.511    41   21 o  0   1.20 268.25467 -76.86036 10496.54  9900.18 2.56 2.47 -76.1 -0.515 19.13 20.47 04a60089o0415o
60089.291961  24.430 28.333     1   17 o  0   1.48 268.25467 -76.86036 10462.24  9981.23 2.44 2.37   8.1 -0.543 19.14 20.46 04a60089o0483o
60089.297007  21.428  1.424    10   14 o  0   1.19 268.25467 -76.86036  4176.12  9439.35 2.63 1.78 -78.7 -0.418 19.21 20.49 04a60089o0494o
60089.300192  21.695  1.962     8   15 o  0   1.22 268.25467 -76.86036  4189.14  9474.42 2.51 1.80 -75.3 -0.446 19.20 20.48 04a60089o0501o
60091.039858 -16.521  0.003  -895    2 c  0   2.89 268.25467 -76.86036  3751.03  9554.51 2.73 2.46 -42.9 -0.373 19.54 21.30 03a60091o0647c
60091.043193 -16.588  0.003  -841    2 c  0   5.15 268.25467 -76.86036  3765.06  9592.04 2.74 2.42 -38.1 -0.375 19.55 21.30 03a60091o0654c
60091.049789 -16.511  0.003  -903    2 c  0   2.19 268.25467 -76.86036  3715.52  9515.04 2.73 2.42 -37.0 -0.379 19.55 21.28 03a60091o0668c
60091.073740 -16.574  0.002  -852    2 c  0  11.42 268.25467 -76.86036  3691.48  9636.36 2.65 2.36 -43.1 -0.378 19.55 21.21 03a60091o0716c
60105.974564 -21.164  1.045   -12   13 o  0   1.08 268.25467 -76.86036  4936.61  5391.51 2.35 2.25 -51.1 -0.413 19.34 20.61 03a60106o0625o
60106.003197 -23.570 10.778    -1   15 o  0   1.21 268.25467 -76.86036  4949.92  5434.42 2.45 2.37 -52.8 -0.397 19.20 20.49 03a60106o0684o
60106.008179 -20.450  0.497   -24   12 o  0   1.49 268.25467 -76.86036  4891.75  5353.99 2.52 2.37 -57.8 -0.394 19.20 20.50 03a60106o0695o
60106.012280  20.277  0.469    28   13 o  0   1.35 268.25467 -76.86036  4867.82  5468.83 2.55 2.39 -55.9 -0.389 19.18 20.42 03a60106o0704o
60107.193603 -16.399  0.002 -1001    2 c  0   4.95 268.25467 -76.86036  5822.72  5281.40 2.27 2.15 -40.6 -0.368 19.34 21.41 04a60107o0547c
60107.194992 -16.523  0.002  -893    2 c  0   4.25 268.25467 -76.86036  5803.65  5244.34 2.19 2.11 -34.4 -0.369 19.37 21.41 04a60107o0550c
60107.199265 -16.578  0.003  -849    2 c  0   1.60 268.25467 -76.86036  5864.91  5321.85 2.31 2.18 -52.6 -0.363 19.33 21.39 04a60107o0559c
60107.221764 -16.402  0.003  -998    2 c  0   3.19 268.25467 -76.86036  5040.62  5509.63 2.38 2.16 -77.0 -0.349 19.33 21.36 04a60107o0606c
60117.961587 -22.466  4.130    -4   16 o  0   0.82 268.25467 -76.86036  2993.63  7367.15 2.68 2.37 -51.5 -0.380 19.35 20.79 03a60118o0384o
60117.981433 -22.665  4.478    -3   14 o  0   0.74 268.25467 -76.86036  3003.84  7405.47 2.41 2.19 -48.5 -0.387 19.39 20.68 03a60118o0425o
60117.989200 -21.484  1.215    -9   11 o  0   1.86 268.25467 -76.86036  2950.13  7330.25 2.46 2.26 -52.0 -0.383 19.34 20.63 03a60118o0442o
60117.992832 -21.671  1.377    -8   11 o  0   1.58 268.25467 -76.86036  2928.32  7447.39 2.53 2.28 -49.2 -0.383 19.35 20.66 03a60118o0450o
60125.214524 -21.574  2.429    -8   21 o  0   1.51 268.25467 -76.86036  3017.79  3777.76 1.95 1.80  67.2 -0.415 18.81 19.51 04a60125o0580o
60125.220157  23.091 11.737     2   25 o  0   0.83 268.25467 -76.86036  3032.85  3810.62 1.95 1.78  65.2 -0.416 18.82 19.48 04a60125o0592o
60125.248134 -20.853  1.108   -17   18 o  0   1.62 268.25467 -76.86036  2952.46  3725.02 1.96 1.80  69.5 -0.417 18.78 19.45 04a60125o0650o
60125.251350 -20.736  1.203   -18   22 o  0   0.76 268.25467 -76.86036  2928.98  3841.47 1.94 1.76  70.0 -0.410 18.79 19.49 04a60125o0657o
60126.940688 -19.548  0.453   -55   25 o  0   0.95 268.25467 -76.86036  5408.29  9476.07 2.40 2.16 -40.5 -0.395 18.66 18.95 03a60127o0536o
60126.968702 -19.548  0.507   -55   28 o  0   0.89 268.25467 -76.86036  5418.69  9517.26 2.62 2.28 -41.7 -0.388 18.56 18.94 03a60127o0593o
60126.971435  19.639  0.517    51   26 o  0   1.33 268.25467 -76.86036  5369.86  9434.51 2.64 2.32 -44.3 -0.383 18.55 18.94 03a60127o0599o
60126.980559 -19.721  0.519   -47   24 o  0   1.32 268.25467 -76.86036  5347.11  9547.74 2.61 2.24 -43.6 -0.379 18.61 18.93 03a60127o0619o
60129.945323 -18.699  0.301  -120   36 o  0   1.55 268.25467 -76.86036  9066.57  7843.78 2.70 2.08 -61.5 -0.415 18.19 19.03 03a60130o0167o
60129.948359 -20.014  1.000   -36   36 o  0   1.42 268.25467 -76.86036  9082.72  7885.39 2.74 2.10 -63.7 -0.407 18.17 19.05 03a60130o0173o
60129.956053  19.909  1.070    40   42 o  0   1.13 268.25467 -76.86036  9030.95  7797.71 2.76 2.18 -62.3 -0.413 18.17 19.04 03a60130o0188o
60129.968145  20.132  1.112    32   36 o  0   1.13 268.25467 -76.86036  9009.08  7909.12 2.64 2.16 -59.6 -0.416 18.19 19.04 03a60130o0210o
60129.974253  21.795  5.048     7   35 o  0   1.40 268.25467 -76.86036  1191.09  7631.15 2.63 2.25 -61.5 -0.401 18.21 19.02 03a60130o0222o
60130.013173 -21.302  3.250   -11   36 o  0   1.26 268.25467 -76.86036  1202.13  7672.13 2.47 2.17 -51.7 -0.411 18.23 18.94 03a60130o0296o
60130.016199  20.458  1.416    24   34 o  0   0.99 268.25467 -76.86036  1150.27  7598.69 2.28 2.06 -46.1 -0.416 18.30 18.95 03a60130o0302o
60130.022292 -19.878  0.891   -41   36 o  0   1.08 268.25467 -76.86036  1127.54  7717.08 2.37 2.06 -63.0 -0.416 18.27 18.94 03a60130o0314o
60131.173195 -18.251  0.507  -182   92 o  0   0.88 268.25467 -76.86036  9307.63  7739.85 3.05 2.75 -36.3 -0.332 17.14 17.62 04a60131o0304o
60131.176200  20.512  2.000    23   45 o  0   0.89 268.25467 -76.86036  9322.77  7780.24 2.93 2.69 -37.6 -0.337 17.95 18.77 04a60131o0310o
60131.181223  20.628  2.311    20   47 o  0   1.05 268.25467 -76.86036  9267.17  7691.31 2.91 2.68 -23.2 -0.358 17.85 18.75 04a60131o0321o
60131.194396  21.425  8.769    10   86 o  0   1.25 268.25467 -76.86036  9239.55  7798.69 2.85 2.65 -25.9 -0.363 17.37 18.17 04a60131o0349o
60131.201240  22.182  7.200     5   35 o  0   0.94 268.25467 -76.86036  1419.77  7755.27 3.19 2.55 -84.5 -0.325 18.16 18.95 04a60131o0364o
60131.204109  19.991  2.071    37   76 o  0   0.90 268.25467 -76.86036  1433.97  7790.05 3.23 2.63 -85.6 -0.325 17.56 18.20 04a60131o0370o
60131.209410 -18.601  0.665  -132   88 o  0   0.63 268.25467 -76.86036  1378.53  7717.72 3.25 2.67 -80.8 -0.330 17.61 18.26 04a60131o0381o
60131.245046 -19.800  1.184   -44   52 o  0   1.25 268.25467 -76.86036  1340.57  7821.53 3.22 2.71 -84.8 -0.307 17.73 18.45 04a60131o0457o
60135.955324 -16.558  0.002  -865    2 c  0  14.28 268.25467 -76.86036  8722.33  9639.52 2.67 2.31 -52.3 -0.404 19.81 21.89 03a60136o0469c
60135.959133 -16.531  0.002  -886    2 c  0  10.63 268.25467 -76.86036  8737.73  9681.07 2.66 2.30 -50.8 -0.403 19.81 21.90 03a60136o0477c
60135.964737 -16.566  0.002  -858    2 c  0  19.80 268.25467 -76.86036  8688.77  9593.03 2.59 2.25 -50.9 -0.411 19.85 21.88 03a60136o0489c
60135.968959 -16.633  0.002  -807    2 c  0  14.93 268.25467 -76.86036  1198.39  9477.36 2.60 2.26 -41.2 -0.407 19.83 21.88 03a60136o0498c
60135.972243 -16.650  0.002  -794    2 c  0  16.85 268.25467 -76.86036  1213.23  9514.22 2.68 2.30 -38.4 -0.411 19.81 21.85 03a60136o0505c
60135.974544 -16.603  0.002  -830    2 c  0  27.65 268.25467 -76.86036  8669.41  9704.95 2.63 2.27 -49.6 -0.407 19.81 21.76 03a60136o0510c
60135.978272 -16.724  0.003  -742    2 c  0  23.27 268.25467 -76.86036  1164.27  9442.01 2.58 2.24 -40.5 -0.407 19.80 21.82 03a60136o0518c
60135.984313 -16.606  0.002  -827    2 c  0  14.22 268.25467 -76.86036  1143.01  9561.64 2.62 2.26 -41.8 -0.413 19.82 21.80 03a60136o0531c
60138.893293 -16.600  0.002  -832    2 c  0  13.76 268.25467 -76.86036  7455.21  5863.60 2.46 2.24 -54.6 -0.404 19.75 21.81 03a60139o0433c
60138.896106 -16.361  0.002 -1037    2 c  0   2.93 268.25467 -76.86036  7471.63  5903.72 2.53 2.26 -55.3 -0.395 19.74 21.83 03a60139o0439c
60138.902146 -16.635  0.002  -805    2 c  0  22.79 268.25467 -76.86036  7415.44  5819.99 2.48 2.19 -52.6 -0.400 19.75 21.79 03a60139o0452c
60138.921489 -16.571  0.002  -855    2 c  0   5.21 268.25467 -76.86036  7388.97  5932.75 2.46 2.24 -53.8 -0.398 19.74 21.83 03a60139o0493c
60141.921653 -16.451  0.002  -954    2 c  0  19.35 268.25467 -76.86036  5535.76  1846.64 2.17 2.04 -47.2 -0.416 19.75 21.70 03a60142o0443c
60141.931421 -16.702  0.002  -757    2 c  0  39.48 268.25467 -76.86036  5555.34  1886.43 2.17 2.04 -47.6 -0.417 19.76 21.64 03a60142o0463c
60141.934721 -16.498  0.002  -914    2 c  0  25.36 268.25467 -76.86036  5489.74  1805.82 2.19 2.05 -42.9 -0.414 19.74 21.62 03a60142o0470c
60141.947725 -16.535  0.002  -883    2 c  0   7.80 268.25467 -76.86036  5460.70  1920.28 2.31 2.14 -51.2 -0.411 19.67 21.60 03a60142o0497c
60147.899590 -16.387  0.002 -1012    2 c  0   3.68 268.25467 -76.86036  4754.57  7233.62 2.49 2.27 -47.6 -0.379 19.65 21.55 03a60148o0428c
60147.902822 -16.521  0.002  -894    2 c  0   6.98 268.25467 -76.86036  4770.91  7271.43 2.44 2.28 -56.8 -0.386 19.69 21.52 03a60148o0435c
60147.908333 -16.427  0.002  -976    2 c  0   4.36 268.25467 -76.86036  4717.48  7193.57 2.48 2.35 -31.8 -0.433 19.53 21.42 03a60148o0446c
60147.920084 -16.613  0.002  -822    1 c  0  21.47 268.25467 -76.86036  4694.12  7309.27 2.41 2.22 -53.6 -0.384 19.69 21.55 03a60148o0471c
60155.119400  22.218  5.412     5   26 o  0   1.14 268.25467 -76.86036  7860.81  1843.58 2.41 1.99 -16.0 -0.417 18.61 19.18 04a60155o0363o
60155.122184 -19.919  0.586   -39   23 o  0   0.92 268.25467 -76.86036  7878.65  1883.16 2.37 1.99 -20.0 -0.416 18.64 19.17 04a60155o0369o
60155.127733  23.398 14.750     2   23 o  0   0.95 268.25467 -76.86036  7807.88  1796.39 2.31 2.00 -13.2 -0.414 18.63 19.16 04a60155o0381o
60155.137594 -21.094  2.000   -13   26 o  0   1.02 268.25467 -76.86036  7776.98  1906.37 2.34 2.07 -19.7 -0.407 18.61 19.20 04a60155o0402o
