MJD          m      dm   uJy   duJy F err chi/N     RA       Dec        x        y     maj  min   phi  apfit mag5sig Sky   Obs
60015.461980  20.708  0.806    19   15 o  0   1.19 195.64892  68.06453  7660.35   770.26 2.17 1.84 -73.6 -0.461 19.09 20.08 02a60015o0431o
60015.465806  20.239  0.488    29   14 o  0   1.27 195.64892  68.06453  7677.26   809.05 2.17 1.83 -68.6 -0.463 19.14 20.08 02a60015o0439o
60015.526692  21.591  2.118     8   18 o  0   1.14 195.64892  68.06453  4978.40  6285.85 2.65 2.29  36.2 -0.412 18.98 20.00 02a60015o0566o
60015.529870  20.833  1.037    17   18 o  0   1.34 195.64892  68.06453  4956.46  6240.50 2.64 2.21  35.3 -0.411 18.98 19.99 02a60015o0573o
60015.557732  20.155  0.683    32   22 o  0   1.00 195.64892  68.06453  5017.86  6316.21 2.86 2.42  36.7 -0.410 18.87 19.91 02a60015o0632o
60015.586005 -22.121  3.387    -5   17 o  0   1.16 195.64892  68.06453  5037.44  6189.14 2.69 2.24  39.8 -0.411 18.94 19.89 02a60015o0693o
60019.487789  20.204  0.360    30   11 o  0   1.07 195.64892  68.06453   757.13   674.28 2.03 1.86 -80.9 -0.489 19.50 20.86 02a60019o0580o
60019.490956  20.831  0.741    17   12 o  0   0.98 195.64892  68.06453   733.07   633.72 1.94 1.79  85.2 -0.495 19.47 20.86 02a60019o0587o
60019.524438 -20.993  1.883   -14   27 o  0   0.81 195.64892  68.06453   810.21   695.50 1.94 1.82  78.3 -0.496 19.29 20.57 02a60019o0658o
60019.530836  20.196  0.706    30   21 o  0   2.00 195.64892  68.06453   832.75   564.05 2.01 1.82 -84.1 -0.502 18.54 19.71 02a60019o0672o
60023.444358  21.027  0.981    14   14 o  0   0.75 195.64892  68.06453  2592.94  6569.25 2.35 1.89  36.9 -0.425 19.31 20.56 02a60023o0481o
60023.446167  20.471  0.552    24   13 o  0   0.86 195.64892  68.06453  2612.19  6610.14 2.34 1.92  37.9 -0.427 19.42 20.65 02a60023o0485o
60023.449339  21.060  0.970    14   13 o  0   0.81 195.64892  68.06453  2556.12  6528.27 2.34 1.95  37.2 -0.425 19.34 20.62 02a60023o0492o
60023.472487  21.348  2.023    10   21 o  0   1.18 195.64892  68.06453  2534.26  6646.28 2.24 1.87  33.1 -0.438 18.59 19.75 02a60023o0538o
60027.517940  17.399  0.695   399  277 o  0   0.32 195.64892  68.06453  5365.91 10519.71 2.13 1.99 -75.1 -0.449 19.44 20.69 02a60027o0406o
60027.519402  19.806  0.311    43   14 o  0   0.88 195.64892  68.06453  8077.02   398.79 1.99 1.68 -73.2 -0.475 19.40 20.61 02a60027o0409o
60027.521227  19.489  0.552    58   32 o  0   2.38 195.64892  68.06453  5349.49 10481.53 2.04 1.94 -73.4 -0.459 18.69 19.79 02a60027o0413o
60027.523273  19.822  0.801    43   34 o  0   0.87 195.64892  68.06453  8056.38   359.48 2.08 1.72 -68.9 -0.455 18.79 19.92 02a60027o0417o
60027.529522  19.699  0.303    48   14 o  0   1.12 195.64892  68.06453  8119.31   437.76 1.97 1.70 -73.0 -0.455 19.31 20.52 02a60027o0430o
60027.537347  19.599  0.469    52   25 o  0   1.14 195.64892  68.06453  5415.79 10436.65 2.10 2.01 -75.6 -0.446 18.75 19.84 02a60027o0447o
60027.539890  21.271  2.283    11   26 o  0   0.97 195.64892  68.06453  8141.60   315.95 1.96 1.66 -74.4 -0.462 19.05 20.23 02a60027o0452o
60031.447815  19.441  0.204    61   12 o  0   1.51 195.64892  68.06453  2534.04  8669.07 2.30 1.99  35.3 -0.425 19.31 20.45 02a60031o0476o
60031.449640  19.036  0.138    88   12 o  0   1.69 195.64892  68.06453  2555.34  8710.19 2.23 1.98  36.6 -0.427 19.33 20.46 02a60031o0480o
60031.452814  20.046  0.374    35   13 o  0   1.10 195.64892  68.06453  2490.64  8629.09 2.18 1.97  36.0 -0.432 19.36 20.52 02a60031o0487o
60031.467564  19.198  0.167    76   13 o  0   1.49 195.64892  68.06453  2465.86  8745.44 2.19 1.97  22.7 -0.442 19.42 20.66 02a60031o0513o
60036.617664 -20.446  9.286   -24  224 o  0   0.92 195.64892  68.06453  9953.19  9519.48 2.15 2.06 -56.3 -0.600 16.31 17.12 02a60036o0535o
60036.624858  18.313  0.653   172  112 o  0   1.41 195.64892  68.06453  9951.08  9520.04 2.38 2.14 -61.6 -0.568 16.64 17.54 02a60036o0550o
60036.629174 -19.622  4.129   -51  212 o  0   1.84 195.64892  68.06453 10005.61  9604.73 2.35 2.16 -62.1 -0.577 16.68 17.55 02a60036o0559o
60036.632249 -20.010 22.000   -36  791 o  0   1.23 195.64892  68.06453 10021.74  9488.25 2.85 2.71 -76.3 -0.557 14.32 15.29 02a60036o0565o
60040.398021  20.051 18.299    35  634 o  0   1.01 195.64892  68.06453   829.65  3200.39 2.11 1.94  34.3 -0.477 15.12 15.02 02a60040o0368o
60040.399378 -17.547  1.766  -348  614 o  0   1.30 195.64892  68.06453  9453.20  3273.13 2.09 2.01 -69.3 -0.476 15.21 15.12 02a60040o0371o
60042.479371  20.494  3.813    23   88 o  0   1.27 195.64892  68.06453  1876.78  4880.14 2.28 1.84  25.9 -0.451 17.20 17.25 02a60042o0373o
60042.482713  18.757  1.315   114  150 o  0   1.30 195.64892  68.06453  1857.64  4842.55 2.32 1.87  24.6 -0.406 16.36 16.47 02a60042o0380o
60044.462190  19.197  0.224    76   17 o  0   0.90 195.64892  68.06453  3864.14  1286.50 2.02 1.90  38.3 -0.458 19.03 19.74 02a60044o0465o
60044.465366  19.316  0.252    68   17 o  0   1.10 195.64892  68.06453  3843.05  1245.99 2.02 1.89  41.5 -0.470 18.97 19.74 02a60044o0472o
60044.472173  19.115  0.204    82   17 o  0   1.67 195.64892  68.06453  3907.82  1318.11 2.11 1.98  37.8 -0.456 18.98 19.71 02a60044o0487o
60044.520894  18.949  0.180    96   17 o  0   1.91 195.64892  68.06453  3930.41  1188.53 2.42 2.32  39.8 -0.443 18.77 19.66 02a60044o0545o
60048.391610  19.588  0.204    53   11 c  0   0.99 195.64892  68.06453  4203.82  1045.48 2.40 2.18 -73.5 -0.439 19.55 21.31 02a60048o0337c
60048.397349  19.666  0.222    49   11 c  0   1.14 195.64892  68.06453  4222.94  1084.98 2.45 2.24 -71.8 -0.434 19.49 21.34 02a60048o0349c
60048.399826  19.605  0.194    52   10 c  0   1.63 195.64892  68.06453  4169.98  1006.79 2.46 2.24 -71.5 -0.435 19.51 21.33 02a60048o0354c
60048.405118  19.339  0.173    67   12 c  0   1.01 195.64892  68.06453  4153.07  1124.92 2.43 2.24 -72.3 -0.434 19.52 21.36 02a60048o0365c
60050.425648  19.547  0.270    55   15 c  0   0.80 195.64892  68.06453  3363.34  5192.02 2.41 2.24  30.3 -0.411 19.21 20.82 02a60050o0403c
60050.429283  19.546  0.258    55   14 c  0   1.49 195.64892  68.06453  3344.69  5153.07 2.38 2.22  28.5 -0.413 19.09 20.63 02a60050o0411c
60050.434753  19.474  0.278    59   16 c  0   1.08 195.64892  68.06453  3400.01  5223.97 2.42 2.20  29.2 -0.408 19.06 20.60 02a60050o0423c
60050.470341  19.699  0.299    48   14 c  0   1.04 195.64892  68.06453  3418.75  5097.57 2.46 2.20  30.4 -0.407 19.19 20.77 02a60050o0499c
60052.407085  19.396  0.283    63   18 c  0   1.30 195.64892  68.06453   250.32  1242.31 2.45 2.20 -64.6 -0.437 18.78 20.28 02a60052o0376c
60052.409884  19.485  0.366    58   21 c  0   0.86 195.64892  68.06453   228.65  1204.36 2.43 2.22 -67.4 -0.426 18.77 20.23 02a60052o0382c
60052.417358  18.796  0.179   110   20 c  0   0.95 195.64892  68.06453   294.98  1273.31 2.54 2.29 -68.3 -0.432 18.70 20.21 02a60052o0398c
60052.427120 -19.464  0.966   -60   58 c  0   1.18 195.64892  68.06453   315.89  1149.64 2.49 2.25 -67.8 -0.441 17.15 18.59 02a60052o0418c
60052.432588  20.079  0.609    34   21 c  0   1.32 195.64892  68.06453 10309.12  1247.18 2.77 2.21 -61.2 -0.407 18.83 20.39 02a60052o0430c
60052.466930  19.216  0.281    75   21 c  0   1.13 195.64892  68.06453 10285.66  1198.17 2.76 2.19 -60.9 -0.408 18.98 20.54 02a60052o0503c
60052.470104  20.307  0.861    27   24 c  0   0.82 195.64892  68.06453 10350.29  1282.53 2.86 2.31 -61.3 -0.398 18.99 20.61 02a60052o0510c
60052.475558  19.513  0.244    57   14 c  0   1.67 195.64892  68.06453 10373.89  1164.88 2.63 2.07 -61.9 -0.415 19.22 20.81 02a60052o0522c
60056.420500  19.661  0.284    50   14 c  0   0.70 195.64892  68.06453  6009.24  1185.41 2.41 2.30  87.7 -0.407 19.32 20.85 02a60056o0413c
60056.423487  19.772  0.269    45   12 c  0   0.97 195.64892  68.06453  5989.44  1145.27 2.42 2.33  76.9 -0.409 19.33 20.84 02a60056o0419c
60056.429403  19.374  0.191    65   12 c  0   1.13 195.64892  68.06453  6053.36  1222.08 2.47 2.37  80.2 -0.404 19.29 20.83 02a60056o0432c
60056.464991  19.939  0.286    38   11 c  0   1.16 195.64892  68.06453  6072.40  1094.51 2.37 2.26  85.7 -0.419 19.34 20.78 02a60056o0508c
60058.364925  19.932  0.353    39   14 c  0   0.92 195.64892  68.06453  4528.73  3186.91 2.42 2.31  56.8 -0.411 19.44 20.98 02a60058o0293c
60058.366735  20.492  0.636    23   15 c  0   0.55 195.64892  68.06453  4546.50  3228.26 2.43 2.28  53.6 -0.414 19.44 20.97 02a60058o0297c
60058.369920  19.675  0.235    49   12 c  0   1.02 195.64892  68.06453  4492.32  3148.77 2.45 2.31  43.7 -0.411 19.39 20.96 02a60058o0304c
60058.375369  19.864  0.319    41   13 c  0   0.70 195.64892  68.06453  4474.56  3265.32 2.42 2.31  51.1 -0.411 19.39 20.96 02a60058o0316c
60060.345723  19.540  0.768    55   43 o  0   1.08 195.64892  68.06453  8242.66  2891.33 2.18 2.01 -71.2 -0.421 17.94 18.59 02a60060o0244o
60060.347531  19.871  0.835    41   34 o  0   1.08 195.64892  68.06453  8260.81  2931.39 2.12 2.03 -75.4 -0.424 18.30 18.99 02a60060o0248o
60060.371836  19.846  0.571    42   24 o  0   0.72 195.64892  68.06453  2396.88  7700.60 1.91 1.82 -42.0 -0.453 18.89 19.56 02a60060o0293o
60060.398039  19.486  0.343    58   20 o  0   0.91 195.64892  68.06453  2409.91  7579.47 2.00 1.88  19.4 -0.427 19.05 19.90 02a60060o0346o
60066.403767  21.360  2.084    10   22 o  0   0.70 195.64892  68.06453  6939.16  2853.38 1.90 1.86  50.9 -0.451 18.88 19.23 02a60066o0368o
60066.406934  20.293  0.733    28   20 o  0   1.33 195.64892  68.06453  6920.40  2815.99 1.97 1.84  35.5 -0.450 18.89 19.22 02a60066o0375o
60066.412363  19.919  0.504    39   20 o  0   1.13 195.64892  68.06453  6979.40  2889.08 1.99 1.91  47.3 -0.445 18.89 19.23 02a60066o0387o
60066.447497  19.606  0.317    52   16 o  0   1.96 195.64892  68.06453  6998.02  2765.81 1.93 1.82  41.5 -0.451 18.84 19.12 02a60066o0461o
60068.451897  21.497  6.946     9   64 o  0   1.04 195.64892  68.06453  8161.38  9498.90 2.74 2.52 -86.5 -0.429 17.93 18.24 02a60068o0358o
60068.455081 -19.028  6.667   -89  592 o  0   1.40 195.64892  68.06453  8143.34  9456.59 3.52 3.26 -89.6 -0.440 15.52 15.56 02a60068o0365o
60070.456623  19.773  0.664    45   30 o  0   0.83 195.64892  68.06453  5298.26  5026.70 2.54 2.05  41.0 -0.408 18.46 18.71 02a60070o0228o
60070.459910  22.362 15.136     4   62 o  0   2.70 195.64892  68.06453  5278.49  4984.05 2.64 2.12  37.7 -0.407 18.12 18.45 02a60070o0235o
60070.467023  19.095  0.472    84   40 o  0   0.95 195.64892  68.06453  5336.83  5060.04 2.77 2.07  36.4 -0.398 18.13 18.43 02a60070o0250o
60070.477543  18.637  0.254   127   32 o  0   1.17 195.64892  68.06453  5356.50  4942.44 2.64 2.14  34.0 -0.419 18.15 18.43 02a60070o0272o
60072.395307  20.028  0.478    35   17 o  0   1.80 195.64892  68.06453  7255.26  4994.76 2.35 1.90  33.5 -0.429 18.92 19.43 02a60072o0356o
60072.398100  19.334  0.286    67   19 o  0   1.31 195.64892  68.06453  7236.48  4955.52 2.27 1.87  33.2 -0.427 18.94 19.41 02a60072o0362o
60072.404045  19.818  0.448    43   19 o  0   1.10 195.64892  68.06453  7293.74  5031.89 2.36 1.92  32.9 -0.425 18.89 19.39 02a60072o0375o
60072.414483  19.583  0.407    53   22 o  0   1.08 195.64892  68.06453  7314.27  4916.31 2.30 1.89  34.2 -0.430 18.96 19.41 02a60072o0398o
60076.431415  19.752  0.286    46   13 c  0   1.03 195.64892  68.06453  7906.07  7340.40 2.55 2.42  55.1 -0.404 19.41 20.90 02a60076o0198c
60076.434773  20.388  0.497    25   13 c  0   0.82 195.64892  68.06453  7888.47  7300.69 2.62 2.38  42.9 -0.403 19.43 20.90 02a60076o0205c
60076.439975  20.825  0.804    17   14 c  0   0.95 195.64892  68.06453  7944.55  7380.67 2.61 2.43  42.5 -0.408 19.42 20.88 02a60076o0216c
60076.450049  21.366  1.397    10   14 c  0   0.81 195.64892  68.06453  7964.90  7264.15 2.58 2.40  41.7 -0.408 19.40 20.88 02a60076o0238c
60078.379156  20.468  0.453    24   11 c  0   1.35 195.64892  68.06453  8141.32  1158.04 2.46 2.11 -65.9 -0.425 19.50 21.05 02a60078o0312c
60078.382774  20.647  0.523    20   10 c  0   1.22 195.64892  68.06453  8120.76  1116.33 2.41 2.08 -66.6 -0.428 19.49 21.04 02a60078o0320c
60078.389179  19.808  0.248    43   11 c  0   1.41 195.64892  68.06453  8185.77  1196.82 2.39 2.08 -67.5 -0.435 19.50 21.05 02a60078o0334c
60078.400291  19.981  0.293    37   11 c  0   1.43 195.64892  68.06453  8208.75  1076.25 2.40 2.09 -67.7 -0.425 19.49 21.07 02a60078o0358c
60082.391631  19.832  0.218    42    9 o  0   2.34 195.64892  68.06453  1860.33  4862.29 2.12 1.78  24.5 -0.457 19.37 20.30 02a60082o0330o
60082.395078  19.566  0.233    54   13 o  0   1.10 195.64892  68.06453  1841.31  4824.68 2.17 1.77  28.9 -0.457 19.38 20.29 02a60082o0337o
60082.402024  19.785  0.285    44   13 o  0   1.11 195.64892  68.06453  1900.38  4896.01 2.18 1.79  23.0 -0.456 19.33 20.18 02a60082o0352o
60082.411973  19.449  0.227    60   14 o  0   1.13 195.64892  68.06453  1921.59  4774.63 2.12 1.78  21.3 -0.462 19.30 20.18 02a60082o0373o
60084.353523  19.330  0.291    67   20 o  0   1.40 195.64892  68.06453   808.50  3314.65 2.08 1.94 -45.2 -0.460 18.72 19.92 02a60084o0255o
60086.329520  19.984  0.300    37   11 o  0   1.06 195.64892  68.06453  4212.93  7482.21 2.12 1.82  29.2 -0.440 19.58 20.73 02a60086o0195o
60086.332686  19.845  0.219    42    9 o  0   1.25 195.64892  68.06453  4194.86  7442.75 2.15 1.86  27.4 -0.435 19.52 20.75 02a60086o0202o
60086.338591  19.576  0.217    54   12 o  0   0.93 195.64892  68.06453  4248.79  7515.81 2.07 1.78  26.4 -0.435 19.57 20.73 02a60086o0215o
60086.349460  19.565  0.202    54   11 o  0   1.23 195.64892  68.06453  4267.94  7396.27 2.16 1.87  28.7 -0.433 19.53 20.73 02a60086o0239o
60088.335488  21.335  1.244    11   13 o  0   1.03 195.64892  68.06453  2394.75   957.14 2.30 2.14 -75.8 -0.451 19.28 20.50 02a60088o0207o
60088.338670  19.787  0.320    44   14 o  0   0.85 195.64892  68.06453  2372.96   918.85 2.19 2.07 -82.0 -0.454 19.34 20.47 02a60088o0214o
60088.344574  20.234  0.574    29   17 o  0   0.87 195.64892  68.06453  2438.68   990.87 2.50 2.33  54.4 -0.429 19.12 20.48 02a60088o0227o
60088.371429  19.574  0.283    54   15 o  0   0.71 195.64892  68.06453  2462.39   867.11 2.35 2.20 -73.2 -0.440 19.25 20.38 02a60088o0275o
60090.347499  20.742  0.754    18   14 o  0   1.00 195.64892  68.06453   985.71  7378.35 2.00 1.81 -47.9 -0.467 19.31 20.15 02a60090o0226o
60090.351144  19.847  0.323    42   14 o  0   1.11 195.64892  68.06453   968.05  7339.11 1.98 1.78 -48.4 -0.468 19.33 20.13 02a60090o0234o
60090.357919  20.213  0.540    30   16 o  0   1.06 195.64892  68.06453  1022.88  7406.37 1.94 1.73 -47.8 -0.487 19.33 20.11 02a60090o0248o
60090.368562  19.804  0.273    44   12 o  0   2.42 195.64892  68.06453  1043.02  7287.12 2.06 1.88 -44.6 -0.464 19.21 20.08 02a60090o0271o
60090.374054  20.505  0.661    23   15 o  0   1.12 195.64892  68.06453  9680.33  7399.46 2.27 2.06 -70.2 -0.454 19.30 20.16 02a60090o0283o
60090.376871  20.558  0.782    22   17 o  0   0.91 195.64892  68.06453  9661.86  7358.34 2.20 2.04 -75.6 -0.458 19.31 20.16 02a60090o0289o
60090.382725  21.966  2.674     6   16 o  0   0.92 195.64892  68.06453  9718.64  7441.61 2.21 2.04 -70.2 -0.457 19.33 20.16 02a60090o0301o
60090.392721  19.852  0.379    42   16 o  0   0.85 195.64892  68.06453  9737.53  7324.90 2.17 2.05 -69.4 -0.456 19.31 20.18 02a60090o0323o
60092.355069  19.176  0.396    78   31 o  0   1.07 195.64892  68.06453  1771.03  4887.42 2.04 1.91  24.2 -0.459 18.38 18.80 02a60092o0212o
60092.359157  19.557  0.357    55   20 o  0   1.12 195.64892  68.06453  1751.48  4849.14 1.99 1.84  20.8 -0.465 18.82 19.40 02a60092o0220o
60092.366433  20.121  0.944    32   31 o  0   1.23 195.64892  68.06453  1809.96  4919.24 2.00 1.82  26.9 -0.482 18.31 18.72 02a60092o0235o
60092.379893  20.138  0.697    32   22 o  0   0.98 195.64892  68.06453  1830.65  4797.53 2.06 1.82  25.3 -0.458 18.73 19.33 02a60092o0264o
60094.349483  20.406  0.850    25   21 o  0   1.16 195.64892  68.06453  3767.16  1289.12 2.02 1.96  88.3 -0.453 18.74 19.36 02a60094o0158o
60094.352244  22.414 19.120     4   75 o  0   1.92 195.64892  68.06453  3745.84  1250.78 2.11 2.02  68.5 -0.460 18.71 19.27 02a60094o0164o
60094.358966 -17.265  0.365  -451  165 o  0   1.43 195.64892  68.06453  3811.60  1324.92 2.12 2.06  82.4 -0.459 16.32 16.76 02a60094o0178o
60094.369070 -19.862  2.242   -41   92 o  0   1.17 195.64892  68.06453  3833.88  1202.49 2.12 2.05  66.2 -0.467 17.62 17.92 02a60094o0200o
60096.344117 -22.418  3.541    -4   14 o  0   2.46 195.64892  68.06453  8329.58  3317.12 1.98 1.93  36.4 -0.433 18.91 19.48 02a60096o0221o
60096.346839  20.531  0.615    22   14 o  0   1.93 195.64892  68.06453  8309.39  3276.06 1.94 1.87  23.3 -0.439 18.96 19.47 02a60096o0227o
60096.353976  20.197  0.799    30   24 o  0   1.24 195.64892  68.06453  8370.20  3356.47 1.97 1.89  35.4 -0.432 18.62 19.24 02a60096o0242o
60096.366275  19.876  0.738    41   30 o  0   0.93 195.64892  68.06453  8391.85  3240.38 1.98 1.88  23.6 -0.430 18.56 18.95 02a60096o0269o
60098.362965  18.606  0.501   131   66 o  0   1.22 195.64892  68.06453  6297.84  9523.40 2.12 2.00 -68.2 -0.455 17.84 17.91 02a60098o0261o
60098.366389  19.334  0.906    67   61 o  0   1.09 195.64892  68.06453  6280.05  9482.55 2.05 1.91 -65.9 -0.479 17.98 18.07 02a60098o0268o
60098.372393  18.439  0.492   153   75 o  0   2.27 195.64892  68.06453  6331.37  9561.54 2.12 1.97 -62.4 -0.469 17.71 17.65 02a60098o0280o
60098.383772 -19.383  1.312   -64   84 o  0   1.15 195.64892  68.06453  6352.24  9443.33 2.13 1.99 -64.2 -0.471 17.70 17.81 02a60098o0304o
60100.345414  20.555  1.005    22   22 o  0   1.22 195.64892  68.06453  3270.03  5188.68 2.19 1.80  32.2 -0.448 18.78 19.21 02a60100o0214o
60100.348787  19.670  0.524    49   26 o  0   0.70 195.64892  68.06453  3250.68  5149.63 2.25 1.81  35.1 -0.443 18.77 19.20 02a60100o0221o
60100.356008  20.824  1.351    17   23 o  0   1.06 195.64892  68.06453  3309.09  5220.06 2.24 1.79  29.7 -0.448 18.75 19.17 02a60100o0236o
60100.369789  21.104  1.441    13   19 o  0   2.08 195.64892  68.06453  3330.28  5100.36 2.18 1.78  30.8 -0.449 18.67 19.04 02a60100o0265o
60102.328434 -21.149  1.009   -13   13 o  0   1.22 195.64892  68.06453   164.16  1241.66 2.37 1.82 -62.6 -0.442 19.38 20.48 02a60102o0184o
60102.331156  20.532  0.590    22   13 o  0   0.80 195.64892  68.06453   138.76  1201.51 2.04 1.98 -82.4 -0.469 19.30 20.47 02a60102o0190o
60102.336812  19.613  0.258    52   13 o  0   1.34 195.64892  68.06453   209.74  1274.21 2.29 1.88 -59.6 -0.454 19.40 20.42 02a60102o0202o
60102.346997 -20.971  0.857   -15   13 o  0   1.38 195.64892  68.06453 10220.04  1233.86 2.30 1.52 -63.6 -0.523 19.28 20.19 02a60102o0222o
60102.347449  20.427  0.575    24   14 o  0   1.28 195.64892  68.06453   230.24  1147.41 2.16 1.84 -62.9 -0.467 19.23 20.12 02a60102o0223o
60102.350802  22.040  2.621     6   14 o  0   1.01 195.64892  68.06453 10198.41  1191.18 2.18 1.48 -65.7 -0.555 19.28 20.11 02a60102o0229o
60102.356447  20.936  1.174    15   18 o  0   1.47 195.64892  68.06453 10262.67  1276.70 2.14 1.53 -64.3 -0.532 19.16 19.99 02a60102o0241o
60102.366666 -21.399  1.758   -10   18 o  0   0.92 195.64892  68.06453 10286.74  1158.87 2.43 1.55 -63.3 -0.519 19.11 19.86 02a60102o0263o
60104.351227  20.436  0.458    24   11 c  0   1.14 195.64892  68.06453  9123.73  5025.08 2.59 2.51 -76.6 -0.404 19.46 21.26 02a60104o0225c
60104.354047  20.172  0.364    31   11 c  0   1.32 195.64892  68.06453  9104.04  4983.96 2.81 2.75  84.6 -0.386 19.36 21.25 02a60104o0231c
60104.361098  21.091  0.956    13   13 c  0   0.80 195.64892  68.06453  9163.08  5065.53 2.79 2.68 -72.0 -0.395 19.42 21.27 02a60104o0246c
60104.371782  20.599  0.573    21   12 c  0   1.23 195.64892  68.06453  9183.15  4948.30 2.84 2.73 -66.9 -0.394 19.40 21.25 02a60104o0269c
60106.330449  21.401  1.167    10   12 c  0   0.77 195.64892  68.06453  5917.73  1177.16 2.65 2.46 -70.6 -0.403 19.46 21.28 02a60106o0184c
60106.335633  20.149  0.306    32   10 c  0   1.36 195.64892  68.06453  5896.06  1136.72 2.52 2.36 -74.4 -0.414 19.46 21.31 02a60106o0195c
60106.338372  21.334  0.971    11   10 c  0   1.17 195.64892  68.06453  5957.33  1213.19 2.49 2.36 -82.3 -0.410 19.54 21.32 02a60106o0201c
60106.348794  20.850  0.607    17   10 c  0   0.95 195.64892  68.06453  5981.90  1096.04 2.53 2.36 -79.6 -0.410 19.51 21.31 02a60106o0223c
60108.333671  22.809  5.154     3   14 c  0   1.02 195.64892  68.06453  5973.36  7374.26 2.73 2.69  56.1 -0.404 19.28 21.17 02a60108o0150c
60108.336384  20.253  0.492    29   14 c  0   1.25 195.64892  68.06453  5952.49  7331.92 2.86 2.66  42.3 -0.392 19.23 21.12 02a60108o0156c
60108.341543  19.957  0.363    38   14 c  0   0.95 195.64892  68.06453  6008.97  7411.41 2.82 2.73  46.8 -0.399 19.37 21.29 02a60108o0167c
60108.351910  20.284  0.480    28   13 c  0   0.86 195.64892  68.06453  6026.02  7294.54 2.99 2.89  77.4 -0.396 19.33 21.34 02a60108o0189c
60110.323671  20.639  0.500    20   10 c  0   1.34 195.64892  68.06453  2268.68  7661.24 2.34 2.22 -49.4 -0.418 19.52 21.19 02a60110o0168c
60110.326403  20.356  0.452    26   12 c  0   0.94 195.64892  68.06453  2250.90  7621.97 2.33 2.28 -23.3 -0.410 19.51 21.18 02a60110o0174c
60110.332939  19.880  0.217    40    9 c  0   1.81 195.64892  68.06453  2305.85  7694.41 2.37 2.29 -43.2 -0.413 19.49 21.17 02a60110o0188c
60110.342741  20.872  0.649    16   11 c  0   1.54 195.64892  68.06453  2324.19  7573.46 2.36 2.29 -11.1 -0.412 19.50 21.15 02a60110o0209c
60112.312004  20.553  0.410    22    9 c  0   1.16 195.64892  68.06453  2780.35  3083.66 2.34 2.28 -65.9 -0.418 19.43 20.98 02a60112o0143c
60112.314727  20.939  0.703    15   11 c  0   0.99 195.64892  68.06453  2760.45  3045.59 2.31 2.27  87.6 -0.419 19.44 20.96 02a60112o0149c
60112.321763  21.109  0.691    13    9 c  0   2.01 195.64892  68.06453  2821.19  3118.24 2.33 2.28  89.6 -0.415 19.39 20.92 02a60112o0163c
60112.332465  20.299  0.416    28   12 c  0   1.20 195.64892  68.06453  2840.21  2997.52 2.38 2.34  55.0 -0.412 19.37 20.91 02a60112o0186c
60114.317048  21.344  1.143    10   12 c  0   0.77 195.64892  68.06453  5005.53  9119.05 2.50 2.28 -56.1 -0.423 19.57 21.28 02a60114o0150c
60114.320553  20.709  0.591    19   11 c  0   0.73 195.64892  68.06453  4987.57  9078.98 2.40 2.26 -57.9 -0.418 19.56 21.31 02a60114o0156c
60114.326478  21.522  1.377     9   12 c  0   0.74 195.64892  68.06453  5039.94  9155.21 2.45 2.26 -53.1 -0.420 19.63 21.35 02a60114o0168c
60114.338973  19.835  0.330    42   14 c  0   0.69 195.64892  68.06453  5056.30  9034.61 2.42 2.29 -55.0 -0.419 19.55 21.32 02a60114o0194c
60116.333921  21.966  1.800     6   11 c  0   1.50 195.64892  68.06453  6855.24  2849.90 2.31 2.20 -78.7 -0.408 19.47 20.98 02a60116o0186c
60116.337315  20.365  0.420    26   11 c  0   1.24 195.64892  68.06453  6835.49  2809.56 2.40 2.29 -78.1 -0.404 19.38 20.96 02a60116o0193c
60116.345081  20.723  0.601    19   11 c  0   1.15 195.64892  68.06453  6896.57  2887.16 2.32 2.22 -73.4 -0.404 19.41 20.93 02a60116o0209c
60116.356445  22.965  4.588     2   11 c  0   1.15 195.64892  68.06453  6917.59  2768.36 2.34 2.26 -73.7 -0.399 19.41 20.90 02a60116o0233c
60118.317475  20.036  0.503    35   18 o  0   1.06 195.64892  68.06453  8076.04  9505.26 3.07 2.68 -66.0 -0.403 19.20 20.56 02a60118o0135o
60118.322707  20.752  1.000    18   18 o  0   1.19 195.64892  68.06453  8057.87  9463.67 3.11 2.84 -71.9 -0.393 19.11 20.54 02a60118o0146o
60118.326505  20.416  0.737    25   18 o  0   0.92 195.64892  68.06453  8111.45  9543.97 3.06 2.66 -60.8 -0.397 19.15 20.52 02a60118o0154o
60124.294486  20.410  0.639    25   16 o  0   1.14 195.64892  68.06453  4906.38  2898.08 2.09 1.86  31.6 -0.458 19.07 19.70 02a60124o0107o
60124.298469  21.472  2.058     9   19 o  0   0.93 195.64892  68.06453  4881.35  2853.61 2.56 1.95  33.2 -0.446 18.99 19.70 02a60124o0114o
60124.303766  21.334  1.436    11   15 o  0   1.55 195.64892  68.06453  4945.04  2930.49 2.36 2.12  39.1 -0.449 18.92 19.69 02a60124o0125o
60124.319245  19.742  0.358    46   16 o  0   1.32 195.64892  68.06453  4965.99  2811.90 2.18 1.97  39.4 -0.459 18.97 19.70 02a60124o0157o
60126.304040  17.167  1.184   493  584 o  0   1.80 195.64892  68.06453  7918.96  7331.57 2.13 2.00  67.3 -0.420 16.24 16.11 02a60126o0130o
60126.307480 -20.168  2.858   -31   89 o  0   2.17 195.64892  68.06453  7899.49  7291.51 2.15 2.04  69.9 -0.461 17.39 17.51 02a60126o0137o
60126.313160  17.808  0.754   273  206 o  0   1.64 195.64892  68.06453  7953.29  7368.00 2.19 2.09  85.8 -0.477 16.19 16.15 02a60126o0149o
60126.323834  19.417  2.137    62  133 o  0   1.08 195.64892  68.06453  7969.66  7251.63 2.17 2.06  65.8 -0.424 16.81 16.81 02a60126o0171o
60126.441776  19.215  0.944    75   71 o  0   1.15 195.64892  68.06453  5732.32  7420.45 2.23 2.02  32.0 -0.437 17.61 18.41 02a60126o0423o
60130.298924 -14.762  0.780 -4520 3527 o  0   0.92 195.64892  68.06453  7853.76  6420.26 2.68 2.18  36.6 -0.465 15.26 15.93 02a60130o0112o
60130.304391 -18.569  0.940  -136  128 o  0   1.02 195.64892  68.06453  7836.80  6379.17 2.40 2.24  45.6 -0.438 16.74 17.38 02a60130o0123o
60130.308386  18.866  0.508   103   52 o  0   1.12 195.64892  68.06453  7890.62  6462.76 2.34 2.19  50.3 -0.416 18.02 18.78 02a60130o0131o
60130.320327  21.549  2.667     9   23 o  0   0.96 195.64892  68.06453  7907.33  6343.92 2.39 2.17  35.5 -0.412 18.86 19.47 02a60130o0156o
60132.270029  20.289  0.462    28   13 o  0   0.99 195.64892  68.06453  1152.81  6462.25 2.27 2.07  12.8 -0.443 19.39 20.64 02a60132o0058o
60132.273509  20.643  0.685    20   14 o  0   0.91 195.64892  68.06453  1135.10  6423.48 2.21 2.07   3.1 -0.442 19.42 20.68 02a60132o0064o
60132.281452  20.830  0.705    17   12 o  0   1.62 195.64892  68.06453  1187.93  6493.42 2.24 2.11  10.0 -0.441 19.40 20.65 02a60132o0079o
60132.294834  21.503  1.333     9   12 o  0   1.26 195.64892  68.06453  1204.67  6371.48 2.43 2.33   3.9 -0.434 19.30 20.65 02a60132o0106o
60132.305371  20.811  0.882    17   15 o  0   1.02 195.64892  68.06453  9560.75  6488.35 2.51 2.26 -71.4 -0.443 19.40 20.69 02a60132o0128o
60132.311249  21.277  0.972    11   11 o  0   2.11 195.64892  68.06453  9543.71  6449.45 2.52 2.25 -68.2 -0.449 19.41 20.70 02a60132o0140o
60132.314128  22.053  2.270     6   12 o  0   1.13 195.64892  68.06453  9596.27  6530.15 2.41 2.22 -70.7 -0.450 19.42 20.69 02a60132o0146o
60132.325891  19.963  0.372    38   14 o  0   1.32 195.64892  68.06453  9614.43  6411.26 2.55 2.31 -67.3 -0.444 19.34 20.65 02a60132o0170o
60134.297413 -19.734  4.000   -46  186 c  0   1.25 195.64892  68.06453  5284.53 10351.49 2.80 2.45 -53.0 -0.412 17.03 18.26 02a60134o0110c
60134.300602 -19.809  1.738   -43   75 c  0   1.32 195.64892  68.06453  5268.22 10310.75 2.72 2.47 -54.8 -0.403 17.62 18.89 02a60134o0117c
60134.306048 -21.455  8.500   -10   81 c  0   0.82 195.64892  68.06453  5316.81 10388.03 2.87 2.52 -53.4 -0.377 17.86 19.20 02a60134o0129c
60134.316571 -19.196  1.870   -76  142 c  0   0.98 195.64892  68.06453  5331.90 10268.33 2.85 2.45 -50.8 -0.404 17.63 18.96 02a60134o0151c
60134.322752 -16.453  0.579  -952  551 c  0   0.93 195.64892  68.06453  8313.78   243.16 2.88 2.15 -60.3 -0.396 15.88 17.12 02a60134o0164c
60134.325962 -20.530  4.037   -22   90 c  0   1.39 195.64892  68.06453  8289.83   199.99 2.69 2.10 -64.4 -0.459 17.25 18.47 02a60134o0171c
60134.332927  19.418  1.500    62   93 c  0   1.26 195.64892  68.06453  8353.82   283.64 2.85 2.21 -62.2 -0.406 17.46 18.79 02a60134o0186c
60134.342975  19.140  1.788    80  143 c  0   1.26 195.64892  68.06453  8375.09   164.75 2.92 2.25 -60.6 -0.460 16.99 18.33 02a60134o0207c
60136.284206 -21.395  1.750   -10   18 c  0   1.14 195.64892  68.06453  2048.95  4632.71 3.40 3.22 -82.8 -0.407 18.78 20.76 02a60136o0082c
60136.287080  21.108  1.684    13   22 c  0   1.37 195.64892  68.06453  2030.36  4594.12 3.06 2.89 -63.6 -0.405 18.67 20.45 02a60136o0088c
60136.292682  20.192  0.873    30   27 c  0   0.90 195.64892  68.06453  2085.02  4666.11 2.95 2.89 -64.4 -0.401 18.47 20.14 02a60136o0100c
60136.302637 -16.731  0.989  -737  730 c  0   1.03 195.64892  68.06453  2102.34  4545.53 3.05 2.99 -73.5 -0.403 14.90 16.30 02a60136o0121c
60138.282869 -20.560  2.105   -22   46 c  0   1.32 195.64892  68.06453  6696.72  8137.77 3.64 3.48 -66.7 -0.365 18.16 19.93 02a60138o0078c
60138.286042  18.285  0.389   176   68 c  0   0.98 195.64892  68.06453  6679.17  8096.76 3.68 3.46 -69.5 -0.357 17.64 19.25 02a60138o0085c
60138.291505  21.742  3.053     7   22 c  0   0.91 195.64892  68.06453  6730.67  8174.82 3.96 3.75 -66.2 -0.364 18.80 20.72 02a60138o0097c
60138.301472  20.367  0.930    26   24 c  0   1.07 195.64892  68.06453  6743.30  8054.14 4.20 4.06  49.5 -0.351 18.72 20.68 02a60138o0118c
60140.254715  19.827  0.682    43   29 c  0   1.32 195.64892  68.06453  1010.24  7368.71 2.53 2.42 -41.5 -0.415 18.34 19.42 02a60140o0023c
60140.257624  22.918  7.267     2   18 c  0   1.80 195.64892  68.06453   989.96  7328.66 2.66 2.36 -55.3 -0.422 18.75 19.96 02a60140o0029c
60140.273052  23.278  7.000     2   12 c  0   1.31 195.64892  68.06453  1037.24  7400.35 2.61 2.32 -53.4 -0.422 19.33 20.92 02a60140o0062c
60140.277777  20.608  0.723    21   15 c  0   0.74 195.64892  68.06453  9706.30  7399.87 3.01 2.81 -73.6 -0.400 19.30 21.04 02a60140o0072c
60140.278229  21.841  2.059     7   14 c  0   1.24 195.64892  68.06453  1052.71  7275.47 2.84 2.63 -51.4 -0.417 19.25 20.95 02a60140o0073c
60140.281008  20.426  0.595    24   15 c  0   1.10 195.64892  68.06453  9686.71  7356.92 3.07 2.76 -67.7 -0.406 19.37 21.04 02a60140o0079c
60140.288731  21.662  1.757     8   14 c  0   0.96 195.64892  68.06453  9739.13  7444.41 3.03 2.67 -67.3 -0.405 19.39 21.01 02a60140o0095c
60140.305056  20.387  0.586    25   15 c  0   1.23 195.64892  68.06453  9747.54  7324.61 3.55 3.26 -69.3 -0.386 19.14 20.97 02a60140o0130c
60146.278873  19.834  0.288    42   12 c  0   1.16 195.64892  68.06453  8361.08  3308.47 2.52 2.36 -70.8 -0.395 19.40 20.98 02a60146o0079c
60146.292820  19.904  0.277    40   11 c  0   1.66 195.64892  68.06453  8331.81  3266.52 2.57 2.44 -72.2 -0.394 19.34 20.94 02a60146o0108c
60146.295803  20.533  0.522    22   12 c  0   1.87 195.64892  68.06453  8390.92  3345.96 2.63 2.33 -66.1 -0.401 19.39 20.93 02a60146o0114c
60146.306165  21.681  1.551     8   12 c  0   1.03 195.64892  68.06453  8405.14  3227.77 2.47 2.42  74.2 -0.393 19.35 20.92 02a60146o0135c
60148.266544  23.382 10.455     2   17 o  0   0.97 195.64892  68.06453  6313.26  9518.97 2.39 2.22 -65.3 -0.441 19.21 20.14 02a60148o0056o
60148.271760  23.858 14.857     1   15 o  0   1.19 195.64892  68.06453  6293.07  9477.40 2.40 2.25 -62.4 -0.432 19.22 20.21 02a60148o0067o
60148.279886  21.050  1.058    14   15 o  0   1.26 195.64892  68.06453  6341.64  9553.37 2.32 2.09 -61.0 -0.443 19.24 20.21 02a60148o0084o
60148.282688  20.252  0.572    29   16 o  0   0.84 195.64892  68.06453  6355.79  9431.92 2.28 2.27 -52.3 -0.442 19.24 20.22 02a60148o0090o
60150.270664 -21.612  2.297    -8   19 o  0   1.07 195.64892  68.06453  3283.91  5171.79 2.95 2.86  23.8 -0.395 18.89 20.21 02a60150o0067o
60150.273843  19.939  0.595    38   23 o  0   0.96 195.64892  68.06453  3262.55  5131.27 3.51 3.46  87.5 -0.399 18.65 20.21 02a60150o0074o
60150.281274  19.470  0.348    59   21 o  0   1.11 195.64892  68.06453  3317.72  5204.40 3.50 3.33  51.0 -0.338 18.77 20.21 02a60150o0090o
60150.291577 -21.570  2.000    -9   17 o  0   0.90 195.64892  68.06453  3331.45  5081.43 2.62 2.50  33.3 -0.421 18.97 20.21 02a60150o0112o
60152.287997  20.887  1.193    16   19 o  0   1.64 195.64892  68.06453   170.21  1206.73 3.37 3.10 -83.8 -0.427 18.52 19.87 02a60152o0104o
60152.295079  19.804  0.516    44   22 o  0   0.99 195.64892  68.06453   145.73  1166.76 3.52 3.15 -65.0 -0.356 18.58 19.84 02a60152o0119o
60152.298032  19.998  0.737    36   27 o  0   1.23 195.64892  68.06453   208.75  1237.12 4.46 4.12 -67.7 -0.322 18.38 19.83 02a60152o0125o
60152.309640  21.006  1.947    14   28 o  0   1.11 195.64892  68.06453   226.46  1115.85 3.91 3.53 -61.9 -0.419 18.42 19.78 02a60152o0150o
60152.315949 -18.515  0.224  -143   32 o  0   3.12 195.64892  68.06453 10225.56  1213.69 3.52 2.74 -59.9 -0.431 18.70 19.91 02a60152o0163o
60152.318737  20.064  0.895    34   31 o  0   1.01 195.64892  68.06453 10202.45  1167.73 3.13 2.77 -68.1 -0.374 18.36 19.89 02a60152o0169o
60152.324390 -21.143  2.326   -13   30 o  0   1.12 195.64892  68.06453 10263.18  1252.50 3.56 2.81 -63.5 -0.423 18.66 19.88 02a60152o0181o
60152.334311  20.077  0.670    34   23 o  0   1.29 195.64892  68.06453 10281.30  1135.97 2.93 1.94 -58.7 -0.477 18.96 19.86 02a60152o0202o
60154.257729  23.060 10.818     2   23 o  0   1.19 195.64892  68.06453  9147.15  5021.37 2.82 2.69 -77.4 -0.396 18.70 19.53 02a60154o0040o
60154.261973  19.936  0.582    38   22 o  0   1.17 195.64892  68.06453  9125.12  4979.92 3.10 2.96 -84.3 -0.401 18.64 19.63 02a60154o0049o
60154.270391  21.530  1.964     9   17 o  0   1.81 195.64892  68.06453  9179.11  5061.23 2.53 2.42 -79.5 -0.410 18.82 19.66 02a60154o0067o
