MJD          m      dm   uJy   duJy F err chi/N     RA       Dec        x        y     maj  min   phi  apfit mag5sig Sky   Obs
59448.580696  16.905  0.123   628   77 o  0   1.31  85.50717  69.37687  8428.10  8910.13 2.35 2.28  60.3 -0.436 18.45 18.58 02a59448o0768o
59448.584844  16.849  0.096   661   63 o  0   1.63  85.50717  69.37687  8449.99  8946.36 2.33 2.29 -78.9 -0.438 18.47 18.60 02a59448o0777o
59448.595015  16.887  0.105   638   67 o  0   1.12  85.50717  69.37687  8386.53  8872.32 2.36 2.28  70.1 -0.437 18.48 18.65 02a59448o0799o
59448.600477  16.885  0.115   640   74 o  0   0.95  85.50717  69.37687  8376.18  8991.34 2.31 2.22  54.5 -0.441 18.53 18.67 02a59448o0810o
59456.574649  16.932  0.049   613   30 o  0   1.09  85.50717  69.37687  7204.93  4898.46 2.41 1.97  46.1 -0.416 18.81 19.51 02a59456o0753o
59456.578796  16.979  0.064   587   38 o  0   0.85  85.50717  69.37687  7226.74  4935.55 2.21 1.99  51.6 -0.421 18.59 19.25 02a59456o0762o
59456.585667  17.112  0.074   519   38 o  0   1.41  85.50717  69.37687  7169.84  4860.62 2.61 2.05  42.8 -0.398 18.11 18.75 02a59456o0777o
59456.603583  17.067  0.040   541   22 o  0   1.57  85.50717  69.37687  7152.76  4978.55 2.35 2.02  46.4 -0.417 19.16 20.10 02a59456o0816o
59462.479941  17.092  0.037   529   20 o  0   1.52  85.50717  69.37687  5271.66  5530.62 2.21 1.97 -44.0 -0.399 19.46 20.55 01a59462o0565o
59462.484178  17.036  0.030   556   17 o  0   1.52  85.50717  69.37687  5256.40  5492.41 2.27 2.02  38.8 -0.366 19.44 20.56 01a59462o0574o
59462.489315  17.089  0.034   530   18 o  0   1.31  85.50717  69.37687  5312.59  5569.21 2.17 1.95 -53.6 -0.408 19.47 20.58 01a59462o0585o
59462.500428  17.010  0.030   570   17 o  0   1.90  85.50717  69.37687  5333.64  5451.46 2.24 1.95 -57.1 -0.411 19.47 20.61 01a59462o0609o
59470.563636  17.077  0.046   536   25 o  0   1.12  85.50717  69.37687  4141.28  1466.92 3.00 2.70 -47.2 -0.496 19.27 20.61 01a59470o0751o
59470.567333  17.134  0.041   509   21 o  0   1.79  85.50717  69.37687  4117.70  1429.50 2.96 2.69 -42.4 -0.496 19.23 20.60 01a59470o0759o
59470.573324  17.098  0.042   526   22 o  0   1.60  85.50717  69.37687  4182.02  1506.92 2.95 2.65 -48.7 -0.496 19.27 20.65 01a59470o0772o
59470.585806  17.152  0.045   500   22 o  0   1.49  85.50717  69.37687  4198.35  1392.21 2.91 2.67 -47.4 -0.489 19.26 20.68 01a59470o0799o
59478.565036  17.303  0.119   435   52 o  0   1.39  85.50717  69.37687  9077.09  5467.36 3.00 2.89  69.7 -0.448 18.42 19.10 01a59478o0773o
59478.568260  17.285  0.135   443   60 o  0   1.00  85.50717  69.37687  9056.47  5427.59 3.09 2.94  56.9 -0.437 18.39 19.11 01a59478o0780o
59478.568720 -21.182  3.059   -12   37 o  0   1.50  85.50717  69.37687    33.81  5645.37 2.83 2.59 -52.8 -0.477 18.43 19.17 01a59478o0781o
59478.573825  17.194  0.113   481   54 o  0   1.02  85.50717  69.37687  9117.90  5506.26 3.07 2.86  44.4 -0.431 18.39 19.13 01a59478o0792o
59478.586777  17.279  0.106   445   47 o  0   1.11  85.50717  69.37687  9134.95  5391.94 2.96 2.85 -89.9 -0.456 18.46 19.18 01a59478o0820o
59482.585175  17.281  0.064   444   28 o  0   1.18  85.50717  69.37687  7591.14  1782.54 2.94 2.81 -64.4 -0.479 18.77 19.69 01a59482o0580o
59482.587955  17.262  0.072   452   32 o  0   0.78  85.50717  69.37687  7566.44  1741.56 2.97 2.83 -74.7 -0.468 18.74 19.69 01a59482o0586o
59482.594422  17.199  0.057   479   28 o  0   1.31  85.50717  69.37687  7628.86  1821.18 2.94 2.85 -75.4 -0.465 18.77 19.68 01a59482o0600o
59482.607332  17.230  0.054   466   25 o  0   1.56  85.50717  69.37687  7644.75  1704.29 2.97 2.87 -67.0 -0.462 18.75 19.75 01a59482o0628o
59484.588315  17.364  0.059   412   24 o  0   1.10  85.50717  69.37687  3660.43  3242.25 2.27 1.99  51.8 -0.440 19.11 19.90 02a59484o0845o
59484.591084  17.290  0.053   441   24 o  0   0.91  85.50717  69.37687  3678.61  3280.91 2.12 1.94  53.5 -0.442 19.15 19.90 02a59484o0851o
59484.600933  17.276  0.049   446   22 o  0   1.28  85.50717  69.37687  3624.96  3202.10 2.26 1.85  45.2 -0.448 19.20 19.92 02a59484o0872o
59484.609668  17.331  0.054   424   23 o  0   0.73  85.50717  69.37687  3606.44  3315.96 2.29 1.96  46.9 -0.441 19.14 19.91 02a59484o0891o
59486.587402  17.311  0.053   432   23 o  0   1.43  85.50717  69.37687  7590.70  1782.65 2.90 2.71 -63.7 -0.487 19.01 20.16 01a59486o0841o
59486.590181  17.405  0.063   396   25 o  0   1.37  85.50717  69.37687  7568.90  1741.91 2.91 2.78 -53.8 -0.485 19.00 20.15 01a59486o0847o
59486.596666  17.326  0.054   426   23 o  0   1.41  85.50717  69.37687  7628.51  1823.38 2.78 2.73 -50.6 -0.489 19.06 20.17 01a59486o0861o
59486.608645  17.417  0.058   392   23 o  0   1.28  85.50717  69.37687  7643.61  1706.22 2.92 2.75 -67.8 -0.481 19.01 20.21 01a59486o0886o
59490.588354  17.367  0.060   410   25 o  0   2.14  85.50717  69.37687  1439.27  7815.80 3.12 2.75 -47.7 -0.439 19.12 20.48 01a59490o0778o
59490.590194  17.311  0.059   432   26 o  0   1.31  85.50717  69.37687  1420.76  7778.94 2.96 2.76 -51.3 -0.437 19.11 20.50 01a59490o0782o
59490.594349  17.291  0.048   440   21 o  0   2.39  85.50717  69.37687  1477.54  7853.42 3.18 2.80 -48.9 -0.435 19.14 20.54 01a59490o0791o
59490.605429  17.317  0.112   430   48 o  0  18.73  85.50717  69.37687  1493.74  7736.53 3.09 2.75 -47.8 -0.443 19.12 20.52 01a59490o0815o
59492.558160  17.285  0.046   442   20 o  0   1.62  85.50717  69.37687  7157.13  6737.36 2.76 2.06  42.8 -0.415 19.29 20.51 02a59492o0794o
59492.560447  17.409  0.052   395   20 o  0   1.25  85.50717  69.37687  7177.33  6775.59 2.61 2.05  44.5 -0.422 19.29 20.50 02a59492o0799o
59492.564124  17.384  0.055   404   22 o  0   1.44  85.50717  69.37687  7116.59  6700.17 2.61 2.04  43.7 -0.418 19.08 20.33 02a59492o0807o
59492.570530  17.365  0.054   411   22 o  0   1.59  85.50717  69.37687  7096.90  6817.51 2.58 2.04  43.4 -0.420 19.27 20.56 02a59492o0821o
59494.548752  17.429  0.064   388   25 o  0   1.32  85.50717  69.37687  1438.68  7809.60 3.03 2.64 -41.7 -0.464 19.33 20.84 01a59494o0767o
59494.551978  17.445  0.059   382   22 o  0   2.05  85.50717  69.37687  1421.21  7771.91 3.01 2.71 -43.5 -0.459 19.27 20.84 01a59494o0774o
59494.554745  17.396  0.059   400   24 o  0   1.44  85.50717  69.37687  1475.70  7845.47 3.13 2.70 -42.0 -0.453 19.29 20.83 01a59494o0780o
59494.560271  18.109  0.152   207   32 o  0   3.80  85.50717  69.37687  1493.86  7728.19 3.13 2.76 -45.7 -0.447 19.24 20.84 01a59494o0792o
59494.563952  17.369  0.057   410   23 o  0   1.51  85.50717  69.37687 10224.59  7817.25 3.24 3.14  76.8 -0.387 19.23 20.80 01a59494o0800o
59494.567178  18.250  0.289   182   53 o  0  17.79  85.50717  69.37687 10205.96  7775.60 3.05 2.95  63.7 -0.402 19.30 20.83 01a59494o0807o
59494.572761  17.368  0.048   410   20 o  0   1.78  85.50717  69.37687 10266.21  7857.63 2.96 2.81 -78.5 -0.408 19.38 20.91 01a59494o0819o
59494.584064  17.440  0.055   384   21 o  0   1.33  85.50717  69.37687 10285.22  7739.55 3.06 2.95 -78.3 -0.398 19.34 20.90 01a59494o0843o
59498.553186  17.353  0.052   416   21 o  0   1.44  85.50717  69.37687  3309.46  7562.04 2.86 2.79 -52.0 -0.448 19.31 20.80 01a59498o0785o
59498.556423  17.429  0.052   388   20 o  0   1.68  85.50717  69.37687  3290.75  7525.41 3.18 2.97 -47.2 -0.433 19.19 20.79 01a59498o0792o
59498.560140  17.923  0.145   246   36 o  0  28.47  85.50717  69.37687  3345.38  7600.99 3.05 2.76 -46.5 -0.448 19.23 20.72 01a59498o0800o
59498.566615  17.482  0.055   369   20 o  0   2.06  85.50717  69.37687  3366.33  7480.36 2.83 2.76 -55.4 -0.453 19.26 20.74 01a59498o0814o
59500.553753  17.461  0.055   376   21 o  0   1.36  85.50717  69.37687  9176.98  4675.85 2.48 2.13  41.0 -0.401 19.31 20.36 02a59500o0628o
59500.556051  17.406  0.050   396   20 o  0   1.69  85.50717  69.37687  9196.41  4713.24 2.47 2.17  42.7 -0.401 19.25 20.35 02a59500o0633o
59500.559257  17.448  0.055   381   21 o  0   1.11  85.50717  69.37687  9139.72  4640.95 2.44 2.17  45.4 -0.405 19.31 20.37 02a59500o0640o
59500.564307  17.446  0.046   382   18 o  0   1.64  85.50717  69.37687  9118.76  4761.23 2.58 2.16  40.5 -0.399 19.26 20.35 02a59500o0651o
59500.583865  17.952  0.649   239  155 o  0   0.61  85.50717  69.37687    70.92  4462.08 2.12 2.04  43.4 -0.392 19.32 20.40 02a59500o0693o
59500.586152  18.081  0.430   213   91 o  0  12.97  85.50717  69.37687    90.05  4503.75 2.14 2.09  45.0 -0.381 19.27 20.39 02a59500o0698o
59500.588906  23.319 184.625     2  315 o  0   0.00  85.50717  69.37687    33.01  4418.03 2.12 2.02  34.2 -0.399 19.34 20.42 02a59500o0704o
59502.534709  17.569  0.076   341   26 o  0   1.80  85.50717  69.37687  3312.53  7566.23 2.81 2.75  55.6 -0.443 18.97 20.20 01a59502o0745o
59502.537551  17.677  0.088   308   27 o  0   1.44  85.50717  69.37687  3294.06  7528.87 2.93 2.83  54.2 -0.423 18.92 20.20 01a59502o0751o
59502.540314  19.832  1.133    42   48 o  0   9.21  85.50717  69.37687  3351.40  7602.26 2.90 2.78  51.0 -0.433 18.79 20.00 01a59502o0757o
59502.546390  17.535  0.064   351   22 o  0   2.09  85.50717  69.37687  3368.42  7486.20 2.77 2.70 -43.8 -0.458 18.99 20.16 01a59502o0770o
59504.553164  17.491  0.063   366   23 o  0   1.40  85.50717  69.37687  9175.37  4675.81 2.59 2.29  39.8 -0.398 18.92 19.74 02a59504o0735o
59504.554995  17.420  0.061   391   24 o  0   1.02  85.50717  69.37687  9194.31  4714.60 2.46 2.20  45.7 -0.407 18.99 19.76 02a59504o0739o
59504.567716  17.412  0.079   394   31 o  0   0.97  85.50717  69.37687  9140.27  4643.39 2.39 2.13  43.1 -0.404 18.74 19.45 02a59504o0766o
59504.573725  17.346  0.058   419   24 o  0   1.69  85.50717  69.37687  9118.24  4761.86 2.51 2.09  40.4 -0.400 18.90 19.76 02a59504o0779o
59504.575553  18.087  0.782   212  165 o  0   0.39  85.50717  69.37687    68.05  4459.99 2.09 1.96  33.6 -0.391 19.07 19.92 02a59504o0783o
59504.577384  16.405  0.086   996   86 o  0  25.72  85.50717  69.37687    87.47  4501.44 2.11 1.95  34.6 -0.374 19.03 19.87 02a59504o0787o
59504.582905  18.837  0.457   106   48 o  0   2.57  85.50717  69.37687    32.38  4416.29 2.20 2.05  32.0 -0.368 18.42 19.33 02a59504o0799o
59506.571076  17.619  0.147   325   48 o  0   1.24  85.50717  69.37687  7226.11  5472.64 3.98 3.84  14.9 -0.361 18.26 19.44 01a59506o0674o
59506.572921  17.396  0.114   399   46 o  0   1.52  85.50717  69.37687  7205.31  5433.39 3.53 3.51  -9.1 -0.420 18.38 19.44 01a59506o0678o
59506.575707  17.745  0.179   290   52 o  0   1.31  85.50717  69.37687  7262.77  5512.07 4.37 4.03 -57.3 -0.361 18.22 19.43 01a59506o0684o
59506.580777  17.661  0.148   313   46 o  0   1.11  85.50717  69.37687  7282.33  5394.75 3.16 3.12  26.6 -0.427 18.52 19.45 01a59506o0695o
59508.550938  17.324  0.107   427   46 o  0   1.80  85.50717  69.37687  5006.10  8695.58 2.37 2.14  49.3 -0.431 18.53 18.94 02a59508o0755o
59508.552773  17.689  0.183   305   56 o  0   0.98  85.50717  69.37687  5027.65  8734.96 2.41 2.16  49.7 -0.430 18.55 18.95 02a59508o0759o
59508.555517  17.542  0.130   349   45 o  0   1.41  85.50717  69.37687  4964.75  8656.47 2.28 2.04  48.4 -0.433 18.63 18.96 02a59508o0765o
59508.561921  17.484  0.125   369   46 o  0   1.67  85.50717  69.37687  4942.90  8773.52 2.57 2.14  43.7 -0.403 18.52 18.96 02a59508o0779o
59510.463570  17.614  0.138   327   45 o  0   1.46  85.50717  69.37687  7219.16  5496.70 3.29 3.07  45.6 -0.398 18.46 19.19 01a59510o0605o
59510.466335  17.596  0.121   332   40 o  0   1.39  85.50717  69.37687  7200.81  5457.08 3.02 2.82  47.3 -0.434 18.54 19.19 01a59510o0611o
59510.481070  17.586  0.112   336   38 o  0   1.74  85.50717  69.37687  7262.29  5531.52 3.16 2.96  52.1 -0.413 18.52 19.24 01a59510o0641o
59510.484364  17.638  0.146   320   47 o  0   0.90  85.50717  69.37687  7281.12  5415.37 2.93 2.71  47.1 -0.446 18.61 19.25 01a59510o0648o
59514.526455  17.735  0.096   292   28 o  0   1.23  85.50717  69.37687  1019.08 10127.67 3.13 2.61 -48.8 -0.508 18.94 19.96 01a59514o0718o
59514.528297  17.809  0.111   273   30 o  0   0.91  85.50717  69.37687  1001.32 10089.87 3.09 2.60 -50.5 -0.513 18.96 19.98 01a59514o0722o
59514.531073  17.671  0.081   310   25 o  0   1.14  85.50717  69.37687  1054.56 10162.16 3.04 2.54 -48.3 -0.516 18.98 20.00 01a59514o0728o
59514.536165  17.557  0.080   344   27 o  0   1.00  85.50717  69.37687  1072.19 10040.66 2.88 2.54 -54.2 -0.525 18.99 19.98 01a59514o0739o
59514.559265  17.454  0.077   379   29 o  0   1.16  85.50717  69.37687  9245.15  9957.88 3.06 2.93 -80.9 -0.437 18.98 19.95 01a59514o0788o
59514.561109  17.715  0.086   298   26 o  0   1.17  85.50717  69.37687  9226.80  9916.32 3.11 2.90  57.9 -0.431 18.97 19.96 01a59514o0792o
59514.563877  17.704  0.086   301   26 o  0   1.31  85.50717  69.37687  9284.16  9996.55 3.07 2.94  62.9 -0.435 18.99 19.97 01a59514o0798o
59514.570344  17.696  0.083   303   25 o  0   1.34  85.50717  69.37687  9298.08  9880.30 3.05 2.94 -89.5 -0.431 18.98 19.93 01a59514o0812o
59516.542054  17.705  0.069   301   21 o  0   1.02  85.50717  69.37687  2270.87  2754.57 2.05 1.98  49.4 -0.446 19.25 20.21 02a59516o0777o
59516.545264  17.719  0.116   297   34 o  0   1.03  85.50717  69.37687  2287.42  2796.19 2.22 1.89  42.7 -0.440 18.47 19.46 02a59516o0784o
59516.548009  17.760  0.110   286   32 o  0   0.88  85.50717  69.37687  2232.18  2714.12 2.10 1.93  45.7 -0.442 18.63 19.46 02a59516o0790o
59516.553955  17.791  0.076   278   21 o  0   1.03  85.50717  69.37687  2210.94  2828.21 2.33 1.91  39.3 -0.435 19.30 20.49 02a59516o0803o
59518.507069  17.840  0.086   265   23 o  0   1.28  85.50717  69.37687  1019.24 10129.50 3.27 2.79 -47.2 -0.481 19.25 20.88 01a59518o0707o
59518.508925  17.901  0.094   251   24 o  0   2.04  85.50717  69.37687  1001.16 10092.43 3.16 2.62 -47.3 -0.490 19.26 20.88 01a59518o0711o
59518.512628  17.816  0.077   272   21 o  0   1.88  85.50717  69.37687  1055.03 10165.43 3.08 2.62 -48.7 -0.494 19.26 20.92 01a59518o0719o
59518.519095  17.682  0.080   307   24 o  0   0.99  85.50717  69.37687  1073.31 10042.50 3.04 2.76 -59.6 -0.481 19.23 20.92 01a59518o0733o
59518.528761  17.731  0.072   293   21 o  0   1.37  85.50717  69.37687  9242.13  9965.65 3.16 3.03 -78.1 -0.423 19.31 20.99 01a59518o0753o
59518.531987  17.944  0.086   241   21 o  0   1.24  85.50717  69.37687  9224.94  9921.39 3.19 3.02  45.2 -0.415 19.32 21.02 01a59518o0760o
59518.536597  17.876  0.075   257   19 o  0   1.65  85.50717  69.37687  9281.62 10001.69 3.25 2.94  42.8 -0.411 19.33 21.02 01a59518o0770o
59518.541665  17.712  0.066   299   20 o  0   1.60  85.50717  69.37687  9296.62  9885.26 3.41 3.27  47.0 -0.400 19.21 20.95 01a59518o0781o
59522.523799  17.699  0.070   302   21 o  0   1.66  85.50717  69.37687  7449.99  3644.39 3.04 2.88 -68.6 -0.451 19.14 20.59 01a59522o0748o
59522.525646  17.899  0.094   252   24 o  0   0.85  85.50717  69.37687  7428.95  3604.13 3.01 2.84 -60.4 -0.456 19.17 20.61 01a59522o0752o
59522.529339  17.982  0.089   233   21 o  0   1.19  85.50717  69.37687  7490.09  3682.94 3.08 2.86 -65.3 -0.446 19.14 20.62 01a59522o0760o
59522.534873  18.019  0.089   225   20 o  0   1.97  85.50717  69.37687  7507.39  3565.82 2.91 2.85  38.6 -0.445 19.07 20.49 01a59522o0772o
59524.502157  17.865  0.142   259   37 c  0   1.82  85.50717  69.37687 10510.01  6856.17 2.94 2.86  57.7 -0.383 19.45 21.12 02a59524o0703c
59524.526740  18.648  0.123   126   16 c  0   2.20  85.50717  69.37687  1112.02  6814.89 3.30 3.15 -48.1 -0.377 19.26 21.13 02a59524o0756c
59524.528570  18.443  0.104   152   16 c  0   1.45  85.50717  69.37687  1131.97  6856.59 2.87 2.83  75.7 -0.391 19.33 21.12 02a59524o0760c
59524.531314  18.395  0.099   159   16 c  0   1.49  85.50717  69.37687  1072.17  6771.26 2.67 2.60 -76.6 -0.409 19.40 21.11 02a59524o0766c
59524.536803  18.559  0.112   137   15 c  0   1.66  85.50717  69.37687  1051.06  6885.43 2.90 2.82 -66.8 -0.383 19.34 21.12 02a59524o0778c
59526.479243  17.997  0.091   230   21 o  0   1.42  85.50717  69.37687  7455.06  3651.85 2.81 2.76  87.2 -0.461 19.25 20.73 01a59526o0647o
59526.481548  18.048  0.094   219   21 o  0   1.13  85.50717  69.37687  7434.35  3610.18 2.81 2.78  74.8 -0.460 19.27 20.72 01a59526o0652o
59526.491284  18.216  0.099   188   19 o  0   1.31  85.50717  69.37687  7494.60  3689.66 2.82 2.76 -71.3 -0.461 19.25 20.73 01a59526o0672o
59526.496435  18.046  0.081   220   18 o  0   1.61  85.50717  69.37687  7514.01  3570.77 2.85 2.79  40.7 -0.451 19.26 20.75 01a59526o0683o
59528.462071  17.085  3.709   532 1973 c  0   0.01  85.50717  69.37687 10523.75  6730.85 2.77 2.63 -66.5 -0.399 17.16 18.64 02a59528o0599c
59528.468590  17.456  0.729   378  276 c  0   0.90  85.50717  69.37687 10505.18  6849.26 2.78 2.62 -66.6 -0.410 18.05 19.63 02a59528o0613c
59528.484178  18.950  0.101    96   10 c  0   3.24  85.50717  69.37687  1103.20  6816.97 2.37 2.30  56.0 -0.438 19.58 21.33 02a59528o0647c
59528.487133  18.859  0.143   104   15 c  0   1.29  85.50717  69.37687  1120.53  6857.72 2.38 2.32  37.1 -0.432 19.57 21.38 02a59528o0653c
59528.492235  18.990  0.165    92   15 c  0   1.22  85.50717  69.37687  1059.78  6773.18 2.36 2.32  41.2 -0.434 19.61 21.36 02a59528o0664c
59528.497364  18.869  0.141   103   14 c  0   1.01  85.50717  69.37687  1040.60  6887.23 2.41 2.34  50.8 -0.431 19.62 21.38 02a59528o0675c
59530.505116  18.416  0.210   156   33 o  0   1.20  85.50717  69.37687  9798.16  1848.90 3.00 2.87  -3.6 -0.447 18.54 19.90 01a59530o0709o
59530.528533  18.325  0.282   170   48 o  0   0.73  85.50717  69.37687  9773.94  1801.39 2.99 2.87 -23.3 -0.461 18.27 19.71 01a59530o0759o
59530.530378  18.899  0.310   100   31 o  0   1.78  85.50717  69.37687  9837.24  1883.25 2.93 2.78 -36.5 -0.477 18.38 19.81 01a59530o0763o
59530.533141  18.332  0.265   169   45 o  0   1.14  85.50717  69.37687  9853.97  1768.80 3.11 2.74 -59.8 -0.487 18.36 19.79 01a59530o0769o
59534.457306  17.912  0.416   248  104 o  0   1.13  85.50717  69.37687  9809.04  1870.04 2.89 2.77   9.1 -0.476 17.05 17.21 01a59534o0603o
59534.460600 -19.127  1.732   -81  140 o  0   1.19  85.50717  69.37687  9787.79  1826.82 2.89 2.74  11.9 -0.474 16.69 16.81 01a59534o0610o
59534.463364  17.295  0.379   439  166 o  0   1.04  85.50717  69.37687  9850.01  1910.24 2.88 2.59 -62.3 -0.520 16.71 16.80 01a59534o0616o
59534.468967  18.339  1.688   168  283 o  0   1.07  85.50717  69.37687  9869.14  1791.88 2.92 2.62 -58.8 -0.522 16.19 16.16 01a59534o0628o
59536.418707  18.988  0.333    92   31 o  0   0.86  85.50717  69.37687  5500.63  3182.73 2.16 1.90  46.4 -0.438 18.65 18.85 02a59536o0524o
59536.421916  18.836  0.270   106   29 o  0   1.15  85.50717  69.37687  5519.88  3221.51 2.19 1.94  47.4 -0.441 18.65 18.86 02a59536o0531o
59536.427443  18.765  0.302   113   34 o  0   0.88  85.50717  69.37687  5465.98  3144.22 2.24 1.98  49.0 -0.433 18.62 18.87 02a59536o0543o
59536.440069  18.511  0.231   143   33 o  0   0.96  85.50717  69.37687  5448.09  3262.79 2.40 1.93  45.2 -0.435 18.58 18.89 02a59536o0570o
59538.377867  18.862  0.473   104   49 o  0   1.05  85.50717  69.37687  2088.56  1736.63 3.04 2.90 -55.5 -0.491 18.20 18.73 01a59538o0223o
59538.411948  18.356  0.245   165   40 o  0   1.17  85.50717  69.37687  2061.85  1703.78 2.85 2.76 -60.8 -0.510 18.30 18.84 01a59538o0295o
59538.415180  18.358  0.235   165   39 o  0   1.06  85.50717  69.37687  2126.75  1776.59 2.84 2.75 -61.6 -0.510 18.36 18.85 01a59538o0302o
59538.417945  18.614  0.294   130   38 o  0   1.45  85.50717  69.37687  2146.07  1658.47 2.79 2.73 -66.4 -0.514 18.36 18.85 01a59538o0308o
59540.518255  19.036  0.304    88   27 o  0   1.11  85.50717  69.37687  5439.10  3708.63 2.51 1.87  35.2 -0.449 18.72 19.10 02a59540o0743o
59540.521470  18.847  0.251   105   26 o  0   1.18  85.50717  69.37687  5419.11  3668.53 2.49 1.93  34.3 -0.446 18.68 19.09 02a59540o0750o
59540.530240  18.847  0.295   105   31 o  0   0.93  85.50717  69.37687  5478.78  3745.98 2.49 2.10  32.7 -0.437 18.64 19.09 02a59540o0769o
59540.540882  18.948  0.292    96   28 o  0   1.24  85.50717  69.37687  5495.67  3624.53 2.44 1.94  33.3 -0.450 18.72 19.10 02a59540o0792o
59542.448705  18.723  0.219   118   26 o  0   1.56  85.50717  69.37687  2073.44  1741.70 2.85 2.83  33.5 -0.488 18.78 19.77 01a59542o0529o
59542.452903  18.728  0.243   117   28 o  0   1.11  85.50717  69.37687  2048.28  1708.65 3.04 2.81 -44.9 -0.503 18.82 19.78 01a59542o0538o
59542.455683  19.154  0.351    79   28 o  0   1.13  85.50717  69.37687  2113.53  1777.94 3.05 2.86 -44.0 -0.489 18.83 19.77 01a59542o0544o
59542.468077  18.772  0.297   112   33 o  0   0.81  85.50717  69.37687  2129.55  1658.69 2.89 2.79 -37.0 -0.503 18.80 19.72 01a59542o0570o
59544.437053  18.940  0.214    96   21 o  0   0.99  85.50717  69.37687  5143.04  6857.27 2.57 1.91  44.1 -0.418 19.28 20.14 02a59544o0564o
59544.440279  19.102  0.248    83   21 o  0   0.99  85.50717  69.37687  5163.76  6895.98 2.65 1.93  44.3 -0.416 19.24 20.13 02a59544o0571o
59544.444404  19.190  0.287    76   22 o  0   0.88  85.50717  69.37687  5107.22  6816.05 2.26 1.90  45.1 -0.437 19.33 20.13 02a59544o0580o
59544.450658  19.245  0.293    73   21 o  0   0.93  85.50717  69.37687  5084.34  6933.87 2.56 1.92  43.6 -0.418 19.25 20.12 02a59544o0593o
59546.519189  19.162  0.282    79   22 o  0   1.47  85.50717  69.37687  7158.90  4822.49 2.98 2.89  33.0 -0.445 19.12 20.44 01a59546o0742o
59546.553653  19.449  0.392    60   24 o  0   1.32  85.50717  69.37687  7188.61  4863.71 3.08 2.91 -59.2 -0.457 19.02 20.31 01a59546o0816o
59546.556879  18.946  0.233    96   22 o  0   1.31  85.50717  69.37687  7134.66  4794.19 3.19 3.04  27.9 -0.417 19.00 20.33 01a59546o0823o
59546.584097  19.430  0.337    61   21 o  0   1.26  85.50717  69.37687  7122.63  4916.22 3.18 3.15 -88.2 -0.436 18.92 20.19 01a59546o0881o
59550.466184  18.846  0.206   105   22 o  0   1.50  85.50717  69.37687  7145.95  4821.20 2.99 2.92 -59.5 -0.435 19.09 20.46 01a59550o0317o
59550.469411  17.452  0.264   380  100 o  0   1.43  85.50717  69.37687  7167.51  4858.71 2.85 2.80 -66.2 -0.466 17.63 18.83 01a59550o0324o
59550.475865  19.220  0.261    74   19 o  0   2.05  85.50717  69.37687  7108.58  4785.19 2.79 2.72 -63.7 -0.471 19.12 20.42 01a59550o0338o
59550.510227  18.838  0.192   106   20 o  0   1.54  85.50717  69.37687  7101.54  4906.81 2.78 2.69 -60.6 -0.466 19.25 20.63 01a59550o0411o
59558.406721  18.949  0.219    96   21 o  0   1.46  85.50717  69.37687  5745.99 10023.67 2.96 2.91 -59.4 -0.466 19.19 20.53 01a59558o0494o
59558.433874  19.206  0.281    75   21 o  0   1.80  85.50717  69.37687  5737.66  9981.71 3.10 3.04 -66.4 -0.450 19.17 20.55 01a59558o0552o
59558.437101  18.802  0.214   110   23 o  0   1.11  85.50717  69.37687  5792.65 10060.11 3.16 3.08 -81.3 -0.450 19.13 20.55 01a59558o0559o
59558.439869  18.865  0.214   103   22 o  0   1.36  85.50717  69.37687  5809.04  9941.95 3.26 3.20 -88.8 -0.436 19.08 20.56 01a59558o0565o
59558.446329  18.164  0.123   197   24 o  0   1.82  85.50717  69.37687 10173.38    62.54 3.35 2.89 -57.0 -0.522 19.12 20.52 01a59558o0579o
59562.464833  19.468  0.548    59   32 o  0   2.09  85.50717  69.37687  8528.90  6923.21 2.84 2.78 -85.2 -0.461 18.86 19.80 01a59562o0620o
59562.468982  19.291  0.458    70   32 o  0   1.68  85.50717  69.37687  8551.24  6959.57 2.93 2.73 -65.2 -0.469 18.82 19.80 01a59562o0629o
59562.474512  18.911  0.342    99   34 o  0   1.68  85.50717  69.37687  8489.20  6892.20 2.86 2.82  64.6 -0.452 18.85 19.80 01a59562o0641o
59562.506784  18.990  0.380    92   35 o  0   1.44  85.50717  69.37687  8480.37  7015.12 3.05 3.01 -88.3 -0.442 18.76 19.77 01a59562o0710o
59564.456442  18.903  0.295   100   29 o  0   1.19  85.50717  69.37687  5266.21  5554.45 2.32 2.02  33.5 -0.431 18.71 19.24 02a59564o0479o
59564.459188  18.843  0.204   105   22 o  0   1.45  85.50717  69.37687  5246.13  5515.00 2.17 1.93  33.6 -0.438 18.74 19.24 02a59564o0485o
59564.464221  19.538  0.565    56   31 o  0   0.87  85.50717  69.37687  5303.01  5591.70 2.22 2.10  31.4 -0.440 18.63 19.14 02a59564o0496o
59564.498054  19.156  0.570    79   45 o  0   0.86  85.50717  69.37687  5314.93  5472.45 2.38 2.01  37.9 -0.424 18.18 18.75 02a59564o0569o
59566.427574 -19.503  1.680   -57   96 o  0   1.02  85.50717  69.37687  8529.84  6919.19 2.77 2.59 -64.1 -0.510 18.24 18.56 01a59566o0211o
59566.461880  19.061  1.088    86   94 o  0   1.05  85.50717  69.37687  8560.22  6958.76 2.76 2.61 -63.8 -0.503 18.30 18.59 01a59566o0284o
59566.464934  18.510  0.683   143   98 o  0   1.05  85.50717  69.37687  8497.78  6889.38 2.81 2.64 -65.3 -0.493 18.23 18.60 01a59566o0290o
59566.493293  19.149  1.167    80   93 o  0   1.16  85.50717  69.37687  8488.12  7014.53 2.83 2.70 -68.6 -0.485 18.22 18.61 01a59566o0349o
59574.427326  18.531  0.175   140   24 o  0   1.54  85.50717  69.37687  7687.61   684.02 3.34 2.89 -58.9 -0.493 19.09 20.44 01a59574o0526o
59574.430555  19.654  0.526    50   26 o  0   0.99  85.50717  69.37687  7707.41   722.24 3.28 2.87 -62.3 -0.493 19.10 20.41 01a59574o0533o
59574.435653  18.530  0.179   141   25 o  0   1.32  85.50717  69.37687  7654.71   650.47 3.33 3.01 -55.5 -0.470 19.08 20.39 01a59574o0544o
59574.471211  19.594  0.440    53   23 o  0   1.11  85.50717  69.37687  7653.01   775.26 3.07 2.63 -58.4 -0.514 19.13 20.40 01a59574o0620o
59588.432409  19.812  0.344    43   15 c  0   1.16  85.50717  69.37687  7722.02  1873.75 2.34 2.22 -79.5 -0.418 19.56 21.38 02a59588o0527c
59588.436071  20.438  0.611    24   15 c  0   1.04  85.50717  69.37687  7701.36  1832.51 2.33 2.22 -78.3 -0.418 19.56 21.40 02a59588o0535c
59588.442541  19.908  0.342    40   14 c  0   1.44  85.50717  69.37687  7763.76  1913.14 2.34 2.25 -82.5 -0.420 19.54 21.42 02a59588o0549c
59588.454458  21.789  1.958     7   14 c  0   1.02  85.50717  69.37687  7787.24  1797.08 2.39 2.27 -77.6 -0.421 19.55 21.44 02a59588o0575c
59590.381006  19.436  0.428    61   26 o  0   2.18  85.50717  69.37687  7150.04  6657.55 2.92 2.87  49.8 -0.452 18.97 20.15 01a59590o0395o
59590.384694  19.240  0.312    73   23 o  0   2.76  85.50717  69.37687  7169.96  6693.08 3.04 2.87 -68.6 -0.462 18.96 20.15 01a59590o0403o
59590.418790  19.484  0.422    58   25 o  0   1.72  85.50717  69.37687  7116.53  6625.21 3.06 2.86 -68.1 -0.465 18.96 20.15 01a59590o0476o
59590.424326  19.197  0.347    76   26 o  0   1.42  85.50717  69.37687  7099.53  6743.78 3.03 2.89 -61.0 -0.469 19.01 20.18 01a59590o0488o
59592.388477  19.084  0.258    84   22 o  0   1.68  85.50717  69.37687  7720.60  1879.33 2.14 2.01 -64.1 -0.442 18.78 19.35 02a59592o0355o
59592.422949  18.869  0.234   103   24 o  0   1.41  85.50717  69.37687  7696.15  1833.67 1.99 1.90 -62.9 -0.444 18.91 19.45 02a59592o0429o
59592.449345  18.662  0.317   124   40 o  0   0.88  85.50717  69.37687  7756.18  1907.87 1.89 1.82 -11.3 -0.480 18.37 20.82 02a59592o0485o
59592.474349  18.604  0.317   131   42 o  0   1.62  85.50717  69.37687  7782.68  1798.94 2.14 1.96 -31.6 -0.455 18.22 20.75 02a59592o0538o
59594.393834  18.541  0.283   139   39 o  0   1.30  85.50717  69.37687  9080.97  4527.74 2.89 2.87 -13.1 -0.477 18.27 18.72 01a59594o0410o
59594.397058  19.096  0.482    84   40 o  0   1.32  85.50717  69.37687  9105.72  4565.86 2.91 2.88 -10.2 -0.471 18.29 18.72 01a59594o0417o
59594.403083  18.616  0.326   130   42 o  0   1.02  85.50717  69.37687  9045.33  4494.65 3.05 3.02 -26.6 -0.460 18.20 18.73 01a59594o0430o
59594.415601  19.161  0.457    79   36 o  0   1.27  85.50717  69.37687  9033.85  4616.53 2.92 2.85 -59.7 -0.473 18.35 18.88 01a59594o0456o
59598.352762  18.576  0.268   135   36 o  0   0.99  85.50717  69.37687  9073.39  4521.23 2.93 2.83 -83.3 -0.481 18.48 19.12 01a59598o0348o
59598.355988  18.839  0.352   106   37 o  0   1.06  85.50717  69.37687  9094.68  4557.55 2.87 2.78  22.8 -0.474 18.52 19.12 01a59598o0355o
59598.361517  19.002  0.393    91   36 o  0   1.13  85.50717  69.37687  9035.75  4488.99 2.91 2.78 -74.0 -0.491 18.49 19.11 01a59598o0367o
59598.372586  18.798  0.327   110   36 o  0   1.43  85.50717  69.37687  9022.91  4608.57 2.88 2.78 -63.8 -0.489 18.46 19.10 01a59598o0391o
59602.403828  19.939  0.624    38   24 o  0   1.63  85.50717  69.37687  5084.49  8719.59 3.07 2.92  30.1 -0.430 18.98 20.20 01a59602o0455o
59602.409366  19.529  0.557    56   31 o  0   1.09  85.50717  69.37687  5105.67  8756.62 2.91 2.84  25.6 -0.444 19.01 20.18 01a59602o0467o
59602.412598  19.720  0.543    47   26 o  0   2.13  85.50717  69.37687  5041.00  8681.16 3.01 2.95 -16.3 -0.441 18.97 20.19 01a59602o0474o
59602.424575  20.427  1.159    24   28 o  0   1.41  85.50717  69.37687  5023.04  8800.10 2.87 2.72 -36.3 -0.477 18.98 20.15 01a59602o0500o
59604.394025  19.144  0.223    80   18 o  0   0.97  85.50717  69.37687  3223.44  7517.92 1.97 1.90  17.2 -0.441 19.48 20.61 02a59604o0410o
59604.397234  19.662  0.319    50   16 o  0   1.25  85.50717  69.37687  3206.10  7478.79 1.96 1.87  23.8 -0.443 19.52 20.60 02a59604o0417o
59604.405985  19.292  0.220    70   15 o  0   2.08  85.50717  69.37687  3260.53  7553.20 2.08 1.99  28.2 -0.433 19.43 20.57 02a59604o0436o
59604.417937  19.339  0.322    67   22 o  0   0.99  85.50717  69.37687  3280.30  7433.01 1.99 1.92  29.2 -0.440 19.45 20.59 02a59604o0462o
59605.389561  19.544  0.306    55   17 o  0   1.36  85.50717  69.37687  3221.94  7519.09 2.06 1.86  31.7 -0.432 19.55 20.80 02a59605o0402o
59605.392782  19.064  0.305    86   26 o  0   0.74  85.50717  69.37687  3204.08  7480.23 1.94 1.89  25.7 -0.443 19.16 20.37 02a59605o0409o
59605.399653  19.780  0.399    44   18 o  0   1.08  85.50717  69.37687  3255.75  7553.57 2.05 1.93  28.4 -0.431 19.58 20.83 02a59605o0424o
59605.410686  19.484  0.286    58   17 o  0   0.93  85.50717  69.37687  3277.14  7434.17 2.07 1.90  28.1 -0.431 19.58 20.81 02a59605o0448o
59608.309390  19.349  0.283    66   19 o  0   1.42  85.50717  69.37687  3234.94  7530.11 2.54 2.46 -51.7 -0.408 19.29 20.63 02a59608o0247o
59608.313058  19.753  0.361    46   16 o  0   1.38  85.50717  69.37687  3216.24  7491.24 2.27 2.26 -17.7 -0.406 19.38 20.66 02a59608o0255o
59608.319020  19.350  0.286    66   19 o  0   0.95  85.50717  69.37687  3269.79  7564.55 2.15 1.95 -58.9 -0.443 19.47 20.67 02a59608o0268o
59608.353837  20.359  0.756    26   20 o  0   1.09  85.50717  69.37687  3278.02  7440.45 2.22 2.06  33.5 -0.417 19.42 20.65 02a59608o0343o
59609.389256  21.142  1.604    13   20 o  0   1.34  85.50717  69.37687  2111.65  2879.26 3.29 3.01 -51.7 -0.461 19.23 20.84 01a59609o0416o
59609.392027  19.578  0.426    54   23 o  0   1.41  85.50717  69.37687  2133.19  2920.07 3.15 2.95 -42.3 -0.466 19.22 20.83 01a59609o0422o
59609.397565  19.094  0.280    84   23 o  0   0.96  85.50717  69.37687  2075.72  2839.18 3.23 2.93 -56.1 -0.466 19.25 20.84 01a59609o0434o
59609.409549  19.348  0.365    66   24 o  0   1.20  85.50717  69.37687  2065.26  2954.90 3.10 2.96 -54.5 -0.467 19.24 20.77 01a59609o0460o
59613.319811  19.304  0.285    69   20 o  0   1.51  85.50717  69.37687  2092.53  2872.43 3.04 2.79 -58.9 -0.478 19.30 20.83 01a59613o0263o
59613.323499  19.255  0.265    72   19 o  0   1.85  85.50717  69.37687  2114.38  2913.93 2.85 2.74 -62.2 -0.482 19.32 20.87 01a59613o0271o
59613.329033  19.478  0.342    59   20 o  0   1.32  85.50717  69.37687  2056.79  2833.48 3.07 2.88 -54.6 -0.473 19.32 20.91 01a59613o0283o
59613.361668  19.295  0.277    70   19 o  0   1.41  85.50717  69.37687  2051.96  2952.91 2.97 2.77 -48.0 -0.476 19.41 21.08 01a59613o0352o
59615.316844  19.725  0.281    47   13 c  0   1.85  85.50717  69.37687  7199.14  5529.03 2.38 2.33 -81.6 -0.419 19.54 21.18 02a59615o0255c
59615.320505  20.729  0.883    19   16 c  0   0.90  85.50717  69.37687  7179.53  5488.78 2.44 2.41 -86.0 -0.413 19.51 21.21 02a59615o0263c
59615.326027  24.249 21.000     1   15 c  0   1.43  85.50717  69.37687  7235.39  5567.81 2.46 2.36 -64.9 -0.420 19.57 21.26 02a59615o0275c
59615.339322  19.983  0.377    37   14 c  0   1.64  85.50717  69.37687  7255.45  5450.00 2.43 2.37  47.1 -0.412 19.59 21.32 02a59615o0304c
59617.385152  16.836  0.117   669   79 o  0   9.70  85.50717  69.37687 10528.29  6547.20 3.25 2.81 -67.8 -0.447 18.91 20.09 01a59617o0226o
59617.395347  19.448  0.549    60   33 o  0   1.38  85.50717  69.37687 10512.26  6671.80 3.34 2.88 -69.1 -0.429 18.91 20.08 01a59617o0248o
59617.401864  19.275  0.418    71   30 o  0   1.83  85.50717  69.37687  1118.75  6992.79 3.43 2.94 -50.8 -0.427 18.92 20.18 01a59617o0262o
59617.404652 -21.268  2.375   -11   27 o  0   1.88  85.50717  69.37687  1141.05  7033.24 3.44 2.92 -50.5 -0.424 18.91 20.18 01a59617o0268o
59617.410661  20.173  0.993    31   31 o  0   1.36  85.50717  69.37687  1080.44  6953.52 3.12 2.83 -49.8 -0.436 18.98 20.21 01a59617o0281o
59617.421295  20.162  0.860    31   27 o  0   1.75  85.50717  69.37687  1064.41  7067.77 3.17 2.76 -50.9 -0.441 19.02 20.24 01a59617o0304o
59619.348421  19.625  0.693    51   36 o  0   0.96  85.50717  69.37687   879.23 10027.72 2.34 1.49 -55.2 -0.561 19.29 20.12 02a59619o0293o
59619.351636  19.324  0.399    68   27 o  0   0.93  85.50717  69.37687   860.14  9989.04 2.47 1.50 -56.5 -0.545 19.31 20.10 02a59619o0300o
59619.358525  19.673  0.563    49   28 o  0   0.49  85.50717  69.37687   910.69 10058.73 1.96 1.61 -52.1 -0.526 19.24 20.09 02a59619o0315o
59619.370006  20.343  0.827    26   22 o  0   1.62  85.50717  69.37687   932.02  9937.46 2.32 1.45 -52.9 -0.543 19.30 20.08 02a59619o0340o
59619.374578  19.972  0.513    37   19 o  0   1.12  85.50717  69.37687  9104.03 10049.13 2.34 1.92 -57.3 -0.458 19.34 20.19 02a59619o0350o
59619.377389  19.565  0.358    54   19 o  0   0.97  85.50717  69.37687  9089.51 10010.05 2.40 1.95 -57.6 -0.450 19.32 20.19 02a59619o0356o
59619.383798  19.336  0.324    67   22 o  0   1.36  85.50717  69.37687  9142.05 10093.74 2.70 1.91 -57.2 -0.442 19.35 20.18 02a59619o0370o
59619.394381  20.317  0.807    27   22 o  0   1.10  85.50717  69.37687  9157.66  9974.62 2.33 1.98 -57.9 -0.457 19.30 20.18 02a59619o0393o
59621.283557  18.981  0.455    93   42 o  0   0.96  85.50717  69.37687 10506.07  6521.05 2.94 2.71  23.3 -0.454 18.84 19.69 01a59621o0161o
59621.317480  18.747  0.371   115   43 o  0   1.58  85.50717  69.37687 10496.40  6642.22 3.01 2.86 -68.1 -0.453 18.78 19.63 01a59621o0233o
59621.321164  19.861  0.861    41   36 o  0   2.06  85.50717  69.37687  1099.06  6983.21 2.90 2.58 -45.0 -0.484 18.81 19.68 01a59621o0241o
59621.324388  18.908  0.359    99   36 o  0   1.95  85.50717  69.37687  1122.18  7025.04 2.91 2.58 -45.7 -0.482 18.84 19.68 01a59621o0248o
59621.352268  19.559  0.681    54   37 o  0   1.58  85.50717  69.37687  1065.44  6945.80 2.88 2.56 -44.4 -0.483 18.79 19.65 01a59621o0307o
59621.380888  19.556  0.711    55   39 o  0   1.87  85.50717  69.37687  1054.49  7060.92 3.05 2.69 -47.7 -0.460 18.69 19.61 01a59621o0368o
59623.303641  20.756  2.055    18   37 o  0   1.36  85.50717  69.37687   885.77 10033.37 2.97 1.72 -57.1 -0.511 18.87 19.24 02a59623o0219o
59623.306841  19.689  0.737    48   36 o  0   1.11  85.50717  69.37687   864.54  9993.41 2.94 1.76 -56.9 -0.521 18.82 19.23 02a59623o0226o
59623.310039  20.887  1.991    16   32 o  0   0.92  85.50717  69.37687  9115.03 10050.61 2.92 2.00 -60.9 -0.423 18.79 19.22 02a59623o0233o
59623.314282  20.147  1.018    32   32 o  0   0.93  85.50717  69.37687   916.97 10065.22 2.95 1.70 -57.8 -0.521 18.88 19.26 02a59623o0242o
59623.315198  19.526  0.468    56   26 o  0   1.13  85.50717  69.37687  9094.30 10010.79 2.36 2.07 -72.6 -0.449 18.81 19.24 02a59623o0244o
59623.318853 -19.578  0.547   -54   29 o  0   1.14  85.50717  69.37687  9147.67 10092.76 2.94 2.07 -59.9 -0.412 18.82 19.24 02a59623o0252o
59623.348519  19.108  0.469    82   39 o  0   0.78  85.50717  69.37687   922.59  9938.59 2.92 1.89 -55.8 -0.510 18.71 19.19 02a59623o0315o
59623.349898  18.743  0.262   116   30 o  0   1.36  85.50717  69.37687  9152.35  9976.66 3.08 2.20 -57.6 -0.401 18.80 19.21 02a59623o0318o
59625.420424  19.318  0.656    68   45 o  0   1.05  85.50717  69.37687  5411.77  3197.49 3.35 3.09 -53.8 -0.430 18.10 18.75 01a59625o0099o
59625.425977 -24.328 59.667    -1   40 o  0   1.77  85.50717  69.37687  5433.94  3237.28 3.13 2.93 -49.8 -0.452 18.14 18.72 01a59625o0111o
59625.430626  18.790  0.337   111   37 o  0   1.56  85.50717  69.37687  5378.10  3160.30 3.10 2.86 -50.3 -0.455 18.11 18.72 01a59625o0121o
59625.440785  18.387  0.298   160   48 o  0   0.74  85.50717  69.37687  5366.55  3282.12 3.28 2.94 -56.1 -0.436 18.08 18.71 01a59625o0143o
59627.379428 -19.927  0.811   -39   32 o  0   0.93  85.50717  69.37687  7456.83  3687.94 2.16 1.86  39.5 -0.428 18.61 18.90 02a59627o0380o
59627.383098  19.423  0.498    62   31 o  0   0.96  85.50717  69.37687  7437.64  3646.22 2.20 1.94  39.3 -0.427 18.60 18.89 02a59627o0388o
59627.393218  19.081  0.353    85   30 o  0   0.95  85.50717  69.37687  7496.62  3726.22 2.04 1.92  45.2 -0.440 18.64 18.86 02a59627o0410o
59627.400093  19.270  0.416    71   30 o  0   1.20  85.50717  69.37687  7517.78  3607.23 2.05 1.91  42.1 -0.434 18.63 18.85 02a59627o0425o
59629.302402  20.075  0.809    34   27 o  0   1.07  85.50717  69.37687  5364.85  3176.26 2.77 2.64 -52.2 -0.472 18.78 19.67 01a59629o0112o
59629.305600  19.462  0.421    60   25 o  0   1.20  85.50717  69.37687  5386.88  3216.97 2.72 2.67  36.3 -0.478 18.78 19.65 01a59629o0119o
59629.311107  20.531  1.150    22   26 o  0   1.17  85.50717  69.37687  5330.46  3140.53 2.98 2.78 -51.4 -0.443 18.74 19.63 01a59629o0131o
59629.321151  19.629  0.548    51   28 o  0   1.40  85.50717  69.37687  5317.63  3258.85 2.95 2.76 -55.1 -0.448 18.67 19.58 01a59629o0153o
59631.292822  19.162  0.265    79   21 o  0   0.64  85.50717  69.37687  7475.06  3704.01 2.17 1.83  38.8 -0.442 19.55 20.76 02a59631o0191o
59631.296033  19.568  0.356    54   19 o  0   0.93  85.50717  69.37687  7455.32  3664.11 1.94 1.86  35.7 -0.448 19.59 20.77 02a59631o0198o
59631.301517  19.988  0.532    37   20 o  0   0.81  85.50717  69.37687  7514.56  3743.88 2.00 1.87  38.0 -0.447 19.53 20.76 02a59631o0210o
59631.311734  19.509  0.298    57   17 o  0   0.99  85.50717  69.37687  7532.57  3623.40 2.30 1.85  35.7 -0.436 19.54 20.77 02a59631o0232o
59633.339030  19.298  0.276    69   19 o  0   3.18  85.50717  69.37687  5154.33  6872.04 3.21 3.07  28.6 -0.411 19.13 20.62 01a59633o0295o
59633.342218  19.742  0.534    46   25 o  0   2.18  85.50717  69.37687  5176.21  6910.54 3.25 3.20  -3.5 -0.403 19.06 20.63 01a59633o0302o
59633.348620  19.163  0.283    78   22 o  0   2.49  85.50717  69.37687  5112.87  6834.56 3.18 3.11 -43.4 -0.413 19.09 20.64 01a59633o0316o
59633.358693  19.127  0.308    81   25 o  0   1.76  85.50717  69.37687  5099.65  6953.59 3.10 3.03   0.4 -0.425 19.14 20.64 01a59633o0338o
59635.333693 -22.148  7.120    -5   36 c  0   0.48  85.50717  69.37687    42.65  1960.44 2.88 2.80 -72.2 -0.396 19.35 21.33 02a59635o0277c
59635.344249  19.609  0.456    52   24 c  0   0.81  85.50717  69.37687    65.12  1837.43 2.64 2.44 -64.5 -0.414 19.47 21.33 02a59635o0300c
59635.344705  22.343  3.320     4   14 c  0   1.32  85.50717  69.37687  9852.56  1953.05 2.67 2.54 -63.1 -0.407 19.47 21.40 02a59635o0301c
59635.348821  20.626  0.735    20   15 c  0   1.25  85.50717  69.37687  9832.21  1911.27 2.78 2.63 -64.1 -0.401 19.46 21.38 02a59635o0310c
59635.354351  22.169  3.308     5   16 c  0   1.13  85.50717  69.37687  9895.14  1996.81 2.90 2.66 -59.8 -0.399 19.36 21.35 02a59635o0322c
59635.364899  19.314  0.255    68   17 c  0   1.07  85.50717  69.37687  9914.35  1877.44 2.89 2.78 -60.6 -0.397 19.39 21.35 02a59635o0345c
59637.276491  19.154  0.295    79   23 o  0   2.40  85.50717  69.37687  5140.42  6862.71 3.89 3.73 -62.9 -0.403 18.93 20.79 01a59637o0157o
59637.279687  20.079  0.716    34   24 o  0   2.34  85.50717  69.37687  5162.53  6902.54 3.75 3.59 -44.7 -0.407 18.98 20.80 01a59637o0164o
59637.286577  19.379  0.328    64   21 o  0   2.41  85.50717  69.37687  5101.13  6828.15 3.15 2.97 -45.2 -0.443 19.21 20.83 01a59637o0179o
59637.298447  20.437  0.846    24   20 o  0   2.32  85.50717  69.37687  5087.21  6946.35 3.45 3.41 -51.7 -0.389 19.09 20.81 01a59637o0205o
59639.261777  17.561  0.058   343   20 c  0  47.27  85.50717  69.37687    47.81  1980.29 2.66 2.18 -61.3 -0.424 19.60 21.28 02a59639o0118c
59639.265008  19.953  0.345    38   13 c  0   1.50  85.50717  69.37687  9861.78  1960.89 2.56 2.12 -62.6 -0.422 19.62 21.33 02a59639o0125c
59639.268661  22.039  2.643     6   15 c  0   1.09  85.50717  69.37687  9840.80  1919.84 2.52 2.11 -62.2 -0.424 19.61 21.33 02a59639o0133c
59639.272324 -20.639  0.876   -20   18 c  0   1.30  85.50717  69.37687    68.09  1855.49 2.53 2.16 -61.5 -0.429 19.61 21.30 02a59639o0141c
59639.274151  23.341  8.385     2   14 c  0   0.96  85.50717  69.37687  9902.32  2002.98 2.45 2.12 -62.2 -0.422 19.64 21.34 02a59639o0145c
59639.284677  21.190  1.054    12   13 c  0   1.63  85.50717  69.37687  9927.23  1887.81 2.52 2.10 -63.6 -0.424 19.62 21.36 02a59639o0168c
59641.320492  19.968  0.551    37   21 o  0   1.47  85.50717  69.37687  3000.27   664.38 2.87 2.69 -52.0 -0.476 19.34 20.80 01a59641o0222o
59641.323702  18.880  0.183   102   19 o  0   1.48  85.50717  69.37687  3020.30   704.74 2.82 2.70 -53.5 -0.467 19.35 20.80 01a59641o0229o
59641.329668  21.453  1.962    10   19 o  0   1.68  85.50717  69.37687  2969.67   627.32 2.79 2.70 -53.4 -0.467 19.30 20.81 01a59641o0242o
59643.327214  21.133  1.353    13   17 c  0   1.24  85.50717  69.37687  2137.33  1643.00 2.30 2.16 -11.6 -0.455 19.05 21.52 02a59643o0242c
59643.330219  20.347  0.762    26   20 c  0   0.98  85.50717  69.37687  2115.93  1603.22 2.31 2.14  -9.3 -0.456 19.05 21.57 02a59643o0248c
59643.336184  19.987  0.581    37   21 c  0   0.98  85.50717  69.37687  2179.05  1677.10 2.28 2.14 -11.4 -0.454 19.06 21.55 02a59643o0260c
59643.346753  19.310  0.253    69   17 c  0   1.65  85.50717  69.37687  2201.89  1553.95 2.29 2.13 -22.1 -0.460 19.08 21.57 02a59643o0281c
59645.254355  20.745  1.121    18   20 o  0   1.67  85.50717  69.37687  2980.20   655.05 2.77 2.66 -64.1 -0.492 19.23 20.37 01a59645o0102o
59645.257546  19.340  0.323    67   22 o  0   1.22  85.50717  69.37687  3001.25   695.74 2.76 2.64 -63.1 -0.493 19.19 20.40 01a59645o0109o
59645.263468  19.598  0.409    53   22 o  0   1.34  85.50717  69.37687  2946.91   617.67 2.80 2.70 -66.2 -0.481 19.22 20.43 01a59645o0122o
59645.274872  19.357  0.334    66   22 o  0   1.36  85.50717  69.37687  2937.28   735.98 2.92 2.76 -56.0 -0.478 19.19 20.41 01a59645o0147o
59647.279522  20.427  2.692    24   66 o  0   1.11  85.50717  69.37687  2139.19  1651.20 2.11 1.90  22.3 -0.465 17.56 19.12 02a59647o0062o
59647.283017 -19.079  1.715   -85  146 o  0   0.79  85.50717  69.37687  2117.75  1613.49 2.05 1.80  19.8 -0.483 17.12 19.05 02a59647o0069o
59647.290900  19.312  1.005    68   69 o  0   1.25  85.50717  69.37687  2181.12  1686.06 2.04 1.84   6.5 -0.495 17.48 19.77 02a59647o0085o
59647.302405  18.953  0.459    95   44 o  0   0.95  85.50717  69.37687  2204.87  1565.18 2.18 2.01  13.4 -0.461 18.46 20.83 02a59647o0108o
59649.320223  18.893  0.259   101   26 o  0   1.33  85.50717  69.37687  6515.62   404.76 2.83 2.74 -29.6 -0.473 18.81 19.73 01a59649o0152o
59649.323875  19.136  0.314    80   25 o  0   1.37  85.50717  69.37687  6536.22   443.88 2.73 2.64 -40.3 -0.486 18.80 19.72 01a59649o0160o
59649.329402  19.765  0.654    45   30 o  0   1.17  85.50717  69.37687  6483.05   368.48 2.89 2.62 -61.6 -0.498 18.80 19.73 01a59649o0172o
59649.339491  19.434  0.389    61   24 o  0   1.62  85.50717  69.37687  6473.15   490.38 2.81 2.61 -51.7 -0.499 18.83 19.72 01a59649o0194o
59655.245279 -21.092  2.928   -13   39 o  0   0.90  85.50717  69.37687  3361.31  5691.63 2.33 2.01  30.2 -0.456 18.34 18.47 02a59655o0073o
59655.248946  20.707  2.681    19   51 o  0   1.34  85.50717  69.37687  3341.57  5650.07 2.34 2.04  32.3 -0.445 17.90 17.91 02a59655o0081o
59655.254465 -21.221  6.960   -12   82 o  0   2.27  85.50717  69.37687  3397.76  5724.19 2.33 2.02  30.7 -0.451 17.07 16.90 02a59655o0093o
59655.265432  18.780  1.553   112  174 o  0   0.83  85.50717  69.37687  3417.92  5602.14 2.58 2.04  30.6 -0.428 16.83 16.63 02a59655o0117o
59657.306928 -20.674  1.727   -20   34 o  0   1.18  85.50717  69.37687  5262.99  5033.16 2.91 2.76  22.7 -0.455 18.43 19.06 01a59657o0215o
59657.310127  19.388  0.536    64   34 o  0   1.11  85.50717  69.37687  5281.88  5069.93 2.79 2.68  25.6 -0.460 18.46 19.06 01a59657o0222o
59657.315600  23.141 16.182     2   33 o  0   1.25  85.50717  69.37687  5223.97  4995.38 2.72 2.67 -40.5 -0.472 18.48 19.04 01a59657o0234o
59657.327446  19.758  0.797    45   36 o  0   0.98  85.50717  69.37687  5209.46  5113.79 2.73 2.69  -5.5 -0.469 18.44 18.99 01a59657o0260o
59659.299440  19.790  0.453    44   20 o  0   1.06  85.50717  69.37687  5598.32 10019.30 2.16 1.99 -60.2 -0.447 19.46 20.51 02a59659o0191o
59659.303584  20.172  0.652    31   20 o  0   1.51  85.50717  69.37687  5579.15  9980.38 2.10 2.02 -70.3 -0.455 19.33 20.32 02a59659o0200o
59659.309983  19.321  0.379    68   26 o  0   0.79  85.50717  69.37687  5628.38 10057.51 2.12 2.10 -63.8 -0.448 19.22 20.05 02a59659o0214o
59659.313660  19.792  0.680    44   30 o  0   0.61  85.50717  69.37687 10224.52   129.62 2.35 1.45 -59.3 -0.550 19.17 19.95 02a59659o0222o
59659.317344 -20.758  1.525   -18   28 o  0   0.84  85.50717  69.37687 10202.83    86.63 2.27 1.47 -61.6 -0.515 19.12 19.86 02a59659o0230o
59659.320562  20.298  0.933    28   26 o  0   0.78  85.50717  69.37687  5646.23  9936.92 2.13 2.12  -6.0 -0.442 19.05 19.79 02a59659o0237o
59659.324230  21.004  2.207    14   32 o  0   0.82  85.50717  69.37687 10267.93   172.50 2.32 1.45 -60.7 -0.510 19.06 19.74 02a59659o0245o
59659.337979 -21.271  5.739   -11   65 o  0   0.22  85.50717  69.37687 10294.68    53.30 1.94 1.38 -67.0 -0.549 18.94 19.55 02a59659o0275o
59661.244173  20.044  0.587    35   20 o  0   1.00  85.50717  69.37687  5243.90  5022.41 2.75 2.65  46.3 -0.468 19.21 20.42 01a59661o0046o
59661.246991 -24.571 44.000    -0   24 o  0   0.93  85.50717  69.37687  5266.03  5060.21 2.68 2.63 -52.3 -0.483 19.21 20.43 01a59661o0052o
59661.253374  20.358  0.819    26   21 o  0   1.26  85.50717  69.37687  5208.35  4986.03 2.66 2.65  -0.4 -0.489 19.20 20.41 01a59661o0066o
59661.263450 -21.594  2.422    -8   20 o  0   1.83  85.50717  69.37687  5194.66  5104.04 2.75 2.59 -53.1 -0.488 19.14 20.36 01a59661o0088o
59663.235113 -20.724  1.324   -19   25 c  0   1.70  85.50717  69.37687  5612.56 10027.03 2.65 2.51 -84.7 -0.426 19.20 20.98 02a59663o0045c
59663.240624  20.572  0.968    21   21 c  0   1.73  85.50717  69.37687  5593.39  9984.04 2.64 2.54  85.6 -0.418 19.30 21.15 02a59663o0057c
59663.243840  19.962  0.524    38   20 c  0   2.33  85.50717  69.37687  5643.46 10062.14 2.62 2.47 -86.8 -0.421 19.32 21.18 02a59663o0064c
59663.246127  21.674  2.784     8   22 c  0   1.39  85.50717  69.37687 10230.46   132.95 2.79 2.05 -61.7 -0.438 19.32 21.16 02a59663o0069c
59663.249421  20.738  1.096    18   20 c  0   1.55  85.50717  69.37687 10208.53    90.61 2.89 2.11 -62.4 -0.422 19.29 21.17 02a59663o0076c
59663.256288  22.790 10.000     3   28 c  0   1.09  85.50717  69.37687 10272.21   174.29 2.87 2.25 -61.0 -0.434 19.26 21.18 02a59663o0091c
59663.257202 -20.119  0.650   -32   21 c  0   1.39  85.50717  69.37687  5658.93  9942.90 2.69 2.55 -67.6 -0.420 19.30 21.19 02a59663o0093c
59663.266401  23.249 14.909     2   27 c  0   0.96  85.50717  69.37687 10298.31    61.03 2.85 2.22 -63.5 -0.406 19.24 21.18 02a59663o0113c
59665.282477  24.184 37.000     1   28 o  0   1.32  85.50717  69.37687  6423.48  9052.20 2.99 2.65  42.6 -0.435 18.90 19.84 01a59665o0128o
59665.285703  20.510  1.299    23   30 o  0   1.44  85.50717  69.37687  6446.59  9090.90 3.00 2.66  41.8 -0.433 18.90 19.82 01a59665o0135o
59665.292102  20.252  0.908    29   26 o  0   2.16  85.50717  69.37687  6379.43  9016.38 2.79 2.72  49.9 -0.456 18.94 19.87 01a59665o0149o
59665.302143 -21.702  3.561    -8   27 o  0   1.51  85.50717  69.37687  6359.49  9136.95 2.73 2.65 -61.4 -0.482 18.92 19.89 01a59665o0171o
59671.228234  18.740  0.413   116   48 c  0   1.54  85.50717  69.37687  2074.52  3518.75 3.10 2.67  34.8 -0.388 17.57 19.33 02a59671o0002c
59671.231542 -19.383  0.422   -64   27 c  0   1.63  85.50717  69.37687  2053.78  3476.75 2.83 2.52  35.4 -0.396 18.44 20.10 02a59671o0006c
59671.237042  21.887  2.415     6   15 c  0   1.93  85.50717  69.37687  2112.33  3543.90 2.61 2.37  36.8 -0.401 19.11 20.85 02a59671o0018c
59671.249439  22.497  5.864     4   21 c  0   0.99  85.50717  69.37687  2133.46  3421.48 2.63 2.47  36.1 -0.404 19.26 21.14 02a59671o0045c
59681.266261  19.685  0.940    48   46 o  0   1.56  85.50717  69.37687  2946.56  8810.77 2.78 2.72 -47.3 -0.464 18.55 19.38 01a59681o0085o
59681.270395 -23.684 42.167    -1   51 o  0   1.36  85.50717  69.37687  2969.91  8847.61 2.88 2.75 -51.2 -0.467 18.53 19.36 01a59681o0094o
59681.275889  20.075  1.442    34   49 o  0   1.62  85.50717  69.37687  2904.00  8769.23 2.83 2.67 -51.8 -0.476 18.53 19.35 01a59681o0106o
59681.287332 -20.209  1.370   -30   41 o  0   1.86  85.50717  69.37687  2885.54  8885.44 2.80 2.64 -46.8 -0.481 18.50 19.31 01a59681o0131o
59683.288365  19.018  0.521    90   47 o  0   1.29  85.50717  69.37687  6903.24  7336.49 3.52 3.00  29.9 -0.333 18.13 18.80 02a59683o0120o
59683.292021  18.988  0.462    92   43 o  0   1.27  85.50717  69.37687  6886.00  7300.14 3.36 2.93  32.5 -0.377 18.25 18.93 02a59683o0128o
59683.299380  20.408  1.593    25   40 o  0   1.41  85.50717  69.37687  6942.29  7378.51 3.20 2.79  33.3 -0.380 18.31 18.94 02a59683o0144o
59683.309482  20.323  1.316    27   36 o  0   1.64  85.50717  69.37687  6961.06  7261.13 3.11 2.53  33.2 -0.371 18.30 18.88 02a59683o0166o
59715.245110 -18.824  0.777  -107   83 o  0   1.93  85.50717  69.37687  8331.32  7847.47 2.55 2.15  26.9 -0.441 17.73 17.80 02a59715o0031o
59715.248308  20.431  2.887    24   70 o  0   1.65  85.50717  69.37687  8312.25  7809.01 2.69 2.25  24.4 -0.440 18.03 18.20 02a59715o0038o
59715.257460  20.807  4.094    17   71 o  0   1.04  85.50717  69.37687  8365.70  7887.88 2.28 2.22  15.2 -0.450 18.10 18.22 02a59715o0058o
59715.269902  20.996  5.224    14   76 o  0   1.96  85.50717  69.37687  8378.84  7781.33 2.50 2.06  27.3 -0.442 17.98 18.00 02a59715o0085o
59799.608641  21.277  1.550    11   17 c  0   1.21  85.50717  69.37687  9154.52  2834.45 2.69 2.53 -37.2 -0.398 19.27 21.10 02a59799o0806c
59799.611836  20.314  0.660    27   18 c  0   1.20  85.50717  69.37687  9175.15  2873.14 2.77 2.47 -56.0 -0.408 19.27 21.08 02a59799o0813c
59799.619343 -22.035  3.429    -6   19 c  0   1.05  85.50717  69.37687  9121.35  2802.11 2.78 2.67 -26.7 -0.386 19.12 20.84 02a59799o0829c
59799.628140  19.559  0.796    54   43 c  0   1.26  85.50717  69.37687  9102.86  2917.98 2.69 2.59 -29.0 -0.388 18.14 19.23 02a59799o0848c
59807.605753 -23.504 21.400    -1   31 o  0   0.64  85.50717  69.37687  7315.45  3059.90 2.50 2.18  24.9 -0.412 18.87 19.54 02a59807o0821o
59807.616907  24.118 25.833     1   21 o  0   1.62  85.50717  69.37687  7331.32  3095.12 2.41 2.13  28.5 -0.408 18.88 19.50 02a59807o0845o
59807.620617  21.464  2.609     9   25 o  0   1.05  85.50717  69.37687  7274.34  3018.29 2.36 2.11  30.4 -0.411 18.75 19.32 02a59807o0853o
59807.624021 -20.893  1.707   -16   27 o  0   1.50  85.50717  69.37687  7257.14  3136.14 2.59 2.24  35.2 -0.402 18.58 19.05 02a59807o0860o
59823.539164 -21.264  1.360   -11   15 c  0   1.44  85.50717  69.37687  9646.28   540.40 2.58 2.13 -56.7 -0.439 19.39 21.05 02a59823o0693c
59823.542345  22.174  3.677     5   18 c  0   1.29  85.50717  69.37687  9664.35   577.61 2.66 2.15 -56.7 -0.442 19.38 21.06 02a59823o0700c
59823.545969  20.486  0.934    23   22 c  0   0.70  85.50717  69.37687  9612.99   504.41 2.64 2.14 -56.5 -0.439 19.40 21.08 02a59823o0708c
59823.556973 -22.245  3.800    -5   17 c  0   1.34  85.50717  69.37687  9592.80   622.44 2.59 2.19 -57.8 -0.439 19.40 21.11 02a59823o0732c
59823.569250 -23.139  6.538    -2   13 c  0   1.66  85.50717  69.37687  1420.76   551.41 2.52 2.26 -75.3 -0.448 19.40 21.11 02a59823o0759c
59823.573358  20.630  0.611    20   12 c  0   1.71  85.50717  69.37687  1439.46   591.91 2.51 2.29 -75.2 -0.442 19.38 21.15 02a59823o0768c
59823.578828  20.980  0.968    15   14 c  0   1.18  85.50717  69.37687  1385.21   505.44 2.52 2.34 -79.2 -0.442 19.35 21.17 02a59823o0780c
59823.596542 -20.764  0.851   -18   15 c  0   1.02  85.50717  69.37687  1376.14   622.64 2.47 2.25 -80.4 -0.453 19.45 21.21 02a59823o0818c
59829.578603  18.409  0.160   157   25 o  0   2.84  85.50717  69.37687  5141.08  7393.69 3.84 3.49  54.4 -0.339 18.94 20.45 01a59829o0791o
59829.583167 -21.231  1.717   -12   20 o  0   1.84  85.50717  69.37687  5123.42  7360.46 3.64 3.12  48.8 -0.338 19.02 20.46 01a59829o0801o
59829.589573  19.796  0.512    44   22 o  0   1.42  85.50717  69.37687  5182.21  7433.17 3.71 3.14  49.4 -0.330 19.00 20.48 01a59829o0815o
59829.611445 -20.336  0.737   -27   20 o  0   2.25  85.50717  69.37687  5201.24  7314.34 3.37 2.98  49.8 -0.389 19.11 20.54 01a59829o0862o
59833.603086 -20.991  1.767   -15   26 o  0   1.07  85.50717  69.37687  5486.66  3798.04 2.65 2.60 -50.1 -0.381 18.73 19.25 01a59833o0626o
59833.606321 -21.065  1.744   -14   24 o  0   1.30  85.50717  69.37687  5465.91  3758.45 2.58 2.50 -61.6 -0.398 18.48 19.10 01a59833o0633o
59833.631951 -17.435  1.162  -386  448 o  0   0.85  85.50717  69.37687  5543.90  3718.58 2.42 2.34 -57.5 -0.419 15.89 15.82 01a59833o0687o
59837.578090  21.861  2.850     6   19 o  0   1.25  85.50717  69.37687  4934.03  3799.23 2.27 2.23  31.6 -0.424 19.12 19.66 01a59837o0759o
59837.588282  20.030  0.585    35   21 o  0   1.08  85.50717  69.37687  4913.87  3761.14 2.40 2.35  43.8 -0.415 19.00 19.64 01a59837o0781o
59837.604918 -21.157  1.613   -12   20 o  0   0.98  85.50717  69.37687  4972.11  3837.74 2.51 2.25  46.4 -0.404 19.11 19.70 01a59837o0816o
59837.608174  20.206  0.673    30   20 o  0   1.61  85.50717  69.37687  4994.72  3720.82 2.81 2.34  45.7 -0.382 19.02 19.71 01a59837o0823o
59839.559357  19.626  0.881    51   45 o  0   1.18  85.50717  69.37687 10511.50  8704.63 2.47 2.19 -53.5 -0.443 18.20 19.12 02a59839o0754o
59839.584051   0.000 20.541    -0   22 o  0   1.34  85.50717  69.37687   715.52  8642.63 2.06 1.99 -57.4 -0.480 19.17 20.16 02a59839o0808o
59839.594469 -22.771  8.000    -3   23 o  0   1.22  85.50717  69.37687   736.74  8680.68 2.05 1.94 -59.8 -0.483 19.18 20.11 02a59839o0831o
59839.597695  23.442 15.000     2   23 o  0   1.29  85.50717  69.37687   671.80  8594.74 2.08 2.03 -62.3 -0.473 19.16 20.14 02a59839o0838o
59839.614782 -22.403  6.912    -4   27 o  0   0.55  85.50717  69.37687   652.93  8709.64 2.09 2.02  40.8 -0.473 19.16 20.17 02a59839o0875o
59845.552748 -22.138 15.333    -5   78 c  0   0.64  85.50717  69.37687  6819.01 10052.78 3.30 3.06  66.2 -0.324 17.83 19.60 01a59845o0651c
59845.563606  20.915  1.558    16   24 c  0   1.22  85.50717  69.37687  6806.04 10011.80 3.10 2.97  73.2 -0.335 18.72 20.37 01a59845o0672c
59845.567355  18.807  0.486   109   53 c  0   1.34  85.50717  69.37687  6860.42 10091.40 3.63 3.05  59.5 -0.298 17.93 19.73 01a59845o0680c
59845.583216 -18.956  1.140   -95  108 c  0   1.13  85.50717  69.37687  6884.45  9971.45 3.60 3.25  61.3 -0.295 17.11 18.90 01a59845o0714c
59847.533551  20.494  1.168    23   27 o  0   1.28  85.50717  69.37687  8442.61  8904.94 2.38 2.30  78.4 -0.429 19.24 20.43 02a59847o0707o
59847.536716 -21.911  4.465    -6   28 o  0   0.81  85.50717  69.37687  8463.94  8942.61 2.35 2.27 -87.9 -0.424 19.28 20.47 02a59847o0714o
59847.542161 -20.462  1.066   -24   25 o  0   1.22  85.50717  69.37687  8398.49  8868.33 2.33 2.21  50.8 -0.442 19.19 20.34 02a59847o0726o
59847.549899  20.631  1.379    20   28 o  0   1.57  85.50717  69.37687  8376.51  8987.45 2.40 2.22  46.4 -0.439 18.96 20.11 02a59847o0743o
59849.597187  21.769  1.690     7   12 c  0   1.57  85.50717  69.37687  3335.05 10231.99 3.19 2.95 -66.0 -0.320 19.66 21.56 01a59849o0534c
59849.600422 -20.965  0.856   -15   13 c  0   0.93  85.50717  69.37687  3318.20 10193.72 3.17 2.93 -76.3 -0.318 19.65 21.56 01a59849o0541c
59849.618427 -21.247  1.000   -12   12 c  0   2.02  85.50717  69.37687  3377.82 10267.12 3.74 3.18  72.2 -0.254 19.47 21.54 01a59849o0578c
59849.625733  22.158  2.533     5   13 c  0   1.32  85.50717  69.37687  3392.95 10148.99 3.17 2.91 -69.2 -0.322 19.63 21.51 01a59849o0592c
59851.587057  21.140  1.198    13   15 o  0   1.91  85.50717  69.37687  7232.50  4899.62 2.57 2.07  38.5 -0.428 19.42 20.71 02a59851o0836o
59851.590225  20.636  0.852    20   17 o  0   1.25  85.50717  69.37687  7251.87  4936.89 2.50 2.05  40.7 -0.428 19.41 20.72 02a59851o0843o
59851.595215 -21.433  1.918   -10   19 o  0   1.47  85.50717  69.37687  7195.80  4862.39 2.49 2.02  40.2 -0.434 19.45 20.72 02a59851o0854o
59851.611167  21.125  1.330    13   17 o  0   1.33  85.50717  69.37687  7182.61  4980.03 2.58 2.08  38.6 -0.434 19.44 20.79 02a59851o0888o
59853.585332 -21.534  1.444    -9   13 c  0   2.02  85.50717  69.37687  3333.23 10229.25 3.62 3.17  73.0 -0.275 19.44 21.35 01a59853o0826c
59853.595544 -20.486  0.573   -23   13 c  0   1.45  85.50717  69.37687  3317.48 10190.97 3.63 3.18  73.3 -0.278 19.44 21.35 01a59853o0848c
59853.603098 -20.742  0.707   -18   13 c  0   1.43  85.50717  69.37687  3364.49 10268.71 3.30 3.06 -73.5 -0.310 19.50 21.29 01a59853o0863c
59853.608271 -19.989  0.376   -37   14 c  0   1.34  85.50717  69.37687  3388.89 10148.84 3.64 3.13  71.6 -0.275 19.42 21.34 01a59853o0874c
59853.608732 -21.401  1.525   -10   15 c  0   0.95  85.50717  69.37687  7393.72    54.76 2.99 2.97  32.0 -0.386 19.51 21.27 01a59853o0875c
59853.628616  20.850  0.848    17   14 c  0   1.24  85.50717  69.37687  7430.10    94.08 3.17 3.15  77.6 -0.357 19.28 21.07 01a59853o0917c
59859.563161 -21.716  3.833    -8   29 o  0   0.75  85.50717  69.37687  4960.64   558.49 2.06 1.86 -78.1 -0.462 18.85 19.52 02a59859o0804o
59859.564066  18.962  0.504    94   48 o  0   0.94  85.50717  69.37687   375.86 10464.46 2.10 1.76 -60.2 -0.660 18.76 19.40 02a59859o0806o
59859.566331  19.741  0.462    46   21 o  0   1.38  85.50717  69.37687  4977.44   596.81 2.02 1.83 -79.1 -0.471 18.85 19.54 02a59859o0811o
59859.572649 -19.051  1.187   -87  103 o  0   0.69  85.50717  69.37687   390.73 10502.97 2.20 1.82 -57.5 -0.548 18.21 18.71 02a59859o0824o
59859.574007  21.012  1.956    14   28 o  0   0.91  85.50717  69.37687  4927.09   514.92 2.10 1.89 -72.5 -0.462 18.70 19.34 02a59859o0827o
59859.575820 -20.003  1.225   -36   44 o  0   1.03  85.50717  69.37687   324.88 10417.74 2.14 1.75 -61.6 -0.660 18.59 19.22 02a59859o0831o
59859.579449 -21.027  1.600   -14   23 o  0   1.26  85.50717  69.37687  4910.61   631.91 2.02 1.85 -76.7 -0.468 18.68 19.42 02a59859o0839o
59861.533968  19.630  2.966    51  151 o  0   0.87  85.50717  69.37687  4725.35  5639.46 2.91 2.39  43.4 -0.390 16.79 16.31 01a59861o0687o
59861.536745 -21.479  5.098    -9   47 o  0   0.92  85.50717  69.37687  4706.96  5599.91 3.07 2.45  43.6 -0.364 17.46 17.93 01a59861o0693o
59861.540959  19.004  0.704    91   64 o  0   1.16  85.50717  69.37687  4763.10  5677.73 2.64 2.33  45.5 -0.405 17.81 18.04 01a59861o0702o
59861.546048  18.798  0.469   110   52 o  0   1.13  85.50717  69.37687  4785.09  5561.38 2.57 2.29  44.5 -0.411 17.96 17.88 01a59861o0713o
59863.521332  20.211  1.177    30   35 o  0   1.13  85.50717  69.37687  4955.86   551.82 1.97 1.78 -76.6 -0.469 18.51 18.90 02a59863o0616o
59863.524962 -18.504  1.290  -144  186 o  0   1.42  85.50717  69.37687  4973.83   591.85 2.04 1.86 -73.9 -0.467 15.80 16.09 02a59863o0624o
59863.530406  17.830  1.722   268  461 o  0   0.63  85.50717  69.37687  4923.17   512.88 2.06 1.84 -75.5 -0.513 15.92 16.63 02a59863o0636o
59863.540235 -19.511  1.509   -57   86 o  0   0.96  85.50717  69.37687  4904.69   629.29 1.96 1.76 -75.8 -0.485 17.62 18.29 02a59863o0657o
59863.542586 -23.591 51.714    -1   69 o  0   1.09  85.50717  69.37687   371.21 10462.24 2.06 1.92 -72.7 -0.594 18.04 18.71 02a59863o0662o
59863.545301 -18.859  1.174  -104  122 o  0   1.05  85.50717  69.37687   395.02 10504.61 1.94 1.83 -89.0 -0.615 18.37 18.89 02a59863o0668o
59863.548079  20.724  2.138    19   40 o  0   1.84  85.50717  69.37687   325.78 10416.99 1.91 1.66 -65.3 -0.682 18.33 18.83 02a59863o0674o
59863.558125  18.529  1.202   141  169 o  0   0.46  85.50717  69.37687   303.95 10528.53 2.16 1.65 -59.3 -0.629 18.51 18.97 02a59863o0696o
59867.542462  20.216  0.933    30   28 o  0   1.03  85.50717  69.37687  8530.66  7051.55 2.42 2.07  40.7 -0.432 18.94 19.57 02a59867o0762o
59867.544724  23.536 21.800     1   30 o  0   1.01  85.50717  69.37687  8551.51  7088.68 2.46 2.17  39.8 -0.427 18.88 19.57 02a59867o0767o
59867.550172  20.538  1.358    22   30 o  0   1.09  85.50717  69.37687  8491.76  7016.51 2.46 2.10  38.4 -0.435 18.92 19.58 02a59867o0779o
59867.568932  22.587  9.240     3   31 o  0   0.95  85.50717  69.37687  8471.45  7135.13 2.50 2.05  38.1 -0.431 18.93 19.60 02a59867o0819o
59869.508856 -20.428  0.685   -24   17 o  0   1.32  85.50717  69.37687  3529.34  1596.45 2.51 2.22  47.4 -0.455 19.39 20.42 01a59869o0686o
59869.511743 -22.773  6.880    -3   19 o  0   0.78  85.50717  69.37687  3507.22  1556.64 2.36 2.15  45.1 -0.474 19.44 20.43 01a59869o0692o
59869.535416  20.849  1.187    17   20 o  0   1.01  85.50717  69.37687  3564.50  1633.93 2.57 2.23  44.8 -0.449 19.35 20.39 01a59869o0742o
59869.550090 -19.907  0.541   -40   21 o  0   0.69  85.50717  69.37687  3585.73  1515.96 2.67 2.27  42.6 -0.441 19.31 20.36 01a59869o0772o
59871.474955  20.269  0.682    28   19 o  0   1.21  85.50717  69.37687  8526.12  7044.77 2.36 2.10  43.6 -0.440 19.37 20.56 02a59871o0618o
59871.479056  20.517  0.918    23   21 o  0   0.81  85.50717  69.37687  8545.32  7082.84 2.35 2.09  43.5 -0.436 19.41 20.63 02a59871o0627o
59871.484489 -22.324  4.645    -4   20 o  0   0.67  85.50717  69.37687  8485.26  7010.56 2.44 2.07  41.6 -0.434 19.38 20.58 02a59871o0639o
59871.494459 -20.160  0.559   -31   18 o  0   1.72  85.50717  69.37687  8466.07  7127.32 2.44 2.09  42.7 -0.430 19.34 20.46 02a59871o0661o
59873.520161 -20.296  0.722   -28   20 o  0   1.86  85.50717  69.37687    57.56  5729.14 3.40 3.20  59.3 -0.376 19.16 20.70 01a59873o0718o
59873.522472  20.455  0.591    24   14 o  0   1.11  85.50717  69.37687    36.35  5693.69 3.31 3.20  70.1 -0.357 19.20 20.70 01a59873o0723o
59873.525729 -20.553  0.841   -22   18 o  0   1.76  85.50717  69.37687    95.29  5764.09 3.31 3.09  60.7 -0.310 19.23 20.72 01a59873o0730o
59873.546365  18.435  0.529   154   81 o  0   1.07  85.50717  69.37687   111.60  5647.03 3.04 2.94  56.4 -0.399 17.38 18.77 01a59873o0774o
59873.573539 -23.241  8.900    -2   16 o  0   1.44  85.50717  69.37687  9157.45  5621.94 3.00 2.85 -66.0 -0.412 19.33 20.74 01a59873o0832o
59873.576774  20.103  0.598    33   20 o  0   1.24  85.50717  69.37687  9138.36  5581.04 3.02 2.99 -59.2 -0.412 19.32 20.78 01a59873o0839o
59873.583726 -19.544  0.363   -55   20 o  0   1.10  85.50717  69.37687  9194.54  5661.53 3.08 3.03 -60.8 -0.400 19.27 20.77 01a59873o0854o
59873.590199 -20.282  0.655   -28   18 o  0   1.34  85.50717  69.37687  9215.34  5544.07 2.98 2.84  28.7 -0.374 19.25 20.75 01a59873o0868o
59875.548331 -19.845  0.373   -42   16 c  0   1.54  85.50717  69.37687  7937.62   781.99 2.94 2.56 -70.5 -0.402 19.34 21.16 02a59875o0778c
59875.551502  20.576  0.664    21   14 c  0   1.74  85.50717  69.37687  7954.87   821.84 2.87 2.50 -70.5 -0.407 19.35 21.14 02a59875o0785c
59875.617649  19.635  0.341    51   17 c  0   1.58  85.50717  69.37687  2672.73  9826.24 2.86 2.72 -58.8 -0.415 19.27 20.94 02a59875o0838c
59875.625392 -21.662  2.293    -8   18 c  0   1.39  85.50717  69.37687  2690.50  9696.88 3.00 2.69  31.4 -0.388 19.19 20.92 02a59875o0854c
59877.501104  21.882  1.648     6   11 o  0   1.35  85.50717  69.37687    49.10  5737.18 2.46 2.30  73.1 -0.409 19.43 20.62 01a59877o0672o
59877.513169 -23.330 10.538    -2   18 o  0   1.25  85.50717  69.37687    87.57  5773.56 2.54 2.44  68.8 -0.409 19.45 20.71 01a59877o0698o
59877.515485 -25.300 60.500    -0   17 o  0   1.11  85.50717  69.37687  9149.66  5648.66 2.62 2.50 -64.8 -0.416 19.46 20.70 01a59877o0703o
59877.517793 -19.351  0.268   -66   18 o  0   1.36  85.50717  69.37687  9131.65  5606.02 2.95 2.75  39.2 -0.386 19.35 20.70 01a59877o0708o
59877.518254  22.645  5.920     3   19 o  0   0.95  85.50717  69.37687   108.68  5654.98 2.58 2.38  64.7 -0.395 19.43 20.71 01a59877o0709o
59877.520571  20.762  1.049    18   19 o  0   0.94  85.50717  69.37687  9189.10  5688.50 2.72 2.52 -62.1 -0.425 19.44 20.70 01a59877o0714o
59877.525653  19.932  0.505    39   20 o  0   1.00  85.50717  69.37687  9210.89  5572.01 2.66 2.55  41.0 -0.409 19.42 20.71 01a59877o0725o
59881.530683 -22.942  7.889    -2   19 o  0   0.70  85.50717  69.37687  7740.93  1934.93 2.54 2.46  16.9 -0.441 19.37 20.55 01a59881o0747o
59881.532531 -21.818  2.404    -7   16 o  0   1.16  85.50717  69.37687  7720.26  1894.43 2.63 2.37  27.9 -0.419 19.36 20.56 01a59881o0751o
59881.536222  22.368  4.067     4   17 o  0   1.56  85.50717  69.37687  7782.27  1975.74 2.54 2.49   7.3 -0.443 19.36 20.57 01a59881o0759o
59881.549311 -22.941  7.235    -2   18 o  0   0.95  85.50717  69.37687  7801.85  1856.11 2.78 2.48  26.2 -0.405 19.26 20.50 01a59881o0787o
59883.538114 -21.430  1.125   -10   11 c  0   2.55  85.50717  69.37687  3675.55  3233.62 2.60 2.37  50.4 -0.412 19.48 21.19 02a59883o0770c
59883.539929 -21.297  1.139   -11   12 c  0   1.34  85.50717  69.37687  3695.61  3273.72 2.60 2.38  51.1 -0.412 19.48 21.20 02a59883o0774c
59883.543562  21.625  1.875     8   15 c  0   1.15  85.50717  69.37687  3640.97  3196.24 2.55 2.31  52.8 -0.416 19.51 21.20 02a59883o0782c
59883.549455  20.634  0.662    20   13 c  0   1.37  85.50717  69.37687  3624.08  3312.81 2.60 2.32  45.7 -0.417 19.52 21.21 02a59883o0795c
59885.495316  20.081  0.504    34   17 o  0   1.38  85.50717  69.37687  7744.68  1943.72 2.40 2.35 -51.2 -0.459 19.46 20.62 01a59885o0665o
59885.498141  23.782 14.444     1   16 o  0   1.08  85.50717  69.37687  7724.04  1903.18 2.43 2.37  53.3 -0.449 19.45 20.63 01a59885o0671o
59885.504774 -21.281  1.489   -11   17 o  0   1.02  85.50717  69.37687  7785.77  1983.05 2.43 2.33  36.8 -0.445 19.46 20.62 01a59885o0685o
59885.524712 -20.566  0.850   -22   18 o  0   1.03  85.50717  69.37687  7804.25  1863.66 2.36 2.33 -11.4 -0.458 19.48 20.61 01a59885o0728o
59889.557349 -20.747  1.371   -18   25 o  0   1.27  85.50717  69.37687 10259.22  7915.18 2.86 2.58 -52.0 -0.430 18.90 19.54 01a59889o0802o
59893.485911 -20.052  0.884   -35   31 o  0   0.97  85.50717  69.37687  1420.93  7834.69 2.67 2.54  69.0 -0.423 18.68 19.02 01a59893o0584o
59893.505470 -20.188  0.858   -30   26 o  0   1.22  85.50717  69.37687  1402.15  7796.85 2.54 2.35  62.0 -0.442 18.73 19.04 01a59893o0625o
59893.507323  20.892  1.694    16   27 o  0   1.15  85.50717  69.37687  1457.58  7868.14 2.65 2.36  59.5 -0.430 18.74 19.05 01a59893o0629o
59893.508708 -19.810  0.629   -43   27 o  0   1.28  85.50717  69.37687 10206.41  7994.80 2.60 2.57 -53.7 -0.441 18.72 19.08 01a59893o0632o
59893.510096  19.709  0.636    48   30 o  0   1.03  85.50717  69.37687  1478.02  7748.38 2.72 2.45  56.9 -0.414 18.67 19.05 01a59893o0635o
59893.511020 -20.674  1.234   -20   24 o  0   1.47  85.50717  69.37687 10188.70  7952.30 2.57 2.54 -41.1 -0.439 18.71 19.08 01a59893o0637o
59893.532685 -20.651  1.366   -20   27 o  0   1.27  85.50717  69.37687 10244.96  8031.21 2.72 2.65 -56.6 -0.427 18.71 19.11 01a59893o0683o
59893.546089  19.326  0.409    68   28 o  0   1.16  85.50717  69.37687 10263.32  7912.85 2.78 2.66 -53.9 -0.420 18.68 19.15 01a59893o0712o
59895.522544  19.402  0.423    63   27 o  0   0.60  85.50717  69.37687  3431.03  3843.03 2.47 1.84  31.0 -0.451 18.86 19.31 02a59895o0218o
59895.556106  20.789  1.447    18   25 o  0   0.83  85.50717  69.37687  3402.97  3798.92 2.41 1.79  31.0 -0.455 18.94 19.36 02a59895o0291o
59895.559281 -22.393  6.625    -4   26 o  0   0.89  85.50717  69.37687  3462.83  3873.11 2.53 1.87  31.3 -0.445 18.88 19.35 02a59895o0298o
59895.565707 -23.491 17.583    -2   26 o  0   1.34  85.50717  69.37687  3484.94  3755.30 2.50 1.83  30.9 -0.450 18.91 19.34 02a59895o0312o
59897.553759  22.743  7.043     3   20 o  0   0.97  85.50717  69.37687  7234.16  3091.49 2.50 2.38  30.1 -0.425 19.14 19.89 01a59897o0796o
59897.556533  21.081  1.330    13   18 o  0   1.55  85.50717  69.37687  7254.39  3130.73 2.68 2.43  29.9 -0.397 19.09 19.91 01a59897o0802o
59897.561668 -21.526  2.266    -9   20 o  0   1.31  85.50717  69.37687  7199.05  3056.32 2.58 2.53  19.5 -0.430 19.09 19.90 01a59897o0813o
59897.595434  22.479  5.207     4   19 o  0   1.26  85.50717  69.37687  7193.24  3181.30 2.47 2.43  14.3 -0.423 19.15 19.85 01a59897o0885o
59899.474688  20.374  0.819    26   21 o  0   1.38  85.50717  69.37687  9170.05  4673.01 2.59 2.16  33.3 -0.400 19.19 20.25 02a59899o0640o
59899.476518  21.081  1.494    13   20 o  0   0.88  85.50717  69.37687  9192.10  4710.14 2.78 2.18  32.5 -0.391 19.15 20.25 02a59899o0644o
59899.480178  20.037  0.613    35   22 o  0   0.74  85.50717  69.37687  9135.26  4637.84 2.86 2.24  32.4 -0.385 19.09 20.24 02a59899o0652o
59899.502318 -19.750  0.441   -46   20 o  0   1.04  85.50717  69.37687  1468.17  5811.94 2.25 1.94  20.5 -0.440 19.27 20.24 02a59899o0700o
59899.507486  18.777  1.566   112  175 o  0   0.29  85.50717  69.37687    78.29  4452.85 2.07 2.02  15.8 -0.392 19.24 20.23 02a59899o0711o
59899.510650  21.980  7.942     6   47 o  0   0.20  85.50717  69.37687    98.41  4494.35 2.12 2.08   1.7 -0.392 19.27 20.22 02a59899o0718o
59899.513829  24.050 24.875     1   22 o  0   1.29  85.50717  69.37687    40.36  4408.77 2.10 2.05  -1.1 -0.390 19.22 20.20 02a59899o0725o
59905.546583 -20.329  0.561   -27   15 c  0   0.93  85.50717  69.37687  3311.90  5180.21 3.31 3.08  38.9 -0.314 19.58 21.56 01a59905o0733c
59905.582107  22.323  2.840     4   12 c  0   1.70  85.50717  69.37687  3340.36  5223.57 3.20 2.95  37.0 -0.327 19.59 21.57 01a59905o0809c
59905.609862  20.261  0.441    28   13 c  0   1.28  85.50717  69.37687  3289.64  5147.81 3.21 3.01  39.2 -0.330 19.57 21.53 01a59905o0868c
59905.634792 -21.005  0.918   -14   13 c  0   1.10  85.50717  69.37687  3278.46  5266.66 3.34 3.19  39.7 -0.323 19.46 21.46 01a59905o0921c
59907.523348  19.730  0.315    47   15 o  0   1.73  85.50717  69.37687  5592.13  1881.27 1.95 1.88 -55.1 -0.455 19.54 20.78 02a59907o0751o
59907.527421 -20.779  1.304   -18   23 o  0   0.59  85.50717  69.37687  5571.07  1840.42 2.02 1.91 -60.2 -0.445 19.51 20.78 02a59907o0760o
59907.533354  22.752  6.310     3   18 o  0   1.39  85.50717  69.37687  5634.27  1919.38 1.98 1.85 -61.2 -0.453 19.53 20.74 02a59907o0773o
59907.567242  21.408  1.719    10   17 o  0   1.21  85.50717  69.37687  5655.15  1796.90 2.09 2.00 -62.1 -0.437 19.42 20.69 02a59907o0847o
59909.442578 -20.881  0.787   -16   13 c  0   1.27  85.50717  69.37687  7214.57  5596.67 3.64 3.25  38.3 -0.266 19.46 21.48 01a59909o0548c
59909.444888 -20.336  0.465   -27   12 c  0   1.48  85.50717  69.37687  7195.47  5555.72 3.29 3.15  36.2 -0.309 19.54 21.46 01a59909o0553c
59909.450974  20.958  0.896    15   14 c  0   1.38  85.50717  69.37687  7253.18  5635.34 3.96 3.42  35.5 -0.236 19.36 21.44 01a59909o0566c
59909.456060  19.653  0.286    50   14 c  0   1.29  85.50717  69.37687  7272.61  5519.31 3.92 3.43  35.6 -0.236 19.37 21.45 01a59909o0577c
59915.487655  20.129  0.704    32   23 o  0   1.05  85.50717  69.37687  8321.16  7836.30 2.28 1.96  33.6 -0.436 19.33 20.27 02a59915o0672o
59915.522170 -21.764  3.222    -7   23 o  0   0.71  85.50717  69.37687  8293.82  7791.36 2.22 1.95  36.0 -0.441 19.59 20.77 02a59915o0747o
59915.525353  19.790  0.366    44   16 o  0   1.54  85.50717  69.37687  8349.30  7873.14 2.19 2.00  38.3 -0.443 19.58 20.79 02a59915o0754o
59915.530784 -21.343  1.933   -10   20 o  0   0.95  85.50717  69.37687  8367.84  7757.67 2.22 2.00  37.5 -0.439 19.60 20.83 02a59915o0766o
59927.464692 -20.115  0.735   -33   24 o  0   0.90  85.50717  69.37687  9480.99  3776.55 2.23 2.11 -50.0 -0.423 19.08 19.96 02a59927o0599o
59927.491958  19.144  1.163    80   93 o  0   0.59  85.50717  69.37687    60.85  3829.04 2.10 1.90   8.9 -0.405 19.14 19.95 02a59927o0658o
59927.492862  19.907  0.507    40   20 o  0   1.42  85.50717  69.37687  9459.63  3731.87 2.13 2.01 -40.4 -0.429 19.15 19.95 02a59927o0660o
59927.517058  20.174  3.528    31  109 o  0   0.56  85.50717  69.37687    79.59  3701.38 2.25 2.01  13.9 -0.392 19.00 19.91 02a59927o0712o
59927.518005 -21.651  2.776    -8   22 o  0   0.83  85.50717  69.37687  9515.09  3815.26 2.15 2.07 -21.7 -0.432 19.13 19.94 02a59927o0714o
59927.543041 -20.710  1.045   -19   20 o  0   1.20  85.50717  69.37687  9535.31  3696.33 2.18 2.08 -29.4 -0.427 19.08 19.94 02a59927o0768o
59959.339341  20.177  0.994    31   31 o  0   3.05  85.50717  69.37687  2608.55 10500.26 2.68 2.33 -57.3 -0.433 19.12 20.46 02a59959o0318o
59959.371449  20.132  0.723    32   23 o  0   1.21  85.50717  69.37687  3853.94 10149.71 2.63 2.34 -57.9 -0.415 19.23 20.58 02a59959o0388o
59959.399995  21.676  3.050     8   24 o  0   0.71  85.50717  69.37687  3827.96 10100.43 2.31 2.13  39.0 -0.403 19.30 20.64 02a59959o0449o
59959.403631 -21.476  2.127    -9   20 o  0   1.61  85.50717  69.37687  3883.66 10179.69 2.30 2.10 -64.0 -0.426 19.34 20.62 02a59959o0457o
59959.409074  21.078  1.472    14   20 o  0   1.46  85.50717  69.37687  3901.60 10060.85 2.27 2.05 -59.1 -0.425 19.36 20.62 02a59959o0469o
59963.424549 -19.999  0.512   -36   19 o  0   0.93  85.50717  69.37687  3712.35  3788.66 2.36 1.87  29.5 -0.453 19.32 20.38 02a59963o0271o
59963.427714 -20.886  1.211   -16   19 o  0   0.85  85.50717  69.37687  3693.53  3749.46 2.13 1.81  23.9 -0.466 19.39 20.39 02a59963o0278o
59963.433163  20.555  0.815    22   18 o  0   1.37  85.50717  69.37687  3750.93  3824.23 2.25 1.81  29.4 -0.466 19.38 20.40 02a59963o0290o
59963.444507 -20.304  0.488   -27   13 o  0   2.09  85.50717  69.37687  3771.90  3704.56 2.13 1.85  23.8 -0.465 19.40 20.47 02a59963o0315o
59967.341846  22.090  3.947     5   21 o  0   0.96  85.50717  69.37687  5265.34  5556.74 2.50 2.07  30.4 -0.426 19.29 20.45 02a59967o0285o
59967.345030  21.190  1.182    12   14 o  0   1.92  85.50717  69.37687  5246.09  5516.94 2.36 1.90  29.8 -0.437 19.36 20.45 02a59967o0292o
59967.376964  21.115  1.514    13   20 o  0   1.11  85.50717  69.37687  5293.77  5587.19 2.39 1.84  30.3 -0.435 19.37 20.37 02a59967o0361o
59967.384673  23.452 13.077     2   20 o  0   1.09  85.50717  69.37687  5314.56  5469.04 2.35 1.81  28.6 -0.437 19.35 20.47 02a59967o0378o
60015.290260  19.799  0.553    44   24 o  0   1.28  85.50717  69.37687  7384.93  8898.04 2.70 2.42  52.9 -0.418 19.10 20.32 02a60015o0064o
60015.294238  21.460  2.642    10   25 o  0   1.33  85.50717  69.37687  7368.75  8858.46 2.65 2.46  81.7 -0.418 19.11 20.32 02a60015o0072o
60015.301673  23.810 24.000     1   26 o  0   1.34  85.50717  69.37687  7425.90  8937.05 2.65 2.48  79.2 -0.422 19.14 20.32 02a60015o0088o
60015.311553  21.688  3.345     8   26 o  0   1.23  85.50717  69.37687  7447.09  8819.07 2.27 2.17  79.3 -0.437 19.27 20.30 02a60015o0109o
60019.318529  18.183  0.890   194  172 o  0   0.93  85.50717  69.37687  4634.31  2988.32 2.34 1.93  38.0 -0.454 16.29 17.14 02a60019o0218o
60019.330719 -21.100  1.698   -13   22 o  0   0.98  85.50717  69.37687  4613.51  2948.90 2.56 2.03  40.2 -0.446 19.12 20.27 02a60019o0244o
60019.337372 -23.704 17.333    -1   21 o  0   1.16  85.50717  69.37687  4680.83  3023.55 2.33 1.97  40.2 -0.447 19.23 20.29 02a60019o0258o
60019.340556 -20.923  1.330   -16   21 o  0   0.87  85.50717  69.37687  4704.96  2905.85 2.46 1.92  39.2 -0.456 19.21 20.28 02a60019o0265o
60023.257010  19.120  3.952    82  323 o  0   0.65  85.50717  69.37687  4636.18  3008.97 2.32 1.85  33.9 -0.462 16.26 17.04 02a60023o0081o
60023.260636  16.891  3.061   636 1948 o  0   1.01  85.50717  69.37687  4611.98  2969.38 2.33 1.76  34.7 -0.444 14.28 15.02 02a60023o0088o
60023.266796  19.497  2.641    58  152 o  0   1.32  85.50717  69.37687  4679.26  3043.92 2.29 1.79  32.6 -0.459 16.25 17.09 02a60023o0101o
60023.277086  18.652  0.695   126   87 o  0   0.79  85.50717  69.37687  4705.94  2923.93 2.27 1.81  35.3 -0.456 17.28 18.08 02a60023o0123o
60027.340123  18.867  7.154   103  737 o  0   1.44  85.50717  69.37687  7524.30  2941.91 2.52 2.26  37.5 -0.425 16.03 17.00 02a60027o0042o
60031.241208 -19.579  0.443   -54   24 o  0   0.95  85.50717  69.37687  7530.55  2966.74 2.28 2.01  33.3 -0.441 18.98 19.77 02a60031o0044o
60031.244182 -20.853  1.237   -16   20 o  0   1.49  85.50717  69.37687  7510.26  2926.22 2.20 1.98  35.3 -0.448 18.99 19.78 02a60031o0050o
60031.251344 -20.016  0.559   -36   20 o  0   1.23  85.50717  69.37687  7570.56  3005.53 2.16 1.92  34.2 -0.446 18.99 19.79 02a60031o0065o
60031.262619  20.482  0.906    23   21 o  0   1.18  85.50717  69.37687  7592.12  2885.53 2.09 2.00  62.4 -0.449 19.03 19.76 02a60031o0088o
60036.278664 -19.104  1.210   -83  100 o  0   0.90  85.50717  69.37687   143.46  1895.79 2.03 1.88 -55.0 -0.437 16.76 16.86 02a60036o0117o
60036.287449 -16.930  0.602  -614  369 o  0   1.20  85.50717  69.37687   122.99  1856.50 2.22 1.86 -59.7 -0.441 16.00 16.07 02a60036o0135o
60036.289426  17.248  1.055   458  484 o  0   1.22  85.50717  69.37687  9988.58  1960.38 2.12 1.75 -57.7 -0.480 15.21 15.17 02a60036o0139o
60036.290412  17.909  2.508   249  625 o  0   1.07  85.50717  69.37687   184.96  1924.45 2.09 1.90 -62.6 -0.476 14.75 14.74 02a60036o0141o
60036.309285 -16.565  0.596  -859  512 o  0   1.37  85.50717  69.37687  9969.35  1915.68 2.28 1.95 -58.3 -0.505 15.29 15.28 02a60036o0181o
60036.314046  16.338  0.786  1058  832 o  0   1.29  85.50717  69.37687 10033.72  2002.82 2.23 1.90 -57.1 -0.473 14.75 14.88 02a60036o0191o
60042.310369 -19.155  0.696   -79   55 o  0   1.29  85.50717  69.37687  7047.43  7332.83 2.55 1.89  30.7 -0.416 17.90 18.27 02a60042o0014o
60042.313648  20.433  3.089    24   75 o  0   2.27  85.50717  69.37687  7027.72  7292.98 2.84 2.07  32.7 -0.386 17.26 17.81 02a60042o0021o
60042.319167  18.551  0.716   138   99 o  0   1.36  85.50717  69.37687  7082.77  7371.63 2.55 1.98  32.0 -0.417 17.52 17.78 02a60042o0033o
60042.330296  18.653  1.793   126  225 o  0   1.04  85.50717  69.37687  7103.30  7257.51 2.38 1.90  31.1 -0.410 16.09 16.36 02a60042o0057o
60044.247657 -20.049  0.575   -35   20 o  0   1.40  85.50717  69.37687  3563.03  3808.59 2.36 1.97  31.2 -0.464 19.14 20.11 02a60044o0051o
60044.251001  22.423  4.586     4   18 o  0   1.53  85.50717  69.37687  3540.66  3768.69 2.31 1.97  33.4 -0.464 19.13 20.13 02a60044o0058o
60044.268163  21.096  1.651    13   22 o  0   1.26  85.50717  69.37687  3599.61  3845.54 2.19 1.92  31.2 -0.466 19.18 20.15 02a60044o0094o
60044.293718  20.416  0.792    25   20 o  0   1.67  85.50717  69.37687  3624.14  3720.45 2.36 2.00  34.1 -0.446 19.10 20.13 02a60044o0112o
60048.234952  22.260  7.290     4   33 c  0   0.66  85.50717  69.37687  5736.92  1866.42 2.43 2.19  42.3 -0.403 18.53 19.61 02a60048o0023c
60048.237973   0.000 20.576    -0   21 c  0   1.09  85.50717  69.37687  5715.31  1826.03 2.34 2.20  46.6 -0.411 18.93 20.11 02a60048o0029c
60048.243224  20.911  0.962    16   15 c  0   1.26  85.50717  69.37687  5774.74  1902.68 2.42 2.22  44.1 -0.407 19.20 20.56 02a60048o0040c
60048.253377  20.856  1.112    16   18 c  0   0.89  85.50717  69.37687  5797.61  1784.19 2.42 2.27  53.9 -0.407 19.24 20.73 02a60048o0061c
60050.265596  20.502  0.820    23   19 c  0   1.86  85.50717  69.37687  8451.78  7829.02 2.74 2.41  32.2 -0.415 19.27 20.74 02a60050o0070c
60050.268643 -23.592 14.429    -1   19 c  0   1.67  85.50717  69.37687  8428.20  7784.87 2.80 2.40  30.7 -0.405 19.24 20.73 02a60050o0076c
60050.278564 -21.155  1.609   -12   20 c  0   1.34  85.50717  69.37687  8483.01  7867.96 2.73 2.50  28.0 -0.410 19.24 20.70 02a60050o0096c
60050.283907  21.167  1.769    12   22 c  0   1.01  85.50717  69.37687  8501.92  7753.17 2.68 2.45  27.6 -0.416 19.21 20.69 02a60050o0107c
60052.235211 -21.452  3.350   -10   32 c  0   1.06  85.50717  69.37687  9625.93  3780.13 2.52 2.30  23.0 -0.395 18.65 19.75 02a60052o0018c
60052.238138 -20.245  0.793   -29   23 c  0   1.27  85.50717  69.37687  9606.23  3736.66 2.38 2.34 -24.4 -0.397 18.95 20.11 02a60052o0024c
60052.244858  21.159  1.605    12   20 c  0   1.38  85.50717  69.37687  9666.57  3821.21 2.45 2.35  18.5 -0.396 19.09 20.43 02a60052o0038c
60052.255131 -19.901  0.622   -40   25 c  0   0.90  85.50717  69.37687  9688.72  3704.10 2.45 2.33 -60.0 -0.410 19.18 20.52 02a60052o0059c
60056.235609 -20.138  1.077   -32   34 c  0   1.09  85.50717  69.37687  5587.48  3704.16 2.73 2.29  35.1 -0.384 18.28 19.17 02a60056o0021c
60056.238807 -19.827  0.624   -43   27 c  0   1.08  85.50717  69.37687  5567.91  3661.45 2.86 2.35  36.1 -0.388 18.73 19.78 02a60056o0028c
60056.245486  20.859  1.061    16   18 c  0   1.17  85.50717  69.37687  5625.78  3737.55 2.56 2.33  34.8 -0.397 19.11 20.43 02a60056o0042c
60056.264612 -19.631  0.384   -51   20 c  0   1.08  85.50717  69.37687  5648.73  3619.60 2.60 2.43  38.7 -0.398 19.12 20.53 02a60056o0082c
60082.243706  20.801  2.009    17   35 o  0   1.13  85.50717  69.37687  7038.22  7337.13 2.48 2.06  31.8 -0.432 18.44 18.77 02a60082o0015o
60082.246604  19.870  0.631    41   26 o  0   1.28  85.50717  69.37687  7019.90  7294.56 2.36 2.06  32.5 -0.433 18.69 19.18 02a60082o0021o
60082.252228 -20.197  0.824   -30   25 o  0   1.50  85.50717  69.37687  7074.16  7374.37 2.19 2.11  38.9 -0.447 18.98 19.68 02a60082o0033o
