MJD          m      dm   uJy   duJy F err chi/N     RA       Dec        x        y     maj  min   phi  apfit mag5sig Sky   Obs
59484.501579  20.829  1.058    17   18 o  0   1.08  20.78262  -3.18700  3454.41  7014.83 3.10 2.66 -42.7 -0.476 19.06 20.26 01a59484o0362o
59484.504868  20.527  0.786    22   18 o  0   1.07  20.78262  -3.18700  3474.95  7051.14 3.00 2.64 -43.3 -0.478 19.11 20.24 01a59484o0369o
59484.538837  21.610  2.095     8   17 o  0   0.89  20.78262  -3.18700  3422.42  6969.54 3.01 2.80 -58.2 -0.453 19.08 20.29 01a59484o0439o
59484.543946  21.778  2.000     7   14 o  0   1.59  20.78262  -3.18700  3405.68  7084.97 2.82 2.47 -46.2 -0.496 19.17 20.27 01a59484o0450o
59485.442859 -21.110  0.827   -13   11 o  0   1.67  20.78262  -3.18700  7040.84  1448.64 2.09 1.98  25.3 -0.433 19.48 20.59 02a59485o0533o
59485.444687 -21.749  1.588    -7   12 o  0   0.96  20.78262  -3.18700  7060.37  1488.12 2.13 2.03  30.4 -0.423 19.41 20.59 02a59485o0537o
59485.447448  21.029  0.722    14   10 o  0   1.34  20.78262  -3.18700  7002.84  1409.58 2.03 1.93  29.4 -0.437 19.47 20.61 02a59485o0543o
59485.469111  20.524  0.554    22   12 o  0   1.32  20.78262  -3.18700  3591.07  9027.62 2.48 2.24  42.8 -0.398 19.38 20.61 02a59485o0589o
59486.427935  20.454  0.430    24   10 o  0   1.64  20.78262  -3.18700  7045.05  1449.92 2.00 1.95  23.6 -0.440 19.50 20.57 02a59486o0500o
59486.429765  20.417  0.518    25   13 o  0   0.86  20.78262  -3.18700  7064.40  1489.22 1.99 1.93  23.3 -0.439 19.45 20.58 02a59486o0504o
59486.435265  20.740  0.617    18   11 o  0   1.22  20.78262  -3.18700  7007.59  1410.81 2.20 2.18   3.8 -0.428 19.36 20.55 02a59486o0516o
59486.440299  21.258  1.064    11   12 o  0   0.83  20.78262  -3.18700  6987.54  1529.45 2.09 2.02  21.6 -0.425 19.44 20.55 02a59486o0527o
59488.490341  20.400  0.595    25   15 o  0   1.05  20.78262  -3.18700  2482.99  1220.11 3.19 3.06 -34.8 -0.458 19.17 20.76 01a59488o0611o
59488.497305  19.512  0.254    57   14 o  0   1.22  20.78262  -3.18700  2502.36  1256.96 3.11 3.00 -36.5 -0.455 19.21 20.71 01a59488o0626o
59488.531054  20.124  0.469    32   15 o  0   0.82  20.78262  -3.18700  2447.70  1172.62 2.67 2.57 -67.9 -0.520 19.34 20.74 01a59488o0698o
59488.534780  19.775  0.335    45   15 o  0   1.02  20.78262  -3.18700  2430.52  1289.48 2.81 2.69 -64.7 -0.488 19.29 20.71 01a59488o0706o
59490.488361  19.202  0.169    76   13 o  0   1.08  20.78262  -3.18700  5231.91  5618.84 2.47 1.89  43.6 -0.426 19.50 20.65 02a59490o0637o
59490.492049  20.004  0.357    36   13 o  0   1.20  20.78262  -3.18700  5212.74  5578.99 2.53 1.94  44.1 -0.420 19.45 20.58 02a59490o0645o
59490.527518  19.569  0.207    54   11 o  0   1.35  20.78262  -3.18700  5268.23  5659.48 2.41 1.96  44.0 -0.427 19.47 20.56 02a59490o0720o
59490.534065  19.559  0.239    54   13 o  0   1.07  20.78262  -3.18700  5291.71  5543.45 2.49 1.98  44.3 -0.458 19.43 20.51 02a59490o0734o
59492.419577  20.262  0.733    28   21 o  0   0.96  20.78262  -3.18700  8036.30  9370.29 3.00 2.95 -63.9 -0.442 19.00 20.51 01a59492o0487o
59492.421423  19.327  0.269    68   18 o  0   0.84  20.78262  -3.18700  8015.31  9330.40 2.89 2.84 -40.5 -0.450 19.15 20.69 01a59492o0491o
59492.424647  18.886  0.157   101   16 o  0   0.84  20.78262  -3.18700  8077.54  9409.02 2.87 2.84  66.2 -0.455 19.23 20.73 01a59492o0498o
59492.429777  20.877  2.370    16   38 o  0   1.67  20.78262  -3.18700  8095.14  9291.65 3.00 2.94  86.1 -0.445 18.05 19.42 01a59492o0509o
59493.422800  19.438  0.196    61   12 o  0   0.93  20.78262  -3.18700  5348.13  4939.54 2.40 1.79  34.1 -0.430 19.58 20.70 02a59493o0500o
59493.428337  19.305  0.175    69   12 o  0   1.42  20.78262  -3.18700  5365.86  4978.20 2.41 1.79  33.6 -0.433 19.58 20.70 02a59493o0512o
59493.431554  19.165  0.158    78   12 o  0   1.33  20.78262  -3.18700  5308.75  4899.76 2.47 1.79  34.2 -0.435 19.59 20.72 02a59493o0519o
59493.466578  19.041  0.132    88   12 o  0   1.49  20.78262  -3.18700  5290.81  5538.75 2.53 1.88  43.1 -0.431 19.49 20.68 02a59493o0593o
59494.422528  18.736  0.110   116   13 o  0   1.34  20.78262  -3.18700  5349.32  4942.84 2.83 2.47  34.3 -0.409 19.31 20.77 02a59494o0397o
59494.426223  19.019  0.160    90   14 o  0   1.02  20.78262  -3.18700  5368.87  4981.75 2.87 2.55  31.2 -0.396 19.24 20.76 02a59494o0405o
59494.447369  19.023  0.122    89   11 o  0   1.77  20.78262  -3.18700  5271.07  5653.04 2.95 2.53  39.3 -0.401 19.29 20.80 02a59494o0450o
59494.465466  18.647  0.107   126   14 o  0   1.23  20.78262  -3.18700  5287.48  5535.43 2.99 2.65  38.5 -0.414 19.27 20.81 02a59494o0488o
59496.412896  18.720  0.137   118   16 o  0   1.05  20.78262  -3.18700  9992.42  9246.26 3.12 3.05  -5.0 -0.385 19.19 20.57 01a59496o0476o
59496.414739  18.430  0.101   154   16 o  0   1.04  20.78262  -3.18700  9972.79  9207.39 3.06 2.99  64.5 -0.391 19.26 20.57 01a59496o0480o
59496.419349  18.584  0.119   134   16 o  0   1.10  20.78262  -3.18700 10035.67  9286.84 3.17 3.10  68.0 -0.379 19.19 20.59 01a59496o0490o
59496.424422  18.554  0.106   138   15 o  0   1.31  20.78262  -3.18700 10052.56  9168.16 3.09 3.04  63.5 -0.388 19.20 20.58 01a59496o0501o
59498.459068  18.498  0.084   145   12 o  0   0.94  20.78262  -3.18700  5324.87  7552.64 2.54 1.95  41.9 -0.430 19.55 20.82 02a59498o0394o
59498.462289  18.516  0.080   142   11 o  0   1.08  20.78262  -3.18700  5305.88  7514.10 2.54 1.96  43.5 -0.425 19.54 20.78 02a59498o0401o
59498.469198  18.373  0.074   162   12 o  0   1.30  20.78262  -3.18700  5365.84  7592.06 2.65 2.03  44.2 -0.416 19.50 20.79 02a59498o0416o
59498.503823  18.584  0.109   134   15 o  0   0.86  20.78262  -3.18700  5381.31  7480.04 2.57 2.01  43.5 -0.454 19.50 20.67 02a59498o0489o
59500.372733  18.222  0.092   187   17 o  0   1.04  20.78262  -3.18700  9956.59  9263.09 3.18 3.04 -45.1 -0.388 19.16 20.57 01a59500o0133o
59500.375963  18.227  0.083   186   15 o  0   1.55  20.78262  -3.18700  9936.33  9223.38 3.27 3.08 -27.1 -0.379 19.12 20.56 01a59500o0140o
59500.378720  18.579  0.129   134   17 o  0   1.04  20.78262  -3.18700  9996.56  9298.71 3.13 2.96 -60.2 -0.389 19.20 20.58 01a59500o0146o
59500.383796  18.439  0.103   153   16 o  0   1.09  20.78262  -3.18700 10014.66  9180.92 3.26 3.11 -62.5 -0.374 19.16 20.59 01a59500o0157o
59501.380249  18.161  0.077   197   15 o  0   0.96  20.78262  -3.18700  5252.42  2999.48 2.27 1.78  33.3 -0.452 19.35 20.17 02a59501o0412o
59501.383454  18.387  0.101   160   16 o  0   0.94  20.78262  -3.18700  5273.90  3037.32 2.38 1.81  36.0 -0.449 19.35 20.18 02a59501o0419o
59501.408912  18.402  0.094   158   15 o  0   1.18  20.78262  -3.18700  5218.53  2961.58 2.29 1.77  35.1 -0.450 19.42 20.25 02a59501o0473o
59501.412587  18.386  0.091   161   15 o  0   1.22  20.78262  -3.18700  5199.79  3075.97 2.32 1.78  34.5 -0.447 19.38 20.28 02a59501o0481o
59503.297480  18.405  0.169   158   27 o  0   1.10  20.78262  -3.18700  9975.67  9292.10 3.07 2.87  50.3 -0.421 18.64 19.39 01a59503o0205o
59503.302556  18.289  0.168   176   30 o  0   0.89  20.78262  -3.18700  9950.87  9249.69 3.12 2.79 -69.5 -0.414 18.63 19.41 01a59503o0216o
59503.309117  18.216  0.150   188   28 o  0   1.09  20.78262  -3.18700 10014.38  9326.49 3.09 2.89  63.6 -0.386 18.65 19.44 01a59503o0230o
59503.319387  18.398  0.182   159   29 o  0   1.11  20.78262  -3.18700 10033.44  9206.52 3.03 2.87  64.7 -0.390 18.62 19.51 01a59503o0252o
59510.413033  17.961  0.086   238   20 o  0   1.57  20.78262  -3.18700  5139.76  3686.08 2.36 2.04  41.4 -0.435 18.90 19.41 02a59510o0499o
59510.416243  17.901  0.067   251   17 o  0   1.52  20.78262  -3.18700  5121.16  3647.84 2.39 2.06  39.8 -0.433 18.80 19.41 02a59510o0506o
59510.423180  18.189  0.112   192   22 o  0   0.91  20.78262  -3.18700  5179.23  3725.39 2.31 2.01  40.4 -0.435 18.91 19.40 02a59510o0521o
59510.436552  18.009  0.091   227   21 o  0   0.96  20.78262  -3.18700  5201.33  3611.20 2.37 1.98  43.3 -0.431 18.89 19.42 02a59510o0550o
59512.422730  18.382  0.126   161   20 o  0   1.04  20.78262  -3.18700  9915.05  9045.35 4.07 3.47  -4.4 -0.296 18.84 20.21 01a59512o0521o
59512.428284  18.014  0.085   226   19 o  0   1.06  20.78262  -3.18700  9937.55  9082.80 3.32 3.16   7.9 -0.362 19.00 20.22 01a59512o0533o
59512.431967  17.926  0.077   245   19 o  0   0.99  20.78262  -3.18700  9876.92  9005.59 3.26 3.20  17.0 -0.361 19.00 20.21 01a59512o0541o
59512.444096  17.936  0.078   243   19 o  0   1.26  20.78262  -3.18700  9862.38  9125.27 3.20 3.18  77.8 -0.376 19.01 20.19 01a59512o0567o
59516.404771  18.105  0.065   208   14 o  0   1.26  20.78262  -3.18700  9915.36  9046.64 2.90 2.82 -82.4 -0.412 19.36 20.91 01a59516o0484o
59516.408012  18.026  0.059   224   13 o  0   1.27  20.78262  -3.18700  9937.03  9085.88 2.92 2.86  84.1 -0.405 19.39 20.98 01a59516o0491o
59516.415705  17.955  0.058   239   14 o  0   1.26  20.78262  -3.18700  9874.63  9007.51 3.02 2.92  66.5 -0.404 19.38 20.99 01a59516o0507o
59516.425857  18.240  0.073   184   14 o  0   1.11  20.78262  -3.18700  9861.85  9126.64 2.95 2.86  58.8 -0.409 19.47 21.07 01a59516o0529o
59518.392643  17.965  0.051   237   12 c  0   1.04  20.78262  -3.18700  6007.65  9502.99 2.62 2.43  46.4 -0.408 19.74 21.61 02a59518o0452c
59518.395859  17.892  0.044   253   11 c  0   1.17  20.78262  -3.18700  5988.72  9464.32 2.61 2.42  44.8 -0.407 19.76 21.61 02a59518o0459c
59518.402935  17.915  0.042   248   10 c  0   1.90  20.78262  -3.18700  6046.65  9543.11 2.64 2.44  53.4 -0.406 19.70 21.61 02a59518o0474c
59518.416955  17.940  0.054   242   13 c  0   0.96  20.78262  -3.18700  6068.53  9427.09 2.73 2.54  58.8 -0.391 19.72 21.61 02a59518o0504c
59520.403328  18.044  0.060   220   13 o  0   1.32  20.78262  -3.18700  1446.48  5240.63 2.79 2.59 -43.8 -0.492 19.42 21.06 01a59520o0487o
59520.406547  17.906  0.050   250   12 o  0   1.33  20.78262  -3.18700  1467.17  5278.96 2.76 2.57 -46.1 -0.496 19.42 21.05 01a59520o0494o
59520.413536  18.031  0.064   223   14 o  0   1.00  20.78262  -3.18700  1407.59  5202.99 2.78 2.59 -45.2 -0.496 19.39 21.03 01a59520o0509o
59520.426090  17.951  0.056   240   14 o  0   1.07  20.78262  -3.18700  1392.22  5319.99 2.76 2.57 -46.4 -0.495 19.42 21.04 01a59520o0536o
59522.391475  17.982  0.056   233   13 c  0   0.88  20.78262  -3.18700   939.49  5310.66 2.36 2.34  33.0 -0.426 19.55 21.18 02a59522o0461c
59522.397443  17.943  0.051   241   12 c  0   0.82  20.78262  -3.18700   918.94  5268.09 2.43 2.37  39.0 -0.429 19.54 21.22 02a59522o0474c
59522.402492  17.884  0.043   255   11 c  0   1.55  20.78262  -3.18700   980.64  5350.05 2.38 2.35  57.8 -0.429 19.58 21.24 02a59522o0485c
59522.414672  17.910  0.051   249   13 c  0   1.31  20.78262  -3.18700   999.00  5233.01 2.39 2.32  50.3 -0.421 19.44 21.12 02a59522o0511c
59524.334272  18.114  0.076   206   16 o  0   1.05  20.78262  -3.18700  9094.24  5371.27 3.75 3.21  -5.6 -0.389 19.15 20.92 01a59524o0336o
59524.337501  18.060  0.076   217   16 o  0   0.95  20.78262  -3.18700  9073.53  5330.66 3.29 3.16 -25.1 -0.427 19.16 20.88 01a59524o0343o
59524.342600  18.112  0.076   207   16 o  0   1.13  20.78262  -3.18700  9134.32  5406.62 3.60 3.01  -4.0 -0.415 19.19 20.93 01a59524o0354o
59524.362628  18.084  0.068   212   14 o  0   1.11  20.78262  -3.18700  9152.98  5285.09 3.11 3.03 -62.0 -0.441 19.25 20.94 01a59524o0396o
59526.371682  17.992  0.051   231   12 c  0   0.93  20.78262  -3.18700   941.59  5309.83 2.35 2.32  -7.3 -0.428 19.66 21.43 02a59526o0417c
59526.375358  17.967  0.044   236   10 c  0   1.53  20.78262  -3.18700   922.46  5270.81 2.34 2.30  18.7 -0.427 19.68 21.43 02a59526o0425c
59526.381801  17.965  0.044   237   10 c  0   1.36  20.78262  -3.18700   980.22  5349.30 2.37 2.30  34.2 -0.423 19.63 21.40 02a59526o0439c
59526.404699  18.009  0.045   227   10 c  0   1.34  20.78262  -3.18700   997.59  5232.92 2.40 2.35  70.2 -0.420 19.67 21.45 02a59526o0485c
59528.394975  18.262  0.076   180   14 o  0   1.16  20.78262  -3.18700  1585.94  7172.94 2.89 2.62 -41.1 -0.474 19.34 20.80 01a59528o0475o
59528.398201  18.256  0.088   181   16 o  0   0.84  20.78262  -3.18700  1605.87  7212.68 2.86 2.58 -41.6 -0.478 19.31 20.79 01a59528o0482o
59528.404666 -18.508  7.067  -143 1014 o  0   1.23  20.78262  -3.18700  1546.13  7135.86 2.88 2.63 -50.4 -0.454 16.25 17.69 01a59528o0496o
59528.414872  18.431  0.159   154   24 o  0   0.88  20.78262  -3.18700  1530.51  7253.38 3.12 2.88 -50.4 -0.446 17.91 19.44 01a59528o0518o
59530.346883  18.612  0.603   130   79 o  0   0.60  20.78262  -3.18700  1581.96  9199.98 2.46 1.70 -56.0 -0.473 17.35 19.48 02a59530o0367o
59530.350551  17.997  0.228   230   52 o  0   1.32  20.78262  -3.18700  1562.20  9161.27 2.41 1.72 -56.0 -0.512 17.82 19.71 02a59530o0375o
59530.358379  17.987  0.139   232   32 o  0   1.24  20.78262  -3.18700  1620.57  9241.54 2.35 1.80 -48.8 -0.517 18.43 20.21 02a59530o0392o
59530.369219  18.295  0.144   175   25 o  0   1.58  20.78262  -3.18700  1640.14  9124.61 2.33 1.85 -44.2 -0.510 18.59 20.23 02a59530o0415o
59532.276781  17.957  0.106   238   25 o  0   1.40  20.78262  -3.18700  8966.80  3440.51 3.08 2.82 -60.0 -0.469 18.60 19.37 01a59532o0164o
59532.278623  18.194  0.165   192   32 o  0   0.92  20.78262  -3.18700  8946.77  3400.72 3.06 2.83 -48.9 -0.467 18.59 19.37 01a59532o0168o
59532.281389  18.193  0.143   192   27 o  0   1.09  20.78262  -3.18700  9006.03  3477.56 2.94 2.74 -57.4 -0.475 18.63 19.38 01a59532o0174o
59532.286454  18.085  0.131   212   28 o  0   0.90  20.78262  -3.18700  9024.10  3360.89 2.95 2.67 -59.3 -0.486 18.67 19.39 01a59532o0185o
59538.428112  18.498  0.172   145   25 o  0   1.18  20.78262  -3.18700  7161.12  5528.90 2.52 2.04  44.1 -0.424 18.65 18.93 02a59538o0261o
59538.432249  18.077  0.129   213   28 o  0   0.97  20.78262  -3.18700  7142.09  5490.57 2.51 2.06  44.7 -0.413 18.62 18.90 02a59538o0270o
59538.438232  18.246  0.152   183   28 o  0   1.26  20.78262  -3.18700  7199.82  5568.33 2.49 2.01  42.5 -0.456 18.59 18.86 02a59538o0283o
59538.448804  18.306  0.166   173   29 o  0   0.88  20.78262  -3.18700  7220.35  5452.65 2.51 2.08  42.5 -0.415 18.52 18.79 02a59538o0306o
59540.320860  17.319  0.828   429  355 o  0   0.90  20.78262  -3.18700  9752.83  7094.00 3.05 2.97 -47.9 -0.440 16.74 16.99 01a59540o0319o
59540.326407  17.346  1.006   418  421 o  0   1.50  20.78262  -3.18700  9774.41  7132.11 3.12 2.99 -27.7 -0.435 16.36 16.59 01a59540o0331o
59540.330093 -18.943  8.953   -96  861 o  0   0.86  20.78262  -3.18700  9714.65  7055.36 3.06 2.98 -56.9 -0.443 16.10 16.29 01a59540o0339o
59540.341624  18.551  0.826   138  114 o  0   1.73  20.78262  -3.18700  9699.71  7172.61 3.14 3.02 -25.3 -0.412 17.80 18.35 01a59540o0364o
59542.325826  18.398  0.081   159   13 o  0   1.36  20.78262  -3.18700  7168.95  5517.69 2.32 2.04  43.4 -0.428 19.37 20.37 02a59542o0325o
59542.329027  18.065  0.058   216   12 o  0   1.52  20.78262  -3.18700  7149.88  5480.63 2.36 2.12  39.8 -0.429 19.31 20.34 02a59542o0332o
59542.336851  18.183  0.079   194   15 o  0   1.06  20.78262  -3.18700  7206.80  5557.77 2.28 1.98  49.9 -0.437 19.33 20.27 02a59542o0349o
59542.349957  18.101  0.063   209   13 o  0   1.83  20.78262  -3.18700  7230.78  5445.96 2.28 2.00  48.7 -0.428 19.31 20.23 02a59542o0377o
59544.361607  18.172  0.078   196   15 o  0   0.84  20.78262  -3.18700  3245.75  3158.53 3.01 2.76 -43.7 -0.454 19.29 20.89 01a59544o0373o
59544.364847  18.269  0.077   179   14 o  0   1.15  20.78262  -3.18700  3266.79  3196.49 2.94 2.73 -45.1 -0.459 19.32 20.85 01a59544o0380o
59544.370414  18.148  0.068   200   14 o  0   1.25  20.78262  -3.18700  3207.41  3121.51 2.92 2.70 -48.4 -0.463 19.33 20.79 01a59544o0392o
59544.381062  18.208  0.070   189   13 o  0   1.58  20.78262  -3.18700  3191.44  3239.24 2.91 2.65 -47.8 -0.467 19.31 20.69 01a59544o0415o
59546.362837  18.188  0.067   193   13 o  0   1.01  20.78262  -3.18700  8932.77  1542.18 2.19 1.81 -55.7 -0.464 19.61 20.96 02a59546o0404o
59546.366044  18.181  0.058   194   11 o  0   1.50  20.78262  -3.18700  8914.77  1503.21 2.18 1.79 -54.9 -0.463 19.65 20.99 02a59546o0411o
59546.374306  18.172  0.056   196   11 o  0   1.72  20.78262  -3.18700  8971.65  1581.48 2.14 1.79 -55.1 -0.462 19.67 21.00 02a59546o0429o
59546.384611  18.041  0.070   221   15 o  0   0.72  20.78262  -3.18700  8994.20  1467.65 2.15 1.77 -54.1 -0.468 19.63 20.94 02a59546o0451o
59564.284725  21.874 10.276     6   66 o  0   2.20  20.78262  -3.18700  7622.31  5290.16 2.95 2.63 -55.3 -0.502 17.90 18.28 01a59564o0198o
59564.287954  19.396  1.332    63   84 o  0   1.26  20.78262  -3.18700  7645.27  5329.49 3.00 2.70 -55.1 -0.495 17.83 18.09 01a59564o0205o
59564.294406  18.199  0.597   191  114 o  0   1.09  20.78262  -3.18700  7589.31  5254.08 2.99 2.71 -61.0 -0.499 17.03 17.19 01a59564o0219o
59564.305490  18.684  0.495   122   60 o  0   1.34  20.78262  -3.18700  7578.34  5370.97 2.84 2.57 -62.8 -0.510 18.03 18.42 01a59564o0243o
59581.812343  18.859  0.137   104   14 o  0   1.21  20.78262  -3.18700  1744.72  2124.46 3.33 2.29  82.4 -0.415 19.29 21.08 03a59582o0065o
59581.815671  18.909  0.165    99   16 o  0   0.95  20.78262  -3.18700  1764.05  2169.81 3.32 2.36  83.8 -0.401 19.26 21.07 03a59582o0072o
59581.821047  18.672  0.124   123   15 o  0   0.91  20.78262  -3.18700  1710.08  2101.73 3.25 2.28  83.1 -0.408 19.29 21.05 03a59582o0083o
59581.831231  18.872  0.150   103   15 o  0   1.38  20.78262  -3.18700  1694.90  2241.43 3.60 2.66  82.9 -0.373 19.14 21.00 03a59582o0104o
59582.802346  17.348  1.125   418  470 o  0   0.89  20.78262  -3.18700  1424.99  8421.46 2.79 2.34  87.8 -0.396 16.33 17.86 03a59583o0045o
59582.808005  18.766  0.171   113   19 o  0   0.90  20.78262  -3.18700  1372.05  8352.03 2.88 2.36  82.4 -0.400 19.01 20.67 03a59583o0057o
59582.817902  23.859 65.000     1   68 o  0   1.22  20.78262  -3.18700  1356.20  8486.89 2.80 2.28  86.1 -0.408 17.26 18.89 03a59583o0078o
59584.257661  18.722  0.127   118   15 o  0   1.03  20.78262  -3.18700  5285.96  4952.87 2.93 2.87 -64.9 -0.447 19.29 20.80 01a59584o0106o
59584.260439  19.381  0.211    64   14 o  0   1.32  20.78262  -3.18700  5307.99  4992.02 3.05 2.98 -67.8 -0.438 19.22 20.80 01a59584o0112o
59584.267358  18.634  0.110   128   14 o  0   0.73  20.78262  -3.18700  5251.31  4916.56 2.98 2.90 -87.3 -0.447 19.24 20.79 01a59584o0127o
59584.284001  19.290  0.210    70   15 o  0   0.72  20.78262  -3.18700  5245.30  5035.67 2.96 2.83 -61.2 -0.452 19.24 20.73 01a59584o0163o
59586.252188  18.891  0.132   101   13 o  0   1.09  20.78262  -3.18700  7131.97  3639.80 2.12 1.86  45.7 -0.439 19.42 20.48 02a59586o0095o
59586.257265  18.941  0.132    96   13 o  0   1.03  20.78262  -3.18700  7073.68  3563.97 2.17 1.90  45.9 -0.439 19.37 20.48 02a59586o0106o
59586.260477  18.868  0.121   103   12 o  0   1.02  20.78262  -3.18700  7131.02  3642.41 2.06 1.87  50.0 -0.440 19.41 20.49 02a59586o0113o
59586.270590  19.211  0.145    75   11 o  0   1.55  20.78262  -3.18700  7150.40  3527.52 2.04 1.89  54.7 -0.440 19.40 20.49 02a59586o0135o
59590.243759  19.082  0.286    85   24 o  0   1.04  20.78262  -3.18700  7081.94  3601.04 2.03 1.93  51.2 -0.439 18.70 19.21 02a59590o0087o
59590.247000  19.205  0.320    76   24 o  0   0.99  20.78262  -3.18700  7063.13  3562.49 2.01 1.91  57.6 -0.438 18.70 19.19 02a59590o0094o
59590.253994  18.258  0.439   181   79 o  0   1.37  20.78262  -3.18700  7123.80  3643.93 2.05 1.95  55.2 -0.443 17.19 17.09 02a59590o0109o
59590.266509  18.047  0.853   219  187 o  0   1.51  20.78262  -3.18700  7143.40  3525.75 2.06 1.96  65.8 -0.474 16.24 15.95 02a59590o0136o
59590.859617  18.631  0.304   128   39 o  0   1.26  20.78262  -3.18700  3610.19   437.36 3.86 2.95 -88.3 -0.346 18.26 19.15 03a59591o0045o
59592.278876  18.830  0.227   107   24 o  0   0.87  20.78262  -3.18700  5176.67  3027.58 2.90 2.76 -59.3 -0.462 18.61 19.37 01a59592o0174o
59592.282584  19.695  0.539    48   26 o  0   1.02  20.78262  -3.18700  5199.12  3067.37 2.84 2.75 -62.1 -0.470 18.61 19.36 01a59592o0182o
59592.287701  19.147  0.317    80   25 o  0   1.09  20.78262  -3.18700  5142.46  2992.31 2.91 2.77 -69.3 -0.453 18.59 19.33 01a59592o0193o
59592.301087  19.392  0.377    64   24 o  0   1.38  20.78262  -3.18700  5130.26  3112.41 2.82 2.63 -51.6 -0.472 18.55 19.22 01a59592o0222o
59596.236702  19.217  0.321    75   24 o  0   0.98  20.78262  -3.18700  5154.96  3025.16 2.68 2.62  77.4 -0.478 18.68 19.26 01a59596o0098o
59596.240385  19.669  0.504    49   25 o  0   0.94  20.78262  -3.18700  5178.08  3064.08 2.83 2.64  40.0 -0.446 18.67 19.27 01a59596o0106o
59596.246402  19.872  0.567    41   23 o  0   1.25  20.78262  -3.18700  5121.03  2987.91 2.63 2.58 -79.0 -0.490 18.65 19.25 01a59596o0119o
59596.258427  18.835  0.234   106   25 o  0   1.60  20.78262  -3.18700  5111.37  3106.71 2.85 2.65 -52.4 -0.472 18.56 19.22 01a59596o0145o
59598.800663  18.697  0.191   121   23 o  0   0.81  20.78262  -3.18700  2733.82  6480.45 2.61 2.42  70.3 -0.420 18.81 19.92 03a59599o0057o
59598.804072  19.320  0.345    68   23 o  0   0.92  20.78262  -3.18700  2752.10  6528.59 2.72 2.31  80.9 -0.408 18.79 19.81 03a59599o0063o
59598.810610  19.150  0.271    80   22 o  0   1.45  20.78262  -3.18700  2702.62  6475.04 2.65 2.39  76.9 -0.416 18.72 19.63 03a59599o0077o
59600.269169  19.255  0.222    72   16 o  0   1.04  20.78262  -3.18700  5459.25  6894.59 3.12 2.89 -53.6 -0.446 19.17 20.67 01a59600o0165o
59600.272410  18.966  0.163    94   15 o  0   1.24  20.78262  -3.18700  5480.32  6934.49 3.05 2.88 -59.6 -0.451 19.12 20.64 01a59600o0172o
59600.277977  19.657  0.353    50   18 o  0   0.94  20.78262  -3.18700  5423.05  6859.15 3.20 2.96 -55.8 -0.436 19.04 20.47 01a59600o0184o
59600.291840  18.692  0.198   121   24 o  0   1.01  20.78262  -3.18700  5408.21  6979.10 3.18 3.01 -52.4 -0.436 18.77 19.86 01a59600o0214o
59604.216347  19.160  0.218    79   17 o  0   1.58  20.78262  -3.18700  5431.47  6892.77 2.69 2.59 -62.9 -0.477 18.95 19.93 01a59604o0049o
59604.220045  19.157  0.211    79   17 o  0   1.35  20.78262  -3.18700  5454.10  6931.44 2.66 2.61  87.4 -0.473 19.16 20.26 01a59604o0057o
59604.225600  19.171  0.174    78   14 o  0   1.49  20.78262  -3.18700  5398.13  6855.76 2.71 2.66  63.4 -0.463 19.19 20.43 01a59604o0069o
59604.239018  19.571  0.265    54   14 o  0   1.12  20.78262  -3.18700  5387.97  6974.10 2.71 2.63 -67.5 -0.472 19.17 20.40 01a59604o0098o
59736.591985  19.758  0.380    45   17 c  0   1.07  20.78262  -3.18700  8967.55  1367.51 2.66 2.45 -25.7 -0.406 19.09 20.44 02a59736o0762c
59736.596141 -20.059  0.470   -34   16 c  0   1.14  20.78262  -3.18700  8987.66  1407.06 2.58 2.47 -29.4 -0.411 19.06 20.43 02a59736o0771c
59736.603956  20.456  0.735    24   18 c  0   1.34  20.78262  -3.18700  8931.27  1329.19 2.55 2.41 -32.6 -0.412 19.02 20.24 02a59736o0788c
59737.159243 -22.444  4.148    -4   16 o  0   0.86  20.78262  -3.18700  2779.27  1309.59 2.41 2.18 -16.6 -0.403 19.12 20.17 03a59737o0979o
59737.178231 -20.105  0.957   -33   32 o  0   0.83  20.78262  -3.18700  2760.50  1268.64 2.28 2.13 -41.3 -0.410 18.51 18.80 03a59737o1015o
59737.183578  19.982  1.454    37   54 o  0   0.97  20.78262  -3.18700  2817.49  1347.79 2.29 2.16 -45.2 -0.415 17.81 17.57 03a59737o1026o
59742.573223  19.423  0.650    62   40 o  0   0.83  20.78262  -3.18700   788.77  3464.98 3.38 3.07 -40.6 -0.464 18.34 19.13 01a59742o0722o
59742.576913 -20.359  1.253   -26   33 o  0   1.05  20.78262  -3.18700   769.24  3426.18 3.40 3.24 -57.3 -0.451 18.46 19.30 01a59742o0730o
59742.595399  19.613  0.325    52   17 o  0   1.31  20.78262  -3.18700   830.62  3502.30 2.89 2.75 -22.5 -0.484 18.99 20.18 01a59742o0770o
59742.606443  21.281  2.000    11   22 o  0   1.01  20.78262  -3.18700   850.35  3386.98 2.98 2.81 -29.0 -0.482 18.76 19.79 01a59742o0794o
59744.588017 -20.245  1.746   -29   51 o  0   0.99  20.78262  -3.18700  3391.90  5052.91 3.52 2.49  11.9 -0.377 17.80 18.23 02a59744o0748o
59744.592161 -20.032  1.477   -35   52 o  0   0.80  20.78262  -3.18700  3411.33  5091.58 3.60 2.52  12.9 -0.377 17.82 18.29 02a59744o0757o
59744.602308 -20.370  1.819   -26   47 o  0   0.96  20.78262  -3.18700  3354.61  5014.67 3.38 2.58  17.4 -0.459 17.94 18.40 02a59744o0779o
59744.612437  20.244  1.756    29   51 o  0   1.39  20.78262  -3.18700  3332.14  5128.85 3.31 2.52  16.6 -0.424 17.73 18.06 02a59744o0801o
59768.592652 -21.652  1.298    -8   10 c  0   1.10  20.78262  -3.18700  1351.14  3197.24 2.41 2.32  42.6 -0.418 19.55 21.17 02a59768o0739c
59768.598075  21.206  1.024    12   12 c  0   0.59  20.78262  -3.18700  1368.55  3234.88 2.39 2.36  57.3 -0.424 19.54 21.16 02a59768o0751c
59768.611264 -20.095  0.455   -33   15 c  0   1.50  20.78262  -3.18700  1310.97  3156.57 2.38 2.36  30.2 -0.421 19.11 20.48 02a59768o0780c
59768.616749  20.968  1.985    15   30 c  0   0.89  20.78262  -3.18700  1294.12  3271.37 2.41 2.36  29.2 -0.419 18.38 19.40 02a59768o0792c
59769.156912  20.207  0.534    30   16 o  0   1.00  20.78262  -3.18700  5123.70  3639.67 3.60 2.47   1.9 -0.399 19.13 20.73 03a59769o0861o
59769.162127  21.225  1.412    12   17 o  0   1.05  20.78262  -3.18700  5105.55  3601.27 3.65 2.47   0.4 -0.406 19.14 20.80 03a59769o0872o
59769.181179  20.678  1.056    20   20 o  0   0.99  20.78262  -3.18700  5161.21  3682.74 3.29 2.56   0.5 -0.409 18.88 20.06 03a59769o0908o
59769.189793  23.434 28.143     2   43 o  0   1.15  20.78262  -3.18700  5180.03  3569.40 3.39 2.49   0.0 -0.425 18.10 18.48 03a59769o0926o
59772.590843  21.069  1.470    14   20 o  0   0.96  20.78262  -3.18700  7772.51  7276.76 2.35 1.93  29.9 -0.429 19.09 19.65 02a59772o0750o
59772.596266  20.493  0.814    23   19 o  0   1.01  20.78262  -3.18700  7789.06  7315.66 2.44 1.97  29.1 -0.421 19.11 19.76 02a59772o0762o
59772.609891  20.406  0.523    25   13 o  0   1.53  20.78262  -3.18700  7733.04  7237.78 2.31 1.93  29.7 -0.435 19.40 20.21 02a59772o0792o
59772.616243  20.879  1.029    16   17 o  0   0.99  20.78262  -3.18700  7713.77  7354.51 2.35 1.95  28.2 -0.426 19.28 19.93 02a59772o0806o
59773.103217 -21.202  2.132   -12   26 o  0   1.22  20.78262  -3.18700  5142.12  3638.72 2.49 2.42   1.5 -0.451 18.63 19.11 03a59773o0782o
59773.106379  24.210 30.600     1   23 o  0   1.39  20.78262  -3.18700  5123.53  3600.07 2.43 2.36  -5.5 -0.450 18.65 19.13 03a59773o0789o
59773.111624  21.515  3.189     9   29 o  0   0.92  20.78262  -3.18700  5182.43  3677.26 2.81 2.33   1.3 -0.441 18.60 19.15 03a59773o0800o
59773.122501  21.112  2.321    13   30 o  0   1.20  20.78262  -3.18700  5201.30  3564.29 3.81 2.46   1.3 -0.399 18.45 19.18 03a59773o0824o
59774.557408  19.682  0.635    49   31 o  0   1.12  20.78262  -3.18700  2599.86  1400.59 3.07 2.92   2.4 -0.457 18.46 19.19 01a59774o0682o
59774.562525  20.735  1.333    18   25 o  0   1.26  20.78262  -3.18700  2582.45  1361.52 2.85 2.76 -10.7 -0.490 18.55 19.22 01a59774o0692o
59774.566172  19.355  0.456    66   30 o  0   1.02  20.78262  -3.18700  2640.77  1437.38 2.95 2.85  -7.7 -0.473 18.48 19.24 01a59774o0700o
59774.578941  22.105  4.708     5   25 o  0   1.34  20.78262  -3.18700  2658.45  1318.47 2.99 2.96 -73.2 -0.472 18.54 19.33 01a59774o0728o
59776.054965  22.420  6.538     4   26 o  0   1.11  20.78262  -3.18700  5895.77  9450.53 2.55 2.27 -37.2 -0.408 18.61 18.88 03a59776o0768o
59776.057827  20.176  0.874    31   27 o  0   1.30  20.78262  -3.18700  5877.16  9410.08 2.59 2.27 -37.7 -0.392 18.57 18.89 03a59776o0774o
59776.063435  20.053  1.152    35   40 o  0   1.63  20.78262  -3.18700  5933.10  9489.30 2.62 2.18 -32.5 -0.391 18.12 18.35 03a59776o0786o
59776.086985  19.645  0.510    50   26 o  0   0.85  20.78262  -3.18700  5951.47  9374.82 2.41 2.15 -37.2 -0.412 18.74 19.01 03a59776o0835o
59777.063269  19.338  0.606    67   40 o  0   0.95  20.78262  -3.18700  5891.96  9450.02 2.89 2.65 -43.1 -0.382 18.17 18.44 03a59777o0815o
59777.065978  19.318  0.581    68   40 o  0   1.12  20.78262  -3.18700  5873.51  9410.71 2.82 2.50 -37.0 -0.388 18.24 18.43 03a59777o0821o
59777.075494  19.912  0.972    39   38 o  0   1.22  20.78262  -3.18700  5932.43  9489.19 3.25 2.66 -14.3 -0.369 18.16 18.49 03a59777o0841o
59777.085470  19.358  0.629    66   41 o  0   1.00  20.78262  -3.18700  5950.92  9373.13 3.11 2.61 -14.5 -0.374 18.20 18.52 03a59777o0863o
59781.148474  22.945  6.611     2   16 o  0   0.93  20.78262  -3.18700  5880.91  9465.04 2.33 2.27 -30.7 -0.436 19.21 19.99 03a59781o0876o
59781.152596  21.305  1.714    11   19 o  0   0.79  20.78262  -3.18700  5860.23  9426.20 2.31 2.25 -42.7 -0.425 19.16 19.97 03a59781o0884o
59781.169832  20.268  0.606    28   17 o  0   1.17  20.78262  -3.18700  5909.97  9509.56 2.30 2.15 -45.4 -0.435 19.23 19.95 03a59781o0919o
59781.192044  19.668  0.937    49   46 o  0   1.30  20.78262  -3.18700  4513.56  1116.45 2.54 2.44 -11.6 -0.395 17.92 17.65 03a59781o0964o
59783.352243  21.810  1.788     7   12 o  0   1.36  20.78262  -3.18700  8939.23  1559.77 2.45 1.99 -21.4 -0.424 19.40 20.61 04a59783o0856o
59783.357583 -23.102  6.733    -2   14 o  0   0.91  20.78262  -3.18700  8924.06  1521.92 2.52 2.08 -21.9 -0.418 19.39 20.60 04a59783o0867o
59783.367422  20.426  0.475    24   12 o  0   1.18  20.78262  -3.18700  8985.54  1597.06 2.57 2.01 -21.9 -0.413 19.41 20.60 04a59783o0887o
59783.370124  21.123  1.082    13   14 o  0   0.95  20.78262  -3.18700  9007.20  1479.28 2.42 1.98 -23.4 -0.430 19.41 20.61 04a59783o0893o
59784.585363  21.605  1.500     8   12 c  0   0.74  20.78262  -3.18700  7574.56  3404.99 2.54 2.35  27.9 -0.401 19.54 21.10 02a59784o0750c
59784.590788  20.347  0.395    26   10 c  0   1.06  20.78262  -3.18700  7592.71  3442.66 2.57 2.34  28.2 -0.399 19.50 21.09 02a59784o0762c
59784.608505  23.336  6.750     2   11 c  0   1.04  20.78262  -3.18700  7535.23  3365.36 2.54 2.32  29.1 -0.399 19.53 21.08 02a59784o0801c
59784.616666  21.275  0.988    11   11 c  0   1.20  20.78262  -3.18700  7514.86  3482.33 2.55 2.32  32.1 -0.400 19.48 20.88 02a59784o0819c
59785.069405  22.463  2.667     4   10 c  0   0.82  20.78262  -3.18700   933.26  5181.51 2.92 2.28  -3.2 -0.397 19.62 21.64 03a59785o0753c
59785.073046  21.977  1.634     6   10 c  0   0.95  20.78262  -3.18700   913.48  5142.94 2.73 2.24  -2.2 -0.396 19.66 21.66 03a59785o0761c
59785.091842  20.550  0.456    22   10 c  0   0.97  20.78262  -3.18700   968.37  5220.69 3.15 2.22   1.7 -0.394 19.63 21.68 03a59785o0801c
59785.109697 -21.951  1.365    -6    8 c  0   0.97  20.78262  -3.18700   982.46  5108.60 2.31 2.13 -16.4 -0.413 19.78 21.72 03a59785o0834c
59786.583354  21.552  1.396     9   12 o  0   0.94  20.78262  -3.18700  5224.88  5628.01 2.79 2.72   3.3 -0.453 19.37 20.82 01a59786o0754o
59786.587459  20.763  0.682    18   12 o  0   1.54  20.78262  -3.18700  5206.96  5591.63 3.03 2.96 -28.8 -0.436 19.21 20.82 01a59786o0763o
59786.595196  19.745  0.262    46   12 o  0   1.43  20.78262  -3.18700  5265.10  5665.35 3.01 2.93 -28.2 -0.437 19.27 20.83 01a59786o0780o
59786.615287  20.221  0.437    30   13 o  0   1.11  20.78262  -3.18700  5284.85  5546.46 2.91 2.87 -35.7 -0.438 19.24 20.67 01a59786o0823o
59788.589399 -22.105  1.881    -5   10 c  0   1.09  20.78262  -3.18700  3490.70  6975.79 2.34 2.19  15.2 -0.413 19.68 21.29 02a59788o0761c
59788.617793  21.700  1.633     8   12 c  0   0.58  20.78262  -3.18700  3449.78  6934.82 2.39 2.21  18.1 -0.407 19.55 21.06 02a59788o0823c
59788.624637  21.138  1.020    13   13 c  0   1.29  20.78262  -3.18700  3430.94  7050.68 2.43 2.22  21.1 -0.404 19.07 20.24 02a59788o0838c
59791.384982  20.397  0.375    25    9 c  0   1.16  20.78262  -3.18700  5090.60  1762.93 2.23 2.05  -4.1 -0.392 19.61 21.47 04a59791o0844c
59791.390096 -23.143  4.235    -2    8 c  0   1.09  20.78262  -3.18700  5074.60  1722.69 2.26 2.13   6.9 -0.388 19.59 21.50 04a59791o0855c
59791.393856  20.349  0.335    26    9 c  0   1.13  20.78262  -3.18700  5135.59  1799.66 2.30 2.15  -1.0 -0.380 19.62 21.47 04a59791o0863c
59791.405413 -22.879  3.722    -3   10 c  0   1.03  20.78262  -3.18700  5468.09  8930.67 2.61 2.24 -71.5 -0.374 19.57 21.42 04a59791o0888c
59792.541854  22.285  2.656     4   12 c  0   0.95  20.78262  -3.18700  3495.77  6974.94 2.47 2.30  25.6 -0.399 19.54 21.01 02a59792o0605c
59792.565909  20.044  0.296    35   10 c  0   1.54  20.78262  -3.18700  3515.05  7014.97 2.51 2.25  29.6 -0.401 19.56 21.12 02a59792o0655c
59792.569072  20.848  0.661    17   11 c  0   1.06  20.78262  -3.18700  3457.83  6937.44 2.52 2.28  27.1 -0.399 19.55 21.12 02a59792o0662c
59792.597478  22.974  4.647     2   11 c  0   0.88  20.78262  -3.18700  3435.79  7054.04 2.53 2.29  19.0 -0.404 19.59 21.14 02a59792o0722c
59792.630680  20.282  0.979    28   27 c  0   2.31  20.78262  -3.18700  7103.68  3569.70 2.62 2.40  38.6 -0.398 18.23 19.17 02a59792o0794c
59796.584439  21.573  1.387     8   12 c  0   0.65  20.78262  -3.18700  2606.18  1150.71 2.47 2.26 -65.1 -0.442 19.67 21.35 02a59796o0334c
59796.591269  22.645  3.042     3   10 c  0   1.09  20.78262  -3.18700  2624.79  1191.02 2.42 2.23 -68.6 -0.441 19.69 21.34 02a59796o0349c
59796.617665  20.450  0.378    24    9 c  0   1.17  20.78262  -3.18700  2571.58  1113.78 2.42 2.27 -73.0 -0.439 19.63 21.26 02a59796o0406c
59796.619472  21.745  1.423     7   10 c  0   1.04  20.78262  -3.18700  2552.97  1231.56 2.48 2.32 -68.3 -0.436 19.59 21.20 02a59796o0410c
59797.128505  21.985  1.400     6    8 c  0   1.14  20.78262  -3.18700  8983.66  1435.42 2.43 2.21 -21.7 -0.422 19.84 21.81 03a59797o0737c
59797.132405 -21.012  0.631   -14    9 c  0   1.16  20.78262  -3.18700  9000.53  1475.76 2.50 2.28  -5.1 -0.428 19.84 21.76 03a59797o0745c
59797.137743 -22.019  1.368    -6    8 c  0   1.82  20.78262  -3.18700  8941.48  1397.47 2.44 2.23 -17.8 -0.426 19.76 21.66 03a59797o0756c
59797.148362  22.457  2.379     4    9 c  0   0.67  20.78262  -3.18700  8913.45  1516.39 2.40 2.22 -18.8 -0.426 19.81 21.76 03a59797o0778c
59800.513188  19.831  0.561    42   24 o  0   0.79  20.78262  -3.18700  2596.43  1154.88 2.41 2.31  61.7 -0.436 18.75 19.55 02a59800o0591o
59800.516816  21.147  1.620    13   20 o  0   1.05  20.78262  -3.18700  2615.42  1193.41 2.35 2.16  57.9 -0.440 18.80 19.67 02a59800o0599o
59800.539558  24.125 21.143     1   17 o  0   0.90  20.78262  -3.18700  2557.17  1116.70 2.17 2.00  44.9 -0.450 19.18 20.20 02a59800o0647o
59800.549756  20.862  0.720    16   12 o  0   1.67  20.78262  -3.18700  2543.67  1230.96 1.96 1.91 -80.6 -0.469 19.41 20.48 02a59800o0669o
59801.036046  20.145  0.823    32   26 o  0   0.65  20.78262  -3.18700  7116.81  5515.13 2.21 2.13 -20.0 -0.471 18.89 19.40 03a59801o0696o
59801.039708 -19.362  0.678   -65   44 o  0   0.61  20.78262  -3.18700  7099.88  5475.21 2.35 2.22   7.9 -0.477 18.31 18.77 03a59801o0703o
59801.045675 -18.946  0.610   -96   58 o  0   0.99  20.78262  -3.18700  7152.46  5556.40 2.25 2.15 -39.8 -0.467 17.88 17.89 03a59801o0715o
59801.055635 -19.594  5.566   -53  294 o  0   1.43  20.78262  -3.18700  7172.33  5442.39 2.42 2.30  -7.3 -0.449 15.78 16.16 03a59801o0735o
59802.543043  21.986 22.643     6  132 o  0   1.03  20.78262  -3.18700  5101.83  3697.52 3.36 2.92   3.8 -0.428 16.76 16.97 01a59802o0682o
59802.550490  18.452  0.678   151  102 o  0   0.69  20.78262  -3.18700  5081.24  3658.21 3.33 3.06   9.0 -0.419 17.17 17.56 01a59802o0698o
59802.553223  19.460  1.233    60   74 o  0   0.98  20.78262  -3.18700  5141.09  3734.60 4.00 3.14   2.3 -0.372 17.34 17.80 01a59802o0704o
59802.566891 -20.518  4.180   -22   94 o  0   0.91  20.78262  -3.18700  5160.51  3616.65 3.43 2.93   2.7 -0.429 17.15 17.50 01a59802o0734o
59803.253220  20.176  1.444    31   45 o  0   0.87  20.78262  -3.18700  2871.78  3251.07 2.32 2.12  62.2 -0.386 18.04 18.30 04a59803o0653o
59804.522954 -20.516  1.064   -23   24 o  0   1.40  20.78262  -3.18700   640.07  1239.59 2.11 1.82 -65.4 -0.477 18.62 18.78 02a59804o0637o
59804.524763  19.704  0.605    48   29 o  0   0.70  20.78262  -3.18700   660.16  1279.06 2.05 1.82 -69.9 -0.495 18.69 18.81 02a59804o0641o
59804.535794 -20.306  0.978   -27   27 o  0   0.94  20.78262  -3.18700   605.52  1199.78 2.08 1.81 -64.4 -0.483 18.69 18.91 02a59804o0663o
59804.538964 -21.447  2.944   -10   28 o  0   0.93  20.78262  -3.18700   585.73  1317.18 2.15 1.85 -65.0 -0.474 18.70 18.91 02a59804o0670o
59808.543685  20.866  0.959    16   16 o  0   1.56  20.78262  -3.18700   647.93  1237.49 2.02 1.75 -70.2 -0.494 19.03 19.45 02a59808o0608o
59808.569858 -22.825  6.154    -3   17 o  0   1.17  20.78262  -3.18700   663.80  1277.88 2.14 1.79 -65.7 -0.475 19.05 19.51 02a59808o0663o
59808.579641  21.010  1.180    14   17 o  0   0.81  20.78262  -3.18700   605.47  1199.52 2.01 1.72 -68.4 -0.505 19.08 19.53 02a59808o0684o
59808.593571  21.747  2.043     7   15 o  0   1.04  20.78262  -3.18700   586.02  1319.77 1.89 1.69  35.9 -0.454 19.06 19.54 02a59808o0714o
59810.525200  19.643  0.315    50   16 o  0   0.97  20.78262  -3.18700  6075.07  9500.17 3.42 3.06  36.3 -0.391 19.16 20.55 01a59810o0653o
59810.527021  20.940  1.194    15   18 o  0   0.86  20.78262  -3.18700  6055.94  9461.84 3.58 3.12  20.9 -0.379 19.10 20.55 01a59810o0657o
59810.530275  21.252  1.442    12   16 o  0   1.25  20.78262  -3.18700  6116.01  9538.23 3.77 3.25  17.7 -0.364 19.08 20.56 01a59810o0664o
59810.554890  20.073  0.465    34   16 o  0   1.12  20.78262  -3.18700  6135.47  9410.80 3.64 3.25  46.4 -0.386 19.10 20.61 01a59810o0715o
59812.559169  20.408  0.546    25   14 o  0   0.90  20.78262  -3.18700  9539.05  3311.78 2.83 2.77 -13.5 -0.400 19.22 20.82 02a59812o0714o
59812.561965  22.191  2.552     5   12 o  0   1.36  20.78262  -3.18700  9558.97  3350.00 2.64 2.54   0.7 -0.413 19.31 20.83 02a59812o0720o
59812.567404  21.173  0.978    12   12 o  0   1.09  20.78262  -3.18700  9501.03  3271.15 2.39 2.24   2.2 -0.419 19.42 20.84 02a59812o0732o
59812.583996 -20.437  0.473   -24   12 o  0   1.62  20.78262  -3.18700  1110.89  7171.39 2.64 2.25  20.9 -0.414 19.37 20.78 02a59812o0768o
59813.012951  21.945  2.000     6   12 o  0   0.94  20.78262  -3.18700  8959.22  1583.70 2.37 2.04 -51.9 -0.418 19.52 20.92 03a59813o0560o
59813.033950  20.382  0.451    26   12 o  0   0.93  20.78262  -3.18700  8934.88  1548.90 2.16 2.00 -46.0 -0.445 19.58 20.89 03a59813o0606o
59813.055607  20.961  0.722    15   11 o  0   1.03  20.78262  -3.18700  8989.96  1633.39 2.15 2.03 -34.3 -0.439 19.56 20.81 03a59813o0653o
59813.060591  19.910  0.263    40   10 o  0   1.66  20.78262  -3.18700  9010.79  1517.06 2.26 2.04  -5.9 -0.440 19.54 20.81 03a59813o0663o
59814.542854  19.684  0.365    49   18 o  0   0.94  20.78262  -3.18700  6077.23  9491.07 4.34 3.40  10.5 -0.339 18.98 20.72 01a59814o0696o
59814.553664  20.867  0.879    16   14 o  0   1.15  20.78262  -3.18700  6057.67  9449.22 3.56 3.16  33.9 -0.375 19.14 20.70 01a59814o0719o
59814.556344  23.776 12.200     1   14 o  0   1.16  20.78262  -3.18700  6118.39  9524.52 3.38 2.94  41.2 -0.400 19.22 20.74 01a59814o0724o
59814.566036 -20.761  0.735   -18   13 o  0   1.24  20.78262  -3.18700  4370.22  1162.30 3.17 3.02  27.7 -0.412 19.20 20.76 01a59814o0744o
59818.562857  21.092  1.167    13   16 o  0   0.82  20.78262  -3.18700  9593.53  5146.86 3.08 2.82  26.4 -0.430 19.32 20.83 01a59818o0699o
59818.567777  20.151  0.443    32   14 o  0   1.10  20.78262  -3.18700  9615.15  5185.78 3.08 2.80  24.7 -0.430 19.37 20.85 01a59818o0709o
59818.571237  20.605  0.618    21   13 o  0   1.02  20.78262  -3.18700  9555.14  5108.73 3.14 2.81  25.2 -0.427 19.32 20.84 01a59818o0716o
59818.606575 -21.426  1.438   -10   14 o  0   0.98  20.78262  -3.18700  9545.35  5230.84 3.12 2.82  34.3 -0.425 19.30 20.80 01a59818o0792o
59819.361883 -21.647  0.843    -8    7 c  0   1.05  20.78262  -3.18700  3524.31  6977.36 2.15 1.83 -76.6 -0.389 19.70 21.46 04a59819o0709c
59819.365051  21.451  1.087    10   10 c  0   0.58  20.78262  -3.18700  3544.96  7013.66 2.12 1.80 -76.8 -0.387 19.71 21.42 04a59819o0716c
59819.372295  21.684  1.141     8    9 c  0   0.88  20.78262  -3.18700  3489.08  6930.28 2.18 1.86 -79.3 -0.383 19.68 21.44 04a59819o0732c
59819.382233  22.978  3.957     2    9 c  0   0.86  20.78262  -3.18700  3472.54  7039.20 2.22 1.87 -77.1 -0.382 19.66 21.46 04a59819o0754c
59820.510874  20.296  0.459    28   13 c  0   0.89  20.78262  -3.18700  9838.60  9146.04 2.75 2.60  38.2 -0.386 19.58 21.41 02a59820o0627c
59820.534650  20.200  0.364    30   11 c  0   1.17  20.78262  -3.18700  9856.07  9186.48 2.69 2.56  32.7 -0.394 19.59 21.37 02a59820o0677c
59820.536460  21.028  0.788    14   11 c  0   1.04  20.78262  -3.18700  9796.22  9106.94 2.71 2.59  35.7 -0.391 19.58 21.37 02a59820o0681c
59820.539624  22.202  2.400     5   12 c  0   0.88  20.78262  -3.18700  9777.47  9224.98 2.67 2.53  41.9 -0.393 19.60 21.39 02a59820o0688c
59822.513114  22.153  2.667     5   13 o  0   1.16  20.78262  -3.18700   943.38  5398.94 2.77 2.72 -45.2 -0.488 19.25 20.83 01a59822o0635o
59822.515392  21.027  0.939    14   13 o  0   1.10  20.78262  -3.18700   923.79  5358.50 2.65 2.62 -40.8 -0.491 19.32 20.84 01a59822o0640o
59822.522230 -21.328  1.226   -11   13 o  0   1.17  20.78262  -3.18700   983.60  5437.04 2.67 2.63  -2.8 -0.485 19.29 20.84 01a59822o0655o
59822.527741  20.339  0.477    27   13 o  0   1.04  20.78262  -3.18700  1002.91  5319.22 2.70 2.68 -17.0 -0.486 19.29 20.85 01a59822o0667o
59824.512315  21.723  1.457     7   11 c  0   1.03  20.78262  -3.18700  9837.86  9148.41 2.73 2.52  29.7 -0.395 19.63 21.42 02a59824o0634c
59824.516390 -24.105 15.200    -1   13 c  0   0.92  20.78262  -3.18700  9858.70  9188.38 2.79 2.54  29.1 -0.394 19.63 21.42 02a59824o0643c
59824.539700  20.850  0.544    17    9 c  0   1.07  20.78262  -3.18700   780.40  1453.51 2.39 2.26  82.5 -0.452 19.59 21.42 02a59824o0694c
59824.548758  22.752  3.571     3   10 c  0   0.75  20.78262  -3.18700   801.77  1339.32 2.39 2.29  73.0 -0.460 19.57 21.44 02a59824o0714c
59825.056002 -20.904  0.722   -16   11 o  0   1.21  20.78262  -3.18700  1353.01  3089.45 2.63 2.28 -67.2 -0.398 19.49 21.00 03a59825o0260o
59825.063160  22.233  2.294     5   11 o  0   0.87  20.78262  -3.18700  1366.93  3130.51 2.51 2.20 -64.5 -0.409 19.54 21.01 03a59825o0275o
59825.066326  20.755  0.573    18   10 o  0   1.13  20.78262  -3.18700  1308.31  3052.08 2.55 2.22 -64.8 -0.404 19.52 21.03 03a59825o0281o
59825.097385  21.029  0.920    14   13 o  0   0.85  20.78262  -3.18700  1274.89  3172.32 2.39 2.09 -59.5 -0.412 19.56 20.91 03a59825o0348o
59826.490977  21.484  1.600     9   15 o  0   0.85  20.78262  -3.18700  1657.71  9276.44 2.68 2.55 -48.2 -0.490 19.34 20.73 01a59826o0601o
59826.493746  20.882  0.874    16   14 o  0   0.96  20.78262  -3.18700  1638.65  9239.08 2.70 2.57 -60.5 -0.484 19.35 20.76 01a59826o0607o
59826.501030  21.764  1.683     7   12 o  0   1.37  20.78262  -3.18700  1698.95  9316.54 2.72 2.62 -57.3 -0.485 19.30 20.76 01a59826o0623o
59826.528591  22.006  2.179     6   12 o  0   1.29  20.78262  -3.18700  8792.15  1354.49 3.03 2.87 -29.7 -0.445 19.29 20.85 01a59826o0681o
59828.984826  21.400  1.733    10   17 o  0   1.05  20.78262  -3.18700  9109.00  7399.05 2.36 2.00 -52.2 -0.401 19.17 19.89 03a59829o0589o
59828.987079  20.358  0.700    26   18 o  0   0.77  20.78262  -3.18700  9089.81  7360.28 2.34 2.06 -54.1 -0.406 19.16 19.90 03a59829o0594o
59828.994313  23.271  8.733     2   16 o  0   1.08  20.78262  -3.18700  9149.55  7439.34 2.29 2.12 -34.6 -0.396 19.15 19.91 03a59829o0609o
59829.002900  20.467  0.796    24   19 o  0   0.77  20.78262  -3.18700  9167.38  7325.47 2.34 2.10 -45.0 -0.398 19.15 19.93 03a59829o0628o
59830.444154  19.627  0.468    51   24 o  0   1.03  20.78262  -3.18700  1655.80  9285.21 2.92 2.78 -55.7 -0.455 18.66 19.44 01a59830o0463o
59830.445977  19.818  0.624    43   27 o  0   0.82  20.78262  -3.18700  1634.34  9244.40 3.18 3.04 -86.9 -0.448 18.57 19.45 01a59830o0467o
59830.448719  23.155 13.636     2   27 o  0   0.85  20.78262  -3.18700  1695.75  9322.54 2.76 2.67 -69.8 -0.476 18.69 19.47 01a59830o0473o
59830.454190  20.606  1.203    21   25 o  0   0.91  20.78262  -3.18700  1714.65  9204.48 2.73 2.66 -87.8 -0.472 18.71 19.48 01a59830o0485o
59831.199204  20.357  1.444    26   38 o  0   0.87  20.78262  -3.18700  8004.55  9422.08 2.75 2.70  65.2 -0.331 18.25 18.77 04a59831o0516o
59831.201007  19.341  0.452    67   30 o  0   1.61  20.78262  -3.18700  7984.15  9383.07 2.74 2.55 -85.1 -0.333 18.30 18.73 04a59831o0520o
59831.218219  21.090  2.463    13   33 o  0   1.18  20.78262  -3.18700  8043.26  9460.10 2.69 2.53 -82.6 -0.337 18.40 18.82 04a59831o0555o
59831.224995  19.774  0.707    45   32 o  0   1.05  20.78262  -3.18700  8064.22  9342.57 2.55 2.39 -81.1 -0.360 18.41 18.86 04a59831o0570o
59836.581342  20.632  1.173    20   24 o  0   1.11  20.78262  -3.18700  9017.04  3501.38 2.22 2.13  28.1 -0.422 18.78 19.22 02a59836o0584o
59836.584342 -22.024  4.261    -6   24 o  0   1.32  20.78262  -3.18700  8997.63  3463.52 2.27 2.11  23.3 -0.417 18.77 19.16 02a59836o0590o
59836.589752 -22.074  4.159    -5   22 o  0   1.28  20.78262  -3.18700  9055.23  3541.90 2.26 2.12  24.1 -0.414 18.77 19.14 02a59836o0601o
59836.600171 -20.731  1.013   -18   19 o  0   1.84  20.78262  -3.18700  9078.11  3426.67 2.19 2.07  16.5 -0.472 18.77 19.13 02a59836o0622o
59837.023969 -18.901  0.303  -100   30 o  0   0.97  20.78262  -3.18700  7646.03  7302.64 2.38 1.99 -48.0 -0.423 18.53 18.74 03a59837o0672o
59837.028074  23.102 10.412     2   22 o  0   1.16  20.78262  -3.18700  7662.97  7343.13 2.39 1.98 -50.2 -0.409 18.68 18.99 03a59837o0681o
59837.033955  20.011  0.672    36   24 o  0   1.58  20.78262  -3.18700  7603.21  7264.58 2.37 1.97 -48.4 -0.416 18.70 18.97 03a59837o0694o
59837.069369 -20.866  1.515   -16   25 o  0   1.23  20.78262  -3.18700  7571.17  7385.55 2.35 1.99 -46.5 -0.420 18.63 18.86 03a59837o0771o
59838.525878  21.677  1.558     8   12 o  0   1.30  20.78262  -3.18700  4939.67  5122.34 2.20 2.15  26.1 -0.445 19.43 20.25 01a59838o0673o
59838.529113  21.816  1.515     7   10 o  0   1.65  20.78262  -3.18700  4960.40  5161.67 2.22 2.18 -13.3 -0.450 19.44 20.29 01a59838o0680o
59838.534761  20.714  0.775    19   15 o  0   0.63  20.78262  -3.18700  4904.00  5085.48 2.21 2.20 -80.3 -0.444 19.44 20.31 01a59838o0692o
59838.570137  21.761  1.704     7   12 o  0   0.94  20.78262  -3.18700  4889.33  5202.77 2.21 2.16  75.1 -0.440 19.49 20.36 01a59838o0767o
59840.528398  21.112  0.843    13   11 o  0   1.81  20.78262  -3.18700  9018.20  3497.95 2.26 2.15  48.0 -0.425 19.34 20.48 02a59840o0561o
59840.532467  20.275  0.635    28   18 o  0   0.91  20.78262  -3.18700  8998.84  3459.96 2.27 2.16  35.5 -0.419 19.06 20.11 02a59840o0570o
59840.554350 -22.508  3.793    -4   14 o  0   0.79  20.78262  -3.18700  9058.43  3538.98 2.26 2.16  34.6 -0.426 19.34 20.56 02a59840o0617o
59840.560722  21.058  0.991    14   14 o  0   0.90  20.78262  -3.18700  9078.76  3422.05 2.18 2.12  32.7 -0.432 19.35 20.54 02a59840o0631o
59842.460838  22.204  2.290     5   11 c  0   0.96  20.78262  -3.18700  7348.14  1639.16 2.98 2.86  16.0 -0.383 19.51 21.53 01a59842o0543c
59842.475921  21.051  0.795    14   11 c  0   1.09  20.78262  -3.18700  7330.01  1596.07 3.01 2.92  19.0 -0.382 19.54 21.59 01a59842o0574c
59842.477768  22.219  2.065     5   10 c  0   1.32  20.78262  -3.18700  7387.07  1673.04 2.95 2.87  35.7 -0.386 19.56 21.59 01a59842o0578c
59842.482439 -21.375  0.891   -10    9 c  0   1.26  20.78262  -3.18700  7407.64  1555.58 3.02 2.96  37.1 -0.386 19.49 21.59 01a59842o0588c
59843.176271  21.457  1.609    10   15 o  0   0.74  20.78262  -3.18700  1080.92  7292.15 2.58 2.22  82.6 -0.376 19.43 20.97 04a59843o0325o
59843.178978  22.199  2.273     5   11 o  0   1.32  20.78262  -3.18700  1063.05  7252.71 2.58 2.18  86.2 -0.372 19.43 20.97 04a59843o0331o
59843.185004  20.224  0.460    30   14 o  0   1.01  20.78262  -3.18700  1121.74  7329.73 2.64 2.15  89.6 -0.377 19.48 20.94 04a59843o0344o
59843.201331  20.899  0.851    16   14 o  0   0.84  20.78262  -3.18700  1149.08  7210.85 2.58 2.09  86.4 -0.376 19.47 20.96 04a59843o0379o
59844.517010  20.554  0.578    22   13 o  0   0.97  20.78262  -3.18700   838.89  3373.10 2.20 1.91  27.0 -0.456 19.41 20.68 02a59844o0677o
59844.520739  21.083  0.976    13   13 o  0   1.04  20.78262  -3.18700   820.51  3334.94 2.19 1.89  30.0 -0.452 19.44 20.71 02a59844o0685o
59844.526006  20.832  0.684    17   12 o  0   1.06  20.78262  -3.18700   879.08  3413.34 2.24 1.90  30.1 -0.456 19.44 20.70 02a59844o0696o
59844.557757  20.738  0.810    18   15 o  0   1.11  20.78262  -3.18700   899.45  3298.20 2.29 1.95  33.5 -0.450 19.35 20.59 02a59844o0765o
59846.504003 -17.477  1.130  -371  419 c  0   1.44  20.78262  -3.18700  3232.74  9103.17 3.24 2.96  68.8 -0.323 15.45 17.34 01a59846o0632c
59846.509202 -16.541  0.429  -878  376 c  0   1.02  20.78262  -3.18700  3252.33  9142.46 3.17 2.93  68.3 -0.322 15.61 17.49 01a59846o0643c
59846.544485 -17.634  0.500  -321  160 c  0   1.08  20.78262  -3.18700  3200.75  9065.13 3.33 2.97  64.2 -0.302 16.52 18.39 01a59846o0718c
59846.552104  20.074  2.727    34   92 c  0   1.06  20.78262  -3.18700  3183.11  9185.34 3.17 2.95  67.5 -0.321 17.15 18.98 01a59846o0733c
59848.438426  21.736  2.056     7   15 o  0   1.17  20.78262  -3.18700  9723.55  7189.58 2.30 2.27  30.4 -0.444 19.39 20.55 02a59848o0504o
59848.440234  21.651  2.271     8   18 o  0   0.77  20.78262  -3.18700  9743.62  7228.60 2.30 2.24 -77.8 -0.445 19.42 20.54 02a59848o0508o
59848.445709  20.350  0.640    26   17 o  0   1.03  20.78262  -3.18700  9687.26  7150.50 2.25 2.21  68.5 -0.442 19.48 20.56 02a59848o0520o
59848.463573  20.783  0.800    18   14 o  0   1.50  20.78262  -3.18700  9667.95  7268.15 2.31 2.27  49.5 -0.439 19.38 20.56 02a59848o0557o
59848.951641  21.185  0.676    12    8 c  0   0.91  20.78262  -3.18700  7042.02  3545.14 2.30 2.20 -45.2 -0.411 19.82 21.67 03a59849o0499c
59848.954793  22.255  1.872     5    8 c  0   1.18  20.78262  -3.18700  7096.26  3623.98 2.29 2.16 -39.0 -0.414 19.83 21.66 03a59849o0506c
59849.027332 -22.510  2.321    -4    8 c  0   1.21  20.78262  -3.18700  3318.50  6991.51 2.48 2.25 -49.4 -0.379 19.75 21.64 03a59849o0649c
59850.440348  21.967  1.595     6   10 c  0   0.86  20.78262  -3.18700  3449.75  1818.48 3.13 2.87  39.0 -0.371 19.66 21.54 01a59850o0508c
59850.442658  24.720 18.667     0    9 c  0   1.14  20.78262  -3.18700  3430.26  1778.22 3.08 2.85  40.7 -0.372 19.70 21.55 01a59850o0513c
59850.477720  22.596  2.667     3    9 c  0   1.12  20.78262  -3.18700  3488.16  1851.14 3.07 2.87  51.5 -0.380 19.68 21.54 01a59850o0586c
59850.501701  20.160  0.290    31    9 c  0   1.06  20.78262  -3.18700  7062.79  8975.77 3.16 3.02  54.4 -0.349 19.67 21.55 01a59850o0635c
59851.177032  20.144  0.413    32   13 o  0   0.99  20.78262  -3.18700   754.06  1462.76 2.12 1.69  41.2 -0.517 19.54 20.91 04a59851o0451o
59851.211708  23.078  5.158     2   11 o  0   1.31  20.78262  -3.18700   753.39  1415.96 2.32 1.69  43.0 -0.480 19.62 21.09 04a59851o0526o
59851.234261 -25.157 41.500    -0   13 o  0   1.28  20.78262  -3.18700  9805.35  9125.84 2.54 2.22   1.8 -0.451 19.60 21.10 04a59851o0573o
59851.259036 -21.355  1.377   -10   14 o  0   0.79  20.78262  -3.18700  9799.52  9217.70 2.33 2.12   6.6 -0.464 19.58 21.00 04a59851o0626o
59852.880427  21.425  1.636    10   16 o  0   1.02  20.78262  -3.18700  7064.83  3573.46 3.31 2.78 -58.6 -0.354 18.92 20.62 03a59853o0342o
59852.889798 -21.838  1.939    -7   13 o  0   1.08  20.78262  -3.18700  7045.59  3535.23 2.44 2.15 -55.2 -0.420 19.35 20.67 03a59853o0362o
59852.897875  20.300  0.442    28   12 o  0   1.11  20.78262  -3.18700  7099.25  3615.25 2.22 2.06 -53.0 -0.444 19.46 20.73 03a59853o0379o
59852.900963  21.103  1.046    13   14 o  0   0.81  20.78262  -3.18700  7121.24  3499.72 2.23 2.06 -52.7 -0.437 19.45 20.77 03a59853o0385o
59854.493296  22.078  1.848     5   10 c  0   1.03  20.78262  -3.18700  7135.21  8903.74 3.12 2.95  53.0 -0.356 19.62 21.39 01a59854o0628c
59854.497452  22.515  2.545     4    9 c  0   1.35  20.78262  -3.18700  7157.63  8943.37 3.14 2.93  61.0 -0.356 19.62 21.38 01a59854o0637c
59854.529277 -20.908  0.552   -16    9 c  0   1.15  20.78262  -3.18700  7103.99  8867.78 3.14 2.94  62.3 -0.357 19.60 21.30 01a59854o0704c
59854.536245  21.078  0.598    14    8 c  0   1.59  20.78262  -3.18700  7085.29  8985.03 3.11 2.94  64.5 -0.355 19.60 21.27 01a59854o0719c
59855.150194  21.511  1.594     9   14 o  0   1.32  20.78262  -3.18700   741.75  1459.67 2.92 1.86  43.8 -0.395 19.21 20.29 04a59855o0388o
59855.151995 -22.553  3.731    -4   13 o  0   1.64  20.78262  -3.18700   722.35  1420.23 2.80 1.81  43.6 -0.408 19.20 20.30 04a59855o0392o
59855.155153 -25.402 53.000    -0   13 o  0   1.46  20.78262  -3.18700   783.22  1499.41 2.63 1.80  42.0 -0.423 19.22 20.32 04a59855o0399o
59855.166101 -21.754  1.864    -7   14 o  0   1.22  20.78262  -3.18700   807.75  1379.67 2.51 1.78  41.2 -0.457 19.26 20.37 04a59855o0423o
59856.903387 -21.072  1.302   -14   18 o  0   1.08  20.78262  -3.18700  7813.25  9400.80 2.65 2.14 -45.0 -0.415 19.15 20.02 03a59857o0386o
59856.906560  22.222  3.343     5   16 o  0   1.26  20.78262  -3.18700  7793.86  9361.81 2.53 2.13 -46.1 -0.417 19.19 20.05 03a59857o0393o
59856.912014  20.365  0.596    26   16 o  0   1.19  20.78262  -3.18700  7849.67  9441.90 2.50 2.14 -41.8 -0.421 19.21 20.07 03a59857o0405o
59856.917436 -21.634  2.069    -8   17 o  0   1.17  20.78262  -3.18700  7870.89  9326.36 2.60 2.16 -41.1 -0.413 19.18 20.07 03a59857o0417o
59858.418176  21.528  1.908     9   17 o  0   1.09  20.78262  -3.18700  7578.64  7456.32 2.38 2.32 -54.2 -0.443 19.19 19.75 01a59858o0317o
59858.421410  19.866  0.404    41   17 o  0   1.04  20.78262  -3.18700  7559.73  7417.03 2.36 2.33 -52.9 -0.439 19.19 19.76 01a59858o0324o
59858.424182  21.134  1.311    13   17 o  0   1.08  20.78262  -3.18700  7618.53  7493.71 2.42 2.38  -7.7 -0.434 19.15 19.79 01a59858o0330o
59858.431571  20.597  0.738    21   16 o  0   1.46  20.78262  -3.18700  7637.61  7375.05 2.46 2.41 -76.3 -0.437 19.14 19.81 01a59858o0346o
59859.134957  21.622  5.595     8   46 o  0   0.77  20.78262  -3.18700  9121.07  5439.11 2.75 2.16 -11.5 -0.476 18.25 18.44 04a59859o0257o
59859.136759  19.805  0.630    44   27 o  0   1.51  20.78262  -3.18700  9102.22  5401.14 2.43 1.98 -14.5 -0.444 18.51 18.67 04a59859o0261o
59859.139916 -21.889  4.426    -6   28 o  0   0.85  20.78262  -3.18700  9161.29  5478.19 2.50 2.03 -14.5 -0.416 18.52 18.72 04a59859o0268o
59859.145479  25.931 232.000     0   36 o  0   0.89  20.78262  -3.18700  9181.29  5361.26 2.46 1.91  -8.1 -0.458 18.57 18.81 04a59859o0280o
59864.449902 -21.765  3.054    -7   22 o  0   1.33  20.78262  -3.18700  6985.45  1658.10 1.95 1.88  62.2 -0.443 18.70 19.17 02a59864o0555o
59864.484214  20.334  1.135    27   30 o  0   0.78  20.78262  -3.18700  6960.18  1617.76 1.94 1.89  69.0 -0.438 18.64 19.02 02a59864o0630o
59864.487103 -21.310  2.167   -11   24 o  0   1.29  20.78262  -3.18700  7021.59  1696.95 2.00 1.92  67.1 -0.433 18.60 18.97 02a59864o0636o
59866.450922 -20.775  1.819   -18   32 o  0   1.40  20.78262  -3.18700  9925.12  7348.04 2.51 2.34 -52.0 -0.459 18.44 18.82 01a59866o0496o
59866.454155 -20.734  0.951   -18   18 o  0   1.02  20.78262  -3.18700  9945.67  7387.81 2.45 2.28 -53.4 -0.466 19.16 19.82 01a59866o0503o
59866.460620  18.033  1.270   222  282 o  0   1.46  20.78262  -3.18700  9887.96  7310.09 2.46 2.34 -67.3 -0.551 15.59 15.34 01a59866o0517o
59866.494043  20.529  0.694    22   16 o  0   1.31  20.78262  -3.18700  9873.41  7431.20 2.31 2.28  70.5 -0.461 19.20 19.93 01a59866o0529o
59868.431419 -23.002  5.632    -2   13 o  0   1.15  20.78262  -3.18700  2891.88  5232.39 2.49 1.89  33.2 -0.435 19.38 20.38 02a59868o0517o
59868.462508  22.048  2.787     6   15 o  0   0.95  20.78262  -3.18700  2870.39  5193.46 2.44 1.87  34.4 -0.433 19.38 20.39 02a59868o0584o
59868.465673  20.233  0.494    29   14 o  0   1.01  20.78262  -3.18700  2929.09  5272.37 2.45 1.88  34.0 -0.435 19.34 20.38 02a59868o0591o
59868.492970 -22.712  4.269    -3   13 o  0   1.18  20.78262  -3.18700  2944.48  5157.11 2.35 1.89  36.6 -0.439 19.37 20.39 02a59868o0650o
59870.437991  20.284  0.446    28   12 o  0   1.24  20.78262  -3.18700  9939.30  7349.46 2.52 2.32 -50.5 -0.459 19.56 20.63 01a59870o0469o
59870.441222  21.332  1.136    11   12 o  0   1.04  20.78262  -3.18700  9961.43  7388.32 2.45 2.30 -53.5 -0.466 19.54 20.63 01a59870o0476o
59870.469337  22.009  2.442     6   14 o  0   0.90  20.78262  -3.18700  9905.31  7314.24 2.57 2.40 -61.6 -0.459 19.44 20.55 01a59870o0535o
59870.476851  20.535  0.541    22   12 o  0   1.47  20.78262  -3.18700  9887.23  7432.73 2.44 2.31 -58.9 -0.469 19.50 20.53 01a59870o0551o
59871.146821 -23.495  7.778    -2   11 c  0   0.96  20.78262  -3.18700  9042.49  3500.00 2.97 2.17 -16.4 -0.395 19.47 21.35 04a59871o0359c
59871.149974  23.597  7.000     1    9 c  0   1.26  20.78262  -3.18700  9024.21  3460.86 2.98 2.17 -17.6 -0.420 19.50 21.35 04a59871o0366c
59871.153132  22.674  2.900     3    9 c  0   1.89  20.78262  -3.18700  9083.55  3538.31 2.90 2.12 -18.5 -0.397 19.51 21.33 04a59871o0373c
59871.159000  21.371  1.169    10   12 c  0   1.17  20.78262  -3.18700  9106.54  3421.17 2.95 2.16 -17.9 -0.387 19.47 21.33 04a59871o0386c
59872.452925  20.477  0.503    23   12 c  0   0.85  20.78262  -3.18700  2881.63  5228.99 2.55 2.35  34.0 -0.412 19.57 21.35 02a59872o0573c
59872.456098  20.195  0.318    30   10 c  0   1.22  20.78262  -3.18700  2862.97  5190.23 2.53 2.32  42.0 -0.409 19.58 21.36 02a59872o0580c
59872.461534  20.727  0.547    19   10 c  0   1.05  20.78262  -3.18700  2921.97  5268.84 2.47 2.28  38.2 -0.417 19.62 21.35 02a59872o0592c
59872.493235  21.784  1.280     7    9 c  0   1.52  20.78262  -3.18700  2939.76  5153.83 2.46 2.26  45.8 -0.633 19.56 21.26 02a59872o0661c
59872.936695  21.733  2.087     7   15 o  0   1.15  20.78262  -3.18700  9479.29  3400.58 3.67 3.30 -53.5 -0.380 19.03 21.06 03a59873o0434o
59872.941651 -18.752  1.357  -115  156 o  0   1.10  20.78262  -3.18700  9495.23  3439.94 3.81 3.38 -55.2 -0.375 18.61 20.57 03a59873o0445o
59872.975118 -19.852  1.214   -42   50 o  0   1.17  20.78262  -3.18700  9428.75  3362.86 3.95 3.61 -49.8 -0.359 17.28 19.25 03a59873o0517o
59872.980107 -22.119  4.333    -5   22 o  0   1.19  20.78262  -3.18700  9404.43  3479.94 4.83 4.38 -60.5 -0.400 18.63 20.82 03a59873o0528o
59874.467169  21.631  1.229     8   10 o  0   1.01  20.78262  -3.18700  7564.21  3470.12 2.42 2.31  25.5 -0.416 19.60 20.78 01a59874o0425o
59874.470865  21.945  1.755     6   11 o  0   1.17  20.78262  -3.18700  7584.49  3509.18 2.36 2.33  55.8 -0.419 19.58 20.77 01a59874o0433o
59874.478258  20.894  0.669    16   11 o  0   1.30  20.78262  -3.18700  7527.28  3433.39 2.49 2.41  34.2 -0.412 19.52 20.74 01a59874o0449o
59874.488504  21.234  0.990    12   12 o  0   1.12  20.78262  -3.18700  7511.85  3549.97 2.44 2.37  53.6 -0.428 19.48 20.67 01a59874o0471o
59875.164724 -22.770  3.778    -3   11 c  0   1.05  20.78262  -3.18700  9731.51  7218.74 2.82 2.21 -14.1 -0.405 19.61 21.43 04a59875o0395c
59875.168326 -21.710  1.341    -8   10 c  0   1.11  20.78262  -3.18700  9753.15  7254.16 2.95 2.32 -16.7 -0.395 19.59 21.43 04a59875o0403c
59875.194156 -22.611  3.857    -3   13 c  0   0.69  20.78262  -3.18700  9710.35  7151.86 2.78 2.14 -16.4 -0.433 19.65 21.38 04a59875o0458c
59875.201989  21.942  1.846     6   11 c  0   1.05  20.78262  -3.18700  9695.04  7262.34 2.76 2.04 -16.9 -0.442 19.66 21.39 04a59875o0475c
59876.409594  22.305  2.556     4   11 c  0   0.80  20.78262  -3.18700  2687.01  1347.22 2.65 2.53 -86.0 -0.435 19.48 21.38 02a59876o0441c
59876.412999  21.145  0.845    13   11 c  0   0.98  20.78262  -3.18700  2667.50  1307.51 2.56 2.44  84.7 -0.434 19.55 21.38 02a59876o0448c
59876.418430  22.455  2.600     4   10 c  0   0.78  20.78262  -3.18700  2726.85  1388.81 2.57 2.45  84.8 -0.434 19.54 21.38 02a59876o0460c
59876.434900 -22.427  2.667    -4   10 c  0   1.30  20.78262  -3.18700  2749.10  1274.31 2.66 2.53  73.2 -0.434 19.46 21.38 02a59876o0496c
59876.931573  20.480  1.108    23   26 o  0   1.00  20.78262  -3.18700  9475.33  3404.84 2.46 2.03 -58.9 -0.393 18.52 19.77 03a59877o0420o
59876.936689  22.424 10.333     4   40 o  0   1.17  20.78262  -3.18700  9491.15  3444.60 2.39 2.06 -54.4 -0.398 18.09 19.34 03a59877o0431o
59876.956030  20.228  1.022    29   30 o  0   0.47  20.78262  -3.18700  9434.19  3366.94 2.39 2.01 -56.0 -0.408 19.34 20.58 03a59877o0472o
59876.961120  22.751  5.100     3   15 o  0   0.84  20.78262  -3.18700  9404.89  3483.07 2.43 2.02 -60.5 -0.400 19.28 20.53 03a59877o0483o
59878.391041  22.802  4.238     3   12 o  0   1.05  20.78262  -3.18700  7547.65  3477.05 2.61 2.49  17.0 -0.399 19.46 20.64 01a59878o0441o
59878.393824 -22.943  4.688    -2   11 o  0   1.48  20.78262  -3.18700  7567.83  3515.89 2.96 2.58   2.0 -0.379 19.36 20.66 01a59878o0447o
59878.399863  23.984 15.200     1   14 o  0   0.92  20.78262  -3.18700  7511.27  3439.67 3.18 2.93  -0.6 -0.386 19.28 20.66 01a59878o0460o
59878.435195  20.399  0.491    25   12 o  0   1.17  20.78262  -3.18700  7497.48  3555.86 2.93 2.74  13.1 -0.371 19.34 20.65 01a59878o0535o
59879.177343 -22.438  2.500    -4   10 c  0   1.31  20.78262  -3.18700  9747.79  7197.19 2.91 2.18 -16.5 -0.411 19.65 21.56 04a59879o0414c
59879.210408 -20.286  0.401   -28   11 c  0   0.96  20.78262  -3.18700  9781.25  7210.99 2.87 2.23 -17.7 -0.419 19.66 21.54 04a59879o0485c
59879.213605 -22.011  1.848    -6   10 c  0   1.34  20.78262  -3.18700  9722.36  7130.11 2.78 2.20 -21.5 -0.428 19.62 21.54 04a59879o0492c
59879.225036 -21.948  2.121    -6   13 c  0   0.97  20.78262  -3.18700  9705.79  7240.17 2.72 2.14 -22.1 -0.438 19.62 21.50 04a59879o0517c
59880.433223  22.720  3.421     3   10 c  0   1.14  20.78262  -3.18700  2678.58  1347.13 2.59 2.45 -88.2 -0.424 19.50 21.27 02a59880o0257c
59880.436838  20.924  0.667    16   10 c  0   1.29  20.78262  -3.18700  2659.36  1307.81 2.54 2.40 -87.4 -0.432 19.51 21.25 02a59880o0265c
59880.461442  20.975  0.712    15   10 c  0   0.81  20.78262  -3.18700  2721.85  1388.17 2.49 2.35  78.0 -0.427 19.49 21.20 02a59880o0280c
59880.467319  21.092  0.851    13   11 c  0   0.98  20.78262  -3.18700  2740.73  1270.37 2.48 2.33  88.9 -0.436 19.50 21.18 02a59880o0293c
59880.755961  20.081  0.438    34   15 o  0   1.66  20.78262  -3.18700   775.97  1283.36 2.53 2.29 -79.8 -0.401 19.13 20.27 03a59881o0031o
59880.759122 -22.778  4.889    -3   14 o  0   1.66  20.78262  -3.18700   756.66  1243.27 2.53 2.26 -82.6 -0.404 19.15 20.33 03a59881o0038o
59880.764531  20.269  0.707    28   20 o  0   0.92  20.78262  -3.18700   814.73  1321.95 2.47 2.22 -79.1 -0.404 18.75 19.88 03a59881o0050o
59880.785666  19.962  0.613    38   23 o  0   1.02  20.78262  -3.18700   833.39  1200.21 2.50 2.18 -81.3 -0.419 18.95 20.08 03a59881o0096o
59882.400002 -22.092  1.889    -5   10 o  0   1.41  20.78262  -3.18700  3488.84  7067.64 2.51 2.31  41.5 -0.402 19.64 20.93 01a59882o0420o
59882.403238  20.326  0.403    27   11 o  0   1.02  20.78262  -3.18700  3508.46  7107.60 2.50 2.34  44.4 -0.406 19.64 20.93 01a59882o0427o
59882.409718  21.236  0.848    12   10 o  0   0.89  20.78262  -3.18700  3452.30  7030.44 2.43 2.24  47.6 -0.409 19.64 20.92 01a59882o0441o
59882.421784 -21.680  1.333    -8   10 o  0   1.07  20.78262  -3.18700  3433.83  7147.41 2.48 2.22  45.5 -0.408 19.69 20.93 01a59882o0467o
59883.148520  21.389  1.200    10   12 o  0   0.67  20.78262  -3.18700  3316.88  3149.91 2.04 1.94  37.1 -0.429 19.34 20.64 04a59883o0353o
59883.151683  23.157  7.200     2   14 o  0   0.74  20.78262  -3.18700  3338.53  3185.60 1.96 1.89  47.8 -0.431 19.36 20.64 04a59883o0360o
59883.157097  21.327  1.089    11   12 o  0   0.95  20.78262  -3.18700  3284.05  3102.08 1.94 1.84  43.7 -0.428 19.40 20.64 04a59883o0372o
59883.187054 -21.217  0.748   -12    9 o  0   1.70  20.78262  -3.18700  3284.95  3189.20 1.95 1.85  55.4 -0.426 19.44 20.69 04a59883o0437o
59884.387564  20.451  0.548    24   13 o  0   1.13  20.78262  -3.18700  3528.32  9114.98 2.18 1.95  26.2 -0.434 19.37 20.36 02a59884o0426o
59884.398200 -21.200  1.139   -12   14 o  0   1.07  20.78262  -3.18700  3507.82  9076.87 2.21 1.96  36.0 -0.428 19.40 20.42 02a59884o0449o
59884.401364  22.556  3.613     3   12 o  0   1.14  20.78262  -3.18700  3566.76  9156.81 2.19 1.99  39.2 -0.428 19.42 20.43 02a59884o0456o
59884.408618 -22.131  2.870    -5   15 o  0   0.92  20.78262  -3.18700  3587.60  9039.40 2.21 1.97  43.9 -0.428 19.44 20.48 02a59884o0472o
59884.417756  18.795  0.468   110   52 o  0   0.24  20.78262  -3.18700  3551.01  9097.54 2.19 1.98  46.7 -0.428 19.47 20.57 02a59884o0492o
59884.901767 -17.866  1.257  -259  326 o  0   1.30  20.78262  -3.18700  9652.80  9224.15 2.94 2.40 -52.4 -0.424 16.30 17.18 03a59885o0343o
59884.905387 -24.561 68.500    -0   37 o  0   1.17  20.78262  -3.18700  9669.97  9265.12 2.95 2.41 -48.2 -0.397 18.58 19.40 03a59885o0351o
59886.337435 -21.697  2.229    -8   17 o  0   1.31  20.78262  -3.18700  7075.11  3680.32 2.32 2.23   1.8 -0.437 19.12 19.66 01a59886o0181o
59887.103876  20.407  0.970    25   24 o  0   1.65  20.78262  -3.18700  7295.92  7464.44 2.50 2.21 -46.1 -0.397 18.51 18.77 04a59887o0246o
59887.105227 -22.189  5.382    -5   26 o  0   1.34  20.78262  -3.18700  7277.98  7425.61 2.33 2.09 -49.6 -0.413 18.49 18.78 04a59887o0249o
59887.107930  20.788  1.608    18   28 o  0   1.26  20.78262  -3.18700  7337.46  7502.77 2.31 2.02 -65.0 -0.441 18.67 19.03 04a59887o0255o
59887.114840  20.391  1.191    25   30 o  0   1.15  20.78262  -3.18700  7360.92  7385.09 2.43 2.09 -48.4 -0.408 18.53 18.80 04a59887o0270o
59892.464369 -22.191  6.083    -5   29 o  0   0.95  20.78262  -3.18700  5225.86  5631.19 2.52 2.06  38.0 -0.418 18.49 18.71 02a59892o0480o
59892.474464  21.588  3.475     8   29 o  0   0.95  20.78262  -3.18700  5207.27  5592.44 2.63 2.10  39.0 -0.416 18.44 18.66 02a59892o0502o
59892.479007 -22.709 10.261    -3   31 o  0   0.89  20.78262  -3.18700  5267.71  5670.18 2.49 2.03  36.4 -0.416 18.47 18.64 02a59892o0512o
59892.484445 -18.655  0.267  -125   33 o  0   1.26  20.78262  -3.18700  5286.02  5553.99 2.89 2.42  36.7 -0.396 18.29 18.62 02a59892o0524o
59892.927624  20.061  1.030    34   35 o  0   0.73  20.78262  -3.18700  1390.54  5046.73 2.81 2.44 -57.9 -0.389 18.38 18.85 03a59893o0400o
59892.930838 -21.181  2.260   -12   28 o  0   1.38  20.78262  -3.18700  1407.94  5086.21 2.77 2.39 -61.8 -0.394 18.40 18.83 03a59893o0407o
59892.938225  22.049  5.194     6   29 o  0   1.40  20.78262  -3.18700  1351.53  5008.09 2.87 2.46 -63.9 -0.379 18.38 18.82 03a59893o0423o
59892.947831 -20.063  0.812   -34   28 o  0   1.08  20.78262  -3.18700  1327.36  5122.25 2.76 2.35 -62.6 -0.388 18.39 18.79 03a59893o0444o
59894.359464  19.834  0.341    42   14 o  0   1.26  20.78262  -3.18700  2562.33  1248.46 2.33 2.19  29.6 -0.474 19.15 19.82 01a59894o0385o
59894.362706  20.699  1.056    19   20 o  0   0.83  20.78262  -3.18700  2582.83  1287.58 2.41 2.28  27.7 -0.464 19.13 19.80 01a59894o0392o
59894.375667  20.756  0.914    18   16 o  0   1.39  20.78262  -3.18700  2526.47  1211.74 2.53 2.42  36.3 -0.456 19.10 19.82 01a59894o0420o
59894.381677  20.395  0.696    25   18 o  0   1.00  20.78262  -3.18700  2508.36  1328.46 2.48 2.33  30.4 -0.460 19.10 19.81 01a59894o0433o
59896.438093  22.085  3.167     5   17 o  0   1.53  20.78262  -3.18700  5233.48  5630.60 2.90 2.41  38.1 -0.406 18.97 19.91 02a59896o0334o
59896.441263 -21.456  1.600   -10   15 o  0   1.14  20.78262  -3.18700  5214.26  5591.54 2.69 2.13  40.0 -0.412 19.07 19.89 02a59896o0341o
59896.448521 -21.151  1.419   -13   18 o  0   1.03  20.78262  -3.18700  5271.84  5669.64 2.67 2.15  38.2 -0.423 19.04 19.84 02a59896o0357o
59896.459928  21.694  2.158     8   16 o  0   1.09  20.78262  -3.18700  5292.27  5553.88 2.51 2.04  37.8 -0.420 19.05 19.78 02a59896o0382o
59896.870623  23.575  6.778     1    9 c  0   1.26  20.78262  -3.18700  1453.74  6976.91 2.60 2.39 -46.6 -0.404 19.73 21.67 03a59897o0266c
59896.874330 -22.140  1.788    -5    9 c  0   0.94  20.78262  -3.18700  1470.07  7016.47 2.64 2.41 -44.4 -0.402 19.71 21.67 03a59897o0274c
59896.879288  22.952  3.500     2    8 c  0   1.11  20.78262  -3.18700  1411.49  6938.75 2.60 2.38 -43.2 -0.406 19.71 21.69 03a59897o0285c
59896.891214  22.387  2.360     4   10 c  0   0.90  20.78262  -3.18700  1383.66  7055.64 2.75 2.43 -47.3 -0.400 19.70 21.76 03a59897o0311c
59898.386562  26.388 123.000     0   12 o  0   0.96  20.78262  -3.18700   611.18  1346.02 2.25 2.13  55.6 -0.444 19.57 20.65 01a59898o0437o
59898.390257 -21.502  1.133    -9   10 o  0   1.65  20.78262  -3.18700   632.20  1385.72 2.23 2.13  54.9 -0.447 19.55 20.59 01a59898o0445o
59898.400415 -20.497  0.563   -23   13 o  0   0.81  20.78262  -3.18700   573.77  1308.70 2.34 2.25  67.0 -0.439 19.44 20.54 01a59898o0467o
59898.414893  20.207  0.467    30   14 o  0   0.97  20.78262  -3.18700   558.78  1427.58 2.25 2.17  56.7 -0.442 19.49 20.50 01a59898o0498o
59899.114025 -21.464  1.222    -9   12 o  0   0.76  20.78262  -3.18700  7688.60  5357.19 2.36 1.82 -17.9 -0.427 19.45 20.93 04a59899o0250o
59899.116727 -20.613  0.646   -21   13 o  0   0.77  20.78262  -3.18700  7709.83  5393.52 2.52 1.96 -14.6 -0.419 19.40 20.91 04a59899o0256o
59899.126246  21.155  0.914    12   12 o  0   0.75  20.78262  -3.18700  7657.65  5308.15 2.29 1.74 -17.6 -0.431 19.47 20.90 04a59899o0277o
59899.135706  22.914  5.000     2   12 o  0   0.89  20.78262  -3.18700  7641.46  5416.61 2.33 1.79 -20.5 -0.435 19.43 20.85 04a59899o0298o
59900.489770  21.555  2.067     9   18 o  0   1.14  20.78262  -3.18700  5322.90  7566.04 3.00 2.39  38.1 -0.408 19.01 20.05 02a59900o0347o
59900.857588 -23.054  4.500    -2   10 c  0   1.56  20.78262  -3.18700  1451.44  6977.43 2.62 2.40 -53.0 -0.407 19.45 21.24 03a59901o0229c
59900.860742  20.439  0.579    24   14 c  0   1.15  20.78262  -3.18700  1467.83  7017.07 2.62 2.34 -46.2 -0.405 19.16 20.97 03a59901o0236c
59900.866178  23.205  6.182     2   12 c  0   1.07  20.78262  -3.18700  1410.53  6938.55 2.53 2.33 -55.6 -0.407 19.46 21.26 03a59901o0247c
59900.891014 -24.974 39.000    -0   14 c  0   1.08  20.78262  -3.18700  1383.35  7057.32 2.36 2.16 -39.0 -0.406 19.23 20.94 03a59901o0300c
59902.292500  22.269  2.000     4    9 c  0   1.13  20.78262  -3.18700  9911.47  9413.73 2.99 2.90 -53.6 -0.382 19.72 21.47 01a59902o0239c
59902.294348 -21.492  1.151    -9   11 c  0   0.96  20.78262  -3.18700  9892.03  9374.37 3.14 3.02 -43.4 -0.367 19.67 21.48 01a59902o0243c
59902.298041 -21.087  0.725   -13   10 c  0   1.12  20.78262  -3.18700  9951.92  9451.61 3.05 2.96 -48.7 -0.380 19.69 21.48 01a59902o0251c
59902.328073  25.774 57.000     0   10 c  0   0.95  20.78262  -3.18700  9975.61  9324.67 3.23 2.97 -63.0 -0.383 19.71 21.47 01a59902o0314c
59903.102109  21.472  1.400     9   13 o  0   0.81  20.78262  -3.18700  7690.23  5359.12 2.54 1.98 -15.9 -0.405 19.28 20.69 04a59903o0219o
59903.105712  21.859  1.717     7   11 o  0   1.09  20.78262  -3.18700  7712.11  5394.63 2.46 1.87 -15.3 -0.421 19.31 20.68 04a59903o0227o
59903.112469 -20.978  0.829   -15   12 o  0   0.90  20.78262  -3.18700  7658.42  5311.35 2.55 1.96 -17.5 -0.413 19.32 20.71 04a59903o0242o
59903.122599 -19.932  0.307   -39   12 o  0   1.48  20.78262  -3.18700  7642.69  5418.93 2.49 1.93 -20.8 -0.423 19.32 20.72 04a59903o0264o
59904.843446  22.926 63.000     2  155 c  0   0.94  20.78262  -3.18700  9548.02  7246.36 2.76 2.30 -62.1 -0.461 16.57 18.46 03a59905o0193c
59906.330519  23.594  7.250     1   10 c  0   0.81  20.78262  -3.18700  9491.36  3369.92 3.13 3.00  -9.9 -0.342 19.67 21.60 01a59906o0320c
59906.334219  22.018  1.343     6    8 c  0   1.46  20.78262  -3.18700  9511.41  3409.29 3.07 2.97 -10.2 -0.349 19.68 21.60 01a59906o0328c
59906.341619 -22.553  2.455    -4    8 c  0   1.15  20.78262  -3.18700  9454.34  3331.92 3.00 2.93  -8.7 -0.355 19.70 21.62 01a59906o0344c
59906.351794  21.121  0.683    13    9 c  0   0.87  20.78262  -3.18700  9435.25  3449.85 2.99 2.97  27.0 -0.351 19.71 21.65 01a59906o0366c
59907.092840 -21.969  2.294    -6   14 o  0   1.31  20.78262  -3.18700  7893.30  9235.73 2.62 2.47 -25.6 -0.362 19.25 20.55 04a59907o0193o
59907.096447  23.665 12.571     1   16 o  0   1.15  20.78262  -3.18700  7914.90  9272.67 2.65 2.48 -28.8 -0.367 19.28 20.50 04a59907o0201o
59907.101858  20.795  1.274    18   22 o  0   0.86  20.78262  -3.18700  7859.12  9189.29 2.60 2.39 -32.8 -0.366 18.83 20.04 04a59907o0213o
59907.111770 -25.702 89.000    -0   17 o  0   0.86  20.78262  -3.18700  7844.94  9298.38 2.65 2.41 -44.7 -0.381 18.97 20.23 04a59907o0235o
59908.327222  20.595  0.694    21   15 o  0   0.72  20.78262  -3.18700  5134.61  3689.81 2.24 2.15 -56.0 -0.431 19.40 20.73 02a59908o0319o
59908.330386  22.963  4.889     2   12 o  0   1.27  20.78262  -3.18700  5115.81  3649.77 2.33 2.21 -60.0 -0.429 19.37 20.74 02a59908o0326o
59908.342910 -21.358  1.108   -10   12 o  0   1.03  20.78262  -3.18700  5180.29  3731.75 2.28 2.17 -71.6 -0.423 19.41 20.71 02a59908o0351o
59908.359042  20.886  0.827    16   13 o  0   0.87  20.78262  -3.18700  5201.96  3620.01 2.21 2.13 -69.1 -0.429 19.41 20.72 02a59908o0383o
59908.975426  22.903  3.857     2   10 c  0   1.36  20.78262  -3.18700  9592.79  7274.34 2.73 2.38 -52.9 -0.379 19.40 21.30 03a59909o0241c
59908.979068 -22.349  2.435    -4   10 c  0   1.12  20.78262  -3.18700  9612.55  7311.65 2.73 2.40 -52.1 -0.374 19.37 21.28 03a59909o0249c
59908.994684  22.252  3.050     5   14 c  0   0.72  20.78262  -3.18700  9562.11  7224.23 3.02 2.62 -53.5 -0.362 19.17 21.17 03a59909o0280c
59909.000645  20.688  0.780    19   15 c  0   1.17  20.78262  -3.18700  9543.08  7337.75 3.46 3.16 -54.2 -0.374 18.90 21.07 03a59909o0293c
59911.083921  21.300  1.424    11   16 o  0   0.97  20.78262  -3.18700  7895.50  9232.60 2.77 2.56 -32.4 -0.359 19.23 20.66 04a59911o0168o
59911.089337  21.258  1.200    11   14 o  0   1.39  20.78262  -3.18700  7918.75  9265.85 2.83 2.63 -35.8 -0.346 19.19 20.65 04a59911o0180o
59911.092491  20.893  0.929    16   15 o  0   0.97  20.78262  -3.18700  7861.98  9184.94 2.82 2.61 -27.3 -0.347 19.23 20.63 04a59911o0187o
59912.830017 -22.534  4.370    -4   15 o  0   1.15  20.78262  -3.18700  3279.04  3065.42 2.37 2.07 -61.5 -0.403 19.12 20.14 03a59913o0157o
59912.833193 -22.295  3.438    -4   15 o  0   1.36  20.78262  -3.18700  3295.85  3104.61 2.41 2.14 -60.5 -0.402 19.10 20.13 03a59913o0164o
59912.843133  20.151  0.542    32   17 o  0   1.03  20.78262  -3.18700  3235.91  3027.95 2.37 2.10 -62.0 -0.403 19.14 20.12 03a59913o0186o
59912.849007  21.525  1.956     9   17 o  0   0.85  20.78262  -3.18700  3210.83  3143.46 2.38 2.05 -59.4 -0.411 19.14 20.12 03a59913o0199o
59919.122239  20.634  1.563    20   32 o  0   1.16  20.78262  -3.18700  7072.99  1438.08 2.63 2.04 -24.1 -0.396 18.33 18.63 04a59919o0239o
59919.125408 -20.477  1.413   -23   33 o  0   1.71  20.78262  -3.18700  7090.95  1475.02 2.44 2.00 -24.8 -0.436 18.34 18.51 04a59919o0246o
59919.130823  19.584  0.581    53   31 o  0   1.23  20.78262  -3.18700  7032.59  1395.06 2.60 1.99 -27.1 -0.389 18.23 18.42 04a59919o0258o
59919.143348  21.431  3.542    10   34 o  0   1.01  20.78262  -3.18700  7011.51  1506.46 2.51 1.97 -23.5 -0.404 18.31 18.51 04a59919o0284o
59920.848646  21.767  4.188     7   30 o  0   1.15  20.78262  -3.18700  3417.00  8874.66 2.70 2.28 -42.1 -0.362 18.54 18.83 03a59921o0187o
59920.851801  20.310  0.947    27   26 o  0   1.15  20.78262  -3.18700  3434.36  8914.27 2.62 2.25 -46.6 -0.367 18.55 18.82 03a59921o0194o
59920.858109 -25.994 184.000    -0   27 o  0   0.83  20.78262  -3.18700  3377.56  8835.38 2.67 2.22 -44.2 -0.366 18.54 18.78 03a59921o0208o
59920.874344 -21.750  3.451    -7   25 o  0   1.33  20.78262  -3.18700  3353.25  8950.87 2.61 2.20 -46.2 -0.371 18.47 18.71 03a59921o0244o
59923.099208 -20.322  0.705   -27   19 o  0   0.83  20.78262  -3.18700  5374.84  4930.76 2.20 1.95 -31.1 -0.394 18.83 19.71 04a59923o0185o
59923.102362 -21.457  2.000   -10   19 o  0   0.93  20.78262  -3.18700  5394.81  4967.29 2.25 1.98 -38.4 -0.388 18.82 19.68 04a59923o0192o
59923.108221  23.044  8.167     2   18 o  0   1.12  20.78262  -3.18700  5338.19  4887.23 2.27 2.04 -30.7 -0.387 18.79 19.63 04a59923o0205o
59923.125071 -19.890  0.449   -40   18 o  0   1.57  20.78262  -3.18700  5320.94  4995.25 2.26 2.01 -39.0 -0.394 18.72 19.51 04a59923o0242o
59927.079474  22.858  3.000     3    8 c  0   1.07  20.78262  -3.18700  5364.57  4937.86 2.38 2.13 -26.3 -0.382 19.47 21.58 04a59927o0137c
59927.082628  22.628  2.920     3    9 c  0   1.07  20.78262  -3.18700  5384.58  4975.02 2.36 2.13 -27.7 -0.382 19.52 21.58 04a59927o0144c
59927.090569  21.319  0.839    11    9 c  0   0.86  20.78262  -3.18700  5329.94  4892.57 2.22 2.01 -27.4 -0.386 19.52 21.55 04a59927o0161c
59927.113285 -22.049  1.667    -6    9 c  0   1.00  20.78262  -3.18700  5316.03  4994.89 2.37 2.11 -29.1 -0.379 19.45 21.53 04a59927o0211c
59928.299249  21.417  1.141    10   11 c  0   1.00  20.78262  -3.18700   945.61  5324.67 2.36 2.28 -69.5 -0.446 19.56 21.28 02a59928o0249c
59928.302414 -24.096 13.000    -1   11 c  0   0.94  20.78262  -3.18700   926.30  5287.58 2.39 2.30 -62.4 -0.449 19.55 21.26 02a59928o0256c
59928.308290 -22.476  2.481    -4    9 c  0   1.24  20.78262  -3.18700   985.35  5365.67 2.37 2.30 -65.8 -0.444 19.55 21.26 02a59928o0269c
59928.318247  22.401  2.724     4   11 c  0   0.97  20.78262  -3.18700  1005.85  5249.48 2.35 2.31 -86.5 -0.445 19.57 21.23 02a59928o0291c
59931.052532 -21.193  0.774   -12    9 c  0   0.94  20.78262  -3.18700  5270.46  3017.04 2.48 2.27 -14.9 -0.385 19.49 21.56 04a59931o0074c
59931.055691 -21.515  1.158    -9   10 c  0   1.08  20.78262  -3.18700  5290.96  3053.26 2.63 2.37 -20.4 -0.377 19.44 21.58 04a59931o0081c
59931.062041  21.527  1.291     9   12 c  0   0.67  20.78262  -3.18700  5236.01  2969.89 2.65 2.38  -3.0 -0.378 19.43 21.58 04a59931o0095c
59931.085105  21.896  1.587     6   10 c  0   0.85  20.78262  -3.18700  5221.73  3071.86 2.41 2.20 -23.0 -0.385 19.48 21.52 04a59931o0146c
59935.040128  20.874  0.841    16   14 c  0   1.27  20.78262  -3.18700  5264.83  3017.30 2.53 2.34 -12.3 -0.384 19.16 20.73 04a59935o0043c
59935.043737  20.900  0.755    16   12 c  0   1.01  20.78262  -3.18700  5286.18  3053.00 2.51 2.32 -10.8 -0.383 19.31 21.12 04a59935o0051c
59935.049143 -22.940  4.000    -2   10 c  0   1.48  20.78262  -3.18700  5230.47  2970.69 2.62 2.39 -18.5 -0.388 19.36 21.37 04a59935o0063c
59935.059149 -20.633  0.537   -20   11 c  0   0.86  20.78262  -3.18700  5214.54  3078.75 2.65 2.43 -12.3 -0.378 19.38 21.48 04a59935o0085c
59939.034365 -20.369  1.189   -26   31 c  0   0.95  20.78262  -3.18700  5453.53  6879.03 3.27 3.01 -66.6 -0.362 18.30 19.42 04a59939o0027c
59939.037518  23.362 11.667     2   19 c  0   0.86  20.78262  -3.18700  5474.52  6911.88 2.78 2.61 -49.9 -0.369 18.79 20.05 04a59939o0034c
59939.042924 -21.738  2.027    -7   15 c  0   1.15  20.78262  -3.18700  5418.82  6828.86 2.89 2.73 -43.4 -0.365 19.10 20.81 04a59939o0046c
59939.063212 -23.888 11.200    -1   11 c  0   1.14  20.78262  -3.18700  5407.55  6930.09 2.96 2.69 -45.8 -0.366 19.28 21.45 04a59939o0091c
59940.785460  20.310  1.235    27   34 o  0   1.02  20.78262  -3.18700  1657.51  5103.19 2.53 2.13 -73.1 -0.401 18.41 18.55 03a59941o0029o
59940.788620 -20.790  1.240   -18   22 o  0   1.23  20.78262  -3.18700  1675.91  5132.86 2.52 2.10 -71.2 -0.395 18.72 19.23 03a59941o0036o
59940.794940  20.486  0.667    23   16 o  0   1.04  20.78262  -3.18700  1619.47  5037.35 2.52 2.09 -72.9 -0.408 19.12 20.09 03a59941o0050o
59940.804895  20.532  0.653    22   14 o  0   0.99  20.78262  -3.18700  1597.98  5124.92 2.59 2.08 -71.8 -0.410 19.32 20.55 03a59941o0072o
59947.067285 -22.907 12.400    -2   31 o  0   1.22  20.78262  -3.18700  4556.26   998.86 2.43 2.32  11.0 -0.433 18.35 18.85 04a59947o0067o
59947.074056  19.817  0.742    43   32 o  0   0.95  20.78262  -3.18700  4536.36  1112.44 2.40 2.28   3.2 -0.428 18.35 18.80 04a59947o0082o
59948.818528  19.762  0.670    45   30 o  0   1.13  20.78262  -3.18700   638.31  7362.77 3.03 2.62 -64.9 -0.372 18.48 19.06 03a59949o0099o
59948.822132 -23.718 27.000    -1   32 o  0   0.93  20.78262  -3.18700   656.74  7392.12 2.94 2.54 -66.8 -0.381 18.49 19.03 03a59949o0107o
59948.828655  19.842  0.737    42   31 o  0   1.27  20.78262  -3.18700   604.59  7298.50 2.98 2.60 -64.5 -0.375 18.42 18.97 03a59949o0121o
59948.842894  20.722  1.835    19   34 o  0   0.97  20.78262  -3.18700   588.78  7378.78 2.99 2.56 -57.0 -0.371 18.42 18.94 03a59949o0152o
59951.091398 -16.398  1.426 -1002 1428 o  0   1.14  20.78262  -3.18700  4592.40  1032.34 2.44 2.33  -5.5 -0.444 14.56 14.31 04a59951o0150o
59951.094098  18.950  2.966    96  283 o  0   0.96  20.78262  -3.18700  4611.13  1071.18 2.38 2.25   7.7 -0.440 15.08 14.83 04a59951o0156o
59951.100426 -19.970  7.444   -37  278 o  0   1.24  20.78262  -3.18700  4551.31   993.39 2.41 2.32  20.2 -0.432 16.01 15.93 04a59951o0170o
59951.110383 -18.581  1.239  -134  166 o  0   1.38  20.78262  -3.18700  4526.47  1111.61 2.19 2.09 -23.1 -0.392 16.19 15.92 04a59951o0192o
59952.786579  19.428  0.528    62   32 o  0   0.95  20.78262  -3.18700  9297.79   908.50 2.59 2.24 -61.1 -0.412 18.40 18.67 03a59953o0015o
59952.789736 -21.228  1.960   -12   23 o  0   1.18  20.78262  -3.18700  9317.15   939.02 2.60 2.23 -60.7 -0.414 18.69 19.26 03a59953o0022o
59952.797866 -20.139  0.563   -32   18 o  0   1.06  20.78262  -3.18700  9263.76   837.07 2.58 2.21 -60.8 -0.417 19.07 20.13 03a59953o0040o
59952.811920 -23.595 11.889    -1   16 o  0   1.54  20.78262  -3.18700  9246.77   918.55 2.47 2.17 -64.8 -0.421 19.01 19.92 03a59953o0071o
59955.038259  20.212  1.146    30   34 o  0   1.18  20.78262  -3.18700  9673.51  5250.99 2.95 2.21 -16.7 -0.392 18.34 18.83 04a59955o0033o
59955.043237 -21.435  2.385   -10   23 o  0   1.14  20.78262  -3.18700  9616.13  5171.81 3.02 2.27 -17.9 -0.380 18.72 19.63 04a59955o0044o
59955.054125  21.068  1.533    14   21 o  0   1.19  20.78262  -3.18700  9594.31  5285.87 2.95 2.22 -17.6 -0.413 19.04 20.34 04a59955o0068o
59956.813056 -21.028  4.000   -14   56 c  0   1.02  20.78262  -3.18700  9250.36   890.31 4.02 3.75 -54.4 -0.309 17.56 20.22 03a59957o0089c
59960.221633  21.080  0.781    13   10 o  0   1.43  20.78262  -3.18700  5061.34  1759.15 1.94 1.88  50.4 -0.443 19.42 20.47 02a59960o0058o
59960.224799 -24.294 18.000    -1   12 o  0   0.86  20.78262  -3.18700  5042.90  1720.60 1.93 1.92 -81.9 -0.440 19.41 20.50 02a59960o0065o
59960.230220  22.012  2.382     6   14 o  0   0.83  20.78262  -3.18700  5101.81  1799.70 1.99 1.93  54.5 -0.439 19.39 20.52 02a59960o0077o
59960.241166   0.000 21.349     0   10 o  0   1.16  20.78262  -3.18700  5121.74  1682.10 1.94 1.89  82.7 -0.445 19.43 20.54 02a59960o0101o
59964.256566  21.297  1.315    11   14 o  0   1.25  20.78262  -3.18700  9608.56  7777.83 2.42 2.29 -64.1 -0.441 19.35 20.52 02a59964o0108o
59964.260197   0.000 20.951     0   15 o  0   1.23  20.78262  -3.18700  9628.75  7661.78 2.43 2.22 -63.7 -0.446 19.37 20.51 02a59964o0116o
59968.213477 -20.278  0.789   -28   22 o  0   1.67  20.78262  -3.18700  9225.62  7372.47 2.50 2.07  32.0 -0.443 18.85 19.54 02a59968o0031o
59968.216648 -20.240  0.684   -29   20 o  0   0.95  20.78262  -3.18700  9205.75  7334.16 2.43 2.14  33.0 -0.437 19.14 20.01 02a59968o0038o
59968.223450 -22.588  4.760    -3   16 o  0   0.91  20.78262  -3.18700  9263.59  7412.27 2.37 2.10  36.5 -0.445 19.32 20.40 02a59968o0053o
59968.234308  22.035  2.581     6   14 o  0   0.85  20.78262  -3.18700  9282.89  7297.32 2.28 2.08  30.9 -0.453 19.41 20.48 02a59968o0077o
59980.782462 -23.822 43.800    -1   47 o  0   1.04  20.78262  -3.18700  4638.57  1067.30 2.77 2.61 -54.5 -0.378 17.92 18.21 03a59981o0005o
59980.786540  18.712  0.352   119   42 o  0   1.17  20.78262  -3.18700  4658.15  1107.10 2.73 2.57 -58.8 -0.361 18.00 18.35 03a59981o0014o
59980.794249 -19.367  0.680   -65   44 o  0   1.22  20.78262  -3.18700  4604.69  1027.16 2.88 2.72 -59.5 -0.383 17.94 18.39 03a59981o0031o
59980.806017 -19.628  0.974   -51   50 o  0   1.05  20.78262  -3.18700  4585.26  1142.90 3.03 2.98 -31.7 -0.337 17.84 18.28 03a59981o0057o
59983.025860 -20.380  3.790   -26   97 o  0   1.54  20.78262  -3.18700  1670.89  8974.54 3.21 2.53 -76.1 -0.340 17.02 17.02 04a59983o0029o
59983.029018 -20.396  2.978   -25   75 o  0   1.22  20.78262  -3.18700  1688.67  9015.04 3.20 2.59 -77.7 -0.386 17.50 17.80 04a59983o0036o
59983.035781 -22.223  7.765    -5   36 o  0   1.37  20.78262  -3.18700  1627.65  8939.99 3.25 2.59 -77.0 -0.344 18.17 19.05 04a59983o0051o
59983.045697 -19.813  0.724   -43   31 o  0   1.07  20.78262  -3.18700  1602.89  9060.95 3.23 2.61 -82.2 -0.332 18.42 19.54 04a59983o0073o
60101.179534  21.962  5.270     6   31 o  0   0.88  20.78262  -3.18700  5922.76  9496.64 2.73 2.26 -32.0 -0.388 18.64 19.07 03a60101o1064o
60101.183299  19.210  0.423    75   32 o  0   1.15  20.78262  -3.18700  5902.84  9456.35 2.81 2.36 -34.6 -0.377 18.47 18.86 03a60101o1072o
60101.185680 -20.479  1.214   -23   28 o  0   1.53  20.78262  -3.18700  5959.61  9535.57 2.79 2.28 -32.0 -0.367 18.37 18.59 03a60101o1077o
60101.188908  20.383  1.809    26   46 o  0   1.17  20.78262  -3.18700  5980.35  9418.62 2.77 2.28 -31.3 -0.383 18.04 18.05 03a60101o1084o
60116.160989  20.967  1.644    15   24 o  0   0.87  20.78262  -3.18700  2967.61  7094.73 2.60 2.34 -42.3 -0.379 18.81 20.04 03a60116o0229o
60116.164603 -22.346  5.438    -4   23 o  0   0.91  20.78262  -3.18700  2949.03  7055.21 2.79 2.50 -39.9 -0.377 18.75 20.03 03a60116o0237o
60116.185223 -20.188  0.875   -30   27 o  0   0.96  20.78262  -3.18700  3004.48  7130.14 2.81 2.48 -23.9 -0.372 18.55 19.56 03a60116o0281o
60116.188393  22.374 10.833     4   44 o  0   1.08  20.78262  -3.18700  3028.11  7014.71 2.79 2.43 -15.8 -0.366 18.01 18.77 03a60116o0288o
60126.360791 -22.591  5.778    -3   19 o  0   1.73  20.78262  -3.18700   758.59  1489.84 1.84 1.79  56.8 -0.509 18.75 19.42 04a60126o0909o
60126.363499 -20.140  0.870   -32   28 o  0   1.26  20.78262  -3.18700   737.27  1450.67 1.89 1.73  52.2 -0.510 18.80 19.46 04a60126o0915o
60126.368518 -21.291  2.189   -11   24 o  0   1.02  20.78262  -3.18700   797.76  1529.74 1.85 1.82  69.3 -0.488 18.77 19.45 04a60126o0926o
60126.380401 -21.154  1.667   -12   21 o  0   1.00  20.78262  -3.18700   817.89  1411.59 1.85 1.77  83.1 -0.503 18.87 19.57 04a60126o0952o
60128.103854 -20.236  0.856   -29   25 o  0   1.24  20.78262  -3.18700  9102.76  5490.53 2.54 2.29 -44.1 -0.385 18.50 18.94 03a60128o0777o
60128.106592  19.710  0.492    47   23 o  0   1.35  20.78262  -3.18700  9084.72  5452.14 2.51 2.21 -46.5 -0.393 18.52 18.95 03a60128o0783o
60128.119302  22.046  4.794     6   26 o  0   1.04  20.78262  -3.18700  9138.53  5528.96 2.64 2.40 -45.7 -0.386 18.50 19.03 03a60128o0810o
60128.125330 -17.825  0.089  -269   24 o  0   3.34  20.78262  -3.18700  9161.15  5411.73 2.57 2.31 -48.1 -0.386 18.55 19.06 03a60128o0823o
60129.355567 -19.519  0.578   -56   33 o  0   1.23  20.78262  -3.18700  9152.92  5464.06 2.90 2.62 -17.6 -0.345 18.19 18.90 04a60129o0900o
60129.365206  22.356  6.640     4   28 o  0   1.44  20.78262  -3.18700  9131.19  5426.15 2.51 2.24  -7.7 -0.392 18.43 18.97 04a60129o0921o
60129.367949  21.789  3.780     7   26 o  0   1.57  20.78262  -3.18700  9189.85  5503.48 2.58 2.26 -15.6 -0.387 18.44 19.00 04a60129o0927o
60129.382608  19.492  0.440    58   26 o  0   1.30  20.78262  -3.18700  9210.54  5388.38 2.46 2.22  -3.3 -0.411 18.52 19.00 04a60129o0959o
60131.124426 -21.857 11.364    -7   75 o  0   1.71  20.78262  -3.18700  9045.74  3553.18 2.63 2.29 -19.8 -0.389 17.22 17.20 03a60131o0949o
60131.127162 -19.757  2.684   -45  122 o  0   1.33  20.78262  -3.18700  9027.79  3514.74 2.90 2.36  -1.5 -0.397 16.68 16.56 03a60131o0955o
60131.133137 -18.903  0.948  -100   95 o  0   1.10  20.78262  -3.18700  9083.40  3593.28 2.37 2.13 -41.5 -0.411 17.05 16.85 03a60131o0968o
60131.143286 -19.259  1.017   -72   73 o  0   0.93  20.78262  -3.18700  9107.56  3476.29 2.51 2.22 -19.3 -0.397 17.51 17.44 03a60131o0990o
60132.320566  18.846  0.916   105   96 o  0   0.85  20.78262  -3.18700   883.46  3438.66 2.76 2.31  42.7 -0.333 17.22 17.42 04a60132o0825o
60132.330615 -19.681  0.694   -49   34 o  0   1.56  20.78262  -3.18700   860.42  3401.08 2.88 2.43  42.6 -0.350 18.01 18.42 04a60132o0846o
60132.333343 -19.966  0.943   -38   35 o  0   0.95  20.78262  -3.18700   919.24  3479.19 2.60 2.15  43.9 -0.358 18.16 18.60 04a60132o0852o
60132.338812 -20.102  1.019   -33   34 o  0   1.51  20.78262  -3.18700   938.11  3363.54 2.39 2.09  45.3 -0.394 18.28 18.71 04a60132o0864o
60138.340033 -21.606  1.667    -8   14 o  0   1.07  20.78262  -3.18700  2933.70  5286.56 2.17 1.94  84.3 -0.387 19.24 20.56 04a60138o0625o
60138.342812 -20.763  0.921   -18   16 o  0   0.85  20.78262  -3.18700  2913.81  5248.10 2.13 1.89  87.1 -0.393 19.24 20.52 04a60138o0631o
60138.377952 -23.152  7.053    -2   14 o  0   1.28  20.78262  -3.18700  2977.22  5324.68 2.00 1.85 -89.3 -0.442 19.30 20.56 04a60138o0707o
60143.104678 -24.205 16.000    -1   12 c  0   0.64  20.78262  -3.18700  3473.99  9042.42 2.64 2.34 -41.4 -0.379 19.57 21.32 03a60143o0862c
60143.110138 -23.569  8.000    -1   11 c  0   1.16  20.78262  -3.18700  3512.36  9082.42 2.62 2.34 -41.3 -0.379 19.60 21.29 03a60143o0874c
60143.133460  26.055 63.000     0    9 c  0   1.22  20.78262  -3.18700  3534.29  8964.99 2.50 2.27 -43.2 -0.378 19.61 21.28 03a60143o0921c
60150.323082 -17.530  0.471  -353  166 o  0   0.71  20.78262  -3.18700  6065.11  9543.62 2.29 2.05 -75.7 -0.448 17.00 18.35 04a60150o0399o
60150.325829  18.023  1.308   224  293 o  0   1.64  20.78262  -3.18700  6044.76  9504.63 2.20 2.03 -65.5 -0.402 16.09 17.38 04a60150o0405o
60153.289743  20.182  0.496    31   15 o  0   1.26  20.78262  -3.18700   981.55  5380.64 2.11 1.94  84.0 -0.397 19.14 20.15 04a60153o0721o
60153.299374  21.070  1.232    14   17 o  0   0.73  20.78262  -3.18700   964.59  5342.43 2.16 1.96  74.8 -0.404 19.22 20.34 04a60153o0741o
60153.311801  20.359  0.456    26   12 o  0   1.23  20.78262  -3.18700  1022.87  5419.46 2.09 1.89  87.9 -0.422 19.34 20.55 04a60153o0768o
60153.314072 -22.340  2.865    -4   12 o  0   1.30  20.78262  -3.18700  1043.11  5303.03 2.04 1.90 -86.5 -0.434 19.32 20.55 04a60153o0773o
60156.276364 -20.900  1.640   -16   26 o  0   1.01  20.78262  -3.18700  7201.02  5565.69 2.10 1.94 -11.9 -0.474 18.69 19.27 04a60156o0707o
60156.279549 -20.587  1.193   -21   25 o  0   1.12  20.78262  -3.18700  7180.38  5527.28 2.14 1.96  -7.6 -0.436 18.64 19.17 04a60156o0714o
60156.282299 -19.880  1.678   -41   68 o  0   1.01  20.78262  -3.18700  7239.55  5604.78 2.21 2.09 -18.0 -0.475 17.66 18.77 04a60156o0720o
