MJD          m      dm   uJy   duJy F err chi/N     RA       Dec        x        y     maj  min   phi  apfit mag5sig Sky   Obs
59590.606884  19.605  0.339    52   18 o  0   0.79 234.49004  56.27164  1840.82  9095.73 3.74 3.51 -51.5 -0.417 19.10 21.09 01a59590o0878o
59590.611061  19.533  0.215    56   12 o  0   1.34 234.49004  56.27164  1825.69  9054.66 3.13 2.90 -40.9 -0.443 19.31 21.13 01a59590o0887o
59590.616592  19.407  0.217    63   14 o  0   1.05 234.49004  56.27164  1886.18  9130.16 2.99 2.89 -68.6 -0.446 19.34 21.15 01a59590o0899o
59590.627206  20.076  0.392    34   13 o  0   1.26 234.49004  56.27164  1909.16  9018.07 3.22 3.14 -55.6 -0.421 19.26 21.19 01a59590o0922o
59592.602424  19.349  0.172    66   11 c  0   1.01 234.49004  56.27164 10373.72  3483.32 2.73 2.51 -46.9 -0.415 19.51 21.65 02a59592o0806c
59592.605625  19.251  0.137    72   10 c  0   1.21 234.49004  56.27164 10392.83  3520.64 2.78 2.55 -47.0 -0.414 19.50 21.66 02a59592o0813c
59592.611652  19.339  0.154    67   10 c  0   0.99 234.49004  56.27164 10333.90  3447.00 2.75 2.57 -31.8 -0.405 19.46 21.60 02a59592o0826c
59592.618104  19.249  0.168    72   12 c  0   0.98 234.49004  56.27164   905.67  3561.28 2.56 2.52  70.8 -0.415 18.76 20.93 02a59592o0840c
59592.621330  19.500  0.193    58   11 c  0   0.92 234.49004  56.27164   925.60  3601.69 2.66 2.62  51.6 -0.405 19.36 21.61 02a59592o0847c
59592.624076  19.168  0.240    78   19 c  0   0.95 234.49004  56.27164 10314.62  3563.79 2.81 2.67 -37.2 -0.407 19.30 21.49 02a59592o0853c
59592.628211  19.595  0.674    53   36 c  0   1.09 234.49004  56.27164   867.11  3518.30 2.87 2.80  32.0 -0.409 18.38 20.56 02a59592o0862c
59592.645973  19.675  0.234    49   12 c  0   0.80 234.49004  56.27164   854.24  3631.29 2.72 2.59  37.5 -0.402 19.45 21.67 02a59592o0898c
59598.599680  19.184  0.330    77   25 o  0   1.19 234.49004  56.27164  7632.48   696.24 2.91 2.81 -67.0 -0.499 18.53 19.31 01a59598o0873o
59598.606133  19.465  0.437    59   26 o  0   0.96 234.49004  56.27164  7611.90   658.26 2.84 2.77 -62.6 -0.496 18.57 19.35 01a59598o0887o
59598.610301  19.689  0.498    48   24 o  0   1.33 234.49004  56.27164  7676.80   734.91 2.84 2.77 -69.9 -0.502 18.58 19.38 01a59598o0896o
59598.624234 -20.550  1.240   -22   27 o  0   1.04 234.49004  56.27164  7698.36   616.29 2.98 2.90  56.6 -0.477 18.59 19.46 01a59598o0924o
59604.618202  19.315  0.202    68   14 o  0   0.99 234.49004  56.27164  5291.96  8128.83 2.74 2.22  38.6 -0.399 19.21 20.35 02a59604o0897o
59604.622335  19.711  0.273    47   13 o  0   1.38 234.49004  56.27164  5322.40  8168.97 2.19 2.10  53.5 -0.436 19.33 20.36 02a59604o0906o
59604.628307  19.216  0.207    75   16 o  0   1.23 234.49004  56.27164  5262.62  8091.47 2.27 2.04  42.8 -0.433 19.34 20.33 02a59604o0919o
59604.643934  18.987  0.147    92   14 o  0   1.16 234.49004  56.27164  5244.25  8207.66 2.26 2.08  47.1 -0.428 19.32 20.29 02a59604o0953o
59608.581083  19.309  0.191    69   13 o  0   1.15 234.49004  56.27164  5296.09  8135.55 2.35 2.20  46.4 -0.414 19.38 20.63 02a59608o0832o
59608.584294  19.050  0.144    87   13 o  0   1.33 234.49004  56.27164  5314.60  8174.76 2.44 2.20  41.3 -0.420 19.35 20.55 02a59608o0839o
59608.590262  19.188  0.167    77   13 o  0   1.21 234.49004  56.27164  5254.33  8095.48 2.36 2.18  44.6 -0.414 19.39 20.64 02a59608o0852o
59608.602673  19.652  0.265    50   13 o  0   0.76 234.49004  56.27164  5233.37  8211.06 2.28 2.16  47.8 -0.424 19.40 20.66 02a59608o0879o
59609.637380  19.496  0.221    58   13 o  0   1.00 234.49004  56.27164  1234.24  2814.78 3.17 2.91 -41.5 -0.478 19.39 21.15 01a59609o0949o
59609.654033  19.429  0.233    61   14 o  0   0.85 234.49004  56.27164  1215.24  2777.37 3.04 2.80 -45.8 -0.488 19.36 21.10 01a59609o0984o
59609.662907  19.431  0.238    61   15 o  0   1.31 234.49004  56.27164  1280.17  2850.43 3.15 2.86 -47.7 -0.484 19.24 20.76 01a59609o1003o
59609.668550  19.349  0.324    66   21 o  0   1.04 234.49004  56.27164  1301.70  2730.97 2.74 2.65 -38.9 -0.510 18.84 19.79 01a59609o1015o
59613.571298  19.723  0.273    47   13 o  0   1.23 234.49004  56.27164  1219.93  2813.59 2.98 2.75 -49.3 -0.501 19.40 21.15 01a59613o0799o
59613.574997  19.296  0.195    70   14 o  0   0.89 234.49004  56.27164  1200.18  2777.23 2.98 2.74 -46.8 -0.499 19.42 21.15 01a59613o0807o
59613.580528  19.826  0.276    43   12 o  0   1.06 234.49004  56.27164  1263.81  2852.26 2.78 2.62 -48.7 -0.506 19.46 21.18 01a59613o0819o
59613.593473  19.356  0.197    66   13 o  0   0.86 234.49004  56.27164  1285.62  2734.81 2.83 2.64 -47.8 -0.504 19.46 21.22 01a59613o0847o
59615.580762  19.082  0.146    85   12 c  0   0.84 234.49004  56.27164  6878.49 10163.86 2.63 2.57 -31.7 -0.411 19.54 21.42 02a59615o0823c
59615.584014  19.370  0.180    65   12 c  0   1.04 234.49004  56.27164  6899.33 10202.60 2.70 2.56 -40.4 -0.409 19.61 21.44 02a59615o0830c
59615.589517  19.345  0.178    66   12 c  0   1.21 234.49004  56.27164  6835.55 10125.97 2.65 2.55 -41.1 -0.415 19.58 21.48 02a59615o0842c
59615.603333  19.520  0.182    56   10 c  0   1.42 234.49004  56.27164  6816.87 10242.96 2.61 2.56 -34.8 -0.410 19.64 21.52 02a59615o0872c
59619.618983  19.227  0.122    74    9 c  0   1.28 234.49004  56.27164 10085.97  5646.58 2.55 2.54  38.1 -0.421 19.65 21.59 02a59619o0877c
59619.622183  19.190  0.129    76   10 c  0   1.35 234.49004  56.27164 10106.82  5684.83 2.60 2.53  37.7 -0.416 19.66 21.58 02a59619o0884c
59619.640074  19.538  0.168    56    9 c  0   1.09 234.49004  56.27164 10055.09  5613.18 2.64 2.57  37.5 -0.416 19.65 21.58 02a59619o0922c
59619.651169  19.274  0.155    71   11 c  0   1.17 234.49004  56.27164 10035.39  5731.67 2.62 2.53  39.5 -0.415 19.64 21.55 02a59619o0946c
59621.571428  19.521  0.263    56   15 o  0   0.91 234.49004  56.27164  7411.11  8642.43 3.16 2.97  60.0 -0.433 19.30 21.00 01a59621o0778o
59621.574659  19.918  0.337    39   13 o  0   1.11 234.49004  56.27164  7393.79  8598.57 3.16 2.92  50.3 -0.427 19.34 20.99 01a59621o0785o
59621.583913  19.681  0.253    49   12 o  0   1.17 234.49004  56.27164  7454.12  8679.46 3.14 2.92  50.6 -0.432 19.37 21.06 01a59621o0805o
59621.596878  19.544  0.224    55   12 o  0   1.09 234.49004  56.27164  7475.33  8558.27 3.28 2.99  44.2 -0.417 19.35 21.12 01a59621o0833o
59623.571747  19.659  0.262    50   13 o  0   2.04 234.49004  56.27164 10079.00  5647.17 2.35 2.27  11.2 -0.430 19.12 19.95 02a59623o0740o
59623.573574  19.793  0.474    44   21 o  0   0.70 234.49004  56.27164 10100.11  5684.16 2.37 2.33 -38.0 -0.434 19.11 19.96 02a59623o0744o
59623.579091  19.581  0.307    53   16 o  0   1.24 234.49004  56.27164 10039.82  5611.91 2.33 2.28 -39.9 -0.437 19.15 19.98 02a59623o0756o
59623.584131  19.399  0.240    63   15 o  0   1.15 234.49004  56.27164   376.01  5664.93 2.23 2.15 -47.1 -0.400 19.08 19.96 02a59623o0767o
59623.587801  20.371  0.593    26   15 o  0   0.95 234.49004  56.27164   395.94  5704.92 2.22 2.14 -47.5 -0.401 19.08 19.98 02a59623o0775o
59623.589637  20.040  0.459    35   16 o  0   1.11 234.49004  56.27164 10021.83  5730.41 2.33 2.28  15.4 -0.434 19.19 20.04 02a59623o0779o
59623.593304  19.229  0.206    74   15 o  0   0.80 234.49004  56.27164   336.97  5623.00 2.11 2.03 -48.6 -0.403 19.18 20.02 02a59623o0787o
59623.604771  19.270  0.209    71   15 o  0   1.08 234.49004  56.27164   319.47  5737.74 2.10 2.04 -46.8 -0.400 19.22 20.14 02a59623o0812o
59625.634272  19.531  0.402    56   22 o  0   1.12 234.49004  56.27164  7258.66  2320.11 3.26 2.83 -54.6 -0.487 18.62 19.68 01a59625o0557o
59625.644840  21.110  1.606    13   21 o  0   0.93 234.49004  56.27164  7239.16  2278.93 2.94 2.83 -53.1 -0.467 18.76 19.72 01a59625o0579o
59625.656601  19.415  0.391    62   24 o  0   0.77 234.49004  56.27164  7298.33  2353.08 3.08 2.76 -57.5 -0.482 18.78 19.77 01a59625o0604o
59625.665098  20.092  0.786    33   26 o  0   1.00 234.49004  56.27164  7311.44  2236.50 2.95 2.68 -57.8 -0.495 18.63 19.42 01a59625o0621o
59627.621449  19.686  0.446    48   22 o  0   0.88 234.49004  56.27164  5092.96  1842.58 1.99 1.91  57.7 -0.441 18.86 19.24 02a59627o0903o
59627.624658  19.427  0.359    62   22 o  0   0.73 234.49004  56.27164  5111.12  1881.46 2.02 1.90  55.6 -0.441 18.89 19.25 02a59627o0910o
59627.630612  21.515  2.319     9   21 o  0   0.97 234.49004  56.27164  5055.94  1805.31 2.02 1.91  59.1 -0.434 18.90 19.26 02a59627o0923o
59627.648296  19.386  0.373    64   24 o  0   0.95 234.49004  56.27164  5043.64  1920.37 2.29 2.25  50.6 -0.423 18.79 19.30 02a59627o0961o
59629.542948  19.826  0.601    43   26 o  0   1.00 234.49004  56.27164  7262.97  2339.67 2.71 2.64 -68.6 -0.485 18.63 19.39 01a59629o0632o
59629.546140  19.290  0.319    70   22 o  0   1.77 234.49004  56.27164  7240.73  2302.28 2.81 2.70 -67.3 -0.484 18.62 19.40 01a59629o0639o
59629.551642  20.087  0.751    34   25 o  0   0.78 234.49004  56.27164  7304.04  2376.58 2.72 2.63 -65.0 -0.497 18.64 19.42 01a59629o0651o
59629.562184  18.971  0.267    94   25 o  0   1.00 234.49004  56.27164  7323.48  2261.12 2.85 2.80 -84.8 -0.464 18.64 19.46 01a59629o0674o
59631.555369  20.253  0.533    29   15 o  0   0.94 234.49004  56.27164  5082.43  1841.31 2.13 1.92  54.4 -0.441 19.18 19.96 02a59631o0759o
59631.558570  19.618  0.235    52   12 o  0   1.53 234.49004  56.27164  5101.76  1880.21 2.11 1.91  50.8 -0.441 19.24 19.96 02a59631o0766o
59631.564066  19.270  0.212    71   15 o  0   1.06 234.49004  56.27164  5044.98  1801.87 2.09 1.92  55.3 -0.438 19.26 19.99 02a59631o0778o
59631.574141  19.738  0.257    46   12 o  0   1.57 234.49004  56.27164  5029.10  1918.72 2.22 1.90  49.0 -0.437 19.21 20.02 02a59631o0800o
59633.602349  20.177  0.462    31   14 o  0   1.02 234.49004  56.27164  3721.02  8879.11 2.95 2.84 -49.7 -0.446 19.22 20.67 01a59633o0869o
59633.604184  19.834  0.341    42   14 o  0   1.12 234.49004  56.27164  3700.93  8841.60 2.89 2.77 -46.7 -0.453 19.23 20.68 01a59633o0873o
59633.610588  19.572  0.279    54   15 o  0   1.25 234.49004  56.27164  3760.34  8915.31 2.96 2.89 -79.4 -0.441 19.24 20.70 01a59633o0887o
59633.621986  19.780  0.319    44   14 o  0   1.17 234.49004  56.27164  3776.41  8797.14 3.02 2.95  75.5 -0.432 19.22 20.72 01a59633o0911o
59635.596454  19.542  0.223    55   12 o  0   0.71 234.49004  56.27164  8480.95  3707.62 2.27 2.08  50.4 -0.421 19.46 20.67 02a59635o0843o
59635.598740  19.846  0.253    42   11 o  0   1.17 234.49004  56.27164  8500.55  3745.62 2.22 2.06  58.1 -0.421 19.48 20.67 02a59635o0848o
59635.601494  19.687  0.232    48   11 o  0   1.33 234.49004  56.27164  8441.55  3671.04 2.29 2.04  45.8 -0.417 19.44 20.64 02a59635o0854o
59635.606977  19.536  0.181    56   10 o  0   1.66 234.49004  56.27164  8423.92  3790.24 2.21 2.00  51.1 -0.424 19.49 20.63 02a59635o0866o
59637.535099  19.967  0.343    37   13 o  0   0.78 234.49004  56.27164  3709.83  8881.96 3.01 2.92 -62.7 -0.429 19.38 21.16 01a59637o0714o
59637.538327  20.079  0.360    34   12 o  0   1.08 234.49004  56.27164  3690.78  8843.24 2.93 2.82 -53.8 -0.443 19.40 21.18 01a59637o0721o
59637.544726  19.792  0.275    44   12 o  0   0.95 234.49004  56.27164  3750.25  8917.64 3.19 3.08 -58.6 -0.419 19.34 21.21 01a59637o0735o
59637.552033  19.825  0.303    43   13 o  0   0.89 234.49004  56.27164  3768.57  8799.86 3.17 3.10 -72.7 -0.417 19.33 21.22 01a59637o0751o
59638.411036  19.998  0.453    36   16 c  0   1.48 234.49004  56.27164  4553.58    56.14 3.16 2.84 -50.5 -0.359 19.10 21.09 02a59638o0439c
59638.411491  19.173  0.227    78   18 c  0   0.75 234.49004  56.27164  4571.40    95.36 2.95 2.76 -83.5 -0.359 19.12 21.10 02a59638o0440c
59638.412406  20.194  0.570    30   17 c  0   1.10 234.49004  56.27164  4497.99   133.19 3.24 3.06  69.7 -0.347 19.02 21.09 02a59638o0442c
59638.412862  20.454  0.586    24   14 c  0   1.58 234.49004  56.27164  4534.00    74.36 2.86 2.69 -82.3 -0.375 19.13 21.10 02a59638o0443c
59638.413820 -17.936  2.983  -243  725 o  0   0.01 234.49004  56.27164  6024.02 10514.17 3.01 2.78  56.7 -0.456 18.88 20.01 01a59638o0456o
59638.414729  19.702  0.479    48   23 o  0   0.94 234.49004  56.27164  6097.01 10474.80 2.98 2.78  57.4 -0.472 18.87 20.01 01a59638o0458o
59639.535442  20.298  0.328    28    9 c  0   1.11 234.49004  56.27164  8466.36  3705.15 2.50 2.42 -69.7 -0.400 19.71 21.71 02a59639o0708c
59639.538640  19.779  0.224    44   10 c  0   0.99 234.49004  56.27164  8485.65  3743.25 2.48 2.45  75.5 -0.398 19.70 21.71 02a59639o0715c
59639.541854  19.877  0.225    41    9 c  0   1.24 234.49004  56.27164  8429.08  3668.26 2.51 2.46 -67.6 -0.399 19.70 21.71 02a59639o0722c
59639.548262  20.009  0.252    36    9 c  0   1.01 234.49004  56.27164  8411.08  3785.74 2.48 2.41 -80.7 -0.400 19.67 21.72 02a59639o0736c
59641.609653  19.828  0.278    43   12 o  0   1.10 234.49004  56.27164  8242.82  4843.52 2.75 2.73 -86.2 -0.465 19.50 21.19 01a59641o0782o
59641.611935  19.475  0.206    59   12 o  0   1.07 234.49004  56.27164  8222.72  4803.89 2.86 2.75  38.9 -0.448 19.47 21.20 01a59641o0787o
59641.617040  20.403  0.432    25   11 o  0   1.37 234.49004  56.27164  8281.58  4881.16 2.83 2.72  30.1 -0.450 19.49 21.21 01a59641o0798o
59641.634835  19.899  0.265    40   11 o  0   1.07 234.49004  56.27164  2237.27  5843.14 2.78 2.55 -49.2 -0.486 19.49 21.18 01a59641o0836o
59643.592522  19.862  0.341    41   14 c  0   0.83 234.49004  56.27164  6582.80  3871.20 2.48 2.15  74.3 -0.423 19.15 21.72 02a59643o0772c
59643.595417  20.070  0.331    34   11 c  0   1.41 234.49004  56.27164  6602.75  3910.20 2.49 2.14  74.3 -0.422 19.20 21.75 02a59643o0778c
59643.598332  19.963  0.361    38   14 c  0   1.13 234.49004  56.27164  6546.53  3833.92 2.49 2.14  73.8 -0.422 19.20 21.76 02a59643o0784c
59643.604228  20.064  0.406    34   14 c  0   0.90 234.49004  56.27164  6528.67  3951.21 2.54 2.17  73.0 -0.417 19.18 21.72 02a59643o0796c
59645.535384  20.097  0.391    33   13 o  0   1.03 234.49004  56.27164  8241.29  4862.18 2.90 2.82 -76.6 -0.458 19.38 21.12 01a59645o0708o
59645.537661  19.935  0.309    39   12 o  0   1.13 234.49004  56.27164  8221.55  4822.92 2.97 2.89 -82.8 -0.441 19.36 21.11 01a59645o0713o
59645.541782  22.225  2.682     5   12 o  0   1.22 234.49004  56.27164  8282.34  4900.66 3.05 2.96 -66.3 -0.438 19.32 21.10 01a59645o0722o
59645.547252  20.129  0.360    32   12 o  0   1.24 234.49004  56.27164  8300.77  4783.21 2.95 2.87  69.8 -0.444 19.39 21.08 01a59645o0734o
59647.552317  19.536  0.273    56   15 c  0   1.42 234.49004  56.27164  6577.74  3870.76 2.68 2.42  75.8 -0.419 18.89 21.77 02a59647o0513c
59647.555276  19.601  0.283    52   15 c  0   1.23 234.49004  56.27164  6597.77  3909.40 2.57 2.29  74.7 -0.421 18.96 21.77 02a59647o0519c
59647.558703  19.338  0.279    67   19 c  0   0.90 234.49004  56.27164  6540.54  3833.33 2.62 2.31  73.7 -0.425 18.94 21.77 02a59647o0526c
59649.582186  19.753  0.213    46   10 o  0   1.52 234.49004  56.27164  4350.14  5072.42 2.78 2.70 -44.0 -0.458 19.48 21.36 01a59649o0723o
59649.584471  20.311  0.385    27   10 o  0   1.07 234.49004  56.27164  4329.94  5033.24 2.97 2.93 -33.5 -0.433 19.43 21.36 01a59649o0728o
59649.587206  19.718  0.250    47   12 o  0   0.96 234.49004  56.27164  4390.21  5107.65 2.90 2.84  47.5 -0.434 19.47 21.37 01a59649o0734o
59649.592677  20.321  0.400    27   11 o  0   0.81 234.49004  56.27164  4407.20  4990.45 2.86 2.79  40.2 -0.434 19.50 21.38 01a59649o0746o
59653.528130  19.355  0.371    66   24 o  0   0.84 234.49004  56.27164  4352.43  5075.76 3.03 2.96 -59.8 -0.446 18.78 19.80 01a59653o0283o
59653.531323  19.750  0.401    46   18 o  0   1.17 234.49004  56.27164  4332.21  5037.70 2.90 2.83 -50.9 -0.454 18.78 19.81 01a59653o0290o
59653.537266  20.535  0.979    22   22 o  0   1.14 234.49004  56.27164  4392.51  5110.46 3.21 3.09  45.2 -0.437 18.71 19.79 01a59653o0303o
59653.542741  20.265  0.811    28   23 o  0   1.18 234.49004  56.27164  4410.11  4993.53 3.40 3.38  84.3 -0.421 18.61 19.74 01a59653o0315o
59657.549862  20.368  1.118    26   29 o  0   1.02 234.49004  56.27164  1528.23   641.71 2.88 2.76 -51.5 -0.545 18.59 19.31 01a59657o0743o
59657.553102  19.821  0.683    43   29 o  0   1.20 234.49004  56.27164  1505.75   605.67 2.77 2.65 -49.7 -0.564 18.66 19.32 01a59657o0750o
59657.555847  20.288  1.061    28   30 o  0   0.98 234.49004  56.27164  1569.33   679.77 2.98 2.83 -44.3 -0.533 18.57 19.31 01a59657o0756o
59657.571750  19.612  0.502    52   26 o  0   1.22 234.49004  56.27164  1583.49   559.11 2.70 2.66 -28.2 -0.534 18.62 19.34 01a59657o0790o
59665.545218 -21.823  1.649    -7   11 o  0   1.64 234.49004  56.27164  5933.55  6580.17 2.90 2.72  47.0 -0.436 19.36 20.77 01a59665o0701o
59665.547037  21.336  1.281    11   14 o  0   0.92 234.49004  56.27164  5912.97  6542.77 2.82 2.78  44.6 -0.448 19.35 20.76 01a59665o0705o
59665.549772  20.211  0.450    30   13 o  0   1.16 234.49004  56.27164  5971.05  6618.55 2.96 2.90  54.4 -0.433 19.30 20.76 01a59665o0711o
59665.555252  20.403  0.521    25   13 o  0   1.38 234.49004  56.27164  5990.85  6499.58 3.18 2.90  46.5 -0.396 19.28 20.77 01a59665o0723o
59669.519817 -23.708  9.571    -1   11 o  0   1.31 234.49004  56.27164  5935.78  6582.79 2.70 2.59  51.0 -0.459 19.45 20.93 01a59669o0019o
59669.523047  21.455  1.250    10   12 o  0   0.91 234.49004  56.27164  5917.22  6544.32 2.67 2.59  41.3 -0.464 19.48 20.94 01a59669o0026o
59669.525789  20.506  0.485    23   11 o  0   1.28 234.49004  56.27164  5975.63  6619.79 2.71 2.61  36.2 -0.461 19.44 20.96 01a59669o0032o
59669.533556  20.436  0.471    24   11 o  0   1.21 234.49004  56.27164  5993.84  6502.26 2.69 2.67 -22.8 -0.464 19.41 20.97 01a59669o0049o
59671.475395  20.058  0.388    34   13 c  0   0.71 234.49004  56.27164  1371.22  1947.81 2.86 2.58  48.0 -0.400 19.32 21.56 02a59671o0472c
59671.478631  20.393  0.465    25   12 c  0   1.19 234.49004  56.27164  1397.06  1989.65 2.64 2.52  61.9 -0.416 19.43 21.56 02a59671o0479c
59671.483752  20.341  0.476    26   13 c  0   0.78 234.49004  56.27164  1339.60  1907.36 2.63 2.52  69.8 -0.424 19.44 21.55 02a59671o0490c
59671.493802  20.695  0.530    19   10 c  0   1.32 234.49004  56.27164  1325.43  2025.88 2.71 2.52  51.4 -0.413 19.39 21.55 02a59671o0512c
59675.476993  21.354  1.069    10   11 c  0   0.94 234.49004  56.27164  8136.12  5866.32 2.85 2.43  38.9 -0.391 19.54 21.72 02a59675o0569c
59675.480194  20.052  0.424    35   15 c  0   1.14 234.49004  56.27164  8157.42  5903.54 2.94 2.46  37.9 -0.382 19.21 21.33 02a59675o0576c
59675.485926  19.973  0.426    37   16 c  0   0.92 234.49004  56.27164  8094.42  5829.31 3.24 2.54  37.1 -0.365 19.22 21.43 02a59675o0588c
59675.496568  19.766  0.405    45   18 c  0   0.61 234.49004  56.27164  8078.04  5946.69 2.79 2.38  39.2 -0.391 19.26 21.35 02a59675o0611c
59677.491038  21.293 35.109    11  387 o  0   0.00 234.49004  56.27164  3408.71 10522.28 2.96 2.81 -45.3 -0.441 19.25 20.65 01a59677o0522o
59677.507159  21.166  1.260    12   16 o  0   1.06 234.49004  56.27164  3487.30 10474.69 3.39 3.20  75.5 -0.396 19.13 20.73 01a59677o0555o
59677.508985  21.233  1.226    12   14 o  0   1.18 234.49004  56.27164  5687.38   277.67 3.10 2.97 -24.0 -0.449 19.18 20.65 01a59677o0559o
59677.510892  20.026  0.446    35   16 o  0   1.00 234.49004  56.27164  5667.33   237.54 3.01 2.94 -27.6 -0.450 19.19 20.65 01a59677o0563o
59677.514093  20.642  0.742    20   15 o  0   1.11 234.49004  56.27164  5730.72   313.16 3.03 2.94 -10.4 -0.459 19.18 20.61 01a59677o0570o
59677.525508  21.357  1.170    10   12 o  0   1.48 234.49004  56.27164  5747.04   193.19 2.90 2.82  11.1 -0.446 19.24 20.70 01a59677o0593o
59679.456769  19.640  0.352    51   18 c  0   1.26 234.49004  56.27164  8131.37  5863.02 3.41 2.66  37.4 -0.349 18.96 20.79 02a59679o0492c
59679.459057  20.733  1.090    18   20 c  0   1.02 234.49004  56.27164  8151.56  5901.15 3.38 2.65  37.8 -0.354 18.96 20.79 02a59679o0497c
59679.462253  19.647  0.305    50   15 c  0   1.47 234.49004  56.27164  8093.77  5825.77 2.89 2.46  38.3 -0.382 19.11 20.86 02a59679o0504c
59679.468297  20.962  1.095    15   16 c  0   1.19 234.49004  56.27164  8074.88  5943.70 3.35 2.63  37.3 -0.354 19.05 20.91 02a59679o0517c
59681.487724  19.155  0.270    79   21 o  0   1.18 234.49004  56.27164   235.55  7177.76 3.02 2.59 -46.3 -0.427 18.81 19.81 01a59681o0569o
59681.489547  19.765  0.488    45   22 o  0   0.97 234.49004  56.27164   215.83  7140.07 3.02 2.65 -48.0 -0.420 18.79 19.82 01a59681o0573o
59681.508019  20.299  0.970    28   27 o  0   0.80 234.49004  56.27164 10232.46  3303.72 3.01 2.92   9.2 -0.451 18.81 19.81 01a59681o0613o
59681.511447  21.142  2.161    13   27 o  0   0.74 234.49004  56.27164  9704.81  6922.76 3.26 3.03  30.5 -0.410 18.75 19.82 01a59681o0620o
59681.513276 -22.404  6.500    -4   26 o  0   1.15 234.49004  56.27164  9684.38  6883.30 3.10 3.05  22.6 -0.426 18.80 19.81 01a59681o0624o
59681.516017  19.656  0.502    50   25 o  0   1.18 234.49004  56.27164  9745.19  6961.28 3.02 2.98  14.8 -0.437 18.84 19.82 01a59681o0630o
59681.521515  19.567  0.436    54   24 o  0   1.11 234.49004  56.27164  9762.04  6843.81 3.41 3.00  28.0 -0.400 18.74 19.84 01a59681o0642o
59681.536232  20.643  0.896    20   18 o  0   1.65 234.49004  56.27164 10220.69  3422.90 3.03 2.88 -44.3 -0.468 18.83 19.84 01a59681o0674o
59683.503383 -18.195  2.771  -191  530 o  0   1.10 234.49004  56.27164  1282.65  8252.89 2.57 2.51   5.1 -0.477 16.52 16.68 02a59683o0588o
59683.507060  19.309  2.049    69  141 o  0   1.27 234.49004  56.27164  1301.12  8294.37 2.50 2.12  29.5 -0.444 16.91 17.31 02a59683o0596o
59683.512545 -17.718  0.592  -297  176 o  0   1.72 234.49004  56.27164  1242.49  8215.54 2.25 2.10  24.6 -0.462 17.28 17.39 02a59683o0608o
59683.518526  16.881  1.403   642  901 o  0   1.37 234.49004  56.27164  1223.50  8332.76 2.35 2.16  25.6 -0.400 15.52 15.46 02a59683o0621o
59687.465198  19.521  0.560    56   32 o  0   1.67 234.49004  56.27164  1275.99  8255.21 2.09 2.07 -70.1 -0.462 18.64 18.98 02a59687o0519o
59687.467485  20.025  0.820    36   29 o  0   1.14 234.49004  56.27164  1295.45  8295.19 2.10 2.04  26.1 -0.455 18.63 18.98 02a59687o0524o
59687.470238 -19.968  0.817   -37   30 o  0   1.12 234.49004  56.27164  1233.83  8215.65 2.14 1.95  30.1 -0.452 18.65 18.99 02a59687o0530o
59687.475723  21.753  4.508     7   33 o  0   0.99 234.49004  56.27164  1214.20  8330.89 2.08 2.02  23.8 -0.460 18.63 18.98 02a59687o0542o
59689.527420 -20.479  1.028   -23   24 o  0   1.01 234.49004  56.27164  7343.46  7942.13 3.05 2.98  26.5 -0.434 18.74 19.77 01a59689o0499o
59689.531068  20.848  1.256    17   21 o  0   1.54 234.49004  56.27164  7366.93  7981.91 3.05 2.70  35.9 -0.427 18.84 19.77 01a59689o0507o
59689.536596  20.440  0.920    24   22 o  0   0.87 234.49004  56.27164  7303.66  7906.43 2.71 2.65  12.1 -0.472 18.94 19.76 01a59689o0519o
59689.571156  20.393  0.950    25   24 o  0   1.07 234.49004  56.27164  7299.52  8026.57 2.98 2.94  38.7 -0.445 18.77 19.72 01a59689o0594o
59693.450114  19.929  0.358    39   14 o  0   1.60 234.49004  56.27164  3218.14  2602.40 2.79 2.60  46.5 -0.470 19.15 20.40 01a59693o0496o
59693.453316  20.036  0.437    35   15 o  0   0.95 234.49004  56.27164  3197.42  2565.03 2.72 2.58  42.4 -0.477 19.17 20.44 01a59693o0503o
59693.461569  20.744  0.895    18   16 o  0   0.99 234.49004  56.27164  3263.04  2637.93 2.74 2.73  15.4 -0.474 19.05 20.32 01a59693o0520o
59693.469829  19.989  0.419    37   15 o  0   1.17 234.49004  56.27164  3276.64  2519.46 2.76 2.67  36.6 -0.470 19.03 20.30 01a59693o0538o
59695.415875 -22.252  2.839    -5   13 c  0   0.88 234.49004  56.27164  8825.55  1556.13 2.57 2.36 -67.4 -0.412 19.47 21.36 02a59695o0410c
59695.419082  22.006  2.077     6   12 c  0   0.85 234.49004  56.27164  8845.13  1595.63 2.58 2.36 -67.4 -0.407 19.43 21.37 02a59695o0417c
59695.424194  21.093  0.747    13   10 c  0   1.28 234.49004  56.27164  8787.95  1522.14 2.49 2.32 -70.9 -0.414 19.47 21.37 02a59695o0428c
59695.429247  20.732  0.641    18   12 c  0   1.10 234.49004  56.27164  8770.56  1639.73 2.57 2.32 -66.4 -0.410 19.47 21.37 02a59695o0439c
59697.510684  21.140  1.100    13   14 o  0   1.33 234.49004  56.27164  5336.19  8129.17 2.76 2.68   3.1 -0.463 19.23 20.47 01a59697o0358o
59697.513921  21.714  1.767     8   13 o  0   1.57 234.49004  56.27164  5357.92  8168.98 2.69 2.63 -14.2 -0.474 19.21 20.44 01a59697o0365o
59697.519915 -21.403  1.414   -10   14 o  0   1.27 234.49004  56.27164  5297.42  8094.40 2.66 2.61  -9.6 -0.475 19.19 20.41 01a59697o0378o
59697.530974  21.129  1.014    13   13 o  0   1.47 234.49004  56.27164  5283.97  8211.97 2.83 2.69  30.2 -0.446 19.21 20.46 01a59697o0402o
59699.440891  20.040  0.839    35   29 c  0   1.45 234.49004  56.27164  2927.35  9872.53 2.54 2.38  39.5 -0.424 18.44 19.93 02a59699o0464c
59699.444089  19.587  0.391    53   21 c  0   1.13 234.49004  56.27164  2948.47  9913.64 2.56 2.40  37.6 -0.420 18.81 20.36 02a59699o0471c
59699.447299 -21.016  1.972   -14   28 c  0   1.17 234.49004  56.27164  2886.85  9833.60 2.60 2.41  33.5 -0.409 18.42 19.87 02a59699o0478c
59699.453321 -18.590  0.558  -133   74 c  0   1.24 234.49004  56.27164  2865.25  9950.90 2.51 2.42  28.0 -0.420 17.37 18.75 02a59699o0491c
59701.540840 -21.916  2.613    -6   16 o  0   0.91 234.49004  56.27164  5345.15  8137.77 2.88 2.82  26.1 -0.448 19.12 20.36 01a59701o0028o
59701.544985  20.906  0.929    16   15 o  0   1.09 234.49004  56.27164  5369.93  8176.01 2.78 2.73  25.5 -0.460 19.14 20.35 01a59701o0037o
59701.550102  22.509  4.882     4   18 o  0   1.13 234.49004  56.27164  5308.90  8100.88 2.81 2.75   0.1 -0.456 19.04 20.24 01a59701o0048o
59701.561650  17.638  0.424   320  136 o  0   1.08 234.49004  56.27164  5295.34  8221.22 3.11 2.90  37.9 -0.411 16.61 17.86 01a59701o0073o
59709.462806 -20.477  0.744   -23   17 o  0   1.23 234.49004  56.27164  6982.60 10108.13 4.42 3.42  43.4 -0.269 18.92 20.23 01a59709o0498o
59709.468331  20.297  0.578    28   16 o  0   0.96 234.49004  56.27164  7006.48 10147.35 3.17 2.75  43.4 -0.436 19.14 20.24 01a59709o0510o
59709.503635  20.687  0.816    19   16 o  0   1.09 234.49004  56.27164  6952.88 10075.75 3.24 2.90  42.1 -0.432 19.10 20.36 01a59709o0586o
59709.528522  23.264  8.250     2   15 o  0   1.26 234.49004  56.27164  6942.19 10198.61 3.25 2.93  42.6 -0.431 19.17 20.52 01a59709o0639o
59711.416817  20.295  0.670    28   18 o  0   1.35 234.49004  56.27164  2859.39  3555.87 2.54 2.14  40.1 -0.415 18.83 19.45 02a59711o0392o
59711.418644  21.436  2.143    10   21 o  0   1.35 234.49004  56.27164  2879.55  3594.81 2.53 2.21  38.5 -0.421 18.77 19.40 02a59711o0396o
59711.423760 -20.616  1.000   -21   21 o  0   1.17 234.49004  56.27164  2817.10  3516.80 2.74 2.15  36.6 -0.412 18.70 19.35 02a59711o0407o
59711.429261  20.116  0.789    33   26 o  0   1.25 234.49004  56.27164  2800.20  3633.44 2.79 2.17  37.5 -0.407 18.58 19.19 02a59711o0419o
59713.432700  19.673  0.766    49   38 o  0   1.05 234.49004  56.27164 10035.09  5494.60 3.59 3.32 -71.5 -0.433 18.47 19.40 01a59713o0445o
59713.435955  19.368  0.525    65   34 o  0   1.06 234.49004  56.27164 10055.80  5533.03 3.07 2.92 -66.5 -0.468 18.63 19.41 01a59713o0452o
59713.441482  20.398  1.512    25   38 o  0   1.11 234.49004  56.27164  9996.02  5461.14 3.76 3.73 -15.5 -0.391 18.41 19.41 01a59713o0464o
59713.452992 -20.882  2.028   -16   33 o  0   0.96 234.49004  56.27164  9985.18  5581.22 3.09 3.05   4.9 -0.442 18.63 19.41 01a59713o0489o
59713.455299  20.439  1.106    24   27 o  0   1.46 234.49004  56.27164   336.64  5807.07 3.20 2.88 -48.2 -0.439 18.64 19.44 01a59713o0494o
59713.488930  20.523  1.614    22   36 o  0   1.16 234.49004  56.27164   367.23  5850.09 3.47 3.22 -43.2 -0.404 18.49 19.40 01a59713o0566o
59713.492151  20.152  0.987    32   31 o  0   1.10 234.49004  56.27164   307.12  5770.94 3.09 2.76 -47.0 -0.446 18.64 19.41 01a59713o0573o
59713.498607 -20.628  1.435   -20   29 o  0   1.29 234.49004  56.27164   293.16  5886.88 2.93 2.67 -49.4 -0.459 18.64 19.39 01a59713o0587o
59715.446617 -21.114  1.504   -13   20 o  0   1.55 234.49004  56.27164  1235.65  2753.46 2.06 1.90 -57.5 -0.456 18.70 18.93 02a59715o0471o
59715.450282  19.793  0.566    44   25 o  0   1.04 234.49004  56.27164  1215.02  2715.46 2.03 1.88 -57.3 -0.468 18.76 18.94 02a59715o0479o
59715.456246 -21.005  1.614   -14   23 o  0   1.35 234.49004  56.27164  1275.41  2788.44 2.03 1.91 -58.4 -0.457 18.69 18.92 02a59715o0492o
59715.468589  19.915  0.676    39   26 o  0   1.39 234.49004  56.27164  1293.33  2665.33 1.95 1.91 -35.1 -0.471 18.75 18.92 02a59715o0519o
59717.407975  19.959  0.853    38   32 o  0   0.73 234.49004  56.27164 10192.28  4815.51 3.98 3.77 -49.0 -0.396 18.43 19.66 01a59717o0377o
59717.409820 -21.737  4.045    -7   30 o  0   1.01 234.49004  56.27164 10173.14  4773.68 3.88 3.74 -48.6 -0.381 18.50 19.66 01a59717o0381o
59717.413047  20.822  1.841    17   31 o  0   1.01 234.49004  56.27164 10233.41  4854.04 4.30 4.03 -49.5 -0.340 18.43 19.63 01a59717o0388o
59717.418113  20.508  1.318    23   30 o  0   0.90 234.49004  56.27164 10250.55  4736.23 4.02 3.83 -45.3 -0.356 18.42 19.63 01a59717o0399o
59717.438073  20.403  1.326    25   33 o  0   0.88 234.49004  56.27164 10037.87  5494.06 3.55 3.54  76.8 -0.380 18.46 19.58 01a59717o0442o
59717.473654 -20.035  0.788   -35   28 o  0   1.21 234.49004  56.27164 10070.50  5535.95 3.40 2.76 -65.5 -0.488 18.69 19.59 01a59717o0518o
59717.501894  20.637  1.384    20   28 o  0   1.04 234.49004  56.27164 10017.40  5468.10 3.35 3.07  19.0 -0.395 18.71 19.65 01a59717o0578o
59717.526721 -20.535  1.329   -22   30 o  0   1.10 234.49004  56.27164 10009.98  5592.94 3.61 3.35  19.9 -0.374 18.56 19.57 01a59717o0631o
59719.386497  15.960  1.306  1500 1959 o  0   0.91 234.49004  56.27164  9374.79  7838.06 2.71 2.13  40.7 -0.486 17.45 18.52 02a59719o0173o
59719.389240 -16.709  0.420  -752  316 o  0   1.25 234.49004  56.27164  9397.66  7873.73 2.48 2.12  34.9 -0.537 16.66 17.49 02a59719o0179o
59719.394759  19.936  1.194    38   46 o  0   0.87 234.49004  56.27164  9336.98  7799.28 2.52 2.06  30.2 -0.538 17.11 17.98 02a59719o0191o
59719.401169  20.334  0.630    27   17 o  0   1.02 234.49004  56.27164  9317.70  7917.38 2.49 2.02  33.5 -0.444 19.07 19.94 02a59719o0205o
59721.418730 -22.011  2.030    -6   12 o  0   1.21 234.49004  56.27164  4924.80  1842.60 2.61 2.60  59.1 -0.494 19.38 20.75 01a59721o0406o
59721.422885  21.868  2.026     6   13 o  0   1.03 234.49004  56.27164  4946.04  1882.64 2.60 2.59 -15.5 -0.496 19.40 20.77 01a59721o0415o
59721.429334  20.901  0.846    16   13 o  0   1.01 234.49004  56.27164  4889.59  1807.75 2.66 2.59  35.5 -0.490 19.34 20.74 01a59721o0429o
59721.464261  21.337  1.361    11   14 o  0   0.92 234.49004  56.27164  4884.29  1927.81 2.69 2.57  25.5 -0.483 19.29 20.55 01a59721o0504o
59723.427482 -20.723  0.613   -19   11 c  0   1.04 234.49004  56.27164  7333.99  8677.23 2.98 2.50  32.1 -0.388 19.55 21.26 02a59723o0417c
59723.461759  20.376  0.444    26   11 c  0   1.21 234.49004  56.27164  7306.00  8632.95 3.05 2.47  32.7 -0.384 19.50 21.25 02a59723o0491c
59723.464970  21.805  1.615     7   11 c  0   1.09 234.49004  56.27164  7364.43  8714.43 2.92 2.52  29.1 -0.388 19.52 21.25 02a59723o0498c
59723.470923  20.913  0.764    16   12 c  0   0.84 234.49004  56.27164  7380.90  8597.92 2.92 2.52  29.2 -0.391 19.54 21.22 02a59723o0511c
59725.374584  21.397  1.327    10   13 o  0   1.02 234.49004  56.27164  5558.16  8728.23 2.90 2.79  49.8 -0.444 19.35 20.80 01a59725o0310o
59725.376432 -20.367  0.511   -26   13 o  0   1.15 234.49004  56.27164  5542.71  8687.89 2.86 2.81 -47.4 -0.455 19.31 20.75 01a59725o0314o
59725.379661 -23.070  6.818    -2   15 o  0   0.94 234.49004  56.27164  5599.71  8764.85 2.87 2.80 -41.3 -0.459 19.32 20.70 01a59725o0321o
59725.385186  22.559  4.294     3   15 o  0   1.03 234.49004  56.27164  5616.25  8646.61 2.97 2.86  52.5 -0.440 19.28 20.67 01a59725o0333o
59727.378067  21.101  1.189    13   16 c  0   1.12 234.49004  56.27164  3270.78  1916.38 2.43 2.30  63.6 -0.424 18.90 20.56 02a59727o0308c
59727.379896  21.859  2.029     7   13 c  0   0.75 234.49004  56.27164  3289.95  1954.75 2.45 2.33  63.7 -0.417 19.28 20.98 02a59727o0312c
59727.382637   0.000 21.326    -0   11 c  0   1.29 234.49004  56.27164  3233.79  1876.99 2.45 2.30  62.2 -0.418 19.48 21.24 02a59727o0318c
59727.387744  20.957  1.423    15   21 c  0   0.88 234.49004  56.27164  3216.58  1993.23 2.45 2.32  63.0 -0.420 18.72 20.27 02a59727o0329c
59729.399304  20.387  0.594    25   15 o  0   0.97 234.49004  56.27164  8367.74  3599.30 2.76 2.72 -58.4 -0.478 19.33 20.76 01a59729o0346o
59729.402988  21.109  1.015    13   13 o  0   1.25 234.49004  56.27164  8388.70  3637.32 2.92 2.69  25.3 -0.447 19.26 20.69 01a59729o0354o
59729.409046 -23.772 14.200    -1   16 o  0   1.18 234.49004  56.27164  8331.47  3563.90 2.69 2.67 -29.8 -0.484 19.12 20.47 01a59729o0367o
59729.421030 -23.301 10.000    -2   17 o  0   1.45 234.49004  56.27164  8318.32  3683.41 2.72 2.67 -33.1 -0.484 19.06 20.44 01a59729o0393o
59731.455436 -23.734  7.625    -1    9 c  0   1.16 234.49004  56.27164  7282.79  2368.13 2.55 2.36  35.2 -0.399 19.62 21.37 02a59731o0308c
59731.458643  20.966  0.607    15    9 c  0   1.03 234.49004  56.27164  7264.11  2332.55 2.45 2.33  45.1 -0.403 19.58 21.35 02a59731o0315c
59731.464152  20.922  0.618    16   10 c  0   1.10 234.49004  56.27164  7324.22  2412.14 2.48 2.34  40.9 -0.401 19.62 21.34 02a59731o0327c
59731.475592  21.037  0.918    14   13 c  0   0.94 234.49004  56.27164  7344.11  2292.61 3.13 3.01  49.4 -0.392 19.35 21.29 02a59731o0352c
59733.403692  20.661  0.596    20   12 o  0   1.03 234.49004  56.27164  8375.25  3605.45 2.73 2.69   8.5 -0.473 19.48 21.04 01a59733o0367o
59733.406919  23.178  5.700     2   11 o  0   1.24 234.49004  56.27164  8398.94  3642.89 2.99 2.74  23.6 -0.433 19.43 21.05 01a59733o0374o
59733.412447 -21.207  1.021   -12   12 o  0   1.16 234.49004  56.27164  8340.25  3570.96 3.74 3.13  25.0 -0.325 19.25 21.08 01a59733o0386o
59733.447413  21.198  0.937    12   11 o  0   1.19 234.49004  56.27164  8332.78  3689.91 2.89 2.74  20.2 -0.446 19.39 21.01 01a59733o0461o
59735.351801 -20.854  0.721   -16   12 o  0   1.16 234.49004  56.27164  3314.49  8212.20 2.36 2.13  37.4 -0.404 19.37 20.43 02a59735o0250o
59735.353628 -23.523  8.727    -1   12 o  0   1.34 234.49004  56.27164  3334.65  8252.30 2.39 2.11  35.8 -0.409 19.33 20.42 02a59735o0254o
59735.356370 -21.998  2.468    -6   14 o  0   1.17 234.49004  56.27164  3274.18  8173.62 2.33 2.03  34.7 -0.418 19.40 20.45 02a59735o0260o
59735.364147  20.941  1.098    15   17 o  0   0.68 234.49004  56.27164  3254.21  8290.83 2.30 1.98  36.4 -0.412 19.47 20.50 02a59735o0277o
59737.403546 -22.018  1.906    -6   11 o  0   1.56 234.49004  56.27164  6478.93  3819.74 2.72 2.65  15.1 -0.470 19.34 20.70 01a59737o0364o
59737.406769 -23.673  9.714    -1   12 o  0   1.14 234.49004  56.27164  6499.33  3857.89 2.69 2.67 -24.6 -0.473 19.36 20.71 01a59737o0371o
59737.414600 -21.710  1.561    -8   12 o  0   1.37 234.49004  56.27164  6442.67  3785.05 2.88 2.64  26.8 -0.450 19.36 20.74 01a59737o0388o
59737.426565  23.976 13.600     1   13 o  0   1.18 234.49004  56.27164  6431.54  3903.19 2.85 2.71  22.3 -0.452 19.34 20.76 01a59737o0414o
59739.403950  24.298 17.857     1   12 o  0   1.42 234.49004  56.27164  3617.55  8858.56 2.01 1.90  10.2 -0.437 19.37 20.15 02a59739o0361o
59739.408065 -21.309  1.437   -11   16 o  0   0.64 234.49004  56.27164  3599.15  8818.90 2.14 1.93  21.1 -0.423 19.33 20.15 02a59739o0370o
59739.415391 -20.649  0.837   -20   17 o  0   0.74 234.49004  56.27164  3651.32  8893.98 2.20 1.91  25.7 -0.411 19.29 20.15 02a59739o0386o
59739.426364  20.866  0.726    16   12 o  0   1.19 234.49004  56.27164  3670.55  8776.76 2.03 1.90   9.4 -0.429 19.33 20.14 02a59739o0410o
59741.365040 -20.578  0.805   -21   17 o  0   0.98 234.49004  56.27164  6473.54  3817.12 2.68 2.63  34.8 -0.481 18.97 19.80 01a59741o0280o
59741.396871  22.262  4.333     4   20 o  0   0.99 234.49004  56.27164  6503.16  3856.46 2.88 2.71  26.5 -0.456 18.91 19.80 01a59741o0348o
59741.400552 -21.019  1.320   -14   19 o  0   1.15 234.49004  56.27164  6445.66  3782.91 2.94 2.71  26.9 -0.449 18.87 19.78 01a59741o0356o
59741.407000 -23.109  9.182    -2   19 o  0   1.25 234.49004  56.27164  6432.32  3900.64 2.84 2.74  22.1 -0.462 18.87 19.78 01a59741o0370o
59745.387577 -20.875  1.500   -16   24 o  0   1.03 234.49004  56.27164   903.02 10017.18 2.89 2.57 -47.8 -0.521 18.70 19.47 01a59745o0323o
59745.390817  20.292  1.015    28   28 o  0   1.18 234.49004  56.27164   925.91 10057.32 2.97 2.65 -47.6 -0.514 18.58 19.36 01a59745o0330o
59745.398641 -20.284  2.720   -28   76 o  0   1.09 234.49004  56.27164   862.16  9975.99 2.99 2.61 -45.4 -0.519 17.76 18.10 01a59745o0347o
59745.408777 -18.793  1.227  -110  135 o  0   1.22 234.49004  56.27164   847.64 10096.21 3.00 2.78 -62.1 -0.507 16.89 17.01 01a59745o0369o
59751.350073  21.816  1.578     7   11 c  0   0.76 234.49004  56.27164  8232.37  4925.22 2.70 2.33  28.9 -0.392 19.65 21.54 02a59751o0233c
59751.353273  21.426  0.925    10    9 c  0   0.89 234.49004  56.27164  8212.53  4889.56 2.65 2.28  29.1 -0.393 19.66 21.54 02a59751o0240c
59751.387923  22.672  2.421     3    8 c  0   1.59 234.49004  56.27164  8261.48  4967.26 2.79 2.43  29.8 -0.388 19.65 21.53 02a59751o0315c
59751.393410  20.683  0.559    19   11 c  0   0.91 234.49004  56.27164  8283.37  4852.05 2.67 2.35  30.9 -0.393 19.68 21.54 02a59751o0327c
59753.386958  21.315  1.169    11   13 o  0   1.23 234.49004  56.27164  4265.02  5639.41 2.80 2.65 -28.2 -0.466 19.37 20.98 01a59753o0322o
59753.390641 -22.247  2.261    -5   10 o  0   1.38 234.49004  56.27164  4286.51  5677.86 3.05 2.79  29.7 -0.413 19.35 20.94 01a59753o0330o
59753.398019  20.216  0.434    30   13 o  0   0.98 234.49004  56.27164  4227.78  5602.16 2.86 2.75  15.7 -0.441 19.36 20.93 01a59753o0346o
59753.408156  21.093  0.901    13   12 o  0   1.17 234.49004  56.27164  4214.76  5719.32 2.83 2.72 -14.5 -0.451 19.37 20.95 01a59753o0368o
59757.340431 -22.050  1.857    -6   10 o  0   1.39 234.49004  56.27164  4246.00  5630.09 2.93 2.84  26.8 -0.436 19.42 21.15 01a59757o0219o
59757.343650 -20.726  0.649   -19   12 o  0   1.22 234.49004  56.27164  4268.42  5669.11 3.28 3.17 -28.8 -0.422 19.26 21.14 01a59757o0226o
59757.349639  21.256  0.938    11   11 o  0   1.34 234.49004  56.27164  4208.88  5593.55 3.25 3.21 -76.7 -0.405 19.31 21.15 01a59757o0239o
59757.361611  20.286  0.460    28   13 o  0   0.88 234.49004  56.27164  4196.21  5710.28 3.21 3.08  14.1 -0.401 19.29 21.14 01a59757o0265o
59761.356301 -23.500 13.667    -1   20 o  0   1.04 234.49004  56.27164 10491.89  1649.76 4.90 4.35 -57.7 -0.402 18.91 21.00 01a59761o0125o
59761.359031 -19.390  0.299   -64   19 o  0   0.86 234.49004  56.27164 10511.80  1687.63 4.21 3.60 -59.7 -0.447 19.08 20.99 01a59761o0131o
59761.364499  22.661  5.875     3   18 o  0   1.02 234.49004  56.27164 10456.39  1618.44 4.37 3.94 -52.9 -0.402 18.99 20.98 01a59761o0143o
59761.371395 -21.080  1.353   -13   18 o  0   1.00 234.49004  56.27164  1234.01  2045.67 4.20 4.08 -32.0 -0.416 19.02 21.03 01a59761o0158o
59761.374586 -20.371  0.679   -26   18 o  0   1.27 234.49004  56.27164  1252.56  2083.63 4.68 4.52 -40.8 -0.418 18.89 21.02 01a59761o0165o
59761.378683 -21.104  1.630   -13   21 o  0   0.80 234.49004  56.27164 10442.57  1738.87 4.94 4.32 -59.5 -0.397 18.88 20.96 01a59761o0174o
59761.380505  20.233  0.685    29   20 o  0   0.76 234.49004  56.27164  1195.34  2004.70 4.29 4.07 -36.7 -0.414 19.02 21.03 01a59761o0178o
59761.391436  20.623  0.825    20   17 o  0   1.03 234.49004  56.27164  1184.57  2123.13 3.78 3.59 -39.1 -0.447 19.12 20.97 01a59761o0202o
59765.321478  22.001  2.731     6   16 o  0   1.27 234.49004  56.27164 10482.85  1643.05 3.02 2.76 -52.2 -0.507 19.30 20.78 01a59765o0180o
59765.324665   0.000 21.009    -0   14 o  0   1.33 234.49004  56.27164 10503.26  1679.01 3.03 2.66 -57.8 -0.462 19.35 20.80 01a59765o0187o
59765.331069 -20.026  0.431   -36   15 o  0   1.11 234.49004  56.27164 10445.34  1610.07 2.87 2.67 -37.1 -0.498 19.33 20.74 01a59765o0201o
59765.337477 -21.215  1.109   -12   13 o  0   1.18 234.49004  56.27164  1222.80  2036.87 2.68 2.63 -48.8 -0.536 19.35 20.81 01a59765o0215o
59765.340668 -20.487  0.569   -23   13 o  0   1.19 234.49004  56.27164  1245.01  2078.59 2.73 2.64 -38.6 -0.539 19.38 20.83 01a59765o0222o
59765.341124 -21.334  1.308   -11   14 o  0   1.17 234.49004  56.27164 10431.61  1729.69 2.93 2.63 -48.8 -0.509 19.33 20.77 01a59765o0223o
59765.346156  21.403  1.691    10   17 o  0   0.77 234.49004  56.27164  1188.14  2000.01 2.59 2.58  71.4 -0.541 19.29 20.68 01a59765o0234o
59765.357997  21.921  2.188     6   14 o  0   1.42 234.49004  56.27164  1175.54  2115.51 2.78 2.66 -45.5 -0.534 19.37 20.78 01a59765o0260o
59767.319511  21.977  2.784     6   16 o  0   1.25 234.49004  56.27164  1607.22   585.49 2.04 1.76 -72.7 -0.469 19.03 19.73 02a59767o0143o
59767.323596 -23.678 12.000    -1   15 o  0   1.08 234.49004  56.27164  1586.06   545.25 2.12 1.80 -73.4 -0.467 19.24 20.04 02a59767o0152o
59767.329534 -21.130  0.817   -13   10 o  0   1.50 234.49004  56.27164  1648.75   619.83 2.11 1.87 -76.4 -0.458 19.31 20.25 02a59767o0165o
59767.343564  19.309  0.497    69   34 o  0   0.58 234.49004  56.27164  1667.98   497.10 2.06 1.78 -78.0 -0.466 18.35 18.89 02a59767o0196o
59769.354507 -22.169 12.765    -5   63 o  0   0.86 234.49004  56.27164  8099.93  5754.57 2.95 2.65  27.8 -0.443 18.05 18.56 01a59769o0251o
59769.357790 -19.563  1.020   -54   55 o  0   1.20 234.49004  56.27164  8121.86  5792.43 2.93 2.64  28.0 -0.444 18.15 18.73 01a59769o0258o
59769.364647 -19.811  1.049   -43   45 o  0   1.36 234.49004  56.27164  8063.61  5720.53 2.86 2.66  28.0 -0.456 18.20 18.83 01a59769o0273o
59769.381118  19.831  0.771    42   33 o  0   1.13 234.49004  56.27164  8051.21  5839.66 2.75 2.70  75.3 -0.464 18.58 19.27 01a59769o0309o
59771.357709 -19.709  0.703   -48   33 o  0   1.00 234.49004  56.27164  5880.82  6607.48 2.67 1.90  29.8 -0.401 18.39 18.63 02a59771o0248o
59771.360874 -22.199  6.633    -5   32 o  0   0.99 234.49004  56.27164  5861.74  6567.45 2.64 1.96  33.4 -0.404 18.30 18.57 02a59771o0255o
59771.367685 -20.429  1.074   -24   26 o  0   1.24 234.49004  56.27164  5917.82  6644.22 2.78 2.04  33.2 -0.395 18.43 18.82 02a59771o0270o
59771.377689 -20.613  1.915   -21   40 o  0   1.43 234.49004  56.27164  5936.08  6528.21 2.56 2.02  35.5 -0.409 18.09 18.25 02a59771o0292o
59773.310632  19.924  0.857    39   33 o  0   1.09 234.49004  56.27164  8093.58  5747.87 3.12 3.06  17.0 -0.430 18.54 19.44 01a59773o0153o
59773.313821  22.296  5.909     4   26 o  0   1.57 234.49004  56.27164  8115.86  5786.19 2.92 2.85  19.2 -0.453 18.63 19.43 01a59773o0160o
59773.319766 -20.593  1.670   -21   35 o  0   0.87 234.49004  56.27164  8054.98  5714.27 2.91 2.86  18.7 -0.452 18.60 19.42 01a59773o0173o
59773.332063 -19.460  0.576   -60   34 o  0   1.03 234.49004  56.27164  8041.85  5832.64 3.21 3.09 -54.0 -0.431 18.49 19.39 01a59773o0200o
59777.400080 -21.175 10.074   -12  124 o  0   1.04 234.49004  56.27164  1320.44  8355.73 3.42 3.23 -51.1 -0.389 17.61 18.51 01a59777o0082o
59777.403720  22.765 23.000     3   65 o  0   1.42 234.49004  56.27164  1343.02  8395.09 3.67 3.40 -49.6 -0.373 18.01 18.94 01a59777o0090o
59777.411485 -21.430  8.700   -10   85 o  0   1.04 234.49004  56.27164  1280.35  8316.58 3.99 3.68 -46.4 -0.402 17.75 18.83 01a59777o0107o
59777.421982 -21.719  9.000    -8   67 o  0   0.95 234.49004  56.27164  1261.80  8431.67 4.64 4.37 -52.9 -0.291 17.74 18.92 01a59777o0130o
59779.365223 -21.870  3.178    -6   21 c  0   0.63 234.49004  56.27164  3269.12 10493.36 2.58 2.30 -56.2 -0.431 19.59 21.38 02a59779o0037c
59779.371611 -22.723  3.412    -3   10 c  0   1.16 234.49004  56.27164  5763.11   293.32 2.74 2.56 -87.3 -0.408 19.46 21.35 02a59779o0051c
59779.375259  22.510  2.778     4   10 c  0   1.01 234.49004  56.27164  5743.69   254.10 2.41 2.19 -85.0 -0.421 19.60 21.36 02a59779o0059c
59779.378907 -23.463  8.091    -2   12 c  0   1.08 234.49004  56.27164  3341.58 10449.69 2.42 2.18 -53.0 -0.436 19.64 21.36 02a59779o0067c
59779.381202  20.899  0.621    16   10 c  0   1.50 234.49004  56.27164  5807.17   332.62 2.36 2.15 -88.0 -0.420 19.62 21.35 02a59779o0072c
59779.386645  21.865  1.560     6   10 c  0   0.91 234.49004  56.27164  5829.00   213.61 2.37 2.14 -86.3 -0.427 19.58 21.30 02a59779o0084c
59783.319350  22.665  5.560     3   17 c  0   1.22 234.49004  56.27164  3276.50 10496.87 2.50 2.10 -54.1 -0.437 19.65 21.25 02a59783o0171c
59783.319802  21.808  1.200     7    8 c  0   1.50 234.49004  56.27164  5768.92   301.23 2.38 2.11 -75.1 -0.431 19.64 21.21 02a59783o0172c
59783.323426 -22.863  4.250    -3   11 c  0   1.04 234.49004  56.27164  5747.08   257.81 2.43 2.18 -78.3 -0.421 19.61 21.21 02a59783o0180c
59783.328853  24.025 12.000     1   11 c  0   1.82 234.49004  56.27164  5808.95   337.09 2.55 2.37 -80.2 -0.414 19.53 21.24 02a59783o0192c
59783.337936  21.958  1.864     6   11 c  0   1.50 234.49004  56.27164  3345.11 10450.47 2.54 2.12 -56.3 -0.440 19.67 21.33 02a59783o0212c
59783.338840  22.726  3.130     3    9 c  0   1.47 234.49004  56.27164  5830.49   218.68 2.40 2.11 -76.0 -0.434 19.65 21.30 02a59783o0214c
59785.328684 -20.695  0.880   -19   17 o  0   0.94 234.49004  56.27164  8658.04  1432.54 3.43 3.18 -59.5 -0.411 19.14 20.72 01a59785o0018o
59785.331888 -24.297 17.667    -1   12 o  0   1.49 234.49004  56.27164  8678.66  1469.89 3.14 3.02 -56.9 -0.444 19.24 20.69 01a59785o0025o
59785.337357  22.059  2.926     5   16 o  0   1.01 234.49004  56.27164  8622.49  1398.06 2.94 2.76 -52.0 -0.472 19.25 20.71 01a59785o0037o
59785.349714  20.979  1.043    15   15 o  0   0.91 234.49004  56.27164  8613.05  1521.45 3.03 2.83 -45.0 -0.456 19.26 20.72 01a59785o0064o
59787.321914  21.816  1.326     7    9 c  0   1.02 234.49004  56.27164   170.92  7078.35 2.68 2.29 -53.2 -0.398 19.61 21.42 02a59787o0180c
59787.325993  21.714  1.333     8   10 c  0   1.11 234.49004  56.27164   151.68  7040.13 2.91 2.56 -53.6 -0.384 19.48 21.40 02a59787o0189c
59787.330518  21.347  1.082    10   11 c  0   0.99 234.49004  56.27164  9636.87  7026.35 3.07 2.90  30.7 -0.392 19.54 21.44 02a59787o0199c
59787.333683  21.627  1.371     8   11 c  0   1.42 234.49004  56.27164  9616.92  6986.07 3.18 3.03  35.3 -0.394 19.47 21.43 02a59787o0206c
59787.334135  20.702  0.525    19   10 c  0   1.32 234.49004  56.27164   205.70  7110.27 3.01 2.70 -54.4 -0.382 19.44 21.36 02a59787o0207c
59787.340501 -22.131  1.926    -5   10 c  0   1.26 234.49004  56.27164  9673.92  7067.02 2.90 2.69  28.1 -0.396 19.56 21.39 02a59787o0221c
59787.344172  21.120  0.739    13   10 c  0   1.33 234.49004  56.27164   227.80  6992.99 3.00 2.63 -51.4 -0.377 19.46 21.30 02a59787o0229c
59787.351854  21.465  1.262     9   12 c  0   1.01 234.49004  56.27164  9691.79  6950.85 3.22 2.94  25.0 -0.377 19.44 21.33 02a59787o0246c
59791.281012  21.155  0.849    12   11 c  0   1.13 234.49004  56.27164   174.93  7082.03 2.38 2.19 -18.4 -0.392 19.38 21.08 02a59791o0033c
59791.283836 -21.319  1.000   -11   11 c  0   1.05 234.49004  56.27164   155.77  7043.71 2.34 2.15 -32.1 -0.394 19.36 21.01 02a59791o0039c
59791.287452 -20.905  0.699   -16   11 c  0   1.00 234.49004  56.27164  9649.13  7030.15 2.52 2.46  85.7 -0.417 19.61 21.33 02a59791o0047c
59791.293865  21.483  1.290     9   12 c  0   0.74 234.49004  56.27164   217.00  7117.36 2.48 2.12 -51.2 -0.409 19.48 21.16 02a59791o0061c
59791.297483  21.764  1.643     7   12 c  0   0.90 234.49004  56.27164  9626.85  6987.13 2.72 2.43  29.7 -0.406 19.64 21.42 02a59791o0069c
59791.299322 -22.821  3.300    -3    9 c  0   0.99 234.49004  56.27164   235.61  6996.02 2.46 2.13 -52.8 -0.408 19.59 21.35 02a59791o0073c
59791.300680 -20.857  0.653   -16   11 c  0   0.86 234.49004  56.27164  9686.19  7069.95 2.56 2.52  56.5 -0.415 19.66 21.45 02a59791o0076c
59791.308419  20.609  0.531    21   11 c  0   1.04 234.49004  56.27164  9700.83  6953.20 2.95 2.46  26.6 -0.390 19.60 21.49 02a59791o0093c
59793.292309  20.400  0.493    25   12 o  0   1.56 234.49004  56.27164  2993.70  9918.69 2.73 2.55 -37.7 -0.481 19.28 20.60 01a59793o0128o
59793.297488 -24.281 21.500    -1   15 o  0   0.95 234.49004  56.27164  3016.48  9958.16 2.77 2.57 -38.8 -0.483 19.27 20.60 01a59793o0139o
59793.308672 -22.752  4.875    -3   14 o  0   1.28 234.49004  56.27164  2954.17  9880.81 2.81 2.59 -46.2 -0.479 19.26 20.61 01a59793o0163o
59793.311860  22.421  3.714     4   14 o  0   1.12 234.49004  56.27164  2937.31  9999.71 2.86 2.66 -43.9 -0.464 19.25 20.60 01a59793o0170o
59799.269366 -21.109  1.071   -13   14 o  0   1.39 234.49004  56.27164  3256.96  2569.06 2.11 2.04  31.2 -0.459 19.13 20.00 02a59799o0072o
59799.274790  22.236  3.125     5   14 o  0   0.93 234.49004  56.27164  3238.13  2529.02 2.11 2.06 -67.7 -0.446 19.17 20.01 02a59799o0084o
59799.278524 -22.356  3.657    -4   15 o  0   1.33 234.49004  56.27164  3298.17  2606.70 2.14 2.07 -71.4 -0.450 19.13 20.01 02a59799o0092o
59799.289461 -20.578  0.688   -21   15 o  0   1.20 234.49004  56.27164  3317.59  2486.15 2.12 1.97 -62.4 -0.457 19.12 19.99 02a59799o0116o
59801.296311  19.911  0.858    39   34 o  0   1.46 234.49004  56.27164  2728.01  3614.43 2.61 2.57 -34.3 -0.500 18.28 19.01 01a59801o0145o
59801.299505  19.375  0.575    65   37 o  0   1.03 234.49004  56.27164  2749.69  3653.76 2.58 2.53 -32.7 -0.504 18.25 18.80 01a59801o0152o
59801.310051 -19.735  0.628   -46   29 o  0   0.87 234.49004  56.27164  2692.29  3575.00 2.67 2.55 -34.8 -0.497 18.50 19.20 01a59801o0175o
59801.316447 -19.385  0.482   -64   31 o  0   0.83 234.49004  56.27164  2681.14  3693.95 2.71 2.64 -31.2 -0.482 18.51 19.23 01a59801o0189o
59803.323111  20.516  0.974    23   22 o  0   1.40 234.49004  56.27164  5268.58  2445.08 2.24 1.99  31.9 -0.440 18.65 19.01 02a59803o0197o
59803.326738  20.636  1.257    20   25 o  0   0.91 234.49004  56.27164  5247.14  2404.66 2.20 1.90  29.5 -0.448 18.67 18.99 02a59803o0205o
59803.333105  20.267  0.906    28   26 o  0   1.30 234.49004  56.27164  5307.41  2478.26 2.55 2.36  37.6 -0.419 18.48 18.95 02a59803o0219o
59803.343093 -20.853  1.578   -17   26 o  0   1.32 234.49004  56.27164  5330.05  2362.89 2.43 2.36  73.2 -0.424 18.44 18.91 02a59803o0241o
59805.266070  22.397  3.125     4   12 o  0   1.24 234.49004  56.27164  2721.97  3611.55 2.63 2.56  19.0 -0.479 19.33 20.72 01a59805o0086o
59805.269732 -21.763  1.591    -7   11 o  0   1.76 234.49004  56.27164  2742.21  3649.14 2.60 2.50 -36.8 -0.495 19.33 20.63 01a59805o0094o
59805.275207  21.430  1.533    10   15 o  0   1.33 234.49004  56.27164  2685.83  3573.16 2.58 2.48 -37.3 -0.502 19.23 20.39 01a59805o0106o
59805.286601  20.345  0.689    26   18 o  0   1.11 234.49004  56.27164  2672.67  3690.61 2.58 2.51 -29.7 -0.500 19.05 20.05 01a59805o0131o
59807.255793 -22.246  2.636    -5   12 o  0   0.93 234.49004  56.27164  5280.60  2445.69 2.15 1.82  34.0 -0.449 19.44 20.43 02a59807o0060o
59807.258964  21.094  0.813    13   11 o  0   1.16 234.49004  56.27164  5255.69  2405.14 2.15 1.88  29.5 -0.450 19.40 20.49 02a59807o0067o
59807.265418 -26.276 107.000    -0   12 o  0   1.09 234.49004  56.27164  5315.21  2481.21 2.25 1.82  30.4 -0.450 19.40 20.50 02a59807o0081o
59807.276782 -20.916  0.916   -16   14 o  0   0.69 234.49004  56.27164  5331.55  2362.97 2.88 2.18  31.6 -0.429 19.34 20.65 02a59807o0106o
59809.270831  19.912  0.411    39   16 o  0   0.73 234.49004  56.27164  9368.15  7697.78 3.22 2.93  35.2 -0.397 19.22 20.72 01a59809o0078o
59809.281363 -21.837  2.030    -7   14 o  0   0.94 234.49004  56.27164  9393.22  7738.55 2.99 2.80  39.2 -0.423 19.28 20.74 01a59809o0101o
59809.284554  21.913  2.750     6   17 o  0   1.11 234.49004  56.27164  9330.47  7666.85 3.04 2.81  32.9 -0.418 19.17 20.61 01a59809o0108o
59809.291415  22.074  2.500     5   13 o  0   1.25 234.49004  56.27164  9315.44  7786.79 3.06 2.83  35.7 -0.415 19.32 20.74 01a59809o0123o
59811.253824  21.632  1.393     8   11 c  0   1.04 234.49004  56.27164  3695.83   408.55 2.45 2.19 -77.9 -0.425 19.56 21.25 02a59811o0054c
59811.257472 -21.171  0.935   -12   12 c  0   0.86 234.49004  56.27164  3674.76   368.85 2.46 2.20 -78.8 -0.420 19.58 21.30 02a59811o0062c
59811.263391 -21.715  1.200    -8    9 c  0   1.14 234.49004  56.27164  3737.47   443.98 2.46 2.23 -78.8 -0.423 19.56 21.32 02a59811o0075c
59811.275682  20.664  0.530    20   10 c  0   1.00 234.49004  56.27164  3756.76   324.54 2.44 2.17 -79.8 -0.419 19.54 21.32 02a59811o0102c
59813.338894  23.321  8.625     2   15 o  0   1.09 234.49004  56.27164  9379.83  7723.26 3.17 2.81  38.9 -0.410 19.16 20.55 01a59813o0254o
59813.342086 -21.527  1.786    -9   16 o  0   1.04 234.49004  56.27164  9401.91  7762.16 3.19 2.77  38.0 -0.407 19.17 20.55 01a59813o0261o
59813.349553  20.857  0.973    16   16 o  0   1.04 234.49004  56.27164  9338.55  7691.94 3.27 2.88  38.3 -0.397 19.12 20.57 01a59813o0277o
59813.361120 -20.055  0.429   -34   15 o  0   1.29 234.49004  56.27164  9321.36  7813.63 3.24 2.86  39.2 -0.403 19.14 20.60 01a59813o0302o
59817.288511 -20.473  0.525   -24   12 o  0   0.90 234.49004  56.27164  3101.68  1963.17 2.88 2.77  30.9 -0.462 19.35 20.92 01a59817o0076o
59817.291699  21.111  1.031    13   14 o  0   1.04 234.49004  56.27164  3119.68  2002.94 2.95 2.84  33.4 -0.444 19.26 20.91 01a59817o0083o
59817.298615  20.880  0.779    16   13 o  0   0.99 234.49004  56.27164  3065.89  1925.95 2.98 2.89  34.0 -0.447 19.25 20.87 01a59817o0098o
59817.310019 -21.306  1.113   -11   12 o  0   1.40 234.49004  56.27164  3053.59  2043.47 2.89 2.83  72.6 -0.472 19.30 20.86 01a59817o0123o
59819.277327  23.653  7.667     1   10 c  0   1.00 234.49004  56.27164   490.14  4914.01 2.47 2.27 -56.5 -0.401 19.52 21.31 02a59819o0116c
59819.280989  21.101  0.729    13   10 c  0   1.37 234.49004  56.27164   467.56  4876.54 2.40 2.28 -51.8 -0.402 19.52 21.32 02a59819o0124c
59819.287880 -20.862  0.544   -16    9 c  0   1.45 234.49004  56.27164   527.60  4951.51 2.48 2.33 -54.4 -0.404 19.46 21.30 02a59819o0139c
59819.293849  20.206  0.339    30   10 c  0   1.51 234.49004  56.27164 10184.96  4925.21 2.60 2.52 -64.9 -0.430 19.56 21.41 02a59819o0152c
59819.297983  21.031  0.784    14   11 c  0   1.16 234.49004  56.27164 10165.06  4884.04 2.50 2.48  -3.8 -0.435 19.56 21.39 02a59819o0161c
59819.300724  20.855  0.645    16   11 c  0   0.76 234.49004  56.27164   546.88  4830.42 2.39 2.24 -58.1 -0.406 19.51 21.26 02a59819o0167c
59819.303894  21.832  1.452     7   10 c  0   1.36 234.49004  56.27164 10223.29  4964.89 2.51 2.45   3.3 -0.433 19.60 21.36 02a59819o0174c
59819.317130  20.603  0.568    21   12 c  0   0.93 234.49004  56.27164 10241.48  4847.84 2.53 2.48 -25.4 -0.434 19.55 21.30 02a59819o0203c
59823.233153 -21.102  2.030   -13   27 o  0   1.28 234.49004  56.27164 10192.69  4930.52 2.28 2.18 -38.5 -0.456 18.52 18.80 02a59823o0031o
59823.236324 -21.703  2.439    -8   18 o  0   1.46 234.49004  56.27164 10172.60  4888.30 2.28 2.21 -34.3 -0.444 19.01 19.64 02a59823o0038o
59823.246380 -21.039  0.821   -14   11 o  0   1.62 234.49004  56.27164 10234.85  4967.67 2.40 2.28 -47.1 -0.454 19.40 20.62 02a59823o0060o
59823.252743  22.831  5.111     3   14 o  0   0.86 234.49004  56.27164 10253.10  4850.37 2.43 2.30 -48.8 -0.449 19.40 20.76 02a59823o0074o
59825.311179 -22.469  4.375    -4   16 o  0   0.95 234.49004  56.27164  3330.82  8268.67 3.17 2.99  65.8 -0.418 19.04 20.45 01a59825o0122o
59825.314365 -21.395  1.548   -10   16 o  0   1.20 234.49004  56.27164  3352.43  8307.88 3.18 3.06  62.0 -0.414 18.99 20.43 01a59825o0129o
59825.323067 -20.871  1.047   -16   17 o  0   1.28 234.49004  56.27164  3290.80  8232.86 3.30 3.15  63.6 -0.405 18.94 20.43 01a59825o0148o
59825.334502  20.277  0.667    28   19 o  0   0.79 234.49004  56.27164  3276.34  8348.38 3.18 2.96  67.3 -0.418 19.01 20.38 01a59825o0173o
59829.224821 -18.570  1.180  -136  160 o  0   1.34 234.49004  56.27164  3315.84  8264.42 4.42 4.31  69.3 -0.341 17.40 18.12 01a59829o0027o
59829.228012 -19.439  1.426   -61   87 o  0   0.97 234.49004  56.27164  3340.33  8302.99 5.51 5.44  75.3 -0.301 17.53 18.80 01a59829o0034o
59829.234402  21.590  4.647     8   39 o  0   1.07 234.49004  56.27164  3277.23  8227.38 4.60 4.58  -2.0 -0.401 18.08 19.46 01a59829o0048o
59829.244928  19.895  1.016    40   41 o  0   1.01 234.49004  56.27164  3260.55  8345.13 5.59 5.53 -68.0 -0.259 17.94 19.53 01a59829o0071o
59835.252880  21.784  1.745     7   12 o  0   1.21 234.49004  56.27164  2103.46  6867.92 2.26 2.21  -2.8 -0.444 19.28 20.50 02a59835o0092o
59835.256109  21.691  1.840     8   14 o  0   1.14 234.49004  56.27164  2082.22  6828.28 2.43 2.32  24.1 -0.425 19.23 20.50 02a59835o0099o
59835.262058  20.910  0.969    16   15 o  0   1.46 234.49004  56.27164  2138.49  6902.52 2.42 2.27  21.7 -0.425 19.10 20.28 02a59835o0112o
59835.273569  21.805  1.882     7   13 o  0   1.61 234.49004  56.27164  2159.63  6781.73 2.25 2.19 -43.3 -0.436 19.07 20.04 02a59835o0137o
59841.260941  22.914  5.077     2   13 c  0   0.99 234.49004  56.27164  3194.47  5790.09 3.58 3.07  39.9 -0.262 19.27 21.40 01a59841o0114c
59841.264171  24.163 11.800     1    9 c  0   1.65 234.49004  56.27164  3214.45  5830.19 3.05 2.77  36.6 -0.325 19.39 21.41 01a59841o0121c
59841.271576  22.272  2.448     4   11 c  0   1.13 234.49004  56.27164  3155.55  5753.68 2.97 2.74  35.5 -0.338 19.38 21.40 01a59841o0137c
59841.283305  21.843  1.844     7   12 c  0   0.92 234.49004  56.27164  3139.60  5870.25 2.80 2.71  26.6 -0.351 19.41 21.33 01a59841o0162c
59851.212781  21.789  6.431     7   45 o  0   1.18 234.49004  56.27164  9790.49   709.06 2.57 1.89 -63.8 -0.516 18.02 18.39 02a59851o0016o
59851.216477 -23.481 20.600    -2   30 o  0   1.01 234.49004  56.27164  9768.78   667.01 2.73 1.95 -63.5 -0.479 18.65 19.31 02a59851o0024o
59851.224174 -22.764  6.200    -3   18 o  0   1.19 234.49004  56.27164  9830.14   746.72 2.66 1.91 -63.9 -0.481 19.00 20.02 02a59851o0041o
59851.236119  21.052  1.402    14   19 o  0   0.97 234.49004  56.27164  9849.59   627.89 2.52 1.79 -65.0 -0.498 19.12 20.11 02a59851o0067o
59859.243191 -19.057  1.196   -86  104 o  0   1.06 234.49004  56.27164  6293.26  4972.04 2.61 2.08  30.9 -0.447 17.18 17.51 02a59859o0102o
59859.246355  17.984  0.771   232  179 o  0   1.33 234.49004  56.27164  6273.97  4934.11 2.71 2.11  31.7 -0.457 16.61 16.93 02a59859o0109o
59859.252691  22.523 53.000     4  188 o  0   1.17 234.49004  56.27164  6332.42  5012.30 2.57 2.14  27.8 -0.458 16.35 16.60 02a59859o0123o
59859.262704 -20.373  3.129   -26   81 o  0   1.23 234.49004  56.27164  6351.95  4896.56 2.51 2.04  29.8 -0.442 17.17 17.58 02a59859o0145o
59867.210482  24.234 26.750     1   20 c  0   1.27 234.49004  56.27164  9210.62  8655.32 2.80 2.52  18.6 -0.400 19.05 20.21 02a59867o0038c
59867.214107  19.834  0.480    42   20 c  0   0.86 234.49004  56.27164  9191.55  8615.18 2.84 2.56  19.0 -0.395 19.10 20.41 02a59867o0046c
59867.219531  20.658  0.971    20   19 c  0   0.83 234.49004  56.27164  9246.63  8696.57 2.74 2.63 -21.0 -0.400 19.24 20.49 02a59867o0058c
59867.230397  20.896  1.238    16   20 c  0   1.05 234.49004  56.27164  9262.08  8582.63 2.73 2.59 -19.8 -0.404 19.21 20.46 02a59867o0082c
59875.197305  20.112  1.478    33   48 c  0   1.19 234.49004  56.27164  2473.84  4724.53 2.64 2.32  28.4 -0.401 17.58 18.51 02a59875o0011c
59875.200470  19.602  0.490    52   26 c  0   0.95 234.49004  56.27164  2454.12  4680.85 2.52 2.28  24.4 -0.403 18.35 19.23 02a59875o0018c
59875.210485  19.973  0.436    37   16 c  0   1.03 234.49004  56.27164  2510.73  4757.59 2.45 2.37  14.7 -0.405 19.04 20.28 02a59875o0040c
59875.215938 -22.459  4.364    -4   16 c  0   1.09 234.49004  56.27164  2529.86  4641.61 2.53 2.44 -29.3 -0.415 19.04 20.31 02a59875o0052c
59883.195959  19.154  0.572    79   45 o  0   0.89 234.49004  56.27164  9342.64  2358.30 2.24 2.00  14.7 -0.437 18.06 18.25 02a59883o0024o
59883.199124  20.446  1.155    24   28 o  0   1.30 234.49004  56.27164  9321.68  2311.79 2.21 2.00 -47.0 -0.445 18.59 19.00 02a59883o0031o
59883.204569 -21.352  2.205   -10   23 o  0   0.74 234.49004  56.27164  9381.09  2394.37 2.30 2.04 -47.1 -0.443 18.90 19.60 02a59883o0043o
59883.214569  22.075  3.209     5   17 o  0   1.74 234.49004  56.27164  9400.21  2283.14 2.27 1.90 -49.8 -0.462 19.01 19.75 02a59883o0065o
59927.631321  20.471  0.852    24   20 o  0   0.97 234.49004  56.27164  3221.70  1916.91 2.27 2.24  63.3 -0.430 18.73 19.59 02a59927o0960o
59927.635423  23.008  8.500     2   19 o  0   1.22 234.49004  56.27164  3240.47  1955.12 2.29 2.19  57.8 -0.432 18.81 19.65 02a59927o0969o
59927.651876  21.385  1.842    10   19 o  0   0.93 234.49004  56.27164  3184.13  1871.92 2.29 2.09  45.4 -0.435 18.87 19.76 02a59927o1003o
59927.662995 -21.138  1.978   -13   25 o  0   1.05 234.49004  56.27164  3165.07  1986.18 2.29 2.22  53.1 -0.444 18.59 19.26 02a59927o1027o
59959.593767 -23.784 14.125    -1   16 o  0   0.75 234.49004  56.27164  6231.46  5513.49 2.52 1.98  37.9 -0.425 19.25 20.21 02a59959o0869o
59959.596932  20.636  0.810    20   16 o  0   1.26 234.49004  56.27164  6249.91  5550.51 2.74 2.13  37.0 -0.417 19.17 20.22 02a59959o0876o
59959.605881  20.509  0.654    23   15 o  0   1.04 234.49004  56.27164  6192.36  5473.87 2.58 2.06  38.3 -0.425 19.23 20.25 02a59959o0895o
59959.615969 -21.565  2.135    -9   18 o  0   0.76 234.49004  56.27164  6167.84  5586.22 2.79 2.18  36.9 -0.418 19.23 20.31 02a59959o0917o
60015.543688 -22.165  3.188    -5   16 o  0   1.37 234.49004  56.27164  8803.13  3265.86 2.42 2.39  62.6 -0.409 19.00 20.01 02a60015o0602o
60015.547868  21.657  2.216     8   18 o  0   0.94 234.49004  56.27164  8823.44  3302.92 2.43 2.39  73.8 -0.411 19.02 20.03 02a60015o0611o
60015.551137  22.600  6.526     3   22 o  0   0.98 234.49004  56.27164  8768.50  3229.54 2.58 2.53  72.5 -0.405 18.95 20.02 02a60015o0618o
60015.563055 -20.717  0.829   -19   16 o  0   1.65 234.49004  56.27164  8752.89  3350.13 2.60 2.57  81.7 -0.408 18.96 20.04 02a60015o0643o
60019.495715 -21.119  1.266   -13   16 o  0   1.07 234.49004  56.27164    82.33  9014.94 1.97 1.81 -61.6 -0.474 19.23 20.50 02a60019o0597o
60019.515472  20.862  0.658    16   11 o  0   1.33 234.49004  56.27164   107.75  9060.49 2.06 1.84 -60.4 -0.469 19.53 20.94 02a60019o0639o
60019.517283  21.940  2.442     6   15 o  0   1.17 234.49004  56.27164  9831.60  9037.05 2.22 2.18  76.3 -0.437 19.47 20.95 02a60019o0643o
60019.518640 -20.211  0.804   -30   24 o  0   1.40 234.49004  56.27164    51.50  8978.16 1.91 1.74 -61.7 -0.473 19.12 20.51 02a60019o0646o
60019.519544  19.177  0.243    78   19 o  0   1.25 234.49004  56.27164  9852.04  9075.03 2.25 2.22 -42.9 -0.438 18.85 20.23 02a60019o0648o
60019.543267  20.711  1.755    19   33 o  0   0.43 234.49004  56.27164    37.68  9094.63 2.15 1.90 -56.9 -0.457 19.39 20.89 02a60019o0698o
60019.544735  22.519  4.080     4   15 o  0   0.95 234.49004  56.27164  9794.85  9004.49 2.34 2.24  52.9 -0.431 19.45 20.92 02a60019o0701o
60019.551193 -21.117  0.880   -13   11 o  0   0.89 234.49004  56.27164  9777.68  9125.19 2.36 2.19  42.5 -0.432 19.48 20.92 02a60019o0714o
60023.466315 -21.184  1.242   -12   15 o  0   1.48 234.49004  56.27164  9819.66  9033.23 2.32 2.07 -52.8 -0.434 19.09 20.60 02a60023o0525o
60023.469112  19.313  0.479    68   33 o  0   0.80 234.49004  56.27164  9839.21  9071.43 2.34 2.11 -49.6 -0.426 18.51 19.96 02a60023o0531o
60023.485990  17.237  1.634   462  756 o  0   0.95 234.49004  56.27164  9783.79  8998.95 2.30 2.09 -43.1 -0.582 15.99 17.00 02a60023o0567o
60023.492429 -17.912  2.035  -248  505 o  0   1.05 234.49004  56.27164  9764.18  9116.74 2.25 2.08 -40.9 -0.584 15.68 16.80 02a60023o0579o
60023.510848 -19.428  0.458   -62   28 o  0   1.59 234.49004  56.27164    50.39  8980.03 2.03 1.83 -52.6 -0.488 18.52 19.67 02a60023o0618o
60023.514014  16.202  1.229  1200 1474 o  0   0.24 234.49004  56.27164    29.91  9096.58 2.02 1.82 -54.2 -0.450 17.59 18.66 02a60023o0625o
60027.616738  21.630  2.974     8   24 o  0   0.74 234.49004  56.27164  5585.07  8024.54 2.51 2.00  33.2 -0.417 18.94 20.08 02a60027o0616o
60027.636698  20.264  6.118    28  174 o  0   0.82 234.49004  56.27164  5599.14  7905.39 2.64 1.97  32.5 -0.423 16.54 17.49 02a60027o0656o
60031.503316  20.886  0.795    16   13 o  0   1.63 234.49004  56.27164  5064.64  1087.57 2.04 1.90 -86.9 -0.456 19.25 20.58 02a60031o0589o
60031.506514 -21.929  2.096    -6   13 o  0   0.71 234.49004  56.27164  5084.06  1127.00 2.05 1.94  76.4 -0.455 19.45 20.81 02a60031o0596o
60031.509682  21.333  1.242    11   13 o  0   0.56 234.49004  56.27164  5028.50  1050.72 2.04 1.91 -82.5 -0.453 19.42 20.82 02a60031o0603o
60031.515132  20.861  0.815    16   13 o  0   0.96 234.49004  56.27164  5010.01  1167.85 2.04 1.92  87.0 -0.456 19.40 20.74 02a60031o0615o
60040.507242 -17.966  1.363  -236  322 o  0   0.95 234.49004  56.27164  7981.39  5849.28 2.61 1.99  37.3 -0.423 16.19 16.11 02a60040o0588o
60040.509052 -18.873  4.195  -102  430 o  0   1.58 234.49004  56.27164  8001.52  5887.35 2.57 1.99  38.9 -0.400 15.63 15.69 02a60040o0592o
60040.519325 -18.029  1.950  -223  435 o  0   1.31 234.49004  56.27164  7939.54  5815.30 2.72 2.11  37.2 -0.397 15.64 15.61 02a60040o0612o
60040.522987 -18.344  1.512  -167  252 o  0   1.20 234.49004  56.27164  7920.48  5931.54 2.96 2.15  36.2 -0.390 16.13 16.31 02a60040o0620o
60042.598618  19.857  0.953    41   40 o  0   2.34 234.49004  56.27164  9511.02  2347.46 1.98 1.90 -52.3 -0.476 17.85 18.11 02a60042o0462o
60042.601487 -23.242 28.769    -2   53 o  0   0.89 234.49004  56.27164  9490.73  2304.98 1.88 1.84 -44.8 -0.487 17.85 18.06 02a60042o0468o
60042.611397  19.577  0.862    54   46 o  0   1.01 234.49004  56.27164  9555.88  2391.40 1.92 1.89 -14.3 -0.458 17.86 18.12 02a60042o0489o
60042.622322 -20.019  0.773   -36   28 o  0   1.11 234.49004  56.27164  9576.46  2266.15 1.87 1.78 -55.2 -0.460 18.22 18.59 02a60042o0512o
60044.484876 -20.285  0.506   -28   14 o  0   1.80 234.49004  56.27164  8662.80  1551.27 2.20 1.87 -60.4 -0.460 19.08 19.96 02a60044o0512o
60044.488196 -20.924  1.046   -16   16 o  0   1.37 234.49004  56.27164  8678.44  1591.53 2.15 2.02 -59.8 -0.444 19.03 19.98 02a60044o0519o
60044.491020 -20.967  0.900   -15   13 o  0   1.41 234.49004  56.27164  8626.70  1516.11 2.29 1.98 -61.2 -0.440 19.09 19.97 02a60044o0525o
60044.496090 -20.932  0.969   -15   15 o  0   1.31 234.49004  56.27164  8605.74  1634.95 2.24 1.99 -62.4 -0.441 19.09 19.93 02a60044o0536o
60048.450383  20.920  0.685    16   11 c  0   1.16 234.49004  56.27164  2676.01  3540.16 2.38 2.25  59.4 -0.423 19.58 21.52 02a60048o0456c
60048.453238  20.883  0.679    16   11 c  0   0.64 234.49004  56.27164  2694.33  3579.53 2.39 2.26  54.3 -0.421 19.62 21.47 02a60048o0462c
60048.484280 -20.477  0.348   -23    8 c  0   1.22 234.49004  56.27164  2640.36  3500.49 2.48 2.24  43.0 -0.417 19.63 21.52 02a60048o0521c
60048.490326  22.963  3.938     2    9 c  0   1.17 234.49004  56.27164  2626.69  3618.67 2.49 2.27  43.0 -0.415 19.61 21.53 02a60048o0534c
60050.464631 -23.298  8.286    -2   14 c  0   1.07 234.49004  56.27164  9194.58  7836.78 2.71 2.50  40.7 -0.409 19.09 20.73 02a60050o0487c
60050.467817  21.751  2.963     7   22 c  0   0.66 234.49004  56.27164  9215.29  7875.52 2.69 2.49  42.1 -0.405 18.98 20.61 02a60050o0494c
60050.490499  20.969  0.775    15   12 c  0   1.15 234.49004  56.27164  9155.88  7803.66 2.83 2.48  35.0 -0.401 19.42 21.16 02a60050o0542c
60050.494573 -20.750  0.580   -18   11 c  0   0.97 234.49004  56.27164  9137.50  7924.05 2.78 2.52  33.5 -0.404 19.42 21.19 02a60050o0551c
60052.484632 -21.051  0.924   -14   13 c  0   0.88 234.49004  56.27164  3096.05  1901.18 2.45 2.35  81.7 -0.415 19.24 21.00 02a60052o0540c
60052.486446 -21.220  1.162   -12   14 c  0   0.98 234.49004  56.27164  3114.34  1943.31 2.44 2.34  78.9 -0.418 19.30 21.01 02a60052o0544c
60052.491215  22.422  2.808     4   11 c  0   1.06 234.49004  56.27164  3058.58  1865.74 2.39 2.29  74.7 -0.422 19.45 21.15 02a60052o0554c
60052.518199 -24.362 17.750    -1   12 c  0   1.33 234.49004  56.27164  7580.33  8595.44 2.56 2.40  41.8 -0.405 19.42 21.04 02a60052o0610c
60056.449897  21.038  0.946    14   13 c  0   0.64 234.49004  56.27164  6804.76  1717.30 2.47 2.33 -84.1 -0.402 19.41 21.03 02a60056o0476c
60056.451716 -23.554 10.000    -1   14 c  0   0.76 234.49004  56.27164  6822.69  1756.57 2.65 2.50 -83.9 -0.391 19.36 21.04 02a60056o0480c
60056.476036 -26.010 67.000    -0   10 c  0   1.28 234.49004  56.27164  6771.12  1681.94 2.40 2.27 -85.7 -0.404 19.50 21.13 02a60056o0531c
60056.481136  21.332  0.945    11   10 c  0   1.13 234.49004  56.27164  6749.11  1801.16 2.41 2.31  87.8 -0.401 19.46 21.14 02a60056o0541c
60058.451830  22.110  2.412     5   12 c  0   1.21 234.49004  56.27164  2204.49  5648.44 2.56 2.26  35.0 -0.413 19.46 21.05 02a60058o0478c
60058.455102 -21.908  1.650    -6   10 c  0   1.74 234.49004  56.27164  2221.39  5687.08 2.62 2.28  38.2 -0.405 19.41 21.06 02a60058o0485c
60058.466506  21.569  1.161     9   10 c  0   1.48 234.49004  56.27164  2166.56  5608.39 2.60 2.27  37.7 -0.405 19.48 21.12 02a60058o0507c
60058.470915  21.832  1.659     7   11 c  0   0.94 234.49004  56.27164  2145.73  5725.41 2.59 2.25  37.0 -0.411 19.47 21.14 02a60058o0516c
60060.463443  23.455  7.875     2   12 c  0   1.11 234.49004  56.27164  6106.64  5503.24 2.89 2.33  39.1 -0.389 19.40 21.26 02a60060o0475c
60060.465268 -21.285  1.200   -11   13 c  0   0.72 234.49004  56.27164  6127.82  5542.38 2.65 2.28  39.5 -0.401 19.46 21.25 02a60060o0479c
60060.468253  21.041  0.827    14   12 c  0   0.65 234.49004  56.27164  6069.56  5466.44 2.63 2.30  39.7 -0.399 19.44 21.20 02a60060o0485c
60060.473980  22.941  4.143     2   10 c  0   1.19 234.49004  56.27164  6050.75  5584.57 2.65 2.30  38.3 -0.399 19.43 21.21 02a60060o0497c
60066.425840 -22.184  4.558    -5   22 o  0   0.96 234.49004  56.27164  4675.48 10265.70 2.09 2.02 -78.6 -0.420 18.93 19.37 02a60066o0415o
60066.429019  21.193  1.952    12   24 o  0   0.78 234.49004  56.27164  4699.46 10306.25 2.13 2.04  77.6 -0.409 18.90 19.38 02a60066o0422o
60066.431288  17.093  1.508   528  796 o  0   0.14 234.49004  56.27164  7143.32    36.23 2.10 1.63 -62.5 -0.502 18.99 19.43 02a60066o0427o
60066.432192  20.264  0.795    28   23 o  0   0.86 234.49004  56.27164  4637.03 10227.91 2.14 2.07  62.6 -0.419 18.97 19.40 02a60066o0429o
60066.434647 -22.536  6.444    -4   23 o  0   0.82 234.49004  56.27164  7162.08    75.77 2.11 1.64 -62.8 -0.499 18.97 19.44 02a60066o0434o
60066.440122 -21.302  1.656   -11   18 o  0   1.74 234.49004  56.27164  4615.43 10346.50 2.12 2.06  80.9 -0.413 18.94 19.39 02a60066o0446o
60066.442854  19.844  0.415    42   17 o  0   1.06 234.49004  56.27164  7087.44   118.79 2.10 1.67 -64.2 -0.485 18.95 19.44 02a60066o0452o
60070.497386 -19.895  0.743   -40   30 o  0   1.02 234.49004  56.27164  3428.55  2548.34 2.28 1.90  33.4 -0.450 18.16 18.51 02a60070o0314o
60070.500548  21.768  3.729     7   27 o  0   0.82 234.49004  56.27164  3409.16  2509.83 2.27 1.90  33.1 -0.447 18.55 18.82 02a60070o0321o
60070.507531 -20.446  0.955   -24   23 o  0   1.39 234.49004  56.27164  3469.43  2580.32 2.29 1.91  34.6 -0.439 18.65 18.93 02a60070o0336o
60070.519279  19.691  1.509    48   73 o  0   1.11 234.49004  56.27164  3488.66  2460.53 2.57 2.21  41.5 -0.415 17.29 17.40 02a60070o0360o
60072.459802 -21.347  1.343   -10   14 o  0   1.12 234.49004  56.27164  5444.88  2437.07 2.20 1.80  32.7 -0.450 19.06 19.57 02a60072o0495o
60072.463911 -21.519  1.506    -9   14 o  0   2.05 234.49004  56.27164  5425.51  2401.95 2.24 1.86  28.0 -0.442 19.04 19.57 02a60072o0504o
60072.473985 -23.634 12.000    -1   15 o  0   1.08 234.49004  56.27164  5484.72  2478.00 2.23 1.77  29.5 -0.452 19.07 19.55 02a60072o0524o
60072.479678 -20.986  1.193   -15   18 o  0   1.07 234.49004  56.27164  5506.45  2360.66 2.17 1.80  31.7 -0.447 19.02 19.54 02a60072o0536o
60076.480453  21.401  0.950    10   10 o  0   1.36 234.49004  56.27164   663.82  4903.04 2.02 1.82  12.1 -0.444 19.42 20.40 02a60076o0295o
60076.480906  22.053  2.020     6   11 o  0   1.15 234.49004  56.27164 10363.47  4924.77 2.14 1.90 -53.7 -0.476 19.43 20.42 02a60076o0296o
60076.483812 -22.631  3.424    -3   11 o  0   1.36 234.49004  56.27164   644.07  4862.24 2.00 1.81   7.7 -0.440 19.42 20.37 02a60076o0302o
60076.484264  21.699  1.814     8   14 o  0   0.88 234.49004  56.27164 10343.59  4882.03 2.10 1.86 -53.9 -0.484 19.44 20.41 02a60076o0303o
60076.488984  22.456  2.351     4    9 o  0   2.49 234.49004  56.27164   702.87  4933.96 2.10 1.82  12.4 -0.437 19.41 20.37 02a60076o0313o
60076.489436  21.298  0.890    11   10 o  0   1.69 234.49004  56.27164 10402.89  4962.14 2.11 1.91 -50.6 -0.467 19.42 20.39 02a60076o0314o
60076.501316  21.351  1.049    10   11 o  0   1.36 234.49004  56.27164   723.05  4809.47 2.11 1.83  15.0 -0.437 19.35 20.32 02a60076o0339o
60076.504110 -21.754  1.578    -7   11 o  0   1.46 234.49004  56.27164 10425.83  4847.32 2.14 1.95 -45.1 -0.466 19.40 20.34 02a60076o0345o
60078.456738  21.875  1.636     6   11 c  0   0.95 234.49004  56.27164  5648.42  8736.40 2.42 2.35  35.4 -0.416 19.63 21.40 02a60078o0479c
60078.460950  20.602  0.448    21    9 c  0   1.52 234.49004  56.27164  5627.96  8693.60 2.42 2.33  43.2 -0.415 19.61 21.41 02a60078o0488c
60078.466862 -21.457  1.234   -10   12 c  0   0.82 234.49004  56.27164  5683.51  8773.38 2.46 2.34  40.4 -0.411 19.61 21.42 02a60078o0501c
60078.501357  20.737  0.571    18   10 c  0   1.06 234.49004  56.27164  5705.70  8648.39 2.45 2.32  43.2 -0.408 19.57 21.27 02a60078o0573c
60082.446388  21.501  1.521     9   14 o  0   1.18 234.49004  56.27164  9490.38  2345.09 1.99 1.70 -56.4 -0.492 19.37 20.32 02a60082o0448o
60082.449570  21.918  2.094     6   13 o  0   0.85 234.49004  56.27164  9469.69  2303.88 2.01 1.73 -56.0 -0.486 19.36 20.27 02a60082o0455o
60082.455939  24.328 24.833     1   17 o  0   0.97 234.49004  56.27164  9529.66  2383.29 2.05 1.75 -55.7 -0.472 19.18 20.12 02a60082o0469o
60086.379750  24.076 12.429     1   11 o  0   1.34 234.49004  56.27164  4170.57  5594.14 2.37 1.93  39.4 -0.428 19.50 20.84 02a60086o0304o
60086.382923 -20.728  0.575   -19   11 o  0   1.24 234.49004  56.27164  4190.10  5633.40 2.34 1.87  37.4 -0.430 19.58 20.84 02a60086o0311o
60086.386992  22.485  2.806     4   10 o  0   1.18 234.49004  56.27164  4132.15  5556.34 2.39 1.88  38.8 -0.429 19.53 20.82 02a60086o0320o
60086.414520 -24.928 29.000    -0   11 o  0   1.06 234.49004  56.27164  4115.87  5672.51 2.48 1.98  36.3 -0.423 19.46 20.77 02a60086o0377o
60088.425464 -20.676  0.764   -20   15 o  0   0.89 234.49004  56.27164   113.24  8741.39 2.45 2.01 -52.2 -0.451 19.29 20.60 02a60088o0388o
60088.428628  20.584  0.772    21   16 o  0   1.16 234.49004  56.27164    89.58  8697.31 2.78 2.29 -56.5 -0.454 19.21 20.66 02a60088o0395o
60088.433637  21.694  2.417     8   18 o  0   1.11 234.49004  56.27164  9375.77  8652.40 2.59 2.44 -74.7 -0.411 19.01 20.29 02a60088o0406o
60088.434089 -21.238  1.096   -12   13 o  0   1.64 234.49004  56.27164   146.13  8771.83 2.61 2.13 -53.7 -0.453 19.22 20.52 02a60088o0407o
60088.437482 -19.592  0.484   -53   26 o  0   1.04 234.49004  56.27164  9361.09  8619.54 2.73 2.58 -73.5 -0.395 18.80 20.05 02a60088o0410o
60088.442949  20.381  0.477    26   12 o  0   1.44 234.49004  56.27164  9409.93  8694.11 2.58 2.44 -85.4 -0.414 19.37 20.65 02a60088o0422o
60088.444307 -22.793  5.250    -3   15 o  0   0.71 234.49004  56.27164   165.34  8652.51 2.51 2.05 -54.5 -0.446 19.31 20.61 02a60088o0425o
60088.460852  25.512 86.000     0   20 o  0   1.37 234.49004  56.27164  9423.23  8573.62 2.38 2.26 -71.4 -0.422 18.92 20.07 02a60088o0456o
60090.411123  24.569 20.600     0   11 o  0   1.36 234.49004  56.27164  2483.18  4721.64 2.18 1.79  26.0 -0.454 19.43 20.47 02a60090o0363o
60090.413862 -22.350  2.742    -4   11 o  0   1.42 234.49004  56.27164  2461.35  4685.69 2.57 1.93  26.5 -0.435 19.37 20.48 02a60090o0369o
60090.419758  21.898  1.323     6    8 o  0   1.52 234.49004  56.27164  2522.05  4758.93 2.08 1.77  25.2 -0.456 19.48 20.52 02a60090o0382o
60090.455261  23.107  4.944     2   10 o  0   2.03 234.49004  56.27164  2542.14  4638.53 2.26 1.85  26.5 -0.449 19.46 20.48 02a60090o0457o
60092.423554 -20.112  0.789   -33   26 o  0   0.97 234.49004  56.27164  9352.72  2347.58 1.98 1.75 -57.9 -0.472 18.44 18.95 02a60092o0358o
60092.459343  20.971  1.495    15   22 o  0   1.23 234.49004  56.27164  9333.53  2300.56 1.92 1.72 -57.8 -0.475 18.74 19.37 02a60092o0432o
60092.462094 -20.475  1.077   -23   25 o  0   1.02 234.49004  56.27164  9394.56  2380.56 1.99 1.76 -60.5 -0.466 18.71 19.36 02a60092o0438o
60092.467249 -22.421  6.778    -4   26 o  0   0.58 234.49004  56.27164  9415.26  2263.11 1.97 1.71 -61.1 -0.475 18.77 19.47 02a60092o0449o
60094.401586  19.850  1.970    42   82 o  0   1.04 234.49004  56.27164  1803.55  9030.16 2.06 1.91 -39.2 -0.467 17.80 18.09 02a60094o0271o
60094.404778 -17.040  2.265  -555 1257 o  0   0.84 234.49004  56.27164  1783.18  8989.10 2.00 1.87 -41.9 -0.417 15.44 15.47 02a60094o0278o
60094.410220  16.011  1.863  1431 2666 o  0   1.33 234.49004  56.27164  1840.69  9063.45 1.99 1.85 -30.3 -0.436 14.95 15.01 02a60094o0290o
60096.438900  19.613  0.705    52   37 o  0   1.12 234.49004  56.27164  7717.32   717.69 1.81 1.59 -68.0 -0.499 17.98 18.17 02a60096o0423o
60096.442598 -19.959  1.419   -38   54 o  0   0.76 234.49004  56.27164  7696.39   674.65 1.81 1.58 -69.5 -0.503 17.71 17.80 02a60096o0431o
60096.449042 -19.840  1.271   -42   54 o  0   1.14 234.49004  56.27164  7757.57   752.57 1.80 1.60 -75.7 -0.490 17.59 17.67 02a60096o0445o
60096.485181 -24.754 99.500    -0   45 o  0   0.66 234.49004  56.27164  7781.76   628.84 1.84 1.68 -73.3 -0.480 18.14 18.70 02a60096o0519o
60098.414654  16.413  0.833   988  822 o  0   1.32 234.49004  56.27164  7791.90  7035.43 2.27 1.93  38.4 -0.527 15.20 14.97 02a60098o0370o
60098.417370 -19.931  9.314   -39  360 o  0   1.14 234.49004  56.27164  7773.41  6997.22 2.22 2.00  32.5 -0.493 15.89 15.67 02a60098o0376o
60098.423713 -19.642  2.553   -50  129 o  0   1.17 234.49004  56.27164  7830.15  7074.37 2.21 1.96  34.1 -0.444 16.56 16.64 02a60098o0389o
60098.460795  21.161  6.791    12   85 o  0   1.58 234.49004  56.27164  7848.56  6956.97 2.33 1.95  32.3 -0.419 17.41 17.35 02a60098o0466o
60100.402696 -20.584  0.750   -21   16 o  0   1.15 234.49004  56.27164  1279.15  2743.04 1.99 1.89  19.0 -0.460 18.95 19.46 02a60100o0335o
60100.405431  22.647  5.656     3   18 o  0   1.62 234.49004  56.27164  1261.80  2709.84 1.96 1.86  18.3 -0.459 18.98 19.46 02a60100o0341o
60100.410894 -21.334  1.740   -11   18 o  0   1.34 234.49004  56.27164  1323.02  2778.66 1.98 1.89  20.9 -0.461 18.91 19.45 02a60100o0353o
60100.420615 -20.540  0.975   -22   22 o  0   1.02 234.49004  56.27164  1343.48  2659.59 2.07 1.96  23.3 -0.459 18.94 19.43 02a60100o0374o
60102.406030 -21.300  1.302   -11   14 o  0   1.40 234.49004  56.27164  7380.75  8677.09 2.36 2.07  35.6 -0.435 19.19 20.05 02a60102o0349o
60102.409242 -20.442  0.588   -24   14 o  0   1.30 234.49004  56.27164  7363.11  8636.41 2.18 2.03  38.0 -0.452 19.27 20.04 02a60102o0356o
60102.415057 -25.479 70.500    -0   16 o  0   1.00 234.49004  56.27164  7422.50  8722.21 2.16 2.04  34.9 -0.447 19.26 20.05 02a60102o0368o
60102.424608 -22.809  6.739    -3   18 o  0   0.84 234.49004  56.27164  7439.70  8599.41 2.19 2.06  38.8 -0.443 19.21 19.99 02a60102o0389o
60104.396051  24.420 15.000     1    9 c  0   1.33 234.49004  56.27164  7335.26  2373.96 2.54 2.46 -73.5 -0.395 19.54 21.39 02a60104o0322c
60104.398862  21.291  0.956    11   11 c  0   1.24 234.49004  56.27164  7313.93  2331.34 2.61 2.53 -72.3 -0.392 19.53 21.38 02a60104o0328c
60104.404040  21.643  1.176     8    9 c  0   1.21 234.49004  56.27164  7371.70  2411.57 2.58 2.50  47.5 -0.386 19.52 21.36 02a60104o0339c
60104.416324  20.901  0.627    16   10 c  0   1.57 234.49004  56.27164  7397.73  2295.30 2.47 2.37 -74.5 -0.398 19.49 21.06 02a60104o0366c
60106.383482  22.007  2.000     6   11 c  0   0.99 234.49004  56.27164  3669.76  8860.55 2.56 2.51 -20.3 -0.395 19.58 21.63 02a60106o0298c
60106.386415  20.605  0.511    21   11 c  0   1.51 234.49004  56.27164  3652.28  8823.85 2.55 2.51 -19.2 -0.393 19.61 21.63 02a60106o0304c
60106.392235  21.960  1.756     6   10 c  0   0.96 234.49004  56.27164  3707.50  8898.56 2.52 2.48 -40.6 -0.395 19.63 21.64 02a60106o0316c
60106.403271 -21.465  1.129    -9   11 c  0   0.95 234.49004  56.27164  3726.29  8780.57 2.55 2.53 -59.4 -0.390 19.57 21.58 02a60106o0340c
60108.393970  21.572  1.204     8   10 c  0   0.97 234.49004  56.27164  8268.81  4916.32 2.56 2.50  55.4 -0.395 19.65 21.56 02a60108o0280c
60108.397176  22.234  2.138     5   10 c  0   0.98 234.49004  56.27164  8247.48  4877.32 2.57 2.50  84.1 -0.400 19.58 21.56 02a60108o0287c
60108.402360  20.794  0.557    18   10 c  0   0.89 234.49004  56.27164  8308.39  4960.61 2.62 2.55  72.7 -0.392 19.58 21.54 02a60108o0298c
60108.412571 -20.973  0.789   -15   12 c  0   1.37 234.49004  56.27164  8325.25  4841.87 2.68 2.61  86.2 -0.385 19.30 21.23 02a60108o0320c
60110.382838  24.309 14.600     1   10 c  0   0.86 234.49004  56.27164  4376.69  5065.44 2.42 2.26  30.0 -0.406 19.67 21.66 02a60110o0294c
60110.385558 -21.599  1.033    -8    9 c  0   0.97 234.49004  56.27164  4356.99  5025.91 2.43 2.23  29.6 -0.406 19.69 21.67 02a60110o0300c
60110.390552  20.466  0.387    24    9 c  0   0.98 234.49004  56.27164  4415.33  5101.15 2.51 2.30  30.7 -0.404 19.64 21.66 02a60110o0311c
60110.401466 -21.888  1.419    -6    9 c  0   1.12 234.49004  56.27164  4431.40  4981.53 2.61 2.27  29.9 -0.399 19.63 21.59 02a60110o0335c
60112.371064  20.147  0.353    32   11 c  0   0.91 234.49004  56.27164  1652.97   579.11 2.41 2.19 -71.4 -0.425 19.57 21.22 02a60112o0269c
60112.374256 -20.856  0.628   -16   10 c  0   0.83 234.49004  56.27164  1634.69   541.16 2.51 2.14 -64.5 -0.425 19.55 21.21 02a60112o0276c
60112.379258 -20.896  0.684   -16   11 c  0   0.95 234.49004  56.27164  1697.89   615.27 2.44 2.20 -68.8 -0.424 19.56 21.22 02a60112o0287c
60112.389308  22.310  2.187     4   10 c  0   1.06 234.49004  56.27164  1715.69   492.02 2.42 2.25 -80.2 -0.409 19.55 21.18 02a60112o0309c
60114.380599  21.164  0.634    12    8 c  0   1.33 234.49004  56.27164  5932.91  6604.04 2.34 2.26  33.8 -0.416 19.66 21.59 02a60114o0283c
60114.383775  21.961  1.295     6    8 c  0   1.65 234.49004  56.27164  5914.05  6564.60 2.38 2.26  32.7 -0.413 19.74 21.60 02a60114o0290c
60114.389978  21.131  0.688    13    9 c  0   1.27 234.49004  56.27164  5972.89  6642.43 2.39 2.29  24.9 -0.411 19.69 21.57 02a60114o0303c
60114.402225  21.324  0.785    11    8 c  0   1.43 234.49004  56.27164  5992.41  6524.95 2.35 2.28  30.7 -0.410 19.69 21.54 02a60114o0329c
60116.382975 -20.129  0.823   -32   26 c  0   3.78 234.49004  56.27164  3348.03 10527.48 2.48 2.20 -53.2 -0.423 19.57 21.18 02a60116o0289c
60116.384070  20.749  0.674    18   12 c  0   0.77 234.49004  56.27164  5819.04   296.64 2.42 2.09 -68.4 -0.439 19.55 21.14 02a60116o0291c
60116.386070  23.567 13.500     1   18 c  0   0.85 234.49004  56.27164  3330.49 10491.15 2.44 2.19 -53.3 -0.433 19.58 21.19 02a60116o0295c
60116.386974 -24.373 18.400    -1   12 c  0   0.81 234.49004  56.27164  5799.44   259.38 2.40 2.10 -66.5 -0.431 19.54 21.14 02a60116o0297c
60116.393347  21.748  1.707     7   12 c  0   0.74 234.49004  56.27164  5860.86   334.27 2.34 2.05 -69.9 -0.445 19.58 21.17 02a60116o0311c
60116.402850  24.854 31.000     0   13 c  0   1.09 234.49004  56.27164  3403.34 10447.16 2.45 2.20 -53.8 -0.424 19.56 21.17 02a60116o0331c
60116.403303 -21.325  0.940   -11   10 c  0   1.03 234.49004  56.27164  5883.41   218.21 2.40 2.05 -69.9 -0.438 19.54 21.11 02a60116o0332c
60124.353254  22.673  4.000     3   12 o  0   1.22 234.49004  56.27164  3884.14   385.38 1.90 1.76 -80.0 -0.461 19.22 19.99 02a60124o0229o
60124.355967  22.133  2.759     5   14 o  0   1.19 234.49004  56.27164  3863.11   345.52 1.91 1.78  88.9 -0.444 19.20 19.99 02a60124o0235o
60124.362576 -22.108  2.569    -5   13 o  0   1.12 234.49004  56.27164  3924.30   418.83 1.90 1.78 -83.1 -0.456 19.28 20.01 02a60124o0249o
60124.373559  21.230  1.346    12   16 o  0   0.96 234.49004  56.27164  3944.61   298.54 1.91 1.78 -83.6 -0.460 19.24 20.03 02a60124o0273o
60126.355878  19.259  5.096    72  366 o  0   0.99 234.49004  56.27164   676.31  4883.36 2.07 2.01   3.0 -0.454 15.83 15.45 02a60126o0238o
60126.358599  20.050  1.008    35   35 o  0   0.96 234.49004  56.27164   658.48  4846.92 2.05 1.94  15.1 -0.432 18.11 18.42 02a60126o0244o
60126.366271 -22.834 10.960    -3   29 o  0   0.82 234.49004  56.27164   715.27  4917.11 1.96 1.84   7.8 -0.452 18.75 19.16 02a60126o0260o
60126.371338  20.962  1.306    15   20 o  0   0.84 234.49004  56.27164 10379.30  4905.89 2.30 1.91 -61.4 -0.473 19.03 19.57 02a60126o0271o
60126.374540 -19.820  0.446   -43   19 o  0   1.03 234.49004  56.27164 10359.50  4865.14 2.49 1.88 -64.6 -0.480 19.01 19.55 02a60126o0278o
60126.377661 -23.444 12.071    -2   18 o  0   1.04 234.49004  56.27164   734.39  4796.64 2.06 1.95   6.6 -0.428 18.95 19.40 02a60126o0284o
60126.381853  20.910  1.805    16   28 o  0   1.16 234.49004  56.27164 10418.14  4946.10 2.25 1.89 -58.1 -0.478 18.78 19.22 02a60126o0293o
60126.391877  20.768  2.452    18   44 o  0   0.62 234.49004  56.27164 10435.70  4829.74 2.22 1.79 -60.9 -0.518 18.19 18.32 02a60126o0315o
60130.369296  21.975  3.000     6   18 o  0   1.16 234.49004  56.27164  8646.11  3896.39 2.11 2.10 -67.0 -0.411 19.05 19.61 02a60130o0259o
60130.372039 -20.866  1.177   -16   19 o  0   1.06 234.49004  56.27164  8626.87  3857.04 2.15 2.09 -83.3 -0.417 19.02 19.60 02a60130o0265o
60130.377836  20.113  0.593    33   19 o  0   0.93 234.49004  56.27164  8681.05  3935.58 2.08 2.04  10.8 -0.414 19.06 19.61 02a60130o0277o
60130.387362  22.059  3.286     6   18 o  0   1.20 234.49004  56.27164  8701.75  3819.11 2.11 2.02 -69.1 -0.424 19.04 19.58 02a60130o0298o
60132.355113 -21.772  1.661    -7   12 o  0   1.29 234.49004  56.27164   960.09  3885.01 2.16 2.09   6.8 -0.439 19.41 20.59 02a60132o0231o
60132.357826 -20.283  0.414   -28   12 o  0   1.24 234.49004  56.27164   943.94  3848.08 2.15 2.08 -30.5 -0.445 19.40 20.52 02a60132o0237o
60132.360989  22.267  3.143     4   14 o  0   0.84 234.49004  56.27164 10426.60  3930.13 2.50 1.86 -63.0 -0.466 19.43 20.48 02a60132o0244o
60132.362805  22.087  2.083     5   11 o  0   1.00 234.49004  56.27164  1003.90  3920.97 2.04 2.00   8.7 -0.453 19.39 20.40 02a60132o0248o
60132.364177 -20.592  0.630   -21   13 o  0   1.19 234.49004  56.27164 10407.19  3887.03 2.46 1.88 -60.4 -0.468 19.38 20.41 02a60132o0251o
60132.369253 -23.914 15.375    -1   15 o  0   0.92 234.49004  56.27164 10466.32  3968.39 2.43 1.83 -61.9 -0.483 19.41 20.34 02a60132o0262o
60132.373434 -20.836  0.634   -17   11 o  0   1.51 234.49004  56.27164  1020.62  3798.65 2.12 2.03  22.6 -0.451 19.31 20.22 02a60132o0271o
60132.381573 -20.527  0.882   -22   20 o  0   0.89 234.49004  56.27164 10489.37  3850.09 2.50 1.97 -58.9 -0.482 19.25 20.19 02a60132o0288o
60134.356356  19.806  1.185    43   52 c  0   1.06 234.49004  56.27164  3861.09  7835.75 2.43 2.40  23.3 -0.399 17.97 19.49 02a60134o0235c
60134.359537  21.001  5.556    14   80 c  0   0.83 234.49004  56.27164  3844.14  7796.46 2.46 2.41 -21.9 -0.418 17.44 18.80 02a60134o0242c
60134.365601 -19.995  1.691   -36   62 c  0   0.88 234.49004  56.27164  3899.41  7871.69 2.34 2.29 -19.0 -0.411 17.61 18.92 02a60134o0255c
60134.379542 -19.898  0.777   -40   31 c  0   0.94 234.49004  56.27164  3918.94  7751.44 2.47 2.40  -4.6 -0.408 18.46 19.95 02a60134o0285c
60136.346819 -21.548 93.000    -9  812 c  0   0.79 234.49004  56.27164  3240.64  2035.01 2.80 2.69 -80.8 -0.407 14.78 16.19 02a60136o0214c
60136.349985 -16.446  0.417  -959  400 c  0   1.36 234.49004  56.27164  3223.36  1994.70 2.82 2.63 -66.0 -0.409 15.60 17.04 02a60136o0221c
60136.357363  17.943  0.849   242  205 c  0   0.92 234.49004  56.27164  3283.99  2075.87 2.68 2.52 -69.6 -0.409 16.44 17.89 02a60136o0236c
60138.349644 -21.813  3.059    -7   21 c  0   1.55 234.49004  56.27164  6145.41  5597.48 3.31 3.24  35.3 -0.369 18.63 20.45 02a60138o0219c
60138.353001  21.414  3.294    10   32 c  0   1.22 234.49004  56.27164  6127.85  5557.64 3.63 3.57  55.0 -0.363 18.31 20.21 02a60138o0226c
60138.358900  19.896  0.435    40   17 c  0   0.96 234.49004  56.27164  6187.09  5636.18 3.42 3.41 -21.7 -0.351 18.86 20.88 02a60138o0239c
60138.368938  20.536  0.937    22   21 c  0   1.29 234.49004  56.27164  6206.28  5518.06 3.85 3.79  71.0 -0.349 18.56 20.63 02a60138o0261c
60140.363457  21.927  2.500     6   15 c  0   0.96 234.49004  56.27164  2487.00  4710.72 3.38 3.33  51.0 -0.400 19.11 21.08 02a60140o0201c
60140.366468  20.715  0.859    19   16 c  0   0.83 234.49004  56.27164  2466.41  4671.48 3.47 3.45  51.6 -0.383 19.03 21.07 02a60140o0207c
60140.371772 -22.148  3.833    -5   19 c  0   0.93 234.49004  56.27164  2524.25  4744.91 4.18 4.16 -86.7 -0.366 18.85 21.05 02a60140o0218c
60140.384296 -22.199  3.111    -5   15 c  0   0.80 234.49004  56.27164  2539.76  4624.78 3.31 3.24  81.1 -0.389 19.07 21.02 02a60140o0245c
60146.342168  23.753  9.625     1   11 c  0   0.87 234.49004  56.27164  7737.55   715.71 2.56 2.20 -67.4 -0.426 19.50 21.17 02a60146o0211c
60146.345349  21.127  0.977    13   13 c  0   1.00 234.49004  56.27164  7715.54   674.37 2.58 2.20 -66.7 -0.425 19.48 21.15 02a60146o0218c
60146.351009  21.189  0.941    12   11 c  0   1.21 234.49004  56.27164  7775.22   753.79 2.55 2.21 -69.2 -0.419 19.46 21.12 02a60146o0230c
60146.362120  22.327  2.741     4   12 c  0   1.13 234.49004  56.27164  7793.07   633.07 2.70 2.29 -63.4 -0.419 19.46 21.15 02a60146o0254c
60148.324007  21.805  1.946     7   13 o  0   1.00 234.49004  56.27164  7796.66  7029.69 2.36 1.99  34.3 -0.428 19.41 20.44 02a60148o0177o
60148.327700  21.438  1.293    10   12 o  0   0.96 234.49004  56.27164  7776.26  6989.10 2.20 1.99  39.9 -0.442 19.41 20.44 02a60148o0183o
60148.334384 -20.598  0.564   -21   12 o  0   1.22 234.49004  56.27164  7829.93  7067.81 2.16 2.00  41.3 -0.440 19.43 20.43 02a60148o0196o
60148.349449 -22.567  3.483    -3   12 o  0   1.32 234.49004  56.27164  7845.53  6951.23 2.21 1.98  38.6 -0.440 19.44 20.51 02a60148o0229o
60150.320000 -21.748  2.273    -7   16 o  0   0.95 234.49004  56.27164  1289.54  2729.58 2.95 2.87  64.7 -0.415 19.07 20.54 02a60150o0171o
60150.323347  22.531  3.375     4   12 o  0   0.91 234.49004  56.27164  1267.37  2690.91 2.37 2.36  39.1 -0.425 19.27 20.53 02a60150o0178o
60150.328503 -21.391  1.830   -10   18 o  0   0.81 234.49004  56.27164  1326.47  2764.43 2.90 2.84  51.3 -0.408 19.09 20.53 02a60150o0189o
60150.339816  23.477 12.600     2   19 o  0   1.38 234.49004  56.27164  1342.37  2644.66 3.46 3.40  74.4 -0.376 18.92 20.50 02a60150o0213o
60152.334793  22.878  6.214     3   16 o  0   1.38 234.49004  56.27164  7377.53  8665.70 2.67 2.59  75.4 -0.419 19.21 20.29 02a60152o0203o
60152.338696 -21.527  1.717    -9   15 o  0   1.24 234.49004  56.27164  7358.08  8626.28 2.58 2.50  84.5 -0.411 19.21 20.28 02a60152o0211o
60152.344283  21.421  1.929    10   19 o  0   1.27 234.49004  56.27164  7412.21  8703.84 3.05 2.95  81.3 -0.405 19.05 20.27 02a60152o0223o
60152.355803  20.917  1.034    16   16 o  0   1.64 234.49004  56.27164  7425.55  8584.41 2.65 2.56 -81.0 -0.414 19.14 20.24 02a60152o0248o
60154.325646 -22.575  4.031    -3   14 o  0   1.00 234.49004  56.27164  7348.20  2365.25 2.04 1.99  76.7 -0.428 19.18 19.91 02a60154o0183o
60154.328971  22.491  4.667     4   17 o  0   0.61 234.49004  56.27164  7327.75  2325.28 2.09 2.02 -83.4 -0.428 19.11 19.90 02a60154o0190o
60154.335164  20.778  0.753    18   13 o  0   1.29 234.49004  56.27164  7385.87  2402.74 2.07 2.00  58.8 -0.428 19.13 19.88 02a60154o0203o
60154.346442 -20.608  0.663   -21   14 o  0   1.14 234.49004  56.27164  7401.37  2283.87 2.10 2.07  81.2 -0.427 19.10 19.83 02a60154o0227o
60156.300749 -20.606  1.021   -21   21 o  0   1.04 234.49004  56.27164  3678.04  8859.99 2.16 1.89 -54.7 -0.440 18.96 19.51 02a60156o0132o
60156.303921 -22.460  5.235    -4   20 o  0   1.80 234.49004  56.27164  3659.30  8818.97 2.16 1.93 -49.8 -0.435 18.95 19.51 02a60156o0139o
60156.310207  19.849  0.528    42   22 o  0   0.96 234.49004  56.27164  3711.56  8896.96 2.32 2.05 -53.1 -0.421 18.90 19.50 02a60156o0152o
